3 1 560 345 26 21 -1 -1 -1 0 
3 2 642 346 34 30 -1 -1 -1 0 
3 3 612 344 19 17 -1 -1 -1 0 
4 1 559 345 27 20 -1 -1 -1 0 
4 2 640 346 37 29 -1 -1 -1 0 
4 3 611 344 20 16 -1 -1 -1 0 
5 1 560 344 25 21 -1 -1 -1 0 
5 2 641 345 34 29 -1 -1 -1 0 
5 3 611 343 19 17 -1 -1 -1 0 
6 1 559 344 26 20 -1 -1 -1 0 
6 2 640 345 35 30 -1 -1 -1 0 
6 3 611 343 19 17 -1 -1 -1 0 
6 4 678 347 15 13 -1 -1 -1 0 
7 1 560 343 26 20 -1 -1 -1 0 
7 2 639 344 36 31 -1 -1 -1 0 
7 3 610 342 21 18 -1 -1 -1 0 
7 4 678 347 16 13 -1 -1 -1 0 
8 1 561 344 24 20 -1 -1 -1 0 
8 2 639 344 36 31 -1 -1 -1 0 
8 3 610 343 21 17 -1 -1 -1 0 
8 4 677 346 17 14 -1 -1 -1 0 
9 1 560 344 26 20 -1 -1 -1 0 
9 2 639 344 35 31 -1 -1 -1 0 
9 3 610 343 20 17 -1 -1 -1 0 
9 4 677 346 17 13 -1 -1 -1 0 
10 1 561 344 24 19 -1 -1 -1 0 
10 2 638 344 36 31 -1 -1 -1 0 
10 3 610 343 20 17 -1 -1 -1 0 
10 4 678 345 16 14 -1 -1 -1 0 
11 1 561 344 25 19 -1 -1 -1 0 
11 2 638 343 34 32 -1 -1 -1 0 
11 3 609 342 22 18 -1 -1 -1 0 
11 4 677 345 18 13 -1 -1 -1 0 
12 1 561 343 26 19 -1 -1 -1 0 
12 2 637 342 35 33 -1 -1 -1 0 
12 3 609 342 21 17 -1 -1 -1 0 
12 4 678 345 16 13 -1 -1 -1 0 
12 5 559 634 714 81 -1 -1 -1 0 
13 1 561 343 26 19 -1 -1 -1 0 
13 2 636 341 36 34 -1 -1 -1 0 
13 3 610 342 19 16 -1 -1 -1 0 
13 4 677 343 17 14 -1 -1 -1 0 
13 5 558 634 716 81 -1 -1 -1 0 
14 1 561 342 25 19 -1 -1 -1 0 
14 2 636 341 36 33 -1 -1 -1 0 
14 3 611 341 18 17 -1 -1 -1 0 
14 4 677 342 17 15 -1 -1 -1 0 
14 5 556 634 719 81 -1 -1 -1 0 
15 1 560 342 27 19 -1 -1 -1 0 
15 2 634 344 38 31 -1 -1 -1 0 
15 3 610 341 20 16 -1 -1 -1 0 
15 4 676 341 19 15 -1 -1 -1 0 
15 5 562 634 708 82 -1 -1 -1 0 
16 1 561 342 25 18 -1 -1 -1 0 
16 2 634 345 36 29 -1 -1 -1 0 
16 3 610 340 19 17 -1 -1 -1 0 
16 4 675 341 20 15 -1 -1 -1 0 
16 5 561 634 710 82 -1 -1 -1 0 
17 1 561 341 24 18 -1 -1 -1 0 
17 2 634 346 36 28 -1 -1 -1 0 
17 3 611 340 18 17 -1 -1 -1 0 
17 4 675 340 20 16 -1 -1 -1 0 
18 1 562 341 23 18 -1 -1 -1 0 
18 2 633 346 37 28 -1 -1 -1 0 
18 3 610 339 20 18 -1 -1 -1 0 
18 4 676 339 18 16 -1 -1 -1 0 
19 1 562 341 23 18 -1 -1 -1 0 
19 2 633 345 35 29 -1 -1 -1 0 
19 3 610 339 20 17 -1 -1 -1 0 
19 4 675 339 20 15 -1 -1 -1 0 
20 1 562 340 23 19 -1 -1 -1 0 
20 2 632 345 37 27 -1 -1 -1 0 
20 3 610 339 20 17 -1 -1 -1 0 
20 4 675 337 19 17 -1 -1 -1 0 
21 1 562 340 23 18 -1 -1 -1 0 
21 2 632 347 36 25 -1 -1 -1 0 
21 3 610 339 20 16 -1 -1 -1 0 
21 4 675 338 20 15 -1 -1 -1 0 
22 1 561 339 25 19 -1 -1 -1 0 
22 2 633 343 33 29 -1 -1 -1 0 
22 3 610 339 19 16 -1 -1 -1 0 
22 4 676 337 18 16 -1 -1 -1 0 
23 1 562 339 24 18 -1 -1 -1 0 
23 2 633 341 34 30 -1 -1 -1 0 
23 3 609 338 20 17 -1 -1 -1 0 
23 4 676 337 18 16 -1 -1 -1 0 
24 1 562 338 25 18 -1 -1 -1 0 
24 2 632 340 35 31 -1 -1 -1 0 
24 3 610 338 18 16 -1 -1 -1 0 
24 4 676 337 19 16 -1 -1 -1 0 
25 1 563 338 23 17 -1 -1 -1 0 
25 2 630 343 38 28 -1 -1 -1 0 
25 3 609 338 20 16 -1 -1 -1 0 
25 4 676 336 19 16 -1 -1 -1 0 
26 1 563 337 22 18 -1 -1 -1 0 
26 2 631 343 36 27 -1 -1 -1 0 
26 3 610 337 19 16 -1 -1 -1 0 
26 4 676 336 19 15 -1 -1 -1 0 
27 1 562 336 24 19 -1 -1 -1 0 
27 2 630 343 37 27 -1 -1 -1 0 
27 3 610 337 19 16 -1 -1 -1 0 
27 4 676 336 19 15 -1 -1 -1 0 
28 1 562 338 24 17 -1 -1 -1 0 
28 2 630 341 35 29 -1 -1 -1 0 
28 3 609 338 20 15 -1 -1 -1 0 
28 4 676 336 18 15 -1 -1 -1 0 
29 1 562 337 24 18 -1 -1 -1 0 
29 2 628 342 37 28 -1 -1 -1 0 
29 3 610 337 18 16 -1 -1 -1 0 
29 4 675 336 20 15 -1 -1 -1 0 
30 1 562 337 23 19 -1 -1 -1 0 
30 2 629 341 34 29 -1 -1 -1 0 
30 3 609 337 19 17 -1 -1 -1 0 
30 4 677 336 17 15 -1 -1 -1 0 
31 1 562 337 23 18 -1 -1 -1 0 
31 2 627 341 37 29 -1 -1 -1 0 
31 3 608 337 20 17 -1 -1 -1 0 
31 4 676 336 18 15 -1 -1 -1 0 
32 1 562 337 23 18 -1 -1 -1 0 
32 2 627 340 36 30 -1 -1 -1 0 
32 3 607 337 21 16 -1 -1 -1 0 
32 4 676 337 18 14 -1 -1 -1 0 
33 1 561 337 24 18 -1 -1 -1 0 
33 2 626 340 37 30 -1 -1 -1 0 
33 3 607 337 21 16 -1 -1 -1 0 
33 4 676 337 18 14 -1 -1 -1 0 
34 1 562 336 23 19 -1 -1 -1 0 
34 2 626 340 36 30 -1 -1 -1 0 
34 3 606 336 22 16 -1 -1 -1 0 
34 4 675 336 18 14 -1 -1 -1 0 
35 1 561 336 25 18 -1 -1 -1 0 
35 2 624 340 38 29 -1 -1 -1 0 
35 3 606 336 21 16 -1 -1 -1 0 
35 4 674 336 19 14 -1 -1 -1 0 
36 1 561 335 25 19 -1 -1 -1 0 
36 2 623 340 39 29 -1 -1 -1 0 
36 3 605 336 22 16 -1 -1 -1 0 
36 4 674 335 18 14 -1 -1 -1 0 
37 1 561 336 24 18 -1 -1 -1 0 
37 2 624 340 37 29 -1 -1 -1 0 
37 3 606 336 21 16 -1 -1 -1 0 
37 4 674 334 19 16 -1 -1 -1 0 
38 1 561 336 24 18 -1 -1 -1 0 
38 2 624 339 37 30 -1 -1 -1 0 
38 3 606 336 21 16 -1 -1 -1 0 
38 4 674 336 19 14 -1 -1 -1 0 
39 1 561 336 24 18 -1 -1 -1 0 
39 2 624 340 37 29 -1 -1 -1 0 
39 3 607 336 20 16 -1 -1 -1 0 
39 4 675 336 18 14 -1 -1 -1 0 
40 1 561 336 24 18 -1 -1 -1 0 
40 2 624 340 37 29 -1 -1 -1 0 
40 3 606 336 22 16 -1 -1 -1 0 
40 4 675 336 18 14 -1 -1 -1 0 
