3 2 746 342 19 13 -1 -1 -1 0 
3 3 407 349 34 16 -1 -1 -1 0 
3 4 674 343 30 23 -1 -1 -1 0 
4 2 745 342 20 14 -1 -1 -1 0 
4 3 392 351 37 15 -1 -1 -1 0 
4 4 676 344 26 23 -1 -1 -1 0 
5 2 745 341 18 15 -1 -1 -1 0 
5 3 376 352 40 15 -1 -1 -1 0 
5 4 675 343 27 24 -1 -1 -1 0 
5 7 879 334 71 42 -1 -1 -1 0 
6 2 744 341 19 15 -1 -1 -1 0 
6 3 360 352 42 17 -1 -1 -1 0 
6 4 675 342 27 25 -1 -1 -1 0 
6 7 881 334 69 42 -1 -1 -1 0 
7 2 743 341 21 16 -1 -1 -1 0 
7 3 340 353 47 18 -1 -1 -1 0 
7 4 674 342 28 25 -1 -1 -1 0 
7 7 880 333 70 43 -1 -1 -1 0 
7 9 436 349 35 15 -1 -1 -1 0 
8 2 743 341 20 15 -1 -1 -1 0 
8 3 319 353 51 19 -1 -1 -1 0 
8 4 674 344 29 23 -1 -1 -1 0 
8 7 880 333 71 43 -1 -1 -1 0 
8 9 429 350 36 15 -1 -1 -1 0 
9 2 743 341 19 15 -1 -1 -1 0 
9 3 294 354 55 21 -1 -1 -1 0 
9 4 675 344 27 23 -1 -1 -1 0 
9 7 880 333 72 43 -1 -1 -1 0 
9 9 401 349 40 17 -1 -1 -1 0 
10 2 742 341 21 16 -1 -1 -1 0 
10 3 265 354 64 24 -1 -1 -1 0 
10 4 674 344 27 23 -1 -1 -1 0 
10 7 881 333 70 43 -1 -1 -1 0 
10 9 384 350 39 16 -1 -1 -1 0 
11 2 741 341 22 16 -1 -1 -1 0 
11 3 233 356 70 25 -1 -1 -1 0 
11 4 675 344 26 23 -1 -1 -1 0 
11 7 880 333 73 43 -1 -1 -1 0 
11 9 371 350 39 17 -1 -1 -1 0 
12 2 740 341 22 15 -1 -1 -1 0 
12 3 192 357 83 26 -1 -1 -1 0 
12 4 674 344 28 23 -1 -1 -1 0 
12 7 881 333 71 43 -1 -1 -1 0 
13 2 742 341 20 15 -1 -1 -1 0 
13 3 144 358 98 27 -1 -1 -1 0 
13 4 674 344 28 23 -1 -1 -1 0 
13 7 881 333 72 43 -1 -1 -1 0 
13 9 276 353 70 23 -1 -1 -1 0 
14 2 742 341 20 15 -1 -1 -1 0 
14 3 86 359 110 32 -1 -1 -1 0 
14 4 674 344 28 23 -1 -1 -1 0 
14 7 881 334 73 42 -1 -1 -1 0 
14 9 226 356 84 23 -1 -1 -1 0 
15 2 742 342 20 15 -1 -1 -1 0 
15 3 10 362 133 34 -1 -1 -1 0 
15 4 674 344 29 24 -1 -1 -1 0 
15 7 882 334 72 43 -1 -1 -1 0 
15 9 164 358 89 26 -1 -1 -1 0 
16 2 742 342 19 15 -1 -1 -1 0 
16 3 0 363 72 35 -1 -1 -1 0 
16 4 674 345 29 23 -1 -1 -1 0 
16 7 882 335 72 42 -1 -1 -1 0 
16 9 128 359 95 27 -1 -1 -1 0 
16 13 432 348 28 14 -1 -1 -1 0 
16 14 460 342 29 19 -1 -1 -1 0 
17 2 742 342 20 15 -1 -1 -1 0 
17 3 0 365 33 35 -1 -1 -1 0 
17 4 675 344 27 24 -1 -1 -1 0 
17 7 883 334 72 44 -1 -1 -1 0 
17 13 425 347 25 15 -1 -1 -1 0 
17 14 446 342 38 19 -1 -1 -1 0 
18 2 742 342 18 15 -1 -1 -1 0 
18 4 675 344 27 24 -1 -1 -1 0 
18 7 882 334 74 44 -1 -1 -1 0 
18 13 420 347 25 15 -1 -1 -1 0 
18 14 434 342 39 20 -1 -1 -1 0 
19 2 742 341 19 15 -1 -1 -1 0 
19 4 675 343 27 24 -1 -1 -1 0 
19 7 882 333 75 44 -1 -1 -1 0 
19 14 410 341 56 22 -1 -1 -1 0 
20 2 741 341 19 15 -1 -1 -1 0 
20 4 675 342 29 25 -1 -1 -1 0 
20 7 882 333 76 44 -1 -1 -1 0 
20 14 398 342 55 22 -1 -1 -1 0 
20 16 557 634 721 80 -1 -1 -1 0 
21 2 741 341 20 15 -1 -1 -1 0 
21 4 675 342 29 25 -1 -1 -1 0 
21 7 883 333 76 44 -1 -1 -1 0 
21 14 387 342 58 24 -1 -1 -1 0 
21 16 558 635 720 79 -1 -1 -1 0 
22 2 740 341 20 15 -1 -1 -1 0 
22 4 675 342 30 25 -1 -1 -1 0 
22 7 883 332 76 45 -1 -1 -1 0 
22 14 373 342 49 25 -1 -1 -1 0 
22 16 562 635 711 79 -1 -1 -1 0 
23 2 740 341 20 15 -1 -1 -1 0 
23 4 676 343 28 24 -1 -1 -1 0 
23 7 884 332 76 45 -1 -1 -1 0 
23 14 361 342 51 26 -1 -1 -1 0 
23 16 559 635 718 79 -1 -1 -1 0 
24 2 740 341 20 15 -1 -1 -1 0 
24 4 676 343 27 24 -1 -1 -1 0 
24 7 884 332 76 45 -1 -1 -1 0 
24 13 397 349 29 16 -1 -1 -1 0 
24 14 330 344 66 26 -1 -1 -1 0 
24 16 559 635 718 79 -1 -1 -1 0 
25 2 740 341 20 15 -1 -1 -1 0 
25 4 676 343 28 24 -1 -1 -1 0 
25 7 885 332 75 45 -1 -1 -1 0 
25 13 391 351 27 15 -1 -1 -1 0 
25 14 304 345 70 28 -1 -1 -1 0 
25 16 559 635 718 79 -1 -1 -1 0 
26 2 741 341 19 16 -1 -1 -1 0 
26 4 674 343 30 25 -1 -1 -1 0 
26 7 886 332 75 45 -1 -1 -1 0 
26 13 381 351 28 17 -1 -1 -1 0 
26 14 274 347 70 29 -1 -1 -1 0 
27 2 741 341 19 16 -1 -1 -1 0 
27 4 675 343 28 25 -1 -1 -1 0 
27 7 886 332 75 45 -1 -1 -1 0 
27 13 371 352 29 17 -1 -1 -1 0 
27 14 236 347 83 32 -1 -1 -1 0 
27 16 561 635 715 79 -1 -1 -1 0 
28 2 740 341 20 16 -1 -1 -1 0 
28 4 675 343 29 25 -1 -1 -1 0 
28 7 885 332 77 45 -1 -1 -1 0 
28 13 359 352 32 18 -1 -1 -1 0 
28 14 213 348 88 33 -1 -1 -1 0 
28 16 558 635 720 79 -1 -1 -1 0 
29 2 740 341 20 15 -1 -1 -1 0 
29 4 675 343 30 25 -1 -1 -1 0 
29 7 886 332 76 45 -1 -1 -1 0 
29 13 347 351 33 20 -1 -1 -1 0 
29 14 133 347 120 39 -1 -1 -1 0 
29 16 561 634 714 80 -1 -1 -1 0 
29 18 275 354 47 22 -1 -1 -1 0 
30 2 740 341 19 15 -1 -1 -1 0 
30 4 675 342 29 26 -1 -1 -1 0 
30 7 886 332 76 45 -1 -1 -1 0 
30 13 333 351 37 20 -1 -1 -1 0 
30 14 52 348 147 44 -1 -1 -1 0 
30 16 563 634 712 80 -1 -1 -1 0 
30 18 252 354 53 24 -1 -1 -1 0 
31 2 740 341 19 15 -1 -1 -1 0 
31 4 675 343 30 25 -1 -1 -1 0 
31 7 886 332 76 45 -1 -1 -1 0 
31 13 319 352 39 20 -1 -1 -1 0 
31 14 6 348 141 50 -1 -1 -1 0 
31 16 558 633 719 81 -1 -1 -1 0 
31 18 228 354 56 26 -1 -1 -1 0 
32 2 740 341 19 15 -1 -1 -1 0 
32 4 675 343 30 25 -1 -1 -1 0 
32 7 886 332 76 45 -1 -1 -1 0 
32 13 305 353 40 20 -1 -1 -1 0 
32 14 0 349 112 52 -1 -1 -1 0 
32 16 559 634 719 81 -1 -1 -1 0 
32 18 199 355 64 27 -1 -1 -1 0 
33 2 740 342 19 15 -1 -1 -1 0 
33 4 676 342 29 26 -1 -1 -1 0 
33 7 887 332 75 45 -1 -1 -1 0 
33 13 288 354 42 21 -1 -1 -1 0 
33 16 558 634 719 81 -1 -1 -1 0 
33 18 170 356 68 28 -1 -1 -1 0 
34 2 740 342 20 15 -1 -1 -1 0 
34 4 675 342 31 26 -1 -1 -1 0 
34 7 888 332 74 46 -1 -1 -1 0 
34 13 270 355 45 22 -1 -1 -1 0 
34 16 559 634 718 81 -1 -1 -1 0 
34 18 134 357 76 31 -1 -1 -1 0 
35 2 740 342 19 15 -1 -1 -1 0 
35 4 676 342 29 26 -1 -1 -1 0 
35 7 887 332 76 46 -1 -1 -1 0 
35 13 248 356 51 22 -1 -1 -1 0 
35 16 559 635 719 80 -1 -1 -1 0 
35 18 94 358 85 33 -1 -1 -1 0 
35 23 455 346 27 15 -1 -1 -1 0 
36 2 740 342 19 15 -1 -1 -1 0 
36 4 676 341 29 27 -1 -1 -1 0 
36 7 887 332 77 46 -1 -1 -1 0 
36 13 226 357 54 23 -1 -1 -1 0 
36 16 557 635 719 80 -1 -1 -1 0 
36 18 43 359 99 36 -1 -1 -1 0 
36 23 445 347 29 15 -1 -1 -1 0 
37 2 740 342 19 15 -1 -1 -1 0 
37 4 675 341 31 27 -1 -1 -1 0 
37 7 888 332 76 46 -1 -1 -1 0 
37 13 202 357 58 25 -1 -1 -1 0 
37 16 557 635 719 80 -1 -1 -1 0 
37 18 1 361 97 37 -1 -1 -1 0 
37 23 434 347 33 15 -1 -1 -1 0 
38 2 740 342 19 15 -1 -1 -1 0 
38 4 675 341 31 27 -1 -1 -1 0 
38 7 889 332 75 46 -1 -1 -1 0 
38 13 175 357 63 26 -1 -1 -1 0 
38 18 0 363 48 37 -1 -1 -1 0 
38 23 423 347 34 16 -1 -1 -1 0 
39 2 740 342 19 16 -1 -1 -1 0 
39 4 676 341 29 27 -1 -1 -1 0 
39 7 889 332 76 46 -1 -1 -1 0 
39 13 144 359 70 27 -1 -1 -1 0 
39 16 557 635 719 80 -1 -1 -1 0 
39 18 0 364 17 38 -1 -1 -1 0 
39 23 410 347 36 17 -1 -1 -1 0 
40 2 739 342 21 16 -1 -1 -1 0 
40 4 676 343 30 25 -1 -1 -1 0 
40 7 889 332 77 46 -1 -1 -1 0 
40 13 108 361 76 28 -1 -1 -1 0 
40 16 556 635 720 80 -1 -1 -1 0 
40 23 397 347 38 19 -1 -1 -1 0 
