3 1 318 331 219 131 -1 -1 -1 0 
3 3 608 329 37 37 -1 -1 -1 0 
4 1 326 332 213 129 -1 -1 -1 0 
4 3 608 330 37 35 -1 -1 -1 0 
4 4 666 346 26 22 -1 -1 -1 0 
5 1 334 333 207 126 -1 -1 -1 0 
5 3 610 331 34 34 -1 -1 -1 0 
5 4 666 346 26 22 -1 -1 -1 0 
6 1 341 333 202 124 -1 -1 -1 0 
6 3 611 331 34 35 -1 -1 -1 0 
6 4 666 346 26 22 -1 -1 -1 0 
6 5 568 635 704 79 -1 -1 -1 0 
7 1 347 333 198 122 -1 -1 -1 0 
7 3 612 333 34 33 -1 -1 -1 0 
7 4 666 346 26 22 -1 -1 -1 0 
7 5 574 635 696 80 -1 -1 -1 0 
8 1 353 334 195 120 -1 -1 -1 0 
8 3 613 333 33 34 -1 -1 -1 0 
8 4 666 345 26 23 -1 -1 -1 0 
8 5 580 635 693 80 -1 -1 -1 0 
9 1 360 334 190 117 -1 -1 -1 0 
9 3 613 333 34 34 -1 -1 -1 0 
9 4 666 345 26 24 -1 -1 -1 0 
9 5 576 635 693 80 -1 -1 -1 0 
10 1 367 334 184 115 -1 -1 -1 0 
10 3 613 334 34 33 -1 -1 -1 0 
10 4 665 346 28 23 -1 -1 -1 0 
10 5 573 635 696 79 -1 -1 -1 0 
11 1 372 334 182 113 -1 -1 -1 0 
11 3 615 334 31 33 -1 -1 -1 0 
11 4 666 346 26 23 -1 -1 -1 0 
11 5 577 635 686 79 -1 -1 -1 0 
12 1 378 334 178 111 -1 -1 -1 0 
12 3 615 334 32 33 -1 -1 -1 0 
12 4 665 346 28 23 -1 -1 -1 0 
12 5 572 635 693 79 -1 -1 -1 0 
13 1 383 334 175 110 -1 -1 -1 0 
13 3 615 335 32 31 -1 -1 -1 0 
13 4 665 347 28 22 -1 -1 -1 0 
13 5 554 636 723 78 -1 -1 -1 0 
14 1 388 334 173 108 -1 -1 -1 0 
14 3 615 336 33 30 -1 -1 -1 0 
14 4 666 348 27 21 -1 -1 -1 0 
14 5 565 636 707 78 -1 -1 -1 0 
15 1 395 335 166 106 -1 -1 -1 0 
15 3 616 335 32 31 -1 -1 -1 0 
15 4 666 347 26 22 -1 -1 -1 0 
15 5 571 636 689 78 -1 -1 -1 0 
16 1 399 335 165 104 -1 -1 -1 0 
16 3 615 335 35 31 -1 -1 -1 0 
16 4 666 347 27 22 -1 -1 -1 0 
16 5 569 636 691 78 -1 -1 -1 0 
17 1 404 335 161 102 -1 -1 -1 0 
17 3 615 335 35 31 -1 -1 -1 0 
17 4 666 348 27 21 -1 -1 -1 0 
17 5 572 636 696 78 -1 -1 -1 0 
18 1 410 335 157 101 -1 -1 -1 0 
18 3 616 335 33 31 -1 -1 -1 0 
18 4 666 348 28 21 -1 -1 -1 0 
18 5 575 636 696 78 -1 -1 -1 0 
19 1 415 335 153 99 -1 -1 -1 0 
19 3 617 335 33 31 -1 -1 -1 0 
19 4 667 348 26 21 -1 -1 -1 0 
19 5 571 636 704 78 -1 -1 -1 0 
20 1 420 335 149 97 -1 -1 -1 0 
20 3 617 335 33 31 -1 -1 -1 0 
20 4 666 349 28 20 -1 -1 -1 0 
20 5 566 636 710 78 -1 -1 -1 0 
21 1 424 335 148 96 -1 -1 -1 0 
21 3 617 335 34 31 -1 -1 -1 0 
21 4 667 349 26 20 -1 -1 -1 0 
21 5 565 636 711 78 -1 -1 -1 0 
22 1 430 336 143 93 -1 -1 -1 0 
22 3 618 334 33 32 -1 -1 -1 0 
22 4 667 349 26 20 -1 -1 -1 0 
22 5 565 635 708 79 -1 -1 -1 0 
23 1 434 336 140 93 -1 -1 -1 0 
23 3 618 334 34 33 -1 -1 -1 0 
23 4 667 349 26 20 -1 -1 -1 0 
23 5 559 635 718 79 -1 -1 -1 0 
24 1 437 336 138 91 -1 -1 -1 0 
24 3 618 334 33 32 -1 -1 -1 0 
24 4 667 349 27 20 -1 -1 -1 0 
24 5 566 635 706 79 -1 -1 -1 0 
25 1 442 336 136 90 -1 -1 -1 0 
25 3 618 335 33 30 -1 -1 -1 0 
25 4 668 349 25 20 -1 -1 -1 0 
25 5 561 635 716 79 -1 -1 -1 0 
26 1 446 335 133 90 -1 -1 -1 0 
26 3 619 335 32 30 -1 -1 -1 0 
26 4 667 349 27 20 -1 -1 -1 0 
26 5 567 635 706 80 -1 -1 -1 0 
27 1 451 335 130 88 -1 -1 -1 0 
27 3 620 335 31 29 -1 -1 -1 0 
27 4 668 348 26 21 -1 -1 -1 0 
27 5 566 635 710 80 -1 -1 -1 0 
28 1 455 335 128 87 -1 -1 -1 0 
28 3 620 335 31 29 -1 -1 -1 0 
28 4 668 347 26 21 -1 -1 -1 0 
28 5 566 635 711 80 -1 -1 -1 0 
29 1 459 336 126 85 -1 -1 -1 0 
29 3 620 335 32 29 -1 -1 -1 0 
29 4 667 347 28 21 -1 -1 -1 0 
29 5 563 635 712 80 -1 -1 -1 0 
30 1 461 336 126 84 -1 -1 -1 0 
30 3 621 336 31 28 -1 -1 -1 0 
30 4 668 347 27 21 -1 -1 -1 0 
30 5 561 635 715 80 -1 -1 -1 0 
31 1 467 336 120 83 -1 -1 -1 0 
31 3 622 335 30 29 -1 -1 -1 0 
31 4 668 347 27 21 -1 -1 -1 0 
31 5 567 636 707 79 -1 -1 -1 0 
32 1 470 337 120 81 -1 -1 -1 0 
32 3 622 335 31 29 -1 -1 -1 0 
32 4 667 348 29 20 -1 -1 -1 0 
32 5 561 636 717 78 -1 -1 -1 0 
33 1 473 337 118 80 -1 -1 -1 0 
33 3 622 335 32 29 -1 -1 -1 0 
33 4 668 348 27 20 -1 -1 -1 0 
33 5 560 636 713 78 -1 -1 -1 0 
34 1 476 337 116 79 -1 -1 -1 0 
34 3 623 335 31 29 -1 -1 -1 0 
34 4 668 348 28 21 -1 -1 -1 0 
34 5 559 636 713 78 -1 -1 -1 0 
35 1 480 337 113 78 -1 -1 -1 0 
35 3 623 335 31 28 -1 -1 -1 0 
35 4 669 349 27 20 -1 -1 -1 0 
35 5 560 636 715 77 -1 -1 -1 0 
36 1 484 337 110 77 -1 -1 -1 0 
36 3 623 335 31 29 -1 -1 -1 0 
36 4 669 348 27 21 -1 -1 -1 0 
36 5 566 636 708 77 -1 -1 -1 0 
37 1 487 336 108 77 -1 -1 -1 0 
37 3 624 335 30 28 -1 -1 -1 0 
37 4 669 347 27 21 -1 -1 -1 0 
37 5 580 636 689 78 -1 -1 -1 0 
38 1 490 336 106 76 -1 -1 -1 0 
38 3 624 336 30 27 -1 -1 -1 0 
38 4 669 346 27 22 -1 -1 -1 0 
38 5 573 636 699 78 -1 -1 -1 0 
39 1 492 336 106 74 -1 -1 -1 0 
39 3 625 335 29 28 -1 -1 -1 0 
39 4 669 346 28 22 -1 -1 -1 0 
39 5 566 636 708 78 -1 -1 -1 0 
40 1 495 336 104 73 -1 -1 -1 0 
40 3 624 335 31 27 -1 -1 -1 0 
40 4 669 346 28 21 -1 -1 -1 0 
40 5 570 636 703 79 -1 -1 -1 0 
