3 1 528 353 76 51 -1 -1 -1 0 
3 2 2 348 183 101 -1 -1 -1 0 
3 3 690 350 26 20 -1 -1 -1 0 
3 4 621 345 30 28 -1 -1 -1 0 
4 1 530 354 73 50 -1 -1 -1 0 
4 2 2 348 149 95 -1 -1 -1 0 
4 3 689 350 27 21 -1 -1 -1 0 
4 4 621 346 30 27 -1 -1 -1 0 
5 1 531 354 72 50 -1 -1 -1 0 
5 2 1 348 124 100 -1 -1 -1 0 
5 3 689 350 27 21 -1 -1 -1 0 
5 4 622 346 28 27 -1 -1 -1 0 
6 1 532 354 72 51 -1 -1 -1 0 
6 2 0 349 111 100 -1 -1 -1 0 
6 3 689 350 26 21 -1 -1 -1 0 
6 4 621 346 30 28 -1 -1 -1 0 
7 1 532 354 73 51 -1 -1 -1 0 
7 3 689 351 27 20 -1 -1 -1 0 
7 4 622 346 28 28 -1 -1 -1 0 
8 1 533 355 72 49 -1 -1 -1 0 
8 3 689 351 26 20 -1 -1 -1 0 
8 4 621 347 29 27 -1 -1 -1 0 
9 1 534 355 71 49 -1 -1 -1 0 
9 3 688 351 26 20 -1 -1 -1 0 
9 4 621 348 28 26 -1 -1 -1 0 
10 1 535 354 70 49 -1 -1 -1 0 
10 3 688 351 26 20 -1 -1 -1 0 
10 4 622 348 26 26 -1 -1 -1 0 
10 7 166 344 172 64 -1 -1 -1 0 
11 1 536 354 69 49 -1 -1 -1 0 
11 3 687 351 28 20 -1 -1 -1 0 
11 4 620 348 30 25 -1 -1 -1 0 
11 7 135 344 187 66 -1 -1 -1 0 
12 1 536 354 70 49 -1 -1 -1 0 
12 3 687 350 27 21 -1 -1 -1 0 
12 4 621 347 27 26 -1 -1 -1 0 
12 7 182 354 122 57 -1 -1 -1 0 
13 1 536 353 71 49 -1 -1 -1 0 
13 3 686 350 29 21 -1 -1 -1 0 
13 4 620 347 29 25 -1 -1 -1 0 
13 7 119 353 180 60 -1 -1 -1 0 
14 1 538 353 68 49 -1 -1 -1 0 
14 3 685 350 29 20 -1 -1 -1 0 
14 4 620 347 28 25 -1 -1 -1 0 
14 7 58 343 219 72 -1 -1 -1 0 
14 11 574 636 701 79 -1 -1 -1 0 
15 1 537 353 69 48 -1 -1 -1 0 
15 3 685 350 28 20 -1 -1 -1 0 
15 4 620 347 28 24 -1 -1 -1 0 
15 7 27 346 235 72 -1 -1 -1 0 
15 11 576 636 696 79 -1 -1 -1 0 
16 1 538 352 67 48 -1 -1 -1 0 
16 3 685 349 27 20 -1 -1 -1 0 
16 4 618 347 30 24 -1 -1 -1 0 
16 7 2 348 239 74 -1 -1 -1 0 
16 11 582 636 691 79 -1 -1 -1 0 
17 1 538 352 67 47 -1 -1 -1 0 
17 3 684 348 27 21 -1 -1 -1 0 
17 4 617 347 31 24 -1 -1 -1 0 
17 7 0 349 212 78 -1 -1 -1 0 
17 11 577 636 698 79 -1 -1 -1 0 
18 1 538 351 66 47 -1 -1 -1 0 
18 3 683 348 28 21 -1 -1 -1 0 
18 4 617 346 30 24 -1 -1 -1 0 
18 7 0 354 174 77 -1 -1 -1 0 
18 11 573 636 700 79 -1 -1 -1 0 
19 1 537 352 67 46 -1 -1 -1 0 
19 3 682 347 28 22 -1 -1 -1 0 
19 4 617 346 29 24 -1 -1 -1 0 
19 7 1 355 133 82 -1 -1 -1 0 
19 11 579 636 694 80 -1 -1 -1 0 
20 1 538 352 66 46 -1 -1 -1 0 
20 3 682 347 28 22 -1 -1 -1 0 
20 4 618 346 27 24 -1 -1 -1 0 
20 7 0 356 113 84 -1 -1 -1 0 
20 11 573 636 702 80 -1 -1 -1 0 
21 1 538 352 66 46 -1 -1 -1 0 
21 3 681 349 28 21 -1 -1 -1 0 
21 4 617 346 28 24 -1 -1 -1 0 
21 11 581 636 692 80 -1 -1 -1 0 
21 12 78 357 196 61 -1 -1 -1 0 
22 1 538 352 65 46 -1 -1 -1 0 
22 3 681 349 28 21 -1 -1 -1 0 
22 4 616 346 28 24 -1 -1 -1 0 
22 11 582 636 691 80 -1 -1 -1 0 
22 12 15 343 222 79 -1 -1 -1 0 
23 1 539 352 64 45 -1 -1 -1 0 
23 3 681 349 26 21 -1 -1 -1 0 
23 4 616 347 27 23 -1 -1 -1 0 
23 11 569 636 707 79 -1 -1 -1 0 
23 12 0 351 225 78 -1 -1 -1 0 
24 1 539 353 63 45 -1 -1 -1 0 
24 3 680 349 27 21 -1 -1 -1 0 
24 4 616 347 25 23 -1 -1 -1 0 
24 11 568 637 708 78 -1 -1 -1 0 
24 12 0 349 192 82 -1 -1 -1 0 
25 1 538 353 64 45 -1 -1 -1 0 
25 3 680 350 26 20 -1 -1 -1 0 
25 4 615 347 27 23 -1 -1 -1 0 
25 12 0 357 167 80 -1 -1 -1 0 
25 15 134 361 62 20 -1 -1 -1 0 
26 1 539 353 62 44 -1 -1 -1 0 
26 3 678 350 28 21 -1 -1 -1 0 
26 4 615 346 27 24 -1 -1 -1 0 
26 11 571 637 702 78 -1 -1 -1 0 
26 12 0 361 134 81 -1 -1 -1 0 
26 15 91 361 70 22 -1 -1 -1 0 
27 1 539 352 62 45 -1 -1 -1 0 
27 3 678 350 27 21 -1 -1 -1 0 
27 4 614 346 28 24 -1 -1 -1 0 
27 11 567 636 707 79 -1 -1 -1 0 
27 12 0 362 117 84 -1 -1 -1 0 
27 15 51 362 69 23 -1 -1 -1 0 
28 1 537 352 64 44 -1 -1 -1 0 
28 3 677 348 26 22 -1 -1 -1 0 
28 4 615 345 26 25 -1 -1 -1 0 
28 11 567 636 707 80 -1 -1 -1 0 
28 15 1 362 69 25 -1 -1 -1 0 
29 1 537 352 63 43 -1 -1 -1 0 
29 3 676 347 27 23 -1 -1 -1 0 
29 4 614 345 27 24 -1 -1 -1 0 
29 15 0 362 32 26 -1 -1 -1 0 
30 1 538 352 62 42 -1 -1 -1 0 
30 3 675 347 28 23 -1 -1 -1 0 
30 4 613 344 27 25 -1 -1 -1 0 
31 1 538 352 61 42 -1 -1 -1 0 
31 3 674 347 29 22 -1 -1 -1 0 
31 4 613 344 28 24 -1 -1 -1 0 
31 11 566 636 707 80 -1 -1 -1 0 
32 1 538 352 61 43 -1 -1 -1 0 
32 3 674 349 29 21 -1 -1 -1 0 
32 4 613 346 27 23 -1 -1 -1 0 
32 11 565 636 708 80 -1 -1 -1 0 
33 1 538 354 61 42 -1 -1 -1 0 
33 3 674 349 27 21 -1 -1 -1 0 
33 4 613 349 27 21 -1 -1 -1 0 
34 1 538 354 61 42 -1 -1 -1 0 
34 3 674 350 27 20 -1 -1 -1 0 
34 4 614 348 26 22 -1 -1 -1 0 
34 11 564 637 711 79 -1 -1 -1 0 
35 1 539 354 59 42 -1 -1 -1 0 
35 3 674 350 27 21 -1 -1 -1 0 
35 4 613 348 28 22 -1 -1 -1 0 
35 11 584 637 687 79 -1 -1 -1 0 
36 1 539 354 59 42 -1 -1 -1 0 
36 3 674 350 27 21 -1 -1 -1 0 
36 4 614 349 26 21 -1 -1 -1 0 
36 11 586 637 684 79 -1 -1 -1 0 
37 1 539 354 60 40 -1 -1 -1 0 
37 3 674 348 26 22 -1 -1 -1 0 
37 4 615 347 25 22 -1 -1 -1 0 
37 11 575 636 700 80 -1 -1 -1 0 
38 1 539 354 60 39 -1 -1 -1 0 
38 3 673 347 27 23 -1 -1 -1 0 
38 4 615 345 25 23 -1 -1 -1 0 
38 11 568 636 706 80 -1 -1 -1 0 
39 1 539 354 59 39 -1 -1 -1 0 
39 3 673 347 27 23 -1 -1 -1 0 
39 4 614 345 26 22 -1 -1 -1 0 
39 11 561 636 716 80 -1 -1 -1 0 
40 1 540 353 58 39 -1 -1 -1 0 
40 3 672 347 28 22 -1 -1 -1 0 
40 4 614 345 26 22 -1 -1 -1 0 
40 11 579 636 691 80 -1 -1 -1 0 
