3 1 674 337 18 17 -1 -1 -1 0 
3 3 834 344 32 15 -1 -1 -1 0 
4 1 675 338 16 16 -1 -1 -1 0 
4 3 833 345 34 14 -1 -1 -1 0 
4 4 724 342 30 25 -1 -1 -1 0 
5 1 676 339 15 16 -1 -1 -1 0 
5 3 834 345 33 14 -1 -1 -1 0 
5 4 724 343 31 23 -1 -1 -1 0 
6 1 676 338 15 17 -1 -1 -1 0 
6 3 832 345 33 15 -1 -1 -1 0 
6 4 725 344 29 23 -1 -1 -1 0 
7 1 676 338 16 17 -1 -1 -1 0 
7 3 832 345 34 16 -1 -1 -1 0 
7 4 725 344 30 23 -1 -1 -1 0 
8 1 676 338 17 17 -1 -1 -1 0 
8 3 833 345 33 16 -1 -1 -1 0 
8 4 726 343 29 24 -1 -1 -1 0 
9 1 676 338 17 17 -1 -1 -1 0 
9 3 833 344 34 18 -1 -1 -1 0 
9 4 727 343 29 24 -1 -1 -1 0 
10 1 677 338 16 17 -1 -1 -1 0 
10 3 833 342 34 20 -1 -1 -1 0 
10 4 728 341 28 26 -1 -1 -1 0 
11 1 677 337 17 17 -1 -1 -1 0 
11 3 833 340 34 21 -1 -1 -1 0 
11 4 728 341 30 25 -1 -1 -1 0 
12 1 677 336 18 18 -1 -1 -1 0 
12 3 832 340 37 21 -1 -1 -1 0 
12 4 729 341 29 25 -1 -1 -1 0 
13 1 678 336 17 17 -1 -1 -1 0 
13 3 833 339 34 22 -1 -1 -1 0 
13 4 730 341 28 24 -1 -1 -1 0 
14 1 679 336 15 17 -1 -1 -1 0 
14 3 832 338 37 22 -1 -1 -1 0 
14 4 730 339 28 26 -1 -1 -1 0 
15 1 679 335 16 18 -1 -1 -1 0 
15 3 833 338 36 22 -1 -1 -1 0 
15 4 731 339 27 26 -1 -1 -1 0 
16 1 679 338 18 15 -1 -1 -1 0 
16 3 833 338 37 22 -1 -1 -1 0 
16 4 731 338 28 26 -1 -1 -1 0 
17 1 680 339 17 13 -1 -1 -1 0 
17 3 833 338 38 22 -1 -1 -1 0 
17 4 731 338 28 26 -1 -1 -1 0 
18 1 681 338 16 14 -1 -1 -1 0 
18 3 834 338 36 22 -1 -1 -1 0 
18 4 731 338 29 26 -1 -1 -1 0 
19 1 681 338 16 14 -1 -1 -1 0 
19 3 832 339 39 21 -1 -1 -1 0 
19 4 733 338 26 26 -1 -1 -1 0 
20 1 681 338 17 14 -1 -1 -1 0 
20 3 833 339 38 21 -1 -1 -1 0 
20 4 732 339 29 24 -1 -1 -1 0 
21 1 682 336 16 16 -1 -1 -1 0 
21 3 835 339 35 22 -1 -1 -1 0 
21 4 733 339 28 24 -1 -1 -1 0 
22 1 681 336 18 16 -1 -1 -1 0 
22 3 834 338 37 22 -1 -1 -1 0 
22 4 733 338 28 25 -1 -1 -1 0 
23 1 681 336 18 16 -1 -1 -1 0 
23 3 834 338 36 22 -1 -1 -1 0 
24 1 681 335 18 17 -1 -1 -1 0 
24 3 833 338 37 22 -1 -1 -1 0 
24 4 733 338 28 25 -1 -1 -1 0 
25 1 682 337 15 15 -1 -1 -1 0 
25 3 832 338 38 23 -1 -1 -1 0 
25 4 733 337 27 26 -1 -1 -1 0 
25 13 375 347 45 24 -1 -1 -1 0 
26 1 682 336 15 17 -1 -1 -1 0 
26 3 832 337 38 24 -1 -1 -1 0 
26 4 732 338 28 25 -1 -1 -1 0 
26 13 356 347 48 24 -1 -1 -1 0 
27 1 681 335 17 17 -1 -1 -1 0 
27 3 832 337 38 23 -1 -1 -1 0 
27 4 732 338 28 25 -1 -1 -1 0 
27 13 335 347 53 25 -1 -1 -1 0 
27 15 562 635 714 81 -1 -1 -1 0 
28 1 681 335 17 17 -1 -1 -1 0 
28 3 832 337 38 24 -1 -1 -1 0 
28 4 732 338 28 25 -1 -1 -1 0 
28 13 312 348 57 26 -1 -1 -1 0 
28 15 558 634 719 82 -1 -1 -1 0 
29 1 680 335 18 17 -1 -1 -1 0 
29 3 831 337 39 24 -1 -1 -1 0 
29 4 732 338 28 25 -1 -1 -1 0 
29 13 284 348 64 30 -1 -1 -1 0 
29 15 561 634 716 81 -1 -1 -1 0 
30 1 680 335 18 17 -1 -1 -1 0 
30 3 832 337 38 24 -1 -1 -1 0 
30 4 732 339 28 23 -1 -1 -1 0 
30 13 252 348 73 31 -1 -1 -1 0 
30 15 562 634 715 81 -1 -1 -1 0 
30 17 967 348 75 32 -1 -1 -1 0 
31 1 681 335 16 16 -1 -1 -1 0 
31 3 833 336 37 25 -1 -1 -1 0 
31 4 732 339 28 23 -1 -1 -1 0 
31 13 217 350 81 32 -1 -1 -1 0 
31 15 561 634 716 80 -1 -1 -1 0 
31 17 967 347 81 34 -1 -1 -1 0 
32 1 680 335 18 16 -1 -1 -1 0 
32 3 831 335 40 25 -1 -1 -1 0 
32 4 733 337 26 24 -1 -1 -1 0 
32 13 174 350 91 36 -1 -1 -1 0 
32 15 560 634 714 81 -1 -1 -1 0 
32 17 970 347 76 34 -1 -1 -1 0 
33 1 680 334 18 17 -1 -1 -1 0 
33 3 831 334 41 25 -1 -1 -1 0 
33 4 732 336 27 25 -1 -1 -1 0 
33 13 118 351 109 41 -1 -1 -1 0 
33 15 561 634 717 81 -1 -1 -1 0 
33 17 971 345 79 35 -1 -1 -1 0 
34 1 680 334 18 16 -1 -1 -1 0 
34 3 831 334 41 25 -1 -1 -1 0 
34 4 732 336 27 25 -1 -1 -1 0 
34 13 45 352 136 46 -1 -1 -1 0 
34 15 564 634 712 81 -1 -1 -1 0 
34 17 971 345 82 35 -1 -1 -1 0 
35 1 680 334 17 16 -1 -1 -1 0 
35 3 832 334 40 24 -1 -1 -1 0 
35 4 731 336 29 25 -1 -1 -1 0 
35 13 2 355 117 48 -1 -1 -1 0 
35 15 563 634 713 81 -1 -1 -1 0 
35 17 973 344 82 36 -1 -1 -1 0 
36 1 680 334 17 16 -1 -1 -1 0 
36 3 832 334 40 24 -1 -1 -1 0 
36 4 732 336 27 25 -1 -1 -1 0 
36 13 0 356 80 50 -1 -1 -1 0 
36 15 561 634 716 81 -1 -1 -1 0 
36 17 975 344 82 36 -1 -1 -1 0 
37 3 833 334 38 25 -1 -1 -1 0 
37 4 732 336 26 25 -1 -1 -1 0 
37 15 567 634 709 81 -1 -1 -1 0 
37 17 977 345 83 36 -1 -1 -1 0 
37 18 290 348 55 28 -1 -1 -1 0 
38 1 679 334 16 17 -1 -1 -1 0 
38 3 832 335 40 25 -1 -1 -1 0 
38 4 731 339 28 23 -1 -1 -1 0 
38 15 564 634 712 80 -1 -1 -1 0 
38 17 978 345 85 37 -1 -1 -1 0 
38 18 258 349 59 33 -1 -1 -1 0 
39 1 678 335 17 16 -1 -1 -1 0 
39 3 832 336 42 24 -1 -1 -1 0 
39 4 731 340 27 22 -1 -1 -1 0 
39 15 566 634 710 81 -1 -1 -1 0 
39 17 980 345 87 38 -1 -1 -1 0 
39 18 220 351 69 35 -1 -1 -1 0 
40 1 678 336 17 16 -1 -1 -1 0 
40 3 832 336 42 25 -1 -1 -1 0 
40 4 731 338 27 25 -1 -1 -1 0 
40 15 562 634 715 81 -1 -1 -1 0 
40 17 982 345 88 39 -1 -1 -1 0 
40 18 195 352 73 37 -1 -1 -1 0 
