3 1 844 328 43 28 -1 -1 -1 0 
3 2 770 333 17 14 -1 -1 -1 0 
3 3 674 335 22 19 -1 -1 -1 0 
4 1 843 328 46 29 -1 -1 -1 0 
4 2 769 333 19 14 -1 -1 -1 0 
4 3 675 336 22 18 -1 -1 -1 0 
5 1 845 329 43 28 -1 -1 -1 0 
5 2 769 333 20 14 -1 -1 -1 0 
5 3 675 337 22 17 -1 -1 -1 0 
5 4 558 634 720 81 -1 -1 -1 0 
6 1 844 329 45 29 -1 -1 -1 0 
6 2 769 333 21 14 -1 -1 -1 0 
6 3 675 338 21 17 -1 -1 -1 0 
6 4 558 634 719 81 -1 -1 -1 0 
7 1 844 330 46 28 -1 -1 -1 0 
7 2 770 333 20 14 -1 -1 -1 0 
7 3 675 339 22 17 -1 -1 -1 0 
8 1 845 330 45 28 -1 -1 -1 0 
8 2 770 333 21 15 -1 -1 -1 0 
8 3 676 339 20 17 -1 -1 -1 0 
9 1 845 330 45 28 -1 -1 -1 0 
9 2 769 333 23 15 -1 -1 -1 0 
9 3 676 339 20 17 -1 -1 -1 0 
9 5 255 349 60 21 -1 -1 -1 0 
10 1 846 330 45 28 -1 -1 -1 0 
10 2 770 333 21 15 -1 -1 -1 0 
10 3 676 339 20 17 -1 -1 -1 0 
10 5 241 350 60 21 -1 -1 -1 0 
11 1 846 329 44 30 -1 -1 -1 0 
11 2 769 334 22 14 -1 -1 -1 0 
11 3 676 339 20 17 -1 -1 -1 0 
12 1 846 329 45 30 -1 -1 -1 0 
12 2 770 334 20 14 -1 -1 -1 0 
12 3 675 341 23 16 -1 -1 -1 0 
12 5 134 354 76 27 -1 -1 -1 0 
13 1 846 329 46 30 -1 -1 -1 0 
13 2 769 335 22 14 -1 -1 -1 0 
13 3 676 341 21 17 -1 -1 -1 0 
13 5 53 357 107 30 -1 -1 -1 0 
14 1 847 331 45 29 -1 -1 -1 0 
14 2 769 335 22 14 -1 -1 -1 0 
14 3 676 342 21 16 -1 -1 -1 0 
14 5 9 359 114 31 -1 -1 -1 0 
15 1 845 332 48 28 -1 -1 -1 0 
15 3 676 343 21 16 -1 -1 -1 0 
15 4 557 635 720 79 -1 -1 -1 0 
16 1 846 333 46 29 -1 -1 -1 0 
16 2 769 338 22 12 -1 -1 -1 0 
16 3 675 342 21 17 -1 -1 -1 0 
16 4 557 635 720 78 -1 -1 -1 0 
17 1 846 334 47 28 -1 -1 -1 0 
17 2 769 338 22 13 -1 -1 -1 0 
17 3 675 342 22 18 -1 -1 -1 0 
17 4 560 634 715 80 -1 -1 -1 0 
18 1 847 336 45 28 -1 -1 -1 0 
18 2 770 339 20 13 -1 -1 -1 0 
18 3 675 342 22 19 -1 -1 -1 0 
18 4 560 634 715 80 -1 -1 -1 0 
19 1 846 337 46 28 -1 -1 -1 0 
19 2 769 340 22 13 -1 -1 -1 0 
19 3 674 343 23 19 -1 -1 -1 0 
20 1 847 337 46 28 -1 -1 -1 0 
20 2 770 340 20 13 -1 -1 -1 0 
20 3 674 343 23 18 -1 -1 -1 0 
21 1 847 336 46 28 -1 -1 -1 0 
21 2 770 340 20 13 -1 -1 -1 0 
21 3 675 341 21 20 -1 -1 -1 0 
21 4 556 635 723 79 -1 -1 -1 0 
22 1 847 335 45 29 -1 -1 -1 0 
22 2 770 339 19 13 -1 -1 -1 0 
22 3 674 341 23 19 -1 -1 -1 0 
22 4 556 635 722 80 -1 -1 -1 0 
23 1 847 335 45 29 -1 -1 -1 0 
23 2 771 339 17 13 -1 -1 -1 0 
23 3 674 342 23 18 -1 -1 -1 0 
24 1 847 334 46 30 -1 -1 -1 0 
24 2 770 339 19 13 -1 -1 -1 0 
24 3 674 342 23 19 -1 -1 -1 0 
25 1 846 334 48 30 -1 -1 -1 0 
25 2 770 339 19 13 -1 -1 -1 0 
25 3 674 343 24 18 -1 -1 -1 0 
25 4 560 635 716 79 -1 -1 -1 0 
26 1 846 335 48 29 -1 -1 -1 0 
26 2 770 340 18 13 -1 -1 -1 0 
26 3 674 344 24 17 -1 -1 -1 0 
26 4 563 635 714 79 -1 -1 -1 0 
27 1 847 335 47 29 -1 -1 -1 0 
27 2 770 340 18 13 -1 -1 -1 0 
27 3 675 344 22 18 -1 -1 -1 0 
27 4 563 635 714 78 -1 -1 -1 0 
28 1 847 335 47 30 -1 -1 -1 0 
28 2 770 341 18 13 -1 -1 -1 0 
28 3 675 345 22 18 -1 -1 -1 0 
28 4 566 635 707 79 -1 -1 -1 0 
29 1 847 336 47 29 -1 -1 -1 0 
29 2 769 342 19 13 -1 -1 -1 0 
29 3 674 345 24 18 -1 -1 -1 0 
29 4 559 635 720 79 -1 -1 -1 0 
30 1 847 336 46 30 -1 -1 -1 0 
30 2 769 341 19 13 -1 -1 -1 0 
30 3 675 344 21 18 -1 -1 -1 0 
30 4 563 635 711 79 -1 -1 -1 0 
31 1 846 336 48 29 -1 -1 -1 0 
31 2 769 341 19 13 -1 -1 -1 0 
31 3 674 344 23 18 -1 -1 -1 0 
31 4 563 635 711 79 -1 -1 -1 0 
32 1 845 336 49 29 -1 -1 -1 0 
32 2 770 341 18 13 -1 -1 -1 0 
32 3 674 344 23 18 -1 -1 -1 0 
33 1 846 336 47 29 -1 -1 -1 0 
33 2 768 341 20 12 -1 -1 -1 0 
33 3 673 344 24 18 -1 -1 -1 0 
34 1 846 335 46 30 -1 -1 -1 0 
34 2 768 340 20 12 -1 -1 -1 0 
34 3 674 343 22 18 -1 -1 -1 0 
34 4 559 635 719 79 -1 -1 -1 0 
35 1 844 335 49 29 -1 -1 -1 0 
35 2 768 339 19 13 -1 -1 -1 0 
35 3 674 342 21 19 -1 -1 -1 0 
35 4 558 635 721 79 -1 -1 -1 0 
36 1 845 335 47 30 -1 -1 -1 0 
36 2 767 339 20 13 -1 -1 -1 0 
36 3 673 342 23 19 -1 -1 -1 0 
36 4 560 635 717 78 -1 -1 -1 0 
37 1 844 335 49 30 -1 -1 -1 0 
37 2 767 339 19 13 -1 -1 -1 0 
37 3 674 341 21 20 -1 -1 -1 0 
37 4 560 635 717 78 -1 -1 -1 0 
38 1 844 335 50 30 -1 -1 -1 0 
38 2 766 339 20 13 -1 -1 -1 0 
38 3 672 343 24 18 -1 -1 -1 0 
39 1 845 336 48 29 -1 -1 -1 0 
39 2 767 339 19 14 -1 -1 -1 0 
39 3 672 343 23 19 -1 -1 -1 0 
39 10 382 345 43 19 -1 -1 -1 0 
40 1 845 335 47 30 -1 -1 -1 0 
40 2 766 340 21 13 -1 -1 -1 0 
40 3 671 343 25 19 -1 -1 -1 0 
40 10 363 346 47 19 -1 -1 -1 0 
