3 1 523 351 82 57 -1 -1 -1 0 
3 2 608 340 42 35 -1 -1 -1 0 
3 3 516 346 42 33 -1 -1 -1 0 
4 1 523 351 82 57 -1 -1 -1 0 
4 2 609 341 41 34 -1 -1 -1 0 
4 3 516 347 40 32 -1 -1 -1 0 
5 1 523 351 83 57 -1 -1 -1 0 
5 2 609 342 41 34 -1 -1 -1 0 
5 3 516 348 39 32 -1 -1 -1 0 
6 1 524 351 82 57 -1 -1 -1 0 
6 2 608 342 42 34 -1 -1 -1 0 
7 1 524 351 81 57 -1 -1 -1 0 
7 2 609 342 41 34 -1 -1 -1 0 
8 1 524 352 82 56 -1 -1 -1 0 
8 2 609 342 41 34 -1 -1 -1 0 
9 1 524 352 82 56 -1 -1 -1 0 
9 2 609 342 41 34 -1 -1 -1 0 
10 1 524 353 81 56 -1 -1 -1 0 
10 2 609 342 41 34 -1 -1 -1 0 
11 1 525 353 80 56 -1 -1 -1 0 
11 2 608 343 42 33 -1 -1 -1 0 
12 1 525 353 80 57 -1 -1 -1 0 
12 2 609 344 41 33 -1 -1 -1 0 
12 3 10 369 34 30 -1 -1 -1 0 
13 1 524 353 82 57 -1 -1 -1 0 
13 2 609 343 41 35 -1 -1 -1 0 
13 3 0 371 -6 30 -1 -1 -1 0 
14 1 525 353 80 57 -1 -1 -1 0 
14 2 609 343 41 35 -1 -1 -1 0 
15 1 525 354 81 56 -1 -1 -1 0 
15 2 609 343 41 35 -1 -1 -1 0 
16 1 525 353 80 57 -1 -1 -1 0 
16 2 608 343 42 35 -1 -1 -1 0 
17 1 525 353 79 57 -1 -1 -1 0 
17 2 609 343 41 35 -1 -1 -1 0 
18 1 524 353 81 57 -1 -1 -1 0 
18 2 608 343 43 35 -1 -1 -1 0 
19 1 524 353 81 57 -1 -1 -1 0 
19 2 610 343 40 35 -1 -1 -1 0 
20 1 524 353 81 57 -1 -1 -1 0 
20 2 608 343 43 35 -1 -1 -1 0 
21 1 523 352 81 58 -1 -1 -1 0 
21 2 609 342 41 36 -1 -1 -1 0 
22 1 523 352 81 58 -1 -1 -1 0 
22 2 609 342 42 36 -1 -1 -1 0 
23 1 522 353 82 57 -1 -1 -1 0 
23 2 608 343 43 35 -1 -1 -1 0 
24 1 522 353 81 57 -1 -1 -1 0 
24 2 608 343 43 35 -1 -1 -1 0 
25 1 522 352 80 58 -1 -1 -1 0 
25 2 608 343 43 35 -1 -1 -1 0 
26 1 520 353 82 57 -1 -1 -1 0 
26 2 609 343 42 35 -1 -1 -1 0 
27 1 520 353 82 57 -1 -1 -1 0 
27 2 610 343 40 35 -1 -1 -1 0 
28 1 520 353 81 57 -1 -1 -1 0 
28 2 609 343 42 36 -1 -1 -1 0 
29 1 520 353 80 57 -1 -1 -1 0 
29 2 609 343 41 35 -1 -1 -1 0 
30 1 519 352 80 58 -1 -1 -1 0 
30 2 610 342 39 36 -1 -1 -1 0 
31 1 518 352 82 58 -1 -1 -1 0 
31 2 609 342 41 36 -1 -1 -1 0 
32 1 518 352 81 58 -1 -1 -1 0 
32 2 609 342 42 36 -1 -1 -1 0 
33 1 517 351 82 58 -1 -1 -1 0 
33 2 610 342 41 35 -1 -1 -1 0 
33 10 195 358 62 16 -1 -1 -1 0 
34 1 517 351 81 58 -1 -1 -1 0 
34 2 609 342 42 35 -1 -1 -1 0 
34 10 155 359 70 18 -1 -1 -1 0 
35 1 517 351 80 57 -1 -1 -1 0 
35 2 609 342 42 35 -1 -1 -1 0 
35 10 129 359 75 20 -1 -1 -1 0 
36 1 516 351 81 57 -1 -1 -1 0 
36 2 610 342 42 35 -1 -1 -1 0 
36 10 46 364 103 20 -1 -1 -1 0 
37 1 515 351 82 57 -1 -1 -1 0 
37 2 610 343 42 34 -1 -1 -1 0 
37 10 0 366 93 21 -1 -1 -1 0 
38 1 515 351 82 57 -1 -1 -1 0 
38 2 610 343 41 35 -1 -1 -1 0 
38 10 0 367 54 23 -1 -1 -1 0 
38 12 348 353 29 12 -1 -1 -1 0 
39 1 516 351 80 57 -1 -1 -1 0 
39 2 610 343 41 35 -1 -1 -1 0 
39 12 340 353 27 12 -1 -1 -1 0 
40 1 515 351 81 57 -1 -1 -1 0 
40 2 610 343 41 35 -1 -1 -1 0 
40 12 333 353 25 12 -1 -1 -1 0 
