3 1 130 367 93 34 -1 -1 -1 0 
3 2 753 349 62 41 -1 -1 -1 0 
3 3 617 329 35 39 -1 -1 -1 0 
3 4 380 356 59 24 -1 -1 -1 0 
3 5 344 359 46 25 -1 -1 -1 0 
3 6 468 354 34 15 -1 -1 -1 0 
3 7 804 343 38 33 -1 -1 -1 0 
4 1 70 368 111 38 -1 -1 -1 0 
4 2 754 350 62 41 -1 -1 -1 0 
4 3 617 330 35 39 -1 -1 -1 0 
4 4 345 357 72 26 -1 -1 -1 0 
4 5 322 360 42 26 -1 -1 -1 0 
4 6 462 355 33 15 -1 -1 -1 0 
4 7 806 344 38 33 -1 -1 -1 0 
5 1 3 369 128 40 -1 -1 -1 0 
5 2 754 349 60 42 -1 -1 -1 0 
5 3 617 329 35 39 -1 -1 -1 0 
5 4 299 357 89 29 -1 -1 -1 0 
5 5 306 361 44 27 -1 -1 -1 0 
5 6 455 354 33 17 -1 -1 -1 0 
5 7 806 344 40 33 -1 -1 -1 0 
5 9 735 346 24 16 -1 -1 -1 0 
6 1 0 370 68 40 -1 -1 -1 0 
6 2 753 347 62 42 -1 -1 -1 0 
6 3 618 327 33 39 -1 -1 -1 0 
6 4 253 357 105 33 -1 -1 -1 0 
6 6 447 353 35 16 -1 -1 -1 0 
6 7 808 342 38 33 -1 -1 -1 0 
6 9 736 344 24 17 -1 -1 -1 0 
7 1 0 371 30 42 -1 -1 -1 0 
7 2 753 346 63 41 -1 -1 -1 0 
7 3 617 325 34 39 -1 -1 -1 0 
7 4 187 357 140 38 -1 -1 -1 0 
7 6 440 351 34 18 -1 -1 -1 0 
7 7 808 339 39 34 -1 -1 -1 0 
7 9 735 342 24 18 -1 -1 -1 0 
8 2 753 344 63 41 -1 -1 -1 0 
8 3 616 323 35 40 -1 -1 -1 0 
8 4 99 359 159 43 -1 -1 -1 0 
8 5 219 359 71 28 -1 -1 -1 0 
8 6 432 350 33 19 -1 -1 -1 0 
8 7 809 337 38 35 -1 -1 -1 0 
8 9 734 341 26 18 -1 -1 -1 0 
9 2 754 343 62 42 -1 -1 -1 0 
9 3 617 322 34 40 -1 -1 -1 0 
9 4 10 362 169 50 -1 -1 -1 0 
9 5 161 361 88 32 -1 -1 -1 0 
9 6 421 349 36 20 -1 -1 -1 0 
9 7 811 336 37 35 -1 -1 -1 0 
9 9 735 340 24 17 -1 -1 -1 0 
10 2 754 343 63 42 -1 -1 -1 0 
10 3 617 323 35 39 -1 -1 -1 0 
10 4 0 363 129 54 -1 -1 -1 0 
10 5 133 361 93 34 -1 -1 -1 0 
10 6 409 350 37 21 -1 -1 -1 0 
10 7 811 336 39 36 -1 -1 -1 0 
10 9 735 341 24 17 -1 -1 -1 0 
10 10 692 341 17 11 -1 -1 -1 0 
11 2 754 345 63 41 -1 -1 -1 0 
11 3 618 324 33 39 -1 -1 -1 0 
11 5 49 367 100 40 -1 -1 -1 0 
11 6 396 352 40 21 -1 -1 -1 0 
11 7 811 337 40 37 -1 -1 -1 0 
11 9 736 341 23 18 -1 -1 -1 0 
11 10 693 342 16 10 -1 -1 -1 0 
12 2 755 346 63 42 -1 -1 -1 0 
12 3 617 326 35 39 -1 -1 -1 0 
12 5 9 368 106 42 -1 -1 -1 0 
12 6 381 355 44 23 -1 -1 -1 0 
12 7 811 339 41 36 -1 -1 -1 0 
12 9 736 343 24 18 -1 -1 -1 0 
12 12 481 349 34 15 -1 -1 -1 0 
12 13 5 376 75 46 -1 -1 -1 0 
13 2 755 348 63 42 -1 -1 -1 0 
13 3 617 326 35 41 -1 -1 -1 0 
13 6 365 358 49 23 -1 -1 -1 0 
13 7 812 341 41 36 -1 -1 -1 0 
13 9 736 344 24 18 -1 -1 -1 0 
13 12 475 351 36 16 -1 -1 -1 0 
13 13 5 375 78 48 -1 -1 -1 0 
14 2 755 348 63 44 -1 -1 -1 0 
14 3 616 328 37 40 -1 -1 -1 0 
14 6 346 359 59 25 -1 -1 -1 0 
14 7 811 343 44 35 -1 -1 -1 0 
14 9 736 346 25 16 -1 -1 -1 0 
14 12 469 353 37 17 -1 -1 -1 0 
15 2 755 349 64 43 -1 -1 -1 0 
15 3 616 329 37 40 -1 -1 -1 0 
15 6 326 362 55 26 -1 -1 -1 0 
15 7 814 343 40 37 -1 -1 -1 0 
15 9 737 347 24 17 -1 -1 -1 0 
15 12 460 355 41 16 -1 -1 -1 0 
16 2 755 349 64 44 -1 -1 -1 0 
16 3 617 328 35 41 -1 -1 -1 0 
16 6 302 362 58 28 -1 -1 -1 0 
16 7 815 344 40 36 -1 -1 -1 0 
16 9 738 347 24 17 -1 -1 -1 0 
16 10 362 362 29 15 -1 -1 -1 0 
16 12 454 354 39 17 -1 -1 -1 0 
17 2 755 350 65 43 -1 -1 -1 0 
17 3 616 328 37 41 -1 -1 -1 0 
17 6 272 363 68 30 -1 -1 -1 0 
17 7 815 344 42 36 -1 -1 -1 0 
17 9 737 347 26 18 -1 -1 -1 0 
17 10 330 363 37 16 -1 -1 -1 0 
17 12 445 355 42 17 -1 -1 -1 0 
18 2 755 350 65 42 -1 -1 -1 0 
18 3 617 328 35 41 -1 -1 -1 0 
18 6 240 363 74 32 -1 -1 -1 0 
18 7 815 343 44 36 -1 -1 -1 0 
18 9 738 347 26 18 -1 -1 -1 0 
18 10 307 363 42 17 -1 -1 -1 0 
18 12 436 354 44 18 -1 -1 -1 0 
19 2 756 349 63 43 -1 -1 -1 0 
19 3 617 327 35 41 -1 -1 -1 0 
19 6 200 363 84 35 -1 -1 -1 0 
19 7 816 342 43 37 -1 -1 -1 0 
19 9 738 345 25 20 -1 -1 -1 0 
19 10 291 363 45 18 -1 -1 -1 0 
19 12 428 353 44 18 -1 -1 -1 0 
20 2 755 348 65 43 -1 -1 -1 0 
20 3 617 326 35 41 -1 -1 -1 0 
20 6 150 364 101 37 -1 -1 -1 0 
20 7 815 340 45 38 -1 -1 -1 0 
20 9 738 345 25 19 -1 -1 -1 0 
20 10 272 362 48 20 -1 -1 -1 0 
20 12 417 352 46 20 -1 -1 -1 0 
20 16 487 351 19 13 -1 -1 -1 0 
21 2 756 347 65 43 -1 -1 -1 0 
21 3 617 325 36 41 -1 -1 -1 0 
21 6 87 365 123 41 -1 -1 -1 0 
21 7 816 339 44 38 -1 -1 -1 0 
21 9 738 343 24 20 -1 -1 -1 0 
21 10 249 362 52 21 -1 -1 -1 0 
21 12 405 350 49 22 -1 -1 -1 0 
21 16 481 350 21 14 -1 -1 -1 0 
22 2 756 347 65 43 -1 -1 -1 0 
22 3 617 325 36 41 -1 -1 -1 0 
22 6 10 366 143 46 -1 -1 -1 0 
22 7 816 339 46 38 -1 -1 -1 0 
22 9 738 342 24 21 -1 -1 -1 0 
22 10 226 362 55 22 -1 -1 -1 0 
22 12 393 351 51 22 -1 -1 -1 0 
22 16 474 351 23 13 -1 -1 -1 0 
22 17 522 344 27 16 -1 -1 -1 0 
23 2 755 346 66 44 -1 -1 -1 0 
23 3 617 325 36 40 -1 -1 -1 0 
23 6 0 369 85 48 -1 -1 -1 0 
23 7 816 338 47 39 -1 -1 -1 0 
23 9 738 341 25 21 -1 -1 -1 0 
23 10 195 364 64 22 -1 -1 -1 0 
23 12 379 351 53 24 -1 -1 -1 0 
23 16 468 351 23 13 -1 -1 -1 0 
23 17 518 345 28 16 -1 -1 -1 0 
23 18 693 343 17 12 -1 -1 -1 0 
24 2 756 346 66 43 -1 -1 -1 0 
24 3 617 325 36 40 -1 -1 -1 0 
24 6 0 371 47 49 -1 -1 -1 0 
24 7 816 338 48 39 -1 -1 -1 0 
24 9 739 340 24 21 -1 -1 -1 0 
24 10 163 365 68 25 -1 -1 -1 0 
24 12 365 351 53 26 -1 -1 -1 0 
24 16 463 351 22 15 -1 -1 -1 0 
24 17 514 346 28 16 -1 -1 -1 0 
24 18 693 343 16 12 -1 -1 -1 0 
25 2 757 346 65 43 -1 -1 -1 0 
25 3 618 325 35 40 -1 -1 -1 0 
25 7 817 338 47 38 -1 -1 -1 0 
25 9 739 340 24 21 -1 -1 -1 0 
25 10 122 366 81 28 -1 -1 -1 0 
25 12 348 350 57 29 -1 -1 -1 0 
25 16 454 351 26 15 -1 -1 -1 0 
25 17 511 346 29 16 -1 -1 -1 0 
25 18 694 343 16 12 -1 -1 -1 0 
26 2 756 345 66 44 -1 -1 -1 0 
26 3 618 325 35 40 -1 -1 -1 0 
26 7 817 337 48 40 -1 -1 -1 0 
26 9 738 341 25 20 -1 -1 -1 0 
26 10 74 368 93 30 -1 -1 -1 0 
26 12 328 351 62 31 -1 -1 -1 0 
26 16 447 351 26 16 -1 -1 -1 0 
26 17 505 346 33 18 -1 -1 -1 0 
27 2 756 347 66 43 -1 -1 -1 0 
27 3 617 325 36 41 -1 -1 -1 0 
27 7 818 338 49 40 -1 -1 -1 0 
27 9 738 341 25 19 -1 -1 -1 0 
27 10 15 372 110 31 -1 -1 -1 0 
27 12 308 353 65 32 -1 -1 -1 0 
27 16 438 353 29 16 -1 -1 -1 0 
27 17 499 348 29 17 -1 -1 -1 0 
28 2 757 347 65 44 -1 -1 -1 0 
28 3 617 326 36 41 -1 -1 -1 0 
28 7 819 338 49 40 -1 -1 -1 0 
28 10 0 375 71 33 -1 -1 -1 0 
28 12 283 355 69 34 -1 -1 -1 0 
28 16 430 355 28 16 -1 -1 -1 0 
28 17 492 349 30 17 -1 -1 -1 0 
29 2 757 348 65 44 -1 -1 -1 0 
29 3 617 327 36 40 -1 -1 -1 0 
29 7 821 340 48 40 -1 -1 -1 0 
29 9 739 343 25 20 -1 -1 -1 0 
29 10 0 377 36 34 -1 -1 -1 0 
29 12 254 356 76 37 -1 -1 -1 0 
29 16 419 355 31 17 -1 -1 -1 0 
29 17 485 350 30 18 -1 -1 -1 0 
30 2 758 349 65 44 -1 -1 -1 0 
30 3 617 328 36 40 -1 -1 -1 0 
30 7 822 342 49 40 -1 -1 -1 0 
30 9 739 345 28 19 -1 -1 -1 0 
30 12 217 359 87 38 -1 -1 -1 0 
30 16 409 356 31 19 -1 -1 -1 0 
30 17 476 351 33 19 -1 -1 -1 0 
31 2 758 350 65 45 -1 -1 -1 0 
31 3 616 330 37 39 -1 -1 -1 0 
31 7 823 342 49 40 -1 -1 -1 0 
31 9 740 347 26 18 -1 -1 -1 0 
31 12 172 360 99 43 -1 -1 -1 0 
31 16 396 358 35 20 -1 -1 -1 0 
31 17 467 352 35 19 -1 -1 -1 0 
31 18 544 350 23 13 -1 -1 -1 0 
32 2 758 350 66 45 -1 -1 -1 0 
32 3 616 330 37 39 -1 -1 -1 0 
32 7 823 344 50 40 -1 -1 -1 0 
32 9 740 347 26 18 -1 -1 -1 0 
32 12 116 361 118 47 -1 -1 -1 0 
32 16 383 359 38 20 -1 -1 -1 0 
32 17 454 353 42 20 -1 -1 -1 0 
32 18 535 351 23 13 -1 -1 -1 0 
33 2 757 350 66 45 -1 -1 -1 0 
33 3 616 329 36 40 -1 -1 -1 0 
33 7 823 344 51 41 -1 -1 -1 0 
33 9 740 348 26 18 -1 -1 -1 0 
33 12 42 361 146 53 -1 -1 -1 0 
33 16 369 358 39 21 -1 -1 -1 0 
33 17 442 351 49 21 -1 -1 -1 0 
33 18 529 350 23 13 -1 -1 -1 0 
34 2 757 349 67 44 -1 -1 -1 0 
34 3 616 328 36 40 -1 -1 -1 0 
34 9 574 346 27 17 -1 -1 -1 0 
34 12 4 361 126 58 -1 -1 -1 0 
34 16 352 357 42 22 -1 -1 -1 0 
34 17 431 350 44 22 -1 -1 -1 0 
34 18 515 351 23 13 -1 -1 -1 0 
35 2 757 348 67 44 -1 -1 -1 0 
35 3 616 326 36 40 -1 -1 -1 0 
35 9 531 346 29 16 -1 -1 -1 0 
35 12 0 362 72 58 -1 -1 -1 0 
35 16 334 357 46 22 -1 -1 -1 0 
35 17 417 348 44 25 -1 -1 -1 0 
35 18 494 348 20 13 -1 -1 -1 0 
36 2 758 346 66 44 -1 -1 -1 0 
36 3 616 323 36 42 -1 -1 -1 0 
36 7 827 338 49 41 -1 -1 -1 0 
36 9 516 345 30 16 -1 -1 -1 0 
36 12 0 363 36 60 -1 -1 -1 0 
36 16 315 356 48 24 -1 -1 -1 0 
36 17 399 347 50 26 -1 -1 -1 0 
36 18 486 347 20 13 -1 -1 -1 0 
37 2 758 346 67 44 -1 -1 -1 0 
37 3 616 323 37 42 -1 -1 -1 0 
37 7 828 337 49 42 -1 -1 -1 0 
37 9 507 345 33 17 -1 -1 -1 0 
37 16 292 358 55 24 -1 -1 -1 0 
37 17 380 347 54 30 -1 -1 -1 0 
37 18 449 350 24 15 -1 -1 -1 0 
38 2 758 346 67 44 -1 -1 -1 0 
38 3 615 323 38 42 -1 -1 -1 0 
38 7 827 337 53 42 -1 -1 -1 0 
38 9 483 347 24 15 -1 -1 -1 0 
38 16 266 359 60 26 -1 -1 -1 0 
38 17 358 347 60 32 -1 -1 -1 0 
38 18 430 351 27 17 -1 -1 -1 0 
39 2 758 346 68 44 -1 -1 -1 0 
39 3 615 325 38 41 -1 -1 -1 0 
39 7 827 336 54 43 -1 -1 -1 0 
39 9 472 348 22 14 -1 -1 -1 0 
39 16 236 360 67 29 -1 -1 -1 0 
39 17 330 348 69 35 -1 -1 -1 0 
39 18 417 352 29 18 -1 -1 -1 0 
40 2 759 346 66 44 -1 -1 -1 0 
40 3 615 324 38 42 -1 -1 -1 0 
40 7 827 338 56 42 -1 -1 -1 0 
40 9 478 349 25 15 -1 -1 -1 0 
40 16 202 361 74 31 -1 -1 -1 0 
40 17 299 348 79 38 -1 -1 -1 0 
40 18 407 353 30 18 -1 -1 -1 0 
