3 1 913 347 335 157 -1 -1 -1 0 
3 2 465 347 117 94 -1 -1 -1 0 
3 3 640 340 21 17 -1 -1 -1 0 
3 4 663 321 39 29 -1 -1 -1 0 
3 5 350 347 30 17 -1 -1 -1 0 
3 6 598 341 13 11 -1 -1 -1 0 
4 1 919 347 354 164 -1 -1 -1 0 
4 2 467 346 117 94 -1 -1 -1 0 
4 3 641 341 21 16 -1 -1 -1 0 
4 4 664 321 40 29 -1 -1 -1 0 
4 5 339 347 31 19 -1 -1 -1 0 
4 6 598 341 14 11 -1 -1 -1 0 
5 1 929 347 350 171 -1 -1 -1 0 
5 2 468 346 118 93 -1 -1 -1 0 
5 3 641 341 22 16 -1 -1 -1 0 
5 4 665 321 40 29 -1 -1 -1 0 
5 5 325 346 36 21 -1 -1 -1 0 
5 6 598 341 14 11 -1 -1 -1 0 
5 7 422 337 41 23 -1 -1 -1 0 
5 8 558 634 720 80 -1 -1 -1 0 
6 1 936 347 343 175 -1 -1 -1 0 
6 2 470 346 117 93 -1 -1 -1 0 
6 3 642 342 21 15 -1 -1 -1 0 
6 4 665 320 40 30 -1 -1 -1 0 
6 5 311 346 39 22 -1 -1 -1 0 
6 7 412 336 43 25 -1 -1 -1 0 
6 8 559 634 717 81 -1 -1 -1 0 
7 1 944 348 335 180 -1 -1 -1 0 
7 2 473 346 116 92 -1 -1 -1 0 
7 3 642 342 22 15 -1 -1 -1 0 
7 4 665 320 41 30 -1 -1 -1 0 
7 5 295 346 42 22 -1 -1 -1 0 
7 6 599 341 14 11 -1 -1 -1 0 
7 7 399 338 41 24 -1 -1 -1 0 
7 8 559 634 717 81 -1 -1 -1 0 
8 1 951 350 328 185 -1 -1 -1 0 
8 2 476 347 114 90 -1 -1 -1 0 
8 3 644 343 19 15 -1 -1 -1 0 
8 4 666 320 41 30 -1 -1 -1 0 
8 5 279 346 44 23 -1 -1 -1 0 
8 6 600 341 14 11 -1 -1 -1 0 
8 7 384 337 40 26 -1 -1 -1 0 
8 8 554 635 723 80 -1 -1 -1 0 
9 1 960 350 318 195 -1 -1 -1 0 
9 2 479 347 112 89 -1 -1 -1 0 
9 3 644 343 20 15 -1 -1 -1 0 
9 4 668 320 39 30 -1 -1 -1 0 
9 5 260 346 47 24 -1 -1 -1 0 
9 6 601 342 13 11 -1 -1 -1 0 
9 7 366 338 40 27 -1 -1 -1 0 
9 8 556 635 719 80 -1 -1 -1 0 
10 1 968 351 310 202 -1 -1 -1 0 
10 2 480 347 113 88 -1 -1 -1 0 
10 3 644 342 20 17 -1 -1 -1 0 
10 4 668 320 40 30 -1 -1 -1 0 
10 5 239 347 50 26 -1 -1 -1 0 
10 6 601 341 13 12 -1 -1 -1 0 
10 7 343 336 49 31 -1 -1 -1 0 
10 8 559 634 715 81 -1 -1 -1 0 
11 1 978 351 300 212 -1 -1 -1 0 
11 2 483 348 110 87 -1 -1 -1 0 
11 3 644 342 21 17 -1 -1 -1 0 
11 4 668 321 42 29 -1 -1 -1 0 
11 5 212 348 58 28 -1 -1 -1 0 
11 6 601 343 15 11 -1 -1 -1 0 
11 7 316 336 77 33 -1 -1 -1 0 
11 8 562 633 713 83 -1 -1 -1 0 
12 1 987 352 290 222 -1 -1 -1 0 
12 2 485 348 109 87 -1 -1 -1 0 
12 3 644 343 22 16 -1 -1 -1 0 
12 4 670 321 40 29 -1 -1 -1 0 
12 5 182 348 66 29 -1 -1 -1 0 
12 6 601 343 16 11 -1 -1 -1 0 
12 7 289 335 83 37 -1 -1 -1 0 
12 8 560 633 717 83 -1 -1 -1 0 
13 1 997 352 281 233 -1 -1 -1 0 
13 2 487 346 108 88 -1 -1 -1 0 
13 3 643 343 24 16 -1 -1 -1 0 
13 4 670 319 42 32 -1 -1 -1 0 
13 5 146 349 78 30 -1 -1 -1 0 
13 6 602 343 15 12 -1 -1 -1 0 
13 7 251 335 104 40 -1 -1 -1 0 
13 8 559 633 719 83 -1 -1 -1 0 
14 1 1009 353 268 246 -1 -1 -1 0 
14 2 489 346 107 87 -1 -1 -1 0 
14 3 643 343 25 16 -1 -1 -1 0 
14 4 670 319 43 32 -1 -1 -1 0 
14 5 105 349 88 33 -1 -1 -1 0 
14 6 602 343 16 11 -1 -1 -1 0 
14 7 231 334 111 43 -1 -1 -1 0 
15 1 1018 354 261 250 -1 -1 -1 0 
15 2 491 346 107 87 -1 -1 -1 0 
15 3 645 343 23 16 -1 -1 -1 0 
15 4 671 319 43 32 -1 -1 -1 0 
15 5 55 350 92 36 -1 -1 -1 0 
15 6 603 343 15 11 -1 -1 -1 0 
15 7 146 333 149 48 -1 -1 -1 0 
15 8 557 635 722 81 -1 -1 -1 0 
16 1 1024 355 255 234 -1 -1 -1 0 
16 2 493 346 107 87 -1 -1 -1 0 
16 3 646 342 22 17 -1 -1 -1 0 
16 4 673 317 41 34 -1 -1 -1 0 
16 5 23 351 98 37 -1 -1 -1 0 
16 6 603 343 16 10 -1 -1 -1 0 
16 7 64 331 185 56 -1 -1 -1 0 
16 8 557 635 722 81 -1 -1 -1 0 
17 1 1039 355 240 223 -1 -1 -1 0 
17 2 495 345 105 87 -1 -1 -1 0 
17 3 646 342 23 17 -1 -1 -1 0 
17 4 673 317 43 34 -1 -1 -1 0 
17 6 604 342 14 11 -1 -1 -1 0 
17 7 8 330 179 62 -1 -1 -1 0 
18 1 1056 357 223 216 -1 -1 -1 0 
18 2 497 345 105 87 -1 -1 -1 0 
18 3 647 342 22 17 -1 -1 -1 0 
18 4 672 318 45 33 -1 -1 -1 0 
18 6 603 342 17 10 -1 -1 -1 0 
18 7 0 333 111 60 -1 -1 -1 0 
18 13 372 344 45 20 -1 -1 -1 0 
19 1 1072 360 207 211 -1 -1 -1 0 
19 2 498 346 104 86 -1 -1 -1 0 
19 3 646 343 25 16 -1 -1 -1 0 
19 4 673 318 44 34 -1 -1 -1 0 
19 6 604 342 15 10 -1 -1 -1 0 
19 7 0 333 73 62 -1 -1 -1 0 
19 8 568 635 708 81 -1 -1 -1 0 
19 13 355 345 47 21 -1 -1 -1 0 
20 1 1088 365 191 205 -1 -1 -1 0 
20 2 499 346 105 86 -1 -1 -1 0 
20 3 648 343 22 17 -1 -1 -1 0 
20 4 674 316 43 36 -1 -1 -1 0 
20 6 605 342 14 10 -1 -1 -1 0 
20 8 563 633 714 82 -1 -1 -1 0 
20 13 340 343 47 24 -1 -1 -1 0 
21 1 1103 373 176 197 -1 -1 -1 0 
21 2 500 346 104 85 -1 -1 -1 0 
21 3 647 343 24 17 -1 -1 -1 0 
21 4 673 316 46 36 -1 -1 -1 0 
21 6 605 341 15 11 -1 -1 -1 0 
21 8 563 633 714 82 -1 -1 -1 0 
21 13 319 343 53 26 -1 -1 -1 0 
21 17 500 347 103 84 -1 -1 -1 0 
22 1 1122 385 157 185 -1 -1 -1 0 
22 2 502 346 103 84 -1 -1 -1 0 
22 3 648 343 23 17 -1 -1 -1 0 
22 4 674 318 45 34 -1 -1 -1 0 
22 6 604 341 17 11 -1 -1 -1 0 
22 8 558 634 720 81 -1 -1 -1 0 
22 13 295 343 60 28 -1 -1 -1 0 
22 17 502 347 102 83 -1 -1 -1 0 
23 1 1141 400 138 171 -1 -1 -1 0 
23 3 648 343 22 17 -1 -1 -1 0 
23 4 674 320 45 32 -1 -1 -1 0 
23 6 604 341 17 11 -1 -1 -1 0 
23 8 558 634 720 81 -1 -1 -1 0 
23 13 265 343 71 30 -1 -1 -1 0 
23 17 503 348 102 82 -1 -1 -1 0 
24 1 1165 417 113 160 -1 -1 -1 0 
24 3 648 343 23 17 -1 -1 -1 0 
24 4 675 320 44 32 -1 -1 -1 0 
24 6 603 341 19 11 -1 -1 -1 0 
24 13 231 342 87 33 -1 -1 -1 0 
24 17 505 346 99 83 -1 -1 -1 0 
25 1 1183 432 96 154 -1 -1 -1 0 
25 3 648 343 22 17 -1 -1 -1 0 
25 4 675 320 44 32 -1 -1 -1 0 
25 6 603 341 16 11 -1 -1 -1 0 
25 13 193 341 88 37 -1 -1 -1 0 
25 17 505 346 101 82 -1 -1 -1 0 
26 1 1211 446 66 144 -1 -1 -1 0 
26 3 647 343 23 17 -1 -1 -1 0 
26 4 675 320 45 32 -1 -1 -1 0 
26 6 603 341 18 10 -1 -1 -1 0 
26 13 139 341 108 41 -1 -1 -1 0 
26 17 506 347 100 80 -1 -1 -1 0 
27 1 1240 461 37 116 -1 -1 -1 0 
27 3 647 343 24 16 -1 -1 -1 0 
27 4 676 320 44 32 -1 -1 -1 0 
27 6 603 340 16 11 -1 -1 -1 0 
27 13 69 341 136 45 -1 -1 -1 0 
27 17 506 347 101 80 -1 -1 -1 0 
28 1 1256 470 23 108 -1 -1 -1 0 
28 3 648 343 22 16 -1 -1 -1 0 
28 4 676 320 44 32 -1 -1 -1 0 
28 6 604 340 14 11 -1 -1 -1 0 
28 13 7 340 139 50 -1 -1 -1 0 
28 17 508 347 99 79 -1 -1 -1 0 
29 3 648 343 22 16 -1 -1 -1 0 
29 4 676 320 45 32 -1 -1 -1 0 
29 6 604 340 15 11 -1 -1 -1 0 
29 13 0 340 71 51 -1 -1 -1 0 
29 17 509 348 98 78 -1 -1 -1 0 
29 20 136 349 78 29 -1 -1 -1 0 
30 3 648 342 21 17 -1 -1 -1 0 
30 4 676 320 45 32 -1 -1 -1 0 
30 6 603 340 15 11 -1 -1 -1 0 
30 13 0 340 31 53 -1 -1 -1 0 
30 17 511 347 95 78 -1 -1 -1 0 
30 20 89 348 90 31 -1 -1 -1 0 
30 21 372 345 25 16 -1 -1 -1 0 
31 3 647 342 22 17 -1 -1 -1 0 
31 4 676 320 46 32 -1 -1 -1 0 
31 6 603 340 15 10 -1 -1 -1 0 
31 17 512 347 95 77 -1 -1 -1 0 
31 20 31 349 108 34 -1 -1 -1 0 
31 21 361 345 28 18 -1 -1 -1 0 
32 3 646 343 23 16 -1 -1 -1 0 
32 4 676 320 45 33 -1 -1 -1 0 
32 6 602 340 16 10 -1 -1 -1 0 
32 17 513 348 94 76 -1 -1 -1 0 
32 20 0 350 89 37 -1 -1 -1 0 
32 21 350 346 30 18 -1 -1 -1 0 
33 3 646 343 23 17 -1 -1 -1 0 
33 4 676 320 46 33 -1 -1 -1 0 
33 17 513 349 94 75 -1 -1 -1 0 
33 20 0 351 54 38 -1 -1 -1 0 
33 21 338 346 32 19 -1 -1 -1 0 
34 3 646 343 22 17 -1 -1 -1 0 
34 4 675 320 48 33 -1 -1 -1 0 
34 6 602 341 14 11 -1 -1 -1 0 
34 17 514 349 92 74 -1 -1 -1 0 
34 21 324 347 36 19 -1 -1 -1 0 
35 3 646 344 22 16 -1 -1 -1 0 
35 4 676 320 46 33 -1 -1 -1 0 
35 6 602 342 13 11 -1 -1 -1 0 
35 17 514 349 93 74 -1 -1 -1 0 
35 21 310 348 37 19 -1 -1 -1 0 
36 3 645 344 23 16 -1 -1 -1 0 
36 4 676 320 47 33 -1 -1 -1 0 
36 6 601 340 14 13 -1 -1 -1 0 
36 17 514 349 93 73 -1 -1 -1 0 
36 21 293 347 42 20 -1 -1 -1 0 
36 24 347 341 50 25 -1 -1 -1 0 
37 3 644 344 24 16 -1 -1 -1 0 
37 4 676 320 46 33 -1 -1 -1 0 
37 6 600 340 15 13 -1 -1 -1 0 
37 17 515 350 91 71 -1 -1 -1 0 
37 21 274 348 49 21 -1 -1 -1 0 
37 24 327 341 50 26 -1 -1 -1 0 
37 25 376 344 47 20 -1 -1 -1 0 
38 3 644 344 23 15 -1 -1 -1 0 
38 4 676 320 47 33 -1 -1 -1 0 
38 6 600 340 14 13 -1 -1 -1 0 
38 17 516 349 89 72 -1 -1 -1 0 
38 21 256 348 47 22 -1 -1 -1 0 
38 24 305 340 52 28 -1 -1 -1 0 
38 25 355 345 52 20 -1 -1 -1 0 
39 3 644 344 22 15 -1 -1 -1 0 
39 4 676 320 47 34 -1 -1 -1 0 
39 6 598 340 16 13 -1 -1 -1 0 
39 17 515 350 91 70 -1 -1 -1 0 
39 21 232 348 48 25 -1 -1 -1 0 
39 24 277 339 61 31 -1 -1 -1 0 
39 25 328 345 59 22 -1 -1 -1 0 
40 3 643 344 24 15 -1 -1 -1 0 
40 4 676 319 47 35 -1 -1 -1 0 
40 6 599 340 14 13 -1 -1 -1 0 
40 17 516 350 89 70 -1 -1 -1 0 
40 21 206 349 46 25 -1 -1 -1 0 
40 24 247 339 64 32 -1 -1 -1 0 
40 25 296 345 69 24 -1 -1 -1 0 
