3 1 466 346 33 18 -1 -1 -1 0 
3 2 779 340 84 61 -1 -1 -1 0 
3 3 273 346 105 34 -1 -1 -1 0 
3 5 0 359 60 46 -1 -1 -1 0 
3 6 681 341 31 26 -1 -1 -1 0 
3 7 558 635 720 80 -1 -1 -1 0 
4 1 457 346 34 17 -1 -1 -1 0 
4 2 781 340 84 60 -1 -1 -1 0 
4 3 230 347 110 38 -1 -1 -1 0 
4 5 0 362 36 44 -1 -1 -1 0 
4 6 680 340 32 27 -1 -1 -1 0 
4 7 559 635 718 79 -1 -1 -1 0 
5 1 447 346 34 18 -1 -1 -1 0 
5 2 782 339 85 61 -1 -1 -1 0 
5 3 183 348 120 40 -1 -1 -1 0 
5 6 680 341 32 25 -1 -1 -1 0 
5 7 560 634 717 80 -1 -1 -1 0 
6 1 437 346 36 18 -1 -1 -1 0 
6 2 783 338 85 62 -1 -1 -1 0 
6 3 110 349 145 44 -1 -1 -1 0 
6 6 680 342 32 24 -1 -1 -1 0 
6 7 562 634 713 80 -1 -1 -1 0 
7 1 424 346 39 19 -1 -1 -1 0 
7 2 784 338 86 63 -1 -1 -1 0 
7 3 10 351 183 49 -1 -1 -1 0 
7 6 680 343 31 23 -1 -1 -1 0 
7 7 561 634 714 80 -1 -1 -1 0 
7 9 214 345 82 37 -1 -1 -1 0 
8 1 412 346 42 20 -1 -1 -1 0 
8 2 785 338 88 63 -1 -1 -1 0 
8 3 0 353 132 50 -1 -1 -1 0 
8 6 681 342 30 24 -1 -1 -1 0 
8 7 560 634 718 80 -1 -1 -1 0 
8 9 173 345 93 41 -1 -1 -1 0 
9 1 399 346 43 21 -1 -1 -1 0 
9 2 786 338 89 62 -1 -1 -1 0 
9 3 0 362 62 43 -1 -1 -1 0 
9 6 681 341 29 25 -1 -1 -1 0 
9 7 557 635 722 79 -1 -1 -1 0 
9 9 124 345 108 45 -1 -1 -1 0 
10 1 385 345 45 23 -1 -1 -1 0 
10 2 788 337 89 63 -1 -1 -1 0 
10 3 0 364 20 45 -1 -1 -1 0 
10 6 681 341 29 25 -1 -1 -1 0 
10 7 561 635 714 79 -1 -1 -1 0 
10 9 65 345 127 49 -1 -1 -1 0 
11 1 368 344 49 26 -1 -1 -1 0 
11 2 788 337 91 64 -1 -1 -1 0 
11 6 680 339 30 27 -1 -1 -1 0 
11 7 559 635 718 79 -1 -1 -1 0 
11 9 3 346 144 53 -1 -1 -1 0 
12 1 349 345 55 26 -1 -1 -1 0 
12 2 790 337 92 65 -1 -1 -1 0 
12 6 679 340 32 26 -1 -1 -1 0 
12 7 563 634 713 80 -1 -1 -1 0 
12 9 0 346 90 55 -1 -1 -1 0 
13 1 329 346 60 28 -1 -1 -1 0 
13 2 792 337 91 66 -1 -1 -1 0 
13 6 679 342 32 25 -1 -1 -1 0 
13 7 559 634 718 80 -1 -1 -1 0 
13 9 0 346 54 58 -1 -1 -1 0 
14 1 308 348 64 29 -1 -1 -1 0 
14 2 792 338 94 66 -1 -1 -1 0 
14 6 680 341 30 27 -1 -1 -1 0 
14 7 558 635 721 78 -1 -1 -1 0 
15 1 283 349 71 30 -1 -1 -1 0 
15 2 794 338 94 67 -1 -1 -1 0 
15 6 679 341 32 27 -1 -1 -1 0 
15 7 564 635 712 78 -1 -1 -1 0 
16 1 256 349 76 32 -1 -1 -1 0 
16 2 795 338 96 68 -1 -1 -1 0 
16 6 679 342 32 27 -1 -1 -1 0 
16 7 564 634 709 80 -1 -1 -1 0 
17 1 224 349 85 35 -1 -1 -1 0 
17 2 795 339 99 68 -1 -1 -1 0 
17 6 679 342 32 27 -1 -1 -1 0 
17 7 555 635 724 79 -1 -1 -1 0 
17 11 760 339 21 14 -1 -1 -1 0 
17 12 494 347 30 14 -1 -1 -1 0 
18 1 187 350 96 38 -1 -1 -1 0 
18 2 797 339 99 68 -1 -1 -1 0 
18 6 678 342 33 27 -1 -1 -1 0 
18 7 560 635 717 79 -1 -1 -1 0 
18 11 761 340 19 14 -1 -1 -1 0 
18 12 483 347 31 15 -1 -1 -1 0 
19 1 143 351 109 41 -1 -1 -1 0 
19 2 799 339 99 69 -1 -1 -1 0 
19 6 678 343 32 26 -1 -1 -1 0 
19 7 560 635 717 79 -1 -1 -1 0 
19 11 761 341 20 14 -1 -1 -1 0 
19 12 469 347 36 17 -1 -1 -1 0 
20 1 89 351 126 45 -1 -1 -1 0 
20 2 799 340 102 69 -1 -1 -1 0 
20 6 678 343 32 26 -1 -1 -1 0 
20 7 560 636 717 77 -1 -1 -1 0 
20 11 760 340 21 15 -1 -1 -1 0 
20 12 454 347 40 18 -1 -1 -1 0 
20 13 0 506 93 178 -1 -1 -1 0 
21 1 18 352 157 49 -1 -1 -1 0 
21 2 801 340 101 69 -1 -1 -1 0 
21 6 679 343 30 26 -1 -1 -1 0 
21 7 560 634 715 79 -1 -1 -1 0 
21 11 760 340 21 15 -1 -1 -1 0 
21 12 437 347 44 20 -1 -1 -1 0 
21 13 0 497 118 199 -1 -1 -1 0 
22 1 1 353 117 52 -1 -1 -1 0 
22 2 802 340 103 70 -1 -1 -1 0 
22 6 679 343 30 26 -1 -1 -1 0 
22 7 559 634 719 79 -1 -1 -1 0 
22 11 760 341 21 14 -1 -1 -1 0 
22 12 421 347 47 22 -1 -1 -1 0 
22 13 0 490 144 202 -1 -1 -1 0 
23 1 0 363 60 44 -1 -1 -1 0 
23 2 802 340 106 71 -1 -1 -1 0 
23 6 678 343 32 27 -1 -1 -1 0 
23 7 564 635 711 79 -1 -1 -1 0 
23 12 399 347 54 23 -1 -1 -1 0 
23 13 0 483 166 196 -1 -1 -1 0 
24 1 0 364 25 46 -1 -1 -1 0 
24 2 803 340 107 72 -1 -1 -1 0 
24 6 678 343 32 27 -1 -1 -1 0 
24 7 564 635 711 79 -1 -1 -1 0 
24 11 568 348 33 11 -1 -1 -1 0 
24 12 376 348 58 26 -1 -1 -1 0 
24 13 0 477 185 185 -1 -1 -1 0 
25 2 805 339 107 74 -1 -1 -1 0 
25 6 677 344 33 26 -1 -1 -1 0 
25 7 560 634 717 80 -1 -1 -1 0 
25 11 538 349 30 11 -1 -1 -1 0 
25 12 350 348 64 28 -1 -1 -1 0 
25 13 0 473 202 178 -1 -1 -1 0 
26 2 806 339 108 74 -1 -1 -1 0 
26 6 677 343 32 27 -1 -1 -1 0 
26 7 562 634 717 79 -1 -1 -1 0 
26 11 512 350 30 11 -1 -1 -1 0 
26 12 318 348 73 31 -1 -1 -1 0 
26 13 0 469 217 174 -1 -1 -1 0 
27 2 807 339 110 75 -1 -1 -1 0 
27 6 677 343 32 27 -1 -1 -1 0 
27 7 563 634 712 80 -1 -1 -1 0 
27 11 516 349 31 13 -1 -1 -1 0 
27 12 279 349 83 34 -1 -1 -1 0 
27 13 0 463 228 177 -1 -1 -1 0 
28 2 808 339 112 76 -1 -1 -1 0 
28 6 676 343 33 28 -1 -1 -1 0 
28 7 559 634 719 80 -1 -1 -1 0 
28 11 507 349 35 14 -1 -1 -1 0 
28 12 230 350 99 38 -1 -1 -1 0 
28 13 2 454 239 185 -1 -1 -1 0 
29 2 809 339 114 76 -1 -1 -1 0 
29 6 676 343 33 28 -1 -1 -1 0 
29 7 559 634 718 80 -1 -1 -1 0 
29 11 499 350 33 14 -1 -1 -1 0 
29 12 169 350 119 44 -1 -1 -1 0 
29 13 3 441 250 197 -1 -1 -1 0 
30 2 810 338 116 78 -1 -1 -1 0 
30 6 676 342 32 29 -1 -1 -1 0 
30 7 560 634 715 80 -1 -1 -1 0 
30 11 491 350 33 14 -1 -1 -1 0 
30 12 83 352 154 49 -1 -1 -1 0 
30 13 4 427 261 210 -1 -1 -1 0 
31 2 812 338 116 79 -1 -1 -1 0 
31 6 675 342 33 29 -1 -1 -1 0 
31 7 559 634 717 80 -1 -1 -1 0 
31 11 480 351 35 14 -1 -1 -1 0 
31 12 10 353 153 56 -1 -1 -1 0 
31 13 4 416 272 222 -1 -1 -1 0 
31 16 762 342 20 14 -1 -1 -1 0 
32 2 812 337 120 81 -1 -1 -1 0 
32 6 674 342 34 29 -1 -1 -1 0 
32 7 562 634 715 80 -1 -1 -1 0 
32 11 467 351 37 15 -1 -1 -1 0 
32 12 0 354 65 57 -1 -1 -1 0 
32 13 2 410 287 231 -1 -1 -1 0 
32 16 762 341 20 15 -1 -1 -1 0 
33 2 814 337 121 81 -1 -1 -1 0 
33 6 675 342 32 29 -1 -1 -1 0 
33 7 560 635 719 79 -1 -1 -1 0 
33 11 449 352 46 15 -1 -1 -1 0 
33 12 0 354 14 60 -1 -1 -1 0 
33 13 1 405 300 236 -1 -1 -1 0 
33 16 760 339 22 16 -1 -1 -1 0 
34 2 815 338 122 81 -1 -1 -1 0 
34 6 675 341 32 30 -1 -1 -1 0 
34 7 567 635 708 79 -1 -1 -1 0 
34 11 430 353 55 17 -1 -1 -1 0 
34 13 1 402 309 240 -1 -1 -1 0 
34 16 760 338 22 17 -1 -1 -1 0 
35 2 816 338 124 82 -1 -1 -1 0 
35 6 674 341 34 30 -1 -1 -1 0 
35 7 565 635 711 78 -1 -1 -1 0 
35 11 407 354 66 19 -1 -1 -1 0 
35 13 2 399 316 247 -1 -1 -1 0 
35 16 759 338 23 17 -1 -1 -1 0 
36 2 818 338 125 83 -1 -1 -1 0 
36 6 674 341 33 30 -1 -1 -1 0 
36 7 560 635 717 78 -1 -1 -1 0 
36 11 380 356 61 19 -1 -1 -1 0 
36 13 1 398 327 251 -1 -1 -1 0 
37 2 818 338 129 84 -1 -1 -1 0 
37 6 673 341 34 31 -1 -1 -1 0 
37 7 560 635 717 78 -1 -1 -1 0 
37 11 393 355 43 18 -1 -1 -1 0 
37 13 4 396 329 263 -1 -1 -1 0 
37 16 758 339 23 17 -1 -1 -1 0 
38 2 820 337 130 86 -1 -1 -1 0 
38 6 673 341 34 31 -1 -1 -1 0 
38 7 583 635 690 78 -1 -1 -1 0 
38 11 377 355 49 19 -1 -1 -1 0 
38 13 6 395 332 284 -1 -1 -1 0 
38 16 758 340 23 17 -1 -1 -1 0 
39 2 821 337 133 87 -1 -1 -1 0 
39 6 673 341 33 31 -1 -1 -1 0 
39 7 563 635 716 78 -1 -1 -1 0 
39 11 353 355 56 22 -1 -1 -1 0 
39 13 4 393 343 299 -1 -1 -1 0 
39 16 758 339 23 17 -1 -1 -1 0 
39 18 527 328 37 30 -1 -1 -1 0 
40 2 823 337 134 88 -1 -1 -1 0 
40 6 673 341 33 31 -1 -1 -1 0 
40 7 561 635 716 78 -1 -1 -1 0 
40 11 319 356 70 24 -1 -1 -1 0 
40 13 0 391 360 302 -1 -1 -1 0 
40 16 757 338 23 18 -1 -1 -1 0 
40 18 520 326 38 33 -1 -1 -1 0 
