3 1 673 340 51 43 -1 -1 -1 0 
3 2 250 352 66 29 -1 -1 -1 0 
3 3 559 636 711 79 -1 -1 -1 0 
4 1 674 340 50 43 -1 -1 -1 0 
4 2 220 353 73 29 -1 -1 -1 0 
4 3 562 636 702 79 -1 -1 -1 0 
5 1 674 340 50 43 -1 -1 -1 0 
5 2 186 353 80 32 -1 -1 -1 0 
5 3 557 636 716 78 -1 -1 -1 0 
6 1 674 340 50 43 -1 -1 -1 0 
6 2 146 354 91 35 -1 -1 -1 0 
6 3 560 636 708 78 -1 -1 -1 0 
7 1 674 340 49 43 -1 -1 -1 0 
7 2 119 355 95 36 -1 -1 -1 0 
7 3 563 636 697 79 -1 -1 -1 0 
8 1 674 340 50 43 -1 -1 -1 0 
8 2 38 357 126 41 -1 -1 -1 0 
8 3 563 636 703 79 -1 -1 -1 0 
8 4 465 342 37 19 -1 -1 -1 0 
9 1 675 340 49 43 -1 -1 -1 0 
9 2 1 358 116 43 -1 -1 -1 0 
9 3 563 636 703 79 -1 -1 -1 0 
9 4 462 341 38 21 -1 -1 -1 0 
10 1 675 340 49 43 -1 -1 -1 0 
10 2 0 360 59 44 -1 -1 -1 0 
10 3 559 636 711 79 -1 -1 -1 0 
11 1 675 340 49 43 -1 -1 -1 0 
11 2 0 361 25 46 -1 -1 -1 0 
11 3 559 636 711 79 -1 -1 -1 0 
11 4 441 342 45 22 -1 -1 -1 0 
12 1 674 340 50 43 -1 -1 -1 0 
12 3 562 636 706 79 -1 -1 -1 0 
12 4 435 342 47 23 -1 -1 -1 0 
13 1 674 340 50 44 -1 -1 -1 0 
13 3 559 635 710 80 -1 -1 -1 0 
14 1 674 341 50 43 -1 -1 -1 0 
14 3 556 636 718 79 -1 -1 -1 0 
14 4 416 348 31 19 -1 -1 -1 0 
15 1 674 341 49 43 -1 -1 -1 0 
15 3 555 636 719 79 -1 -1 -1 0 
15 4 404 348 34 20 -1 -1 -1 0 
16 1 673 341 50 42 -1 -1 -1 0 
16 3 562 635 709 80 -1 -1 -1 0 
16 4 421 342 28 22 -1 -1 -1 0 
17 1 673 341 50 42 -1 -1 -1 0 
17 3 561 635 707 80 -1 -1 -1 0 
17 4 389 347 38 20 -1 -1 -1 0 
18 1 674 341 48 42 -1 -1 -1 0 
18 3 561 634 707 81 -1 -1 -1 0 
18 4 371 348 38 22 -1 -1 -1 0 
19 1 673 341 50 42 -1 -1 -1 0 
19 3 554 635 722 80 -1 -1 -1 0 
19 4 355 349 40 23 -1 -1 -1 0 
20 1 673 341 49 42 -1 -1 -1 0 
20 3 555 635 718 80 -1 -1 -1 0 
20 4 337 349 47 24 -1 -1 -1 0 
20 7 403 342 26 22 -1 -1 -1 0 
21 1 673 341 48 42 -1 -1 -1 0 
21 3 555 635 719 79 -1 -1 -1 0 
21 4 322 350 45 24 -1 -1 -1 0 
21 7 393 343 29 22 -1 -1 -1 0 
22 1 673 341 48 42 -1 -1 -1 0 
22 3 557 635 717 79 -1 -1 -1 0 
22 4 302 351 50 26 -1 -1 -1 0 
22 7 387 343 30 23 -1 -1 -1 0 
23 1 672 341 50 42 -1 -1 -1 0 
23 3 557 635 719 78 -1 -1 -1 0 
23 4 281 353 55 26 -1 -1 -1 0 
23 7 372 344 45 25 -1 -1 -1 0 
24 1 672 341 49 43 -1 -1 -1 0 
24 3 558 635 718 78 -1 -1 -1 0 
24 4 258 354 58 27 -1 -1 -1 0 
24 7 363 346 37 24 -1 -1 -1 0 
25 1 672 343 49 42 -1 -1 -1 0 
25 3 559 635 716 80 -1 -1 -1 0 
25 4 232 354 63 30 -1 -1 -1 0 
25 7 355 346 38 25 -1 -1 -1 0 
25 10 470 348 24 17 -1 -1 -1 0 
26 1 671 343 50 42 -1 -1 -1 0 
26 3 563 632 707 83 -1 -1 -1 0 
26 4 199 355 73 32 -1 -1 -1 0 
26 7 340 347 37 25 -1 -1 -1 0 
26 10 463 349 25 17 -1 -1 -1 0 
27 1 671 342 49 43 -1 -1 -1 0 
27 3 564 632 705 83 -1 -1 -1 0 
27 4 166 356 77 34 -1 -1 -1 0 
27 7 327 346 35 27 -1 -1 -1 0 
27 10 455 348 27 18 -1 -1 -1 0 
27 11 386 355 31 15 -1 -1 -1 0 
28 1 671 342 49 42 -1 -1 -1 0 
28 4 124 356 88 37 -1 -1 -1 0 
28 7 317 346 36 28 -1 -1 -1 0 
28 10 448 348 28 17 -1 -1 -1 0 
28 11 374 354 34 16 -1 -1 -1 0 
29 1 670 340 49 43 -1 -1 -1 0 
29 4 73 355 104 40 -1 -1 -1 0 
29 10 440 348 29 17 -1 -1 -1 0 
29 11 361 354 33 16 -1 -1 -1 0 
30 1 669 339 51 43 -1 -1 -1 0 
30 3 558 635 720 80 -1 -1 -1 0 
30 4 10 356 124 43 -1 -1 -1 0 
30 7 281 340 60 35 -1 -1 -1 0 
30 10 432 347 29 18 -1 -1 -1 0 
30 11 345 353 38 17 -1 -1 -1 0 
31 1 669 338 49 44 -1 -1 -1 0 
31 3 561 635 712 80 -1 -1 -1 0 
31 4 0 357 78 43 -1 -1 -1 0 
31 7 269 339 64 37 -1 -1 -1 0 
31 10 423 346 31 19 -1 -1 -1 0 
31 11 329 353 38 18 -1 -1 -1 0 
32 1 668 338 51 44 -1 -1 -1 0 
32 3 563 635 708 80 -1 -1 -1 0 
32 4 0 357 46 45 -1 -1 -1 0 
32 10 413 347 33 18 -1 -1 -1 0 
32 11 310 353 44 20 -1 -1 -1 0 
33 1 668 338 50 44 -1 -1 -1 0 
33 3 564 635 707 80 -1 -1 -1 0 
33 10 403 347 34 19 -1 -1 -1 0 
33 11 291 354 45 21 -1 -1 -1 0 
34 1 667 338 51 44 -1 -1 -1 0 
34 7 198 339 83 42 -1 -1 -1 0 
34 10 392 346 36 21 -1 -1 -1 0 
34 11 269 355 48 22 -1 -1 -1 0 
35 1 666 339 51 44 -1 -1 -1 0 
35 7 173 338 86 45 -1 -1 -1 0 
35 10 380 347 38 21 -1 -1 -1 0 
35 11 243 357 55 23 -1 -1 -1 0 
36 1 665 340 52 43 -1 -1 -1 0 
36 7 142 340 98 45 -1 -1 -1 0 
36 10 368 347 39 23 -1 -1 -1 0 
36 11 215 359 61 24 -1 -1 -1 0 
37 1 666 340 50 43 -1 -1 -1 0 
37 7 110 339 103 49 -1 -1 -1 0 
37 10 354 348 44 24 -1 -1 -1 0 
37 11 183 360 68 25 -1 -1 -1 0 
38 1 665 340 51 44 -1 -1 -1 0 
38 7 67 339 123 52 -1 -1 -1 0 
38 10 340 348 45 24 -1 -1 -1 0 
38 11 145 361 76 27 -1 -1 -1 0 
39 1 665 340 51 43 -1 -1 -1 0 
39 7 41 339 131 54 -1 -1 -1 0 
39 10 324 348 46 26 -1 -1 -1 0 
39 11 101 362 85 29 -1 -1 -1 0 
40 1 665 339 50 44 -1 -1 -1 0 
40 10 305 348 51 27 -1 -1 -1 0 
40 11 46 363 100 32 -1 -1 -1 0 
40 15 431 346 25 17 -1 -1 -1 0 
