3 1 636 336 46 41 -1 -1 -1 0 
4 1 637 336 45 41 -1 -1 -1 0 
5 1 637 337 45 41 -1 -1 -1 0 
5 2 558 635 718 78 -1 -1 -1 0 
6 1 638 338 45 40 -1 -1 -1 0 
6 2 559 635 716 78 -1 -1 -1 0 
7 1 640 339 42 39 -1 -1 -1 0 
7 2 562 636 714 77 -1 -1 -1 0 
8 1 640 339 43 39 -1 -1 -1 0 
8 2 561 637 713 77 -1 -1 -1 0 
9 1 641 339 44 39 -1 -1 -1 0 
9 2 564 637 710 77 -1 -1 -1 0 
10 1 642 339 44 39 -1 -1 -1 0 
10 2 564 635 709 80 -1 -1 -1 0 
11 1 644 339 43 39 -1 -1 -1 0 
11 2 560 635 715 80 -1 -1 -1 0 
12 1 645 339 43 39 -1 -1 -1 0 
12 2 561 636 714 79 -1 -1 -1 0 
13 1 646 339 43 39 -1 -1 -1 0 
13 2 563 637 708 80 -1 -1 -1 0 
14 1 647 339 42 39 -1 -1 -1 0 
14 2 556 636 721 79 -1 -1 -1 0 
15 1 646 339 45 39 -1 -1 -1 0 
15 2 556 636 721 79 -1 -1 -1 0 
16 1 648 339 42 40 -1 -1 -1 0 
16 2 560 636 714 79 -1 -1 -1 0 
17 1 648 340 43 39 -1 -1 -1 0 
17 2 560 637 714 78 -1 -1 -1 0 
18 1 648 340 44 39 -1 -1 -1 0 
18 2 576 635 693 79 -1 -1 -1 0 
19 1 650 340 41 39 -1 -1 -1 0 
19 2 577 635 692 79 -1 -1 -1 0 
20 1 650 341 41 39 -1 -1 -1 0 
20 2 563 635 708 79 -1 -1 -1 0 
21 2 560 635 711 79 -1 -1 -1 0 
22 2 560 635 713 79 -1 -1 -1 0 
23 2 561 635 712 80 -1 -1 -1 0 
24 1 652 342 41 37 -1 -1 -1 0 
24 2 559 635 717 79 -1 -1 -1 0 
25 1 652 342 41 37 -1 -1 -1 0 
25 2 563 635 711 79 -1 -1 -1 0 
26 1 652 342 41 36 -1 -1 -1 0 
26 2 559 635 718 79 -1 -1 -1 0 
27 1 653 342 40 36 -1 -1 -1 0 
27 2 572 635 702 79 -1 -1 -1 0 
28 1 653 342 39 36 -1 -1 -1 0 
28 2 566 635 710 78 -1 -1 -1 0 
29 1 653 340 41 38 -1 -1 -1 0 
29 2 562 635 714 78 -1 -1 -1 0 
30 1 653 340 41 38 -1 -1 -1 0 
30 2 565 635 702 79 -1 -1 -1 0 
31 1 653 339 41 37 -1 -1 -1 0 
31 2 567 635 681 79 -1 -1 -1 0 
32 1 653 339 41 36 -1 -1 -1 0 
32 2 568 634 678 80 -1 -1 -1 0 
33 1 653 338 41 37 -1 -1 -1 0 
33 2 558 634 704 80 -1 -1 -1 0 
34 1 653 338 40 36 -1 -1 -1 0 
34 2 559 635 708 79 -1 -1 -1 0 
35 1 654 338 40 36 -1 -1 -1 0 
35 2 558 635 709 79 -1 -1 -1 0 
36 1 653 338 41 36 -1 -1 -1 0 
37 1 654 338 39 35 -1 -1 -1 0 
37 2 563 636 711 78 -1 -1 -1 0 
38 1 654 338 40 35 -1 -1 -1 0 
38 2 567 635 704 79 -1 -1 -1 0 
39 1 653 338 41 35 -1 -1 -1 0 
39 2 559 635 718 79 -1 -1 -1 0 
40 1 654 338 39 34 -1 -1 -1 0 
40 2 566 635 695 80 -1 -1 -1 0 
