3 1 3 335 357 150 -1 -1 -1 0 
3 2 674 346 31 24 -1 -1 -1 0 
3 3 456 347 31 16 -1 -1 -1 0 
3 4 625 345 25 20 -1 -1 -1 0 
3 5 561 635 714 79 -1 -1 -1 0 
4 1 41 335 326 142 -1 -1 -1 0 
4 2 675 347 29 23 -1 -1 -1 0 
4 3 447 347 29 17 -1 -1 -1 0 
4 4 626 345 24 20 -1 -1 -1 0 
4 5 558 634 719 80 -1 -1 -1 0 
5 1 78 336 299 134 -1 -1 -1 0 
5 2 675 347 29 23 -1 -1 -1 0 
5 3 438 347 30 18 -1 -1 -1 0 
5 4 625 344 26 21 -1 -1 -1 0 
5 5 580 634 693 80 -1 -1 -1 0 
6 1 111 336 278 127 -1 -1 -1 0 
6 2 675 346 29 23 -1 -1 -1 0 
6 3 428 347 32 18 -1 -1 -1 0 
6 4 626 342 24 22 -1 -1 -1 0 
6 5 582 634 692 80 -1 -1 -1 0 
7 1 142 335 257 123 -1 -1 -1 0 
7 2 674 344 30 25 -1 -1 -1 0 
7 3 417 347 35 18 -1 -1 -1 0 
7 4 625 342 26 21 -1 -1 -1 0 
8 1 168 335 243 117 -1 -1 -1 0 
8 2 674 344 30 24 -1 -1 -1 0 
8 3 406 347 35 19 -1 -1 -1 0 
8 4 625 341 26 22 -1 -1 -1 0 
9 1 193 337 226 111 -1 -1 -1 0 
9 2 674 345 30 23 -1 -1 -1 0 
9 3 397 347 31 20 -1 -1 -1 0 
9 4 626 342 25 21 -1 -1 -1 0 
10 1 216 339 211 106 -1 -1 -1 0 
10 2 675 345 28 25 -1 -1 -1 0 
10 3 388 347 32 21 -1 -1 -1 0 
10 4 626 343 24 22 -1 -1 -1 0 
10 5 563 635 715 78 -1 -1 -1 0 
11 1 235 339 201 103 -1 -1 -1 0 
11 2 674 347 30 23 -1 -1 -1 0 
11 4 626 344 24 22 -1 -1 -1 0 
11 5 562 635 714 78 -1 -1 -1 0 
12 1 253 340 190 100 -1 -1 -1 0 
12 2 674 347 30 23 -1 -1 -1 0 
12 4 624 345 27 21 -1 -1 -1 0 
12 5 564 635 713 78 -1 -1 -1 0 
13 1 270 340 179 95 -1 -1 -1 0 
13 2 675 346 28 24 -1 -1 -1 0 
13 4 625 344 25 22 -1 -1 -1 0 
13 5 560 635 715 79 -1 -1 -1 0 
14 1 286 340 170 93 -1 -1 -1 0 
14 2 675 346 28 24 -1 -1 -1 0 
14 4 625 344 26 22 -1 -1 -1 0 
14 5 557 635 721 79 -1 -1 -1 0 
15 1 299 340 163 89 -1 -1 -1 0 
15 2 674 345 29 24 -1 -1 -1 0 
15 3 277 351 61 28 -1 -1 -1 0 
15 4 625 344 26 20 -1 -1 -1 0 
15 5 556 635 722 79 -1 -1 -1 0 
16 1 311 340 157 86 -1 -1 -1 0 
16 2 674 345 29 24 -1 -1 -1 0 
16 3 250 352 66 30 -1 -1 -1 0 
16 4 626 344 24 20 -1 -1 -1 0 
17 1 323 340 151 83 -1 -1 -1 0 
17 2 674 344 29 25 -1 -1 -1 0 
17 3 215 354 81 29 -1 -1 -1 0 
17 4 626 344 24 20 -1 -1 -1 0 
17 5 564 635 712 79 -1 -1 -1 0 
18 1 334 340 144 81 -1 -1 -1 0 
18 2 674 345 29 24 -1 -1 -1 0 
18 3 177 355 90 31 -1 -1 -1 0 
18 4 627 344 23 20 -1 -1 -1 0 
18 5 578 635 697 79 -1 -1 -1 0 
19 1 346 339 136 80 -1 -1 -1 0 
19 2 674 345 29 24 -1 -1 -1 0 
19 3 132 356 101 33 -1 -1 -1 0 
19 4 626 345 25 19 -1 -1 -1 0 
19 5 567 635 711 79 -1 -1 -1 0 
20 1 355 339 133 78 -1 -1 -1 0 
20 2 673 345 30 24 -1 -1 -1 0 
20 3 72 357 121 36 -1 -1 -1 0 
20 4 627 345 24 19 -1 -1 -1 0 
20 5 564 635 712 79 -1 -1 -1 0 
21 1 365 338 127 76 -1 -1 -1 0 
21 2 673 345 30 23 -1 -1 -1 0 
21 3 7 358 136 39 -1 -1 -1 0 
21 4 627 344 23 19 -1 -1 -1 0 
21 5 562 635 714 79 -1 -1 -1 0 
21 8 278 352 58 23 -1 -1 -1 0 
22 1 374 338 122 73 -1 -1 -1 0 
22 2 673 344 29 23 -1 -1 -1 0 
22 3 0 359 78 41 -1 -1 -1 0 
22 4 627 343 23 20 -1 -1 -1 0 
22 5 562 635 714 80 -1 -1 -1 0 
22 8 251 351 70 25 -1 -1 -1 0 
23 1 382 338 119 71 -1 -1 -1 0 
23 2 673 344 29 23 -1 -1 -1 0 
23 3 0 360 43 42 -1 -1 -1 0 
23 4 626 343 25 19 -1 -1 -1 0 
23 5 560 634 718 80 -1 -1 -1 0 
23 8 225 351 74 26 -1 -1 -1 0 
24 1 390 337 114 69 -1 -1 -1 0 
24 2 673 343 29 23 -1 -1 -1 0 
24 4 626 343 25 19 -1 -1 -1 0 
24 5 558 634 720 80 -1 -1 -1 0 
24 8 195 351 80 29 -1 -1 -1 0 
25 1 397 336 111 69 -1 -1 -1 0 
25 2 673 344 30 22 -1 -1 -1 0 
25 4 627 342 24 19 -1 -1 -1 0 
25 5 559 634 716 80 -1 -1 -1 0 
25 8 156 352 95 31 -1 -1 -1 0 
26 1 405 337 107 67 -1 -1 -1 0 
26 2 674 344 28 22 -1 -1 -1 0 
26 4 627 342 24 19 -1 -1 -1 0 
26 5 558 634 717 80 -1 -1 -1 0 
26 8 116 354 103 33 -1 -1 -1 0 
27 1 412 337 103 65 -1 -1 -1 0 
27 2 675 344 27 23 -1 -1 -1 0 
27 4 628 342 24 20 -1 -1 -1 0 
27 8 66 356 120 37 -1 -1 -1 0 
28 1 419 338 98 64 -1 -1 -1 0 
28 2 674 345 29 22 -1 -1 -1 0 
28 4 627 342 26 20 -1 -1 -1 0 
28 5 566 634 709 80 -1 -1 -1 0 
28 8 4 359 143 38 -1 -1 -1 0 
28 9 414 339 102 64 -1 -1 -1 0 
29 1 424 339 98 62 -1 -1 -1 0 
29 2 675 345 28 22 -1 -1 -1 0 
29 4 628 344 25 18 -1 -1 -1 0 
29 5 566 634 709 81 -1 -1 -1 0 
29 8 0 361 97 39 -1 -1 -1 0 
29 9 421 339 98 63 -1 -1 -1 0 
29 10 372 352 34 16 -1 -1 -1 0 
30 1 434 339 95 60 -1 -1 -1 0 
30 2 675 345 28 22 -1 -1 -1 0 
30 4 628 344 25 18 -1 -1 -1 0 
30 8 0 363 66 40 -1 -1 -1 0 
30 9 428 338 94 63 -1 -1 -1 0 
30 10 359 353 35 16 -1 -1 -1 0 
31 2 675 345 28 22 -1 -1 -1 0 
31 4 629 344 24 18 -1 -1 -1 0 
31 9 432 338 94 62 -1 -1 -1 0 
31 10 343 354 38 16 -1 -1 -1 0 
32 2 676 345 28 22 -1 -1 -1 0 
32 4 629 345 23 17 -1 -1 -1 0 
32 9 439 338 90 60 -1 -1 -1 0 
32 10 327 354 41 17 -1 -1 -1 0 
33 2 676 344 28 23 -1 -1 -1 0 
33 4 630 345 22 17 -1 -1 -1 0 
33 9 444 338 87 58 -1 -1 -1 0 
33 10 309 354 44 18 -1 -1 -1 0 
34 2 676 344 27 23 -1 -1 -1 0 
34 4 630 345 23 17 -1 -1 -1 0 
34 9 449 339 86 56 -1 -1 -1 0 
34 10 290 354 46 20 -1 -1 -1 0 
34 11 404 349 34 17 -1 -1 -1 0 
35 2 675 343 29 24 -1 -1 -1 0 
35 4 630 343 22 19 -1 -1 -1 0 
35 9 454 339 85 54 -1 -1 -1 0 
35 10 269 354 49 21 -1 -1 -1 0 
35 11 394 349 35 18 -1 -1 -1 0 
36 2 675 343 28 23 -1 -1 -1 0 
36 4 630 343 23 19 -1 -1 -1 0 
36 9 460 339 80 53 -1 -1 -1 0 
36 10 244 354 55 23 -1 -1 -1 0 
36 11 381 350 40 16 -1 -1 -1 0 
37 1 466 339 78 51 -1 -1 -1 0 
37 2 674 345 28 21 -1 -1 -1 0 
37 4 630 343 23 19 -1 -1 -1 0 
37 9 464 339 79 51 -1 -1 -1 0 
37 10 216 355 61 24 -1 -1 -1 0 
37 11 369 349 42 18 -1 -1 -1 0 
38 1 469 339 77 51 -1 -1 -1 0 
38 2 675 345 27 20 -1 -1 -1 0 
38 4 629 343 24 19 -1 -1 -1 0 
38 9 469 340 75 50 -1 -1 -1 0 
38 10 184 356 68 26 -1 -1 -1 0 
38 11 356 349 42 19 -1 -1 -1 0 
39 1 476 339 74 50 -1 -1 -1 0 
39 2 675 344 27 21 -1 -1 -1 0 
39 4 630 343 23 19 -1 -1 -1 0 
39 9 473 340 75 49 -1 -1 -1 0 
39 10 148 357 77 28 -1 -1 -1 0 
39 11 341 349 46 21 -1 -1 -1 0 
40 2 675 343 27 22 -1 -1 -1 0 
40 4 631 342 22 20 -1 -1 -1 0 
40 9 476 340 74 48 -1 -1 -1 0 
40 10 104 358 88 30 -1 -1 -1 0 
40 11 324 350 50 22 -1 -1 -1 0 
