3 1 897 333 36 22 -1 -1 -1 0 
3 2 930 334 39 24 -1 -1 -1 0 
3 3 601 340 34 30 -1 -1 -1 0 
3 4 647 339 43 40 -1 -1 -1 0 
3 6 967 332 38 25 -1 -1 -1 0 
4 1 899 333 35 20 -1 -1 -1 0 
4 2 928 334 41 23 -1 -1 -1 0 
4 3 601 340 34 29 -1 -1 -1 0 
4 4 646 339 45 40 -1 -1 -1 0 
4 6 967 331 38 26 -1 -1 -1 0 
5 1 899 332 35 20 -1 -1 -1 0 
5 2 925 334 44 23 -1 -1 -1 0 
5 3 601 340 34 29 -1 -1 -1 0 
5 4 647 339 45 40 -1 -1 -1 0 
5 6 967 331 39 25 -1 -1 -1 0 
5 7 997 332 44 26 -1 -1 -1 0 
6 1 901 332 34 20 -1 -1 -1 0 
6 2 924 333 46 23 -1 -1 -1 0 
6 3 602 339 34 29 -1 -1 -1 0 
6 4 648 339 43 39 -1 -1 -1 0 
6 6 967 330 39 25 -1 -1 -1 0 
6 7 997 331 44 27 -1 -1 -1 0 
7 1 903 332 32 20 -1 -1 -1 0 
7 2 924 334 44 22 -1 -1 -1 0 
7 3 603 339 34 30 -1 -1 -1 0 
7 4 648 339 44 39 -1 -1 -1 0 
7 7 996 332 46 28 -1 -1 -1 0 
8 1 903 332 33 20 -1 -1 -1 0 
8 2 924 334 43 22 -1 -1 -1 0 
8 3 602 339 36 30 -1 -1 -1 0 
8 4 648 339 45 39 -1 -1 -1 0 
8 6 966 330 40 27 -1 -1 -1 0 
8 7 999 331 42 29 -1 -1 -1 0 
9 1 904 333 33 21 -1 -1 -1 0 
9 2 925 334 41 22 -1 -1 -1 0 
9 3 603 339 34 30 -1 -1 -1 0 
9 6 965 330 42 27 -1 -1 -1 0 
9 7 997 331 45 29 -1 -1 -1 0 
10 1 905 333 33 21 -1 -1 -1 0 
10 2 923 335 44 21 -1 -1 -1 0 
10 3 603 340 35 29 -1 -1 -1 0 
10 4 648 339 44 39 -1 -1 -1 0 
10 7 985 331 60 29 -1 -1 -1 0 
11 2 918 335 50 21 -1 -1 -1 0 
11 3 604 340 33 29 -1 -1 -1 0 
11 4 648 339 44 40 -1 -1 -1 0 
11 7 983 331 60 31 -1 -1 -1 0 
12 2 915 335 53 21 -1 -1 -1 0 
12 3 605 340 32 29 -1 -1 -1 0 
12 4 647 339 46 40 -1 -1 -1 0 
12 6 964 330 69 30 -1 -1 -1 0 
12 7 993 331 48 31 -1 -1 -1 0 
13 2 911 335 56 21 -1 -1 -1 0 
13 3 604 340 34 29 -1 -1 -1 0 
13 4 648 339 44 40 -1 -1 -1 0 
13 6 964 330 72 31 -1 -1 -1 0 
13 7 992 331 50 32 -1 -1 -1 0 
14 2 911 335 55 21 -1 -1 -1 0 
14 3 604 340 35 29 -1 -1 -1 0 
14 4 649 339 44 39 -1 -1 -1 0 
15 2 911 334 56 22 -1 -1 -1 0 
15 3 605 339 34 30 -1 -1 -1 0 
15 4 649 339 45 39 -1 -1 -1 0 
16 2 912 334 55 22 -1 -1 -1 0 
16 3 605 340 35 28 -1 -1 -1 0 
16 4 649 339 46 38 -1 -1 -1 0 
16 7 996 330 49 31 -1 -1 -1 0 
17 2 914 333 53 23 -1 -1 -1 0 
17 3 606 340 33 28 -1 -1 -1 0 
17 4 649 339 46 39 -1 -1 -1 0 
17 7 998 330 47 31 -1 -1 -1 0 
18 2 913 333 53 23 -1 -1 -1 0 
18 3 607 340 33 28 -1 -1 -1 0 
18 4 650 339 45 39 -1 -1 -1 0 
18 7 998 330 48 32 -1 -1 -1 0 
19 2 913 333 54 23 -1 -1 -1 0 
19 3 608 341 31 27 -1 -1 -1 0 
19 4 650 339 45 39 -1 -1 -1 0 
19 7 986 330 63 32 -1 -1 -1 0 
20 2 916 333 48 23 -1 -1 -1 0 
20 3 608 341 32 27 -1 -1 -1 0 
20 4 650 340 46 38 -1 -1 -1 0 
20 7 985 330 65 32 -1 -1 -1 0 
21 2 915 334 49 23 -1 -1 -1 0 
21 3 608 341 31 28 -1 -1 -1 0 
21 4 649 340 47 38 -1 -1 -1 0 
21 6 770 335 25 14 -1 -1 -1 0 
22 1 461 347 40 13 -1 -1 -1 0 
22 2 914 334 49 23 -1 -1 -1 0 
22 3 608 341 32 28 -1 -1 -1 0 
22 4 650 340 45 39 -1 -1 -1 0 
22 6 755 335 23 13 -1 -1 -1 0 
22 7 961 330 88 33 -1 -1 -1 0 
23 1 433 348 40 13 -1 -1 -1 0 
23 2 911 334 55 23 -1 -1 -1 0 
23 3 607 340 33 29 -1 -1 -1 0 
23 4 649 340 47 38 -1 -1 -1 0 
23 7 957 330 92 34 -1 -1 -1 0 
24 2 910 334 57 23 -1 -1 -1 0 
24 3 608 340 33 29 -1 -1 -1 0 
24 4 651 340 44 38 -1 -1 -1 0 
25 1 431 349 37 13 -1 -1 -1 0 
25 2 909 334 59 23 -1 -1 -1 0 
25 3 608 340 33 29 -1 -1 -1 0 
25 4 652 339 42 39 -1 -1 -1 0 
26 1 423 349 35 14 -1 -1 -1 0 
26 2 910 334 55 23 -1 -1 -1 0 
26 3 609 340 33 29 -1 -1 -1 0 
26 4 651 340 45 38 -1 -1 -1 0 
27 1 416 348 35 16 -1 -1 -1 0 
27 2 908 335 60 22 -1 -1 -1 0 
27 3 609 340 33 29 -1 -1 -1 0 
27 4 651 340 45 38 -1 -1 -1 0 
28 1 408 349 37 15 -1 -1 -1 0 
28 2 908 334 61 22 -1 -1 -1 0 
28 3 610 339 31 30 -1 -1 -1 0 
28 4 652 340 44 38 -1 -1 -1 0 
29 1 401 349 38 16 -1 -1 -1 0 
29 2 906 335 65 21 -1 -1 -1 0 
29 3 610 339 32 30 -1 -1 -1 0 
29 4 652 341 44 37 -1 -1 -1 0 
29 6 757 337 19 11 -1 -1 -1 0 
30 1 390 349 41 17 -1 -1 -1 0 
30 2 912 335 40 20 -1 -1 -1 0 
30 3 610 339 33 30 -1 -1 -1 0 
30 4 652 341 44 37 -1 -1 -1 0 
30 6 751 338 18 10 -1 -1 -1 0 
30 7 943 332 34 22 -1 -1 -1 0 
31 1 384 350 36 18 -1 -1 -1 0 
31 2 908 336 45 19 -1 -1 -1 0 
31 3 611 339 32 30 -1 -1 -1 0 
31 4 652 341 45 37 -1 -1 -1 0 
31 6 757 338 18 11 -1 -1 -1 0 
31 7 940 332 32 21 -1 -1 -1 0 
31 8 232 366 34 13 -1 -1 -1 0 
32 1 374 349 35 19 -1 -1 -1 0 
32 2 933 334 32 21 -1 -1 -1 0 
32 3 611 339 33 30 -1 -1 -1 0 
32 4 653 341 43 37 -1 -1 -1 0 
32 6 752 338 18 11 -1 -1 -1 0 
32 7 991 331 42 28 -1 -1 -1 0 
32 8 217 367 35 13 -1 -1 -1 0 
33 1 362 350 36 19 -1 -1 -1 0 
33 2 940 333 33 22 -1 -1 -1 0 
33 3 612 339 32 30 -1 -1 -1 0 
33 4 653 341 43 37 -1 -1 -1 0 
33 7 995 331 50 29 -1 -1 -1 0 
33 8 197 367 40 14 -1 -1 -1 0 
34 1 348 350 39 20 -1 -1 -1 0 
34 2 943 333 35 22 -1 -1 -1 0 
34 3 611 340 33 29 -1 -1 -1 0 
34 4 654 341 43 38 -1 -1 -1 0 
34 7 995 332 53 28 -1 -1 -1 0 
34 8 178 368 42 15 -1 -1 -1 0 
34 10 906 338 44 18 -1 -1 -1 0 
35 1 332 351 40 20 -1 -1 -1 0 
35 2 945 332 34 24 -1 -1 -1 0 
35 3 612 340 32 28 -1 -1 -1 0 
35 4 653 341 44 38 -1 -1 -1 0 
35 7 1004 334 43 25 -1 -1 -1 0 
35 8 158 369 45 15 -1 -1 -1 0 
35 10 906 338 41 18 -1 -1 -1 0 
36 1 314 352 43 20 -1 -1 -1 0 
36 2 943 333 39 23 -1 -1 -1 0 
36 3 613 341 31 28 -1 -1 -1 0 
36 4 654 341 44 38 -1 -1 -1 0 
36 6 455 348 21 13 -1 -1 -1 0 
36 7 1006 335 43 24 -1 -1 -1 0 
36 8 135 369 47 16 -1 -1 -1 0 
36 10 904 337 41 19 -1 -1 -1 0 
37 1 293 351 47 23 -1 -1 -1 0 
37 2 914 335 47 21 -1 -1 -1 0 
37 3 613 341 31 28 -1 -1 -1 0 
37 4 654 341 44 38 -1 -1 -1 0 
37 6 425 349 21 13 -1 -1 -1 0 
37 7 1007 335 44 26 -1 -1 -1 0 
37 8 111 371 50 15 -1 -1 -1 0 
37 10 903 337 41 20 -1 -1 -1 0 
38 1 279 351 48 24 -1 -1 -1 0 
38 2 907 336 42 21 -1 -1 -1 0 
38 3 614 341 30 28 -1 -1 -1 0 
38 4 654 341 44 38 -1 -1 -1 0 
38 6 415 350 22 14 -1 -1 -1 0 
38 7 972 335 33 24 -1 -1 -1 0 
38 8 86 371 51 17 -1 -1 -1 0 
39 1 288 353 30 22 -1 -1 -1 0 
39 2 903 336 44 21 -1 -1 -1 0 
39 3 614 341 31 29 -1 -1 -1 0 
39 4 655 341 43 38 -1 -1 -1 0 
39 6 404 350 24 15 -1 -1 -1 0 
39 7 952 335 39 24 -1 -1 -1 0 
39 8 66 372 53 17 -1 -1 -1 0 
40 1 268 354 35 24 -1 -1 -1 0 
40 2 900 337 44 20 -1 -1 -1 0 
40 3 614 341 31 29 -1 -1 -1 0 
40 4 656 341 43 38 -1 -1 -1 0 
40 6 396 351 25 14 -1 -1 -1 0 
40 7 944 335 44 25 -1 -1 -1 0 
40 8 18 375 67 18 -1 -1 -1 0 
40 10 981 333 61 29 -1 -1 -1 0 
