3 2 671 338 43 37 -1 -1 -1 0 
3 3 246 355 51 20 -1 -1 -1 0 
3 4 538 338 77 60 -1 -1 -1 0 
3 5 622 343 31 26 -1 -1 -1 0 
3 6 561 635 713 80 -1 -1 -1 0 
4 2 670 338 43 37 -1 -1 -1 0 
4 3 225 355 53 22 -1 -1 -1 0 
4 4 540 338 76 59 -1 -1 -1 0 
4 5 620 343 34 26 -1 -1 -1 0 
4 6 557 634 722 80 -1 -1 -1 0 
5 2 670 338 44 37 -1 -1 -1 0 
5 3 198 355 60 25 -1 -1 -1 0 
5 4 542 337 73 59 -1 -1 -1 0 
5 5 621 343 32 26 -1 -1 -1 0 
5 6 567 635 708 79 -1 -1 -1 0 
6 2 669 338 45 36 -1 -1 -1 0 
6 3 172 356 64 25 -1 -1 -1 0 
6 4 544 338 73 57 -1 -1 -1 0 
6 5 622 343 31 25 -1 -1 -1 0 
6 6 564 634 711 80 -1 -1 -1 0 
7 2 670 337 44 37 -1 -1 -1 0 
7 3 141 357 71 27 -1 -1 -1 0 
7 4 545 338 73 56 -1 -1 -1 0 
7 5 621 343 33 25 -1 -1 -1 0 
7 6 558 634 719 80 -1 -1 -1 0 
8 2 670 337 43 37 -1 -1 -1 0 
8 3 107 358 78 29 -1 -1 -1 0 
8 4 547 337 72 57 -1 -1 -1 0 
8 5 622 343 31 24 -1 -1 -1 0 
8 6 558 634 719 79 -1 -1 -1 0 
9 2 670 338 44 36 -1 -1 -1 0 
9 3 66 359 89 31 -1 -1 -1 0 
9 4 549 338 71 56 -1 -1 -1 0 
9 5 624 343 29 25 -1 -1 -1 0 
9 6 562 634 711 80 -1 -1 -1 0 
10 2 670 338 44 36 -1 -1 -1 0 
10 3 15 362 105 31 -1 -1 -1 0 
10 4 551 338 68 56 -1 -1 -1 0 
10 5 623 344 31 24 -1 -1 -1 0 
10 6 556 634 720 80 -1 -1 -1 0 
11 2 669 339 45 35 -1 -1 -1 0 
11 3 0 364 75 32 -1 -1 -1 0 
11 4 551 338 70 55 -1 -1 -1 0 
11 5 623 344 31 24 -1 -1 -1 0 
11 6 560 634 716 80 -1 -1 -1 0 
12 2 669 339 44 36 -1 -1 -1 0 
12 3 0 365 45 33 -1 -1 -1 0 
12 4 553 338 68 55 -1 -1 -1 0 
12 5 623 345 30 22 -1 -1 -1 0 
12 6 558 635 719 79 -1 -1 -1 0 
13 2 671 338 42 36 -1 -1 -1 0 
13 4 554 338 68 53 -1 -1 -1 0 
13 5 624 343 29 23 -1 -1 -1 0 
13 6 560 635 715 80 -1 -1 -1 0 
14 2 670 338 44 36 -1 -1 -1 0 
14 4 556 338 65 52 -1 -1 -1 0 
14 5 624 344 30 22 -1 -1 -1 0 
14 6 571 635 702 80 -1 -1 -1 0 
15 2 670 338 44 36 -1 -1 -1 0 
15 4 558 338 63 52 -1 -1 -1 0 
15 5 624 344 29 22 -1 -1 -1 0 
15 6 561 635 717 80 -1 -1 -1 0 
16 2 669 338 44 36 -1 -1 -1 0 
16 4 558 339 64 51 -1 -1 -1 0 
16 5 625 343 28 23 -1 -1 -1 0 
16 6 560 635 715 80 -1 -1 -1 0 
17 2 669 339 44 35 -1 -1 -1 0 
17 4 560 339 63 50 -1 -1 -1 0 
17 5 624 343 30 23 -1 -1 -1 0 
17 6 555 636 721 79 -1 -1 -1 0 
17 12 89 353 113 39 -1 -1 -1 0 
18 2 670 339 43 36 -1 -1 -1 0 
18 4 561 339 62 50 -1 -1 -1 0 
18 5 624 343 30 23 -1 -1 -1 0 
18 6 561 635 712 81 -1 -1 -1 0 
18 12 21 355 140 43 -1 -1 -1 0 
19 2 670 338 43 36 -1 -1 -1 0 
19 4 561 339 63 49 -1 -1 -1 0 
19 5 624 343 30 23 -1 -1 -1 0 
19 6 561 635 713 81 -1 -1 -1 0 
19 12 0 356 110 44 -1 -1 -1 0 
20 2 670 338 42 36 -1 -1 -1 0 
20 4 563 339 61 48 -1 -1 -1 0 
20 5 625 343 28 23 -1 -1 -1 0 
20 6 559 635 718 81 -1 -1 -1 0 
20 12 0 363 53 38 -1 -1 -1 0 
21 2 668 338 45 36 -1 -1 -1 0 
21 4 564 339 60 48 -1 -1 -1 0 
21 5 623 343 31 22 -1 -1 -1 0 
21 6 559 635 716 81 -1 -1 -1 0 
21 12 0 366 20 38 -1 -1 -1 0 
22 2 668 338 45 36 -1 -1 -1 0 
22 4 564 338 62 48 -1 -1 -1 0 
22 5 623 343 30 22 -1 -1 -1 0 
22 6 558 635 717 81 -1 -1 -1 0 
23 2 668 338 44 36 -1 -1 -1 0 
23 4 567 338 58 47 -1 -1 -1 0 
23 5 624 343 29 22 -1 -1 -1 0 
23 6 558 635 718 81 -1 -1 -1 0 
23 15 342 346 48 25 -1 -1 -1 0 
24 2 669 338 43 36 -1 -1 -1 0 
24 4 568 338 58 47 -1 -1 -1 0 
24 5 624 342 29 23 -1 -1 -1 0 
24 6 559 635 716 81 -1 -1 -1 0 
24 15 324 345 51 27 -1 -1 -1 0 
24 16 99 354 81 35 -1 -1 -1 0 
25 2 669 337 42 36 -1 -1 -1 0 
25 4 569 337 57 47 -1 -1 -1 0 
25 5 624 342 29 22 -1 -1 -1 0 
25 6 559 635 720 80 -1 -1 -1 0 
25 15 302 346 58 28 -1 -1 -1 0 
25 16 50 355 93 37 -1 -1 -1 0 
26 2 669 337 42 37 -1 -1 -1 0 
26 4 570 337 56 47 -1 -1 -1 0 
26 5 624 342 29 22 -1 -1 -1 0 
26 6 560 635 716 80 -1 -1 -1 0 
26 15 282 347 60 29 -1 -1 -1 0 
26 16 18 356 98 38 -1 -1 -1 0 
27 2 668 339 43 35 -1 -1 -1 0 
27 4 570 338 56 45 -1 -1 -1 0 
27 5 624 343 28 22 -1 -1 -1 0 
27 6 561 635 714 80 -1 -1 -1 0 
27 15 257 348 66 30 -1 -1 -1 0 
27 16 0 359 49 38 -1 -1 -1 0 
28 2 668 339 43 35 -1 -1 -1 0 
28 4 571 338 55 45 -1 -1 -1 0 
28 5 624 343 28 22 -1 -1 -1 0 
28 6 561 636 714 79 -1 -1 -1 0 
28 15 230 348 72 32 -1 -1 -1 0 
28 16 0 360 16 40 -1 -1 -1 0 
29 2 669 339 41 36 -1 -1 -1 0 
29 4 572 338 55 45 -1 -1 -1 0 
29 5 624 343 29 21 -1 -1 -1 0 
29 6 562 635 712 80 -1 -1 -1 0 
29 15 198 349 82 33 -1 -1 -1 0 
29 17 710 331 27 26 -1 -1 -1 0 
30 2 668 339 43 36 -1 -1 -1 0 
30 4 574 339 53 43 -1 -1 -1 0 
30 5 624 343 28 21 -1 -1 -1 0 
30 6 557 635 721 80 -1 -1 -1 0 
30 15 162 350 93 34 -1 -1 -1 0 
30 17 711 331 27 26 -1 -1 -1 0 
31 2 668 339 42 36 -1 -1 -1 0 
31 4 574 339 54 42 -1 -1 -1 0 
31 5 624 343 28 21 -1 -1 -1 0 
31 6 560 635 715 80 -1 -1 -1 0 
31 15 119 350 105 38 -1 -1 -1 0 
31 17 713 331 26 26 -1 -1 -1 0 
32 2 667 339 43 36 -1 -1 -1 0 
32 4 575 339 53 42 -1 -1 -1 0 
32 5 624 343 28 21 -1 -1 -1 0 
32 6 560 635 715 80 -1 -1 -1 0 
32 15 65 351 122 41 -1 -1 -1 0 
32 17 714 330 26 27 -1 -1 -1 0 
33 2 667 339 43 36 -1 -1 -1 0 
33 4 577 339 50 41 -1 -1 -1 0 
33 5 624 343 27 20 -1 -1 -1 0 
33 6 561 635 713 80 -1 -1 -1 0 
33 15 5 352 140 44 -1 -1 -1 0 
33 17 714 331 27 26 -1 -1 -1 0 
34 2 667 339 43 36 -1 -1 -1 0 
34 4 577 339 51 41 -1 -1 -1 0 
34 5 624 342 28 21 -1 -1 -1 0 
34 6 559 635 717 80 -1 -1 -1 0 
34 15 0 354 92 45 -1 -1 -1 0 
34 17 714 331 28 25 -1 -1 -1 0 
35 2 668 338 42 36 -1 -1 -1 0 
35 4 577 339 52 40 -1 -1 -1 0 
35 5 624 342 28 20 -1 -1 -1 0 
35 6 557 635 719 80 -1 -1 -1 0 
35 15 0 355 60 46 -1 -1 -1 0 
35 17 715 331 26 26 -1 -1 -1 0 
36 2 667 338 43 36 -1 -1 -1 0 
36 4 579 338 49 41 -1 -1 -1 0 
36 5 625 342 26 20 -1 -1 -1 0 
36 6 556 636 721 79 -1 -1 -1 0 
36 17 715 330 28 27 -1 -1 -1 0 
37 2 667 337 43 35 -1 -1 -1 0 
37 4 580 338 49 41 -1 -1 -1 0 
37 5 625 342 26 20 -1 -1 -1 0 
37 6 559 636 716 79 -1 -1 -1 0 
37 17 715 330 28 27 -1 -1 -1 0 
38 2 668 337 41 35 -1 -1 -1 0 
38 4 579 338 50 40 -1 -1 -1 0 
38 5 626 342 24 19 -1 -1 -1 0 
38 6 560 636 713 78 -1 -1 -1 0 
39 2 667 336 42 36 -1 -1 -1 0 
39 4 581 338 48 39 -1 -1 -1 0 
39 5 625 342 26 19 -1 -1 -1 0 
39 6 560 636 712 79 -1 -1 -1 0 
40 2 667 337 42 35 -1 -1 -1 0 
40 4 581 339 49 38 -1 -1 -1 0 
40 5 626 342 24 19 -1 -1 -1 0 
40 6 555 636 721 79 -1 -1 -1 0 
