3 2 795 341 38 25 -1 -1 -1 0 
3 3 558 635 716 81 -1 -1 -1 0 
3 4 728 341 28 24 -1 -1 -1 0 
4 2 795 342 38 24 -1 -1 -1 0 
4 3 556 634 722 81 -1 -1 -1 0 
4 4 728 341 29 25 -1 -1 -1 0 
5 2 796 343 37 24 -1 -1 -1 0 
5 3 555 634 722 81 -1 -1 -1 0 
5 4 727 342 29 24 -1 -1 -1 0 
6 2 796 343 37 25 -1 -1 -1 0 
6 3 556 634 721 80 -1 -1 -1 0 
6 4 727 343 30 23 -1 -1 -1 0 
7 2 795 343 39 25 -1 -1 -1 0 
7 3 558 635 718 80 -1 -1 -1 0 
7 4 728 344 28 22 -1 -1 -1 0 
8 2 796 344 38 24 -1 -1 -1 0 
8 3 558 635 719 80 -1 -1 -1 0 
8 4 728 343 29 24 -1 -1 -1 0 
9 2 796 344 39 24 -1 -1 -1 0 
9 3 557 636 721 79 -1 -1 -1 0 
9 4 727 343 31 24 -1 -1 -1 0 
10 2 797 344 38 24 -1 -1 -1 0 
10 3 559 636 716 78 -1 -1 -1 0 
10 4 727 344 31 23 -1 -1 -1 0 
11 2 797 345 38 24 -1 -1 -1 0 
11 3 561 636 712 79 -1 -1 -1 0 
11 4 728 344 29 23 -1 -1 -1 0 
12 2 797 345 39 24 -1 -1 -1 0 
12 3 560 636 712 80 -1 -1 -1 0 
12 4 728 343 30 24 -1 -1 -1 0 
13 2 797 345 40 24 -1 -1 -1 0 
13 3 554 636 724 79 -1 -1 -1 0 
13 4 728 343 30 24 -1 -1 -1 0 
14 2 798 345 38 24 -1 -1 -1 0 
14 3 554 636 723 79 -1 -1 -1 0 
14 4 728 343 31 25 -1 -1 -1 0 
15 2 798 347 39 23 -1 -1 -1 0 
15 3 554 636 723 79 -1 -1 -1 0 
15 4 727 345 33 24 -1 -1 -1 0 
16 2 799 347 38 24 -1 -1 -1 0 
16 3 561 636 711 79 -1 -1 -1 0 
16 4 727 345 33 24 -1 -1 -1 0 
17 2 800 347 37 24 -1 -1 -1 0 
17 3 555 636 722 79 -1 -1 -1 0 
17 4 727 346 32 23 -1 -1 -1 0 
18 2 800 346 38 24 -1 -1 -1 0 
18 3 559 636 716 79 -1 -1 -1 0 
18 4 728 344 30 25 -1 -1 -1 0 
19 2 800 345 38 25 -1 -1 -1 0 
19 3 558 636 717 78 -1 -1 -1 0 
19 4 727 343 32 25 -1 -1 -1 0 
20 2 800 345 38 25 -1 -1 -1 0 
20 3 558 636 717 79 -1 -1 -1 0 
20 4 727 343 32 25 -1 -1 -1 0 
21 2 800 344 38 25 -1 -1 -1 0 
21 3 561 635 712 80 -1 -1 -1 0 
21 4 728 343 31 24 -1 -1 -1 0 
22 2 799 344 40 25 -1 -1 -1 0 
22 3 555 635 722 80 -1 -1 -1 0 
22 4 728 342 31 25 -1 -1 -1 0 
23 2 800 344 40 25 -1 -1 -1 0 
23 3 561 636 715 79 -1 -1 -1 0 
23 4 728 342 32 25 -1 -1 -1 0 
24 2 800 344 40 26 -1 -1 -1 0 
24 3 560 636 714 79 -1 -1 -1 0 
24 4 728 342 31 26 -1 -1 -1 0 
25 2 800 345 40 25 -1 -1 -1 0 
25 3 559 636 716 78 -1 -1 -1 0 
25 4 729 342 30 26 -1 -1 -1 0 
26 2 800 345 41 25 -1 -1 -1 0 
26 3 561 636 715 78 -1 -1 -1 0 
26 4 728 343 32 25 -1 -1 -1 0 
27 2 801 345 39 25 -1 -1 -1 0 
27 3 560 636 716 78 -1 -1 -1 0 
27 4 729 343 30 25 -1 -1 -1 0 
28 2 802 344 39 26 -1 -1 -1 0 
28 3 562 636 710 79 -1 -1 -1 0 
28 4 728 343 32 25 -1 -1 -1 0 
29 2 801 344 42 26 -1 -1 -1 0 
29 3 565 636 708 80 -1 -1 -1 0 
29 4 728 343 32 25 -1 -1 -1 0 
29 7 756 339 20 20 -1 -1 -1 0 
30 2 801 344 42 26 -1 -1 -1 0 
30 3 561 636 713 80 -1 -1 -1 0 
30 4 728 342 33 26 -1 -1 -1 0 
30 7 757 339 20 20 -1 -1 -1 0 
31 2 803 344 40 26 -1 -1 -1 0 
31 3 564 634 707 82 -1 -1 -1 0 
31 4 728 342 32 25 -1 -1 -1 0 
31 7 757 339 19 20 -1 -1 -1 0 
32 2 803 344 41 26 -1 -1 -1 0 
32 3 558 635 721 81 -1 -1 -1 0 
32 4 728 342 32 25 -1 -1 -1 0 
32 7 758 339 19 20 -1 -1 -1 0 
33 2 802 344 42 26 -1 -1 -1 0 
33 3 564 636 714 80 -1 -1 -1 0 
33 4 728 343 32 25 -1 -1 -1 0 
33 7 758 339 19 20 -1 -1 -1 0 
34 2 803 344 42 26 -1 -1 -1 0 
34 3 559 636 719 80 -1 -1 -1 0 
34 4 730 343 30 25 -1 -1 -1 0 
34 7 758 339 20 20 -1 -1 -1 0 
35 2 803 344 41 27 -1 -1 -1 0 
35 3 564 636 711 80 -1 -1 -1 0 
35 4 729 343 32 25 -1 -1 -1 0 
35 7 757 340 21 19 -1 -1 -1 0 
36 2 803 344 42 27 -1 -1 -1 0 
36 3 558 636 719 79 -1 -1 -1 0 
36 4 729 343 32 25 -1 -1 -1 0 
36 7 758 340 20 19 -1 -1 -1 0 
37 2 803 345 42 26 -1 -1 -1 0 
37 3 557 635 717 80 -1 -1 -1 0 
37 4 728 342 33 26 -1 -1 -1 0 
37 7 757 340 20 20 -1 -1 -1 0 
38 2 803 345 42 26 -1 -1 -1 0 
38 3 556 635 721 80 -1 -1 -1 0 
38 4 727 342 34 26 -1 -1 -1 0 
38 7 756 340 22 20 -1 -1 -1 0 
39 2 804 345 43 26 -1 -1 -1 0 
39 3 558 635 718 80 -1 -1 -1 0 
39 4 728 342 32 26 -1 -1 -1 0 
39 7 757 340 21 20 -1 -1 -1 0 
40 2 804 345 43 26 -1 -1 -1 0 
40 3 565 635 707 81 -1 -1 -1 0 
40 4 728 342 32 27 -1 -1 -1 0 
40 7 757 340 20 20 -1 -1 -1 0 
