3 1 351 356 186 105 -1 -1 -1 0 
3 2 599 346 34 26 -1 -1 -1 0 
3 3 673 344 28 23 -1 -1 -1 0 
3 4 638 339 19 17 -1 -1 -1 0 
4 1 356 355 184 105 -1 -1 -1 0 
4 2 600 346 33 25 -1 -1 -1 0 
4 3 673 344 28 23 -1 -1 -1 0 
4 4 638 339 19 17 -1 -1 -1 0 
5 1 362 355 180 102 -1 -1 -1 0 
5 2 600 346 34 25 -1 -1 -1 0 
5 3 674 344 27 23 -1 -1 -1 0 
5 4 640 339 16 16 -1 -1 -1 0 
6 1 367 355 177 100 -1 -1 -1 0 
6 2 601 345 34 25 -1 -1 -1 0 
6 3 674 343 27 23 -1 -1 -1 0 
6 4 641 340 15 15 -1 -1 -1 0 
7 1 373 355 172 98 -1 -1 -1 0 
7 2 601 345 35 25 -1 -1 -1 0 
7 3 673 343 29 23 -1 -1 -1 0 
7 4 641 339 16 15 -1 -1 -1 0 
8 1 378 354 169 98 -1 -1 -1 0 
8 2 602 345 34 24 -1 -1 -1 0 
8 3 674 343 27 22 -1 -1 -1 0 
8 4 641 339 16 14 -1 -1 -1 0 
9 1 384 354 164 98 -1 -1 -1 0 
9 2 603 345 33 24 -1 -1 -1 0 
9 3 674 343 28 22 -1 -1 -1 0 
9 4 642 339 14 14 -1 -1 -1 0 
10 1 388 355 163 96 -1 -1 -1 0 
10 2 604 345 32 25 -1 -1 -1 0 
10 3 675 343 27 22 -1 -1 -1 0 
10 4 641 340 16 14 -1 -1 -1 0 
11 1 393 356 161 94 -1 -1 -1 0 
11 2 604 345 34 25 -1 -1 -1 0 
11 3 675 343 27 22 -1 -1 -1 0 
11 4 642 340 14 14 -1 -1 -1 0 
12 1 397 356 159 92 -1 -1 -1 0 
12 2 605 345 33 25 -1 -1 -1 0 
12 3 675 344 29 21 -1 -1 -1 0 
12 4 642 340 14 14 -1 -1 -1 0 
13 1 401 356 157 90 -1 -1 -1 0 
13 2 607 345 31 25 -1 -1 -1 0 
13 3 676 344 28 21 -1 -1 -1 0 
13 4 642 340 15 14 -1 -1 -1 0 
14 1 408 356 151 89 -1 -1 -1 0 
14 2 606 345 34 25 -1 -1 -1 0 
14 3 676 344 27 22 -1 -1 -1 0 
14 4 642 340 15 14 -1 -1 -1 0 
15 1 411 356 150 88 -1 -1 -1 0 
15 2 608 344 31 26 -1 -1 -1 0 
15 3 676 345 28 21 -1 -1 -1 0 
15 4 641 340 16 14 -1 -1 -1 0 
16 1 415 355 148 88 -1 -1 -1 0 
16 2 608 344 31 26 -1 -1 -1 0 
16 3 676 344 28 22 -1 -1 -1 0 
16 4 642 340 15 15 -1 -1 -1 0 
17 1 419 354 145 87 -1 -1 -1 0 
17 2 608 344 32 26 -1 -1 -1 0 
17 3 675 344 29 22 -1 -1 -1 0 
17 4 641 339 17 16 -1 -1 -1 0 
18 1 424 354 141 85 -1 -1 -1 0 
18 2 609 344 31 25 -1 -1 -1 0 
18 3 675 344 29 21 -1 -1 -1 0 
18 4 642 339 15 16 -1 -1 -1 0 
19 1 426 355 142 84 -1 -1 -1 0 
19 2 609 345 32 24 -1 -1 -1 0 
19 3 676 344 27 21 -1 -1 -1 0 
19 4 641 339 16 16 -1 -1 -1 0 
19 11 582 637 692 78 -1 -1 -1 0 
20 1 430 355 139 83 -1 -1 -1 0 
20 2 610 345 30 24 -1 -1 -1 0 
20 3 675 344 29 21 -1 -1 -1 0 
20 4 641 339 16 15 -1 -1 -1 0 
20 11 585 637 689 77 -1 -1 -1 0 
21 1 434 355 136 81 -1 -1 -1 0 
21 2 610 345 31 24 -1 -1 -1 0 
21 3 676 344 28 21 -1 -1 -1 0 
21 4 641 339 16 15 -1 -1 -1 0 
22 1 438 355 133 80 -1 -1 -1 0 
22 2 611 345 30 24 -1 -1 -1 0 
22 3 676 343 29 22 -1 -1 -1 0 
23 1 442 355 131 79 -1 -1 -1 0 
23 2 611 345 30 24 -1 -1 -1 0 
23 3 676 343 29 22 -1 -1 -1 0 
24 1 446 354 129 79 -1 -1 -1 0 
24 2 611 346 30 23 -1 -1 -1 0 
24 3 676 343 29 22 -1 -1 -1 0 
24 11 573 636 699 79 -1 -1 -1 0 
25 1 448 354 128 78 -1 -1 -1 0 
25 2 612 345 28 24 -1 -1 -1 0 
25 3 675 343 29 22 -1 -1 -1 0 
25 11 576 636 692 79 -1 -1 -1 0 
26 1 451 354 127 77 -1 -1 -1 0 
26 2 612 345 28 24 -1 -1 -1 0 
26 3 675 343 28 22 -1 -1 -1 0 
26 11 575 636 693 80 -1 -1 -1 0 
27 1 454 354 125 76 -1 -1 -1 0 
27 2 612 345 29 24 -1 -1 -1 0 
27 3 675 344 28 22 -1 -1 -1 0 
28 1 457 354 123 75 -1 -1 -1 0 
28 2 612 344 29 25 -1 -1 -1 0 
28 3 675 344 27 22 -1 -1 -1 0 
29 1 461 355 120 74 -1 -1 -1 0 
29 2 611 346 30 24 -1 -1 -1 0 
29 3 675 345 27 22 -1 -1 -1 0 
30 1 464 355 118 73 -1 -1 -1 0 
30 2 611 349 30 21 -1 -1 -1 0 
30 3 674 345 27 22 -1 -1 -1 0 
31 1 466 355 118 72 -1 -1 -1 0 
31 2 613 348 27 22 -1 -1 -1 0 
31 3 674 345 27 22 -1 -1 -1 0 
32 1 469 354 115 72 -1 -1 -1 0 
32 2 613 348 27 22 -1 -1 -1 0 
32 3 675 345 26 22 -1 -1 -1 0 
33 1 472 353 114 72 -1 -1 -1 0 
33 2 613 346 27 24 -1 -1 -1 0 
33 3 675 344 25 23 -1 -1 -1 0 
34 1 474 353 113 71 -1 -1 -1 0 
34 2 613 345 28 24 -1 -1 -1 0 
34 3 673 344 29 22 -1 -1 -1 0 
35 1 477 353 111 70 -1 -1 -1 0 
35 2 613 345 27 24 -1 -1 -1 0 
35 3 673 344 28 22 -1 -1 -1 0 
36 1 480 352 109 69 -1 -1 -1 0 
36 2 613 345 27 23 -1 -1 -1 0 
36 3 673 345 27 21 -1 -1 -1 0 
37 1 482 353 108 68 -1 -1 -1 0 
37 2 612 347 29 22 -1 -1 -1 0 
37 3 674 345 25 21 -1 -1 -1 0 
37 11 557 637 720 79 -1 -1 -1 0 
38 1 484 353 107 67 -1 -1 -1 0 
38 2 613 346 27 23 -1 -1 -1 0 
38 3 673 345 26 21 -1 -1 -1 0 
38 11 557 637 720 79 -1 -1 -1 0 
39 1 487 352 104 68 -1 -1 -1 0 
39 2 612 348 28 21 -1 -1 -1 0 
39 3 672 346 28 21 -1 -1 -1 0 
39 11 556 637 722 79 -1 -1 -1 0 
40 1 489 352 103 68 -1 -1 -1 0 
40 2 613 348 27 22 -1 -1 -1 0 
40 3 672 346 27 21 -1 -1 -1 0 
