3 1 664 339 51 45 -1 -1 -1 0 
4 1 664 340 51 44 -1 -1 -1 0 
5 1 663 340 52 45 -1 -1 -1 0 
6 1 663 341 51 44 -1 -1 -1 0 
7 1 663 341 51 44 -1 -1 -1 0 
8 1 663 340 50 44 -1 -1 -1 0 
9 1 663 340 50 44 -1 -1 -1 0 
10 1 662 340 51 44 -1 -1 -1 0 
11 1 662 340 51 44 -1 -1 -1 0 
12 1 661 340 51 44 -1 -1 -1 0 
13 1 661 340 52 43 -1 -1 -1 0 
14 1 661 341 52 43 -1 -1 -1 0 
15 1 661 341 52 43 -1 -1 -1 0 
16 1 661 341 51 43 -1 -1 -1 0 
17 1 661 340 50 44 -1 -1 -1 0 
18 1 660 340 52 43 -1 -1 -1 0 
19 1 659 340 52 43 -1 -1 -1 0 
20 1 660 339 51 44 -1 -1 -1 0 
21 1 659 340 53 43 -1 -1 -1 0 
21 7 716 318 38 29 -1 -1 -1 0 
22 1 659 340 52 43 -1 -1 -1 0 
22 7 717 318 38 29 -1 -1 -1 0 
23 1 660 340 52 43 -1 -1 -1 0 
24 1 661 340 51 43 -1 -1 -1 0 
24 7 718 317 39 29 -1 -1 -1 0 
25 1 661 340 52 43 -1 -1 -1 0 
25 7 720 316 39 30 -1 -1 -1 0 
26 1 661 339 51 43 -1 -1 -1 0 
26 7 720 315 40 31 -1 -1 -1 0 
27 1 662 339 49 43 -1 -1 -1 0 
28 1 662 338 50 44 -1 -1 -1 0 
29 1 661 339 52 43 -1 -1 -1 0 
30 1 662 339 50 43 -1 -1 -1 0 
31 1 662 339 50 43 -1 -1 -1 0 
32 1 662 339 51 44 -1 -1 -1 0 
33 1 662 338 50 45 -1 -1 -1 0 
34 1 662 338 51 45 -1 -1 -1 0 
34 7 723 313 50 34 -1 -1 -1 0 
35 1 663 338 50 45 -1 -1 -1 0 
35 7 724 312 51 36 -1 -1 -1 0 
36 1 662 338 51 45 -1 -1 -1 0 
37 1 662 339 52 44 -1 -1 -1 0 
38 1 663 340 51 44 -1 -1 -1 0 
39 1 662 340 53 44 -1 -1 -1 0 
40 1 664 340 50 44 -1 -1 -1 0 
