3 1 367 362 29 17 -1 -1 -1 0 
3 2 5 374 125 38 -1 -1 -1 0 
3 3 656 336 32 31 -1 -1 -1 0 
4 1 355 363 30 18 -1 -1 -1 0 
4 2 23 378 64 35 -1 -1 -1 0 
4 3 657 336 31 32 -1 -1 -1 0 
5 1 342 364 33 18 -1 -1 -1 0 
5 2 2 380 40 36 -1 -1 -1 0 
5 3 657 336 32 33 -1 -1 -1 0 
6 1 329 365 34 19 -1 -1 -1 0 
6 2 0 382 15 36 -1 -1 -1 0 
6 3 657 336 32 34 -1 -1 -1 0 
7 1 314 365 37 21 -1 -1 -1 0 
7 3 657 337 33 33 -1 -1 -1 0 
8 1 298 367 41 21 -1 -1 -1 0 
8 3 657 338 33 32 -1 -1 -1 0 
9 1 282 368 41 21 -1 -1 -1 0 
9 3 658 337 31 33 -1 -1 -1 0 
10 1 262 369 45 23 -1 -1 -1 0 
10 3 657 337 33 32 -1 -1 -1 0 
11 1 239 369 50 25 -1 -1 -1 0 
11 3 657 337 34 31 -1 -1 -1 0 
12 1 216 370 53 27 -1 -1 -1 0 
12 3 658 337 32 31 -1 -1 -1 0 
13 1 189 372 58 28 -1 -1 -1 0 
13 3 656 336 34 32 -1 -1 -1 0 
14 1 156 375 66 29 -1 -1 -1 0 
14 3 656 336 34 32 -1 -1 -1 0 
15 1 121 377 72 32 -1 -1 -1 0 
15 3 656 335 33 33 -1 -1 -1 0 
15 4 361 363 26 15 -1 -1 -1 0 
16 1 77 380 82 35 -1 -1 -1 0 
16 3 655 335 35 34 -1 -1 -1 0 
16 4 351 363 26 17 -1 -1 -1 0 
17 1 22 384 97 37 -1 -1 -1 0 
17 3 655 335 35 34 -1 -1 -1 0 
17 4 339 364 29 17 -1 -1 -1 0 
18 1 0 387 70 39 -1 -1 -1 0 
18 3 655 335 36 34 -1 -1 -1 0 
18 4 329 365 31 18 -1 -1 -1 0 
19 1 0 390 38 40 -1 -1 -1 0 
19 3 656 336 35 33 -1 -1 -1 0 
19 4 320 365 32 19 -1 -1 -1 0 
20 3 656 336 34 33 -1 -1 -1 0 
20 4 303 368 34 18 -1 -1 -1 0 
21 3 656 336 34 33 -1 -1 -1 0 
21 4 290 369 34 20 -1 -1 -1 0 
22 3 656 336 35 34 -1 -1 -1 0 
22 4 275 370 36 21 -1 -1 -1 0 
23 3 655 337 36 33 -1 -1 -1 0 
23 4 259 373 38 21 -1 -1 -1 0 
24 3 655 337 36 33 -1 -1 -1 0 
24 4 247 374 40 22 -1 -1 -1 0 
25 3 656 337 34 34 -1 -1 -1 0 
25 4 217 375 49 23 -1 -1 -1 0 
26 3 656 337 34 33 -1 -1 -1 0 
26 4 195 376 51 25 -1 -1 -1 0 
27 3 656 337 34 33 -1 -1 -1 0 
27 4 168 377 57 26 -1 -1 -1 0 
28 3 656 336 34 32 -1 -1 -1 0 
28 4 139 378 64 27 -1 -1 -1 0 
29 3 656 335 33 33 -1 -1 -1 0 
29 4 106 379 73 29 -1 -1 -1 0 
30 3 655 334 34 34 -1 -1 -1 0 
30 4 69 381 80 31 -1 -1 -1 0 
31 3 654 334 36 33 -1 -1 -1 0 
31 4 25 383 88 34 -1 -1 -1 0 
32 3 654 335 36 33 -1 -1 -1 0 
32 4 0 387 73 35 -1 -1 -1 0 
33 3 653 336 37 32 -1 -1 -1 0 
33 4 0 388 45 37 -1 -1 -1 0 
34 3 654 336 35 34 -1 -1 -1 0 
35 3 653 337 37 33 -1 -1 -1 0 
36 3 653 337 36 33 -1 -1 -1 0 
37 3 654 337 35 34 -1 -1 -1 0 
38 3 654 336 36 35 -1 -1 -1 0 
39 3 653 336 38 35 -1 -1 -1 0 
40 3 652 336 39 35 -1 -1 -1 0 
