3 1 516 355 86 59 -1 -1 -1 0 
3 2 0 419 138 113 -1 -1 -1 0 
3 3 600 345 38 34 -1 -1 -1 0 
3 4 841 247 226 152 -1 -1 -1 0 
4 1 517 354 84 59 -1 -1 -1 0 
4 2 0 409 152 120 -1 -1 -1 0 
4 3 599 345 40 34 -1 -1 -1 0 
4 4 851 244 223 156 -1 -1 -1 0 
5 1 518 354 83 59 -1 -1 -1 0 
5 2 0 398 167 126 -1 -1 -1 0 
5 3 599 345 40 34 -1 -1 -1 0 
5 4 848 241 244 162 -1 -1 -1 0 
6 1 518 354 83 59 -1 -1 -1 0 
6 2 0 389 181 132 -1 -1 -1 0 
6 3 599 345 40 33 -1 -1 -1 0 
6 4 861 238 245 161 -1 -1 -1 0 
7 1 519 355 82 58 -1 -1 -1 0 
7 2 2 383 191 142 -1 -1 -1 0 
7 3 598 345 41 33 -1 -1 -1 0 
7 4 867 234 256 165 -1 -1 -1 0 
8 1 519 354 82 58 -1 -1 -1 0 
8 2 0 381 206 148 -1 -1 -1 0 
8 3 598 345 40 33 -1 -1 -1 0 
8 4 870 231 276 153 -1 -1 -1 0 
8 7 30 314 275 57 -1 -1 -1 0 
9 1 520 355 81 58 -1 -1 -1 0 
9 2 1 377 216 152 -1 -1 -1 0 
9 3 598 346 41 32 -1 -1 -1 0 
9 4 881 228 280 155 -1 -1 -1 0 
9 7 5 313 273 64 -1 -1 -1 0 
10 1 520 355 82 58 -1 -1 -1 0 
10 2 0 377 230 154 -1 -1 -1 0 
10 3 599 346 39 32 -1 -1 -1 0 
10 4 886 224 296 148 -1 -1 -1 0 
10 7 0 311 264 69 -1 -1 -1 0 
11 1 521 356 82 56 -1 -1 -1 0 
11 2 1 377 237 162 -1 -1 -1 0 
11 3 600 347 39 32 -1 -1 -1 0 
11 4 896 219 308 152 -1 -1 -1 0 
12 1 522 356 81 57 -1 -1 -1 0 
12 2 1 377 247 170 -1 -1 -1 0 
12 3 601 347 38 32 -1 -1 -1 0 
12 4 904 214 323 154 -1 -1 -1 0 
13 1 524 357 79 56 -1 -1 -1 0 
13 2 0 377 260 172 -1 -1 -1 0 
13 3 601 347 39 32 -1 -1 -1 0 
13 4 911 208 345 159 -1 -1 -1 0 
13 11 560 635 718 79 -1 -1 -1 0 
14 1 524 357 80 56 -1 -1 -1 0 
14 2 0 377 274 168 -1 -1 -1 0 
14 3 602 347 38 33 -1 -1 -1 0 
14 4 920 202 353 166 -1 -1 -1 0 
14 11 562 636 714 78 -1 -1 -1 0 
15 1 525 357 80 56 -1 -1 -1 0 
15 2 0 377 280 164 -1 -1 -1 0 
15 3 601 347 40 33 -1 -1 -1 0 
15 4 933 196 344 176 -1 -1 -1 0 
15 11 560 636 716 78 -1 -1 -1 0 
16 1 526 357 78 56 -1 -1 -1 0 
16 2 0 376 289 158 -1 -1 -1 0 
16 3 602 347 40 33 -1 -1 -1 0 
16 4 940 190 339 182 -1 -1 -1 0 
16 11 561 636 712 77 -1 -1 -1 0 
17 1 527 358 78 55 -1 -1 -1 0 
17 2 0 375 296 151 -1 -1 -1 0 
17 3 602 347 40 33 -1 -1 -1 0 
17 4 949 182 329 193 -1 -1 -1 0 
18 1 527 358 77 55 -1 -1 -1 0 
18 2 0 374 300 147 -1 -1 -1 0 
18 3 601 347 40 32 -1 -1 -1 0 
18 4 953 176 326 198 -1 -1 -1 0 
19 1 527 358 77 55 -1 -1 -1 0 
19 2 0 372 305 145 -1 -1 -1 0 
19 3 601 347 40 32 -1 -1 -1 0 
19 4 962 169 317 206 -1 -1 -1 0 
20 1 527 357 77 54 -1 -1 -1 0 
20 2 0 371 310 143 -1 -1 -1 0 
20 3 600 346 40 33 -1 -1 -1 0 
20 4 968 168 311 208 -1 -1 -1 0 
21 1 528 357 76 54 -1 -1 -1 0 
21 2 0 371 317 136 -1 -1 -1 0 
21 3 599 346 41 32 -1 -1 -1 0 
21 4 974 169 305 207 -1 -1 -1 0 
21 15 573 347 29 25 -1 -1 -1 0 
22 1 527 356 77 53 -1 -1 -1 0 
22 2 1 369 318 134 -1 -1 -1 0 
22 3 600 345 39 33 -1 -1 -1 0 
22 4 982 169 297 207 -1 -1 -1 0 
22 15 573 346 27 25 -1 -1 -1 0 
22 16 916 306 66 53 -1 -1 -1 0 
23 1 528 355 75 54 -1 -1 -1 0 
23 2 0 368 325 131 -1 -1 -1 0 
23 3 599 345 41 32 -1 -1 -1 0 
23 4 990 169 289 202 -1 -1 -1 0 
23 15 573 346 26 25 -1 -1 -1 0 
23 16 913 304 78 59 -1 -1 -1 0 
24 1 528 354 76 54 -1 -1 -1 0 
24 2 1 367 327 128 -1 -1 -1 0 
24 3 599 343 40 33 -1 -1 -1 0 
24 4 998 173 281 189 -1 -1 -1 0 
24 15 572 345 28 26 -1 -1 -1 0 
24 16 915 303 82 61 -1 -1 -1 0 
25 1 528 354 76 54 -1 -1 -1 0 
25 2 0 367 334 125 -1 -1 -1 0 
25 3 598 344 42 32 -1 -1 -1 0 
25 4 1012 177 267 184 -1 -1 -1 0 
25 15 572 344 28 26 -1 -1 -1 0 
25 16 928 302 76 63 -1 -1 -1 0 
26 1 528 354 76 54 -1 -1 -1 0 
26 2 8 366 328 123 -1 -1 -1 0 
26 3 599 344 40 33 -1 -1 -1 0 
26 4 1025 179 254 186 -1 -1 -1 0 
26 16 933 301 78 65 -1 -1 -1 0 
27 1 528 353 76 54 -1 -1 -1 0 
27 2 20 365 320 120 -1 -1 -1 0 
27 3 598 344 42 33 -1 -1 -1 0 
27 4 1036 181 243 185 -1 -1 -1 0 
27 16 927 300 96 67 -1 -1 -1 0 
28 1 528 353 76 54 -1 -1 -1 0 
28 2 36 365 305 118 -1 -1 -1 0 
28 3 599 344 40 33 -1 -1 -1 0 
28 4 1049 184 229 185 -1 -1 -1 0 
28 16 932 299 100 68 -1 -1 -1 0 
29 1 528 353 76 54 -1 -1 -1 0 
29 2 49 364 297 115 -1 -1 -1 0 
29 3 598 344 41 33 -1 -1 -1 0 
29 4 1061 186 218 184 -1 -1 -1 0 
29 16 937 298 105 70 -1 -1 -1 0 
30 1 529 353 74 54 -1 -1 -1 0 
30 2 63 363 286 113 -1 -1 -1 0 
30 3 598 344 41 33 -1 -1 -1 0 
30 4 1076 188 202 183 -1 -1 -1 0 
30 15 319 356 41 15 -1 -1 -1 0 
30 16 943 298 108 71 -1 -1 -1 0 
31 1 528 353 76 54 -1 -1 -1 0 
31 2 76 362 276 111 -1 -1 -1 0 
31 3 597 344 42 32 -1 -1 -1 0 
31 4 1091 189 187 182 -1 -1 -1 0 
31 15 292 356 41 15 -1 -1 -1 0 
31 16 948 296 117 72 -1 -1 -1 0 
32 1 528 353 75 53 -1 -1 -1 0 
32 2 86 361 270 109 -1 -1 -1 0 
32 3 597 344 41 32 -1 -1 -1 0 
32 4 1106 192 172 180 -1 -1 -1 0 
32 15 277 356 37 15 -1 -1 -1 0 
32 16 953 295 124 74 -1 -1 -1 0 
33 1 527 352 75 54 -1 -1 -1 0 
33 2 96 360 262 107 -1 -1 -1 0 
33 3 596 344 41 32 -1 -1 -1 0 
33 4 1122 195 156 179 -1 -1 -1 0 
33 15 253 357 36 13 -1 -1 -1 0 
33 16 961 294 124 76 -1 -1 -1 0 
34 1 526 353 75 54 -1 -1 -1 0 
34 2 105 359 255 106 -1 -1 -1 0 
34 3 594 345 43 32 -1 -1 -1 0 
34 4 1140 198 138 179 -1 -1 -1 0 
34 16 965 295 137 77 -1 -1 -1 0 
35 1 524 353 76 54 -1 -1 -1 0 
35 2 112 358 250 104 -1 -1 -1 0 
35 3 593 345 43 32 -1 -1 -1 0 
35 4 1157 200 122 179 -1 -1 -1 0 
35 16 972 294 146 79 -1 -1 -1 0 
36 1 523 354 77 53 -1 -1 -1 0 
36 2 117 360 248 101 -1 -1 -1 0 
36 3 591 346 45 32 -1 -1 -1 0 
36 4 1177 202 102 174 -1 -1 -1 0 
36 16 980 294 152 82 -1 -1 -1 0 
37 1 522 355 76 52 -1 -1 -1 0 
37 2 126 361 239 99 -1 -1 -1 0 
37 3 590 347 44 33 -1 -1 -1 0 
37 4 1191 203 88 173 -1 -1 -1 0 
37 16 988 293 155 84 -1 -1 -1 0 
38 1 521 355 76 53 -1 -1 -1 0 
38 2 134 362 232 97 -1 -1 -1 0 
38 3 588 349 45 32 -1 -1 -1 0 
38 16 997 293 146 83 -1 -1 -1 0 
38 22 83 359 92 25 -1 -1 -1 0 
39 1 521 356 75 52 -1 -1 -1 0 
39 2 141 362 226 97 -1 -1 -1 0 
39 3 587 350 45 31 -1 -1 -1 0 
39 16 1024 292 125 81 -1 -1 -1 0 
39 22 28 360 105 28 -1 -1 -1 0 
40 1 520 356 76 52 -1 -1 -1 0 
40 2 146 362 225 95 -1 -1 -1 0 
40 3 588 350 44 32 -1 -1 -1 0 
40 16 1032 291 126 82 -1 -1 -1 0 
40 22 0 361 86 29 -1 -1 -1 0 
