3 1 641 347 36 27 -1 -1 -1 0 
4 1 641 346 35 27 -1 -1 -1 0 
5 1 640 345 37 28 -1 -1 -1 0 
5 2 191 318 66 25 -1 -1 -1 0 
6 1 639 345 37 28 -1 -1 -1 0 
6 2 160 317 76 26 -1 -1 -1 0 
7 1 640 345 36 28 -1 -1 -1 0 
7 2 127 315 82 29 -1 -1 -1 0 
8 1 640 345 37 28 -1 -1 -1 0 
8 2 85 312 94 33 -1 -1 -1 0 
9 1 640 345 36 28 -1 -1 -1 0 
9 2 36 310 111 35 -1 -1 -1 0 
10 1 640 346 36 27 -1 -1 -1 0 
10 2 0 308 108 38 -1 -1 -1 0 
11 1 639 347 37 27 -1 -1 -1 0 
11 2 0 306 59 39 -1 -1 -1 0 
12 1 639 347 36 27 -1 -1 -1 0 
12 2 0 304 30 41 -1 -1 -1 0 
13 1 638 347 38 27 -1 -1 -1 0 
14 1 639 345 37 29 -1 -1 -1 0 
15 1 639 345 37 28 -1 -1 -1 0 
16 1 638 345 39 28 -1 -1 -1 0 
17 1 639 345 37 27 -1 -1 -1 0 
18 1 639 344 37 28 -1 -1 -1 0 
19 1 640 344 37 27 -1 -1 -1 0 
20 1 640 345 37 27 -1 -1 -1 0 
21 1 640 345 37 27 -1 -1 -1 0 
22 1 641 345 37 27 -1 -1 -1 0 
23 1 641 345 36 27 -1 -1 -1 0 
24 1 641 345 36 27 -1 -1 -1 0 
24 12 112 319 60 24 -1 -1 -1 0 
25 1 642 345 35 28 -1 -1 -1 0 
25 12 71 319 76 24 -1 -1 -1 0 
25 13 565 637 705 78 -1 -1 -1 0 
26 1 643 345 34 28 -1 -1 -1 0 
26 12 30 316 84 27 -1 -1 -1 0 
26 13 568 638 702 77 -1 -1 -1 0 
27 1 641 345 37 28 -1 -1 -1 0 
27 12 0 315 79 29 -1 -1 -1 0 
28 1 643 345 35 28 -1 -1 -1 0 
28 12 0 314 51 30 -1 -1 -1 0 
28 13 580 637 689 77 -1 -1 -1 0 
29 1 643 345 36 28 -1 -1 -1 0 
29 13 577 637 690 77 -1 -1 -1 0 
30 1 644 345 35 28 -1 -1 -1 0 
30 13 574 636 696 78 -1 -1 -1 0 
30 17 645 347 34 24 -1 -1 -1 0 
31 1 644 345 36 27 -1 -1 -1 0 
31 13 575 636 694 78 -1 -1 -1 0 
31 17 646 347 33 24 -1 -1 -1 0 
31 18 0 435 150 278 -1 -1 -1 0 
32 13 568 636 708 78 -1 -1 -1 0 
32 17 645 346 34 26 -1 -1 -1 0 
32 18 0 429 171 283 -1 -1 -1 0 
33 13 573 636 697 78 -1 -1 -1 0 
33 17 644 346 36 26 -1 -1 -1 0 
33 18 3 385 184 325 -1 -1 -1 0 
34 13 573 636 698 78 -1 -1 -1 0 
34 17 645 345 34 28 -1 -1 -1 0 
34 18 0 365 208 343 -1 -1 -1 0 
35 13 570 636 703 78 -1 -1 -1 0 
35 17 645 345 35 28 -1 -1 -1 0 
35 18 0 349 226 353 -1 -1 -1 0 
36 13 581 636 690 79 -1 -1 -1 0 
36 17 646 345 34 28 -1 -1 -1 0 
36 18 1 326 239 374 -1 -1 -1 0 
37 13 564 635 714 80 -1 -1 -1 0 
37 17 646 346 36 27 -1 -1 -1 0 
37 18 2 303 253 395 -1 -1 -1 0 
38 13 563 635 716 80 -1 -1 -1 0 
38 17 647 346 34 27 -1 -1 -1 0 
38 18 1 288 270 410 -1 -1 -1 0 
39 13 561 636 715 79 -1 -1 -1 0 
39 17 647 346 35 27 -1 -1 -1 0 
39 18 12 213 261 491 -1 -1 -1 0 
40 1 648 345 34 27 -1 -1 -1 0 
40 13 568 635 695 80 -1 -1 -1 0 
40 17 648 345 34 28 -1 -1 -1 0 
40 18 9 140 279 560 -1 -1 -1 0 
