3 1 1064 387 214 204 -1 -1 -1 0 
3 2 666 344 44 35 -1 -1 -1 0 
3 3 608 341 35 24 -1 -1 -1 0 
4 1 1048 379 231 212 -1 -1 -1 0 
4 2 666 343 44 35 -1 -1 -1 0 
4 3 609 340 33 24 -1 -1 -1 0 
4 6 370 324 68 37 -1 -1 -1 0 
4 7 462 342 31 13 -1 -1 -1 0 
5 1 1036 373 243 219 -1 -1 -1 0 
5 2 665 344 44 34 -1 -1 -1 0 
5 3 611 340 31 25 -1 -1 -1 0 
5 6 359 303 63 59 -1 -1 -1 0 
5 7 449 342 34 14 -1 -1 -1 0 
5 8 559 635 718 80 -1 -1 -1 0 
6 1 1022 370 257 223 -1 -1 -1 0 
6 2 665 344 44 34 -1 -1 -1 0 
6 3 610 340 33 25 -1 -1 -1 0 
6 6 340 296 80 67 -1 -1 -1 0 
6 7 434 343 36 14 -1 -1 -1 0 
6 8 560 635 715 80 -1 -1 -1 0 
7 1 1013 368 264 238 -1 -1 -1 0 
7 2 665 344 43 34 -1 -1 -1 0 
7 3 610 340 32 24 -1 -1 -1 0 
7 6 309 313 113 54 -1 -1 -1 0 
7 7 415 343 38 15 -1 -1 -1 0 
7 8 558 635 718 80 -1 -1 -1 0 
8 1 1001 366 276 254 -1 -1 -1 0 
8 2 664 344 45 34 -1 -1 -1 0 
8 3 609 341 34 23 -1 -1 -1 0 
8 6 302 322 91 47 -1 -1 -1 0 
8 7 394 342 46 18 -1 -1 -1 0 
8 8 567 635 708 80 -1 -1 -1 0 
9 1 985 365 294 252 -1 -1 -1 0 
9 2 665 344 43 34 -1 -1 -1 0 
9 3 610 341 32 23 -1 -1 -1 0 
9 6 286 324 87 46 -1 -1 -1 0 
9 7 373 343 51 20 -1 -1 -1 0 
9 8 576 635 696 80 -1 -1 -1 0 
9 9 516 338 17 12 -1 -1 -1 0 
10 1 973 364 306 243 -1 -1 -1 0 
10 2 664 344 43 35 -1 -1 -1 0 
10 3 610 341 31 24 -1 -1 -1 0 
10 6 260 327 100 45 -1 -1 -1 0 
10 7 348 345 58 20 -1 -1 -1 0 
10 8 566 635 710 80 -1 -1 -1 0 
10 9 510 339 21 12 -1 -1 -1 0 
11 1 964 362 315 232 -1 -1 -1 0 
11 2 663 344 45 34 -1 -1 -1 0 
11 3 609 341 32 24 -1 -1 -1 0 
11 6 237 327 101 47 -1 -1 -1 0 
11 7 318 346 65 22 -1 -1 -1 0 
11 8 560 635 718 81 -1 -1 -1 0 
11 9 506 339 19 13 -1 -1 -1 0 
12 1 955 361 324 221 -1 -1 -1 0 
12 2 663 344 43 34 -1 -1 -1 0 
12 3 609 341 32 24 -1 -1 -1 0 
12 6 213 319 103 58 -1 -1 -1 0 
12 7 281 348 75 23 -1 -1 -1 0 
12 8 570 635 704 81 -1 -1 -1 0 
12 9 500 339 18 13 -1 -1 -1 0 
13 1 947 359 332 211 -1 -1 -1 0 
13 2 662 344 45 34 -1 -1 -1 0 
13 3 609 341 32 24 -1 -1 -1 0 
13 6 176 318 124 62 -1 -1 -1 0 
13 7 237 349 84 26 -1 -1 -1 0 
13 8 581 636 694 80 -1 -1 -1 0 
13 9 494 339 21 13 -1 -1 -1 0 
13 10 535 336 25 12 -1 -1 -1 0 
14 1 939 358 340 203 -1 -1 -1 0 
14 2 662 343 45 34 -1 -1 -1 0 
14 3 609 341 32 24 -1 -1 -1 0 
14 6 151 317 136 65 -1 -1 -1 0 
14 7 177 351 102 30 -1 -1 -1 0 
14 8 571 636 708 80 -1 -1 -1 0 
14 9 488 339 20 14 -1 -1 -1 0 
14 10 529 336 29 13 -1 -1 -1 0 
15 1 930 357 349 192 -1 -1 -1 0 
15 2 662 343 44 33 -1 -1 -1 0 
15 3 610 341 31 24 -1 -1 -1 0 
15 7 95 354 135 33 -1 -1 -1 0 
15 8 572 637 707 79 -1 -1 -1 0 
15 9 481 338 20 16 -1 -1 -1 0 
15 10 524 337 30 13 -1 -1 -1 0 
16 1 924 355 355 184 -1 -1 -1 0 
16 2 662 343 43 33 -1 -1 -1 0 
16 3 610 341 31 23 -1 -1 -1 0 
16 7 11 357 149 38 -1 -1 -1 0 
16 8 561 635 715 81 -1 -1 -1 0 
16 9 471 339 25 16 -1 -1 -1 0 
16 10 521 337 26 13 -1 -1 -1 0 
16 11 204 353 82 25 -1 -1 -1 0 
17 1 917 355 362 176 -1 -1 -1 0 
17 2 661 343 45 33 -1 -1 -1 0 
17 3 610 341 30 23 -1 -1 -1 0 
17 6 3 320 185 71 -1 -1 -1 0 
17 7 0 358 117 40 -1 -1 -1 0 
17 8 561 635 716 81 -1 -1 -1 0 
17 9 464 339 23 17 -1 -1 -1 0 
17 10 516 338 20 13 -1 -1 -1 0 
17 11 161 355 100 28 -1 -1 -1 0 
18 1 910 354 369 169 -1 -1 -1 0 
18 2 662 343 42 33 -1 -1 -1 0 
18 3 609 341 31 23 -1 -1 -1 0 
18 6 0 319 167 75 -1 -1 -1 0 
18 9 453 340 31 16 -1 -1 -1 0 
18 10 508 338 22 14 -1 -1 -1 0 
18 11 103 357 130 31 -1 -1 -1 0 
19 1 903 354 376 162 -1 -1 -1 0 
19 2 661 343 44 34 -1 -1 -1 0 
19 3 609 340 30 25 -1 -1 -1 0 
19 8 579 635 696 81 -1 -1 -1 0 
19 9 445 342 29 16 -1 -1 -1 0 
19 10 501 339 22 16 -1 -1 -1 0 
19 11 44 360 114 35 -1 -1 -1 0 
20 1 901 353 354 156 -1 -1 -1 0 
20 2 660 343 44 35 -1 -1 -1 0 
20 3 609 341 30 25 -1 -1 -1 0 
20 8 573 636 705 80 -1 -1 -1 0 
20 9 474 340 26 17 -1 -1 -1 0 
20 10 513 339 22 15 -1 -1 -1 0 
20 11 0 364 99 35 -1 -1 -1 0 
21 1 896 352 335 151 -1 -1 -1 0 
21 2 659 343 45 35 -1 -1 -1 0 
21 3 608 341 30 25 -1 -1 -1 0 
21 8 562 636 717 79 -1 -1 -1 0 
21 9 438 341 30 19 -1 -1 -1 0 
21 10 491 340 24 16 -1 -1 -1 0 
21 11 0 366 55 37 -1 -1 -1 0 
22 1 887 352 321 145 -1 -1 -1 0 
22 2 660 343 43 35 -1 -1 -1 0 
22 3 607 341 31 26 -1 -1 -1 0 
22 8 568 634 705 81 -1 -1 -1 0 
22 9 458 340 28 19 -1 -1 -1 0 
22 10 427 345 42 16 -1 -1 -1 0 
23 1 883 352 301 141 -1 -1 -1 0 
23 2 660 343 42 35 -1 -1 -1 0 
23 3 608 343 30 24 -1 -1 -1 0 
23 8 557 634 720 81 -1 -1 -1 0 
23 9 409 343 45 20 -1 -1 -1 0 
23 10 449 342 29 18 -1 -1 -1 0 
24 1 875 352 290 137 -1 -1 -1 0 
24 2 659 342 43 36 -1 -1 -1 0 
24 3 608 343 29 24 -1 -1 -1 0 
24 8 561 634 716 81 -1 -1 -1 0 
24 9 382 342 47 23 -1 -1 -1 0 
24 10 444 342 33 18 -1 -1 -1 0 
25 1 869 351 276 134 -1 -1 -1 0 
25 2 658 342 44 36 -1 -1 -1 0 
25 3 608 344 29 23 -1 -1 -1 0 
25 8 556 634 723 81 -1 -1 -1 0 
25 9 359 341 52 25 -1 -1 -1 0 
25 10 435 341 31 21 -1 -1 -1 0 
26 1 864 350 263 131 -1 -1 -1 0 
26 2 658 342 44 36 -1 -1 -1 0 
26 3 608 344 29 23 -1 -1 -1 0 
26 8 559 634 718 81 -1 -1 -1 0 
26 9 335 344 55 24 -1 -1 -1 0 
26 10 419 341 40 22 -1 -1 -1 0 
26 16 501 341 19 14 -1 -1 -1 0 
27 1 857 350 255 127 -1 -1 -1 0 
27 2 658 342 43 36 -1 -1 -1 0 
27 3 608 345 29 22 -1 -1 -1 0 
27 8 558 634 719 80 -1 -1 -1 0 
27 9 309 346 58 25 -1 -1 -1 0 
27 10 401 341 48 23 -1 -1 -1 0 
27 16 495 341 20 15 -1 -1 -1 0 
28 1 853 349 243 126 -1 -1 -1 0 
28 2 657 343 44 35 -1 -1 -1 0 
28 3 607 345 31 22 -1 -1 -1 0 
28 9 280 348 62 26 -1 -1 -1 0 
28 10 382 342 54 24 -1 -1 -1 0 
28 16 490 341 19 15 -1 -1 -1 0 
29 1 847 350 237 120 -1 -1 -1 0 
29 2 657 343 43 36 -1 -1 -1 0 
29 3 607 346 30 21 -1 -1 -1 0 
29 9 249 349 60 27 -1 -1 -1 0 
29 10 357 341 64 27 -1 -1 -1 0 
29 16 485 341 19 16 -1 -1 -1 0 
30 1 843 350 228 117 -1 -1 -1 0 
30 2 656 345 45 34 -1 -1 -1 0 
30 3 607 345 30 22 -1 -1 -1 0 
30 8 556 633 722 81 -1 -1 -1 0 
30 9 206 348 92 31 -1 -1 -1 0 
30 10 331 341 71 30 -1 -1 -1 0 
30 16 478 342 22 16 -1 -1 -1 0 
31 1 839 350 219 115 -1 -1 -1 0 
31 2 656 345 44 34 -1 -1 -1 0 
31 3 607 345 30 22 -1 -1 -1 0 
31 8 554 634 724 80 -1 -1 -1 0 
31 9 156 349 114 34 -1 -1 -1 0 
31 10 296 342 85 32 -1 -1 -1 0 
31 16 472 342 21 17 -1 -1 -1 0 
32 1 834 351 212 112 -1 -1 -1 0 
32 2 657 346 42 34 -1 -1 -1 0 
32 3 607 346 31 22 -1 -1 -1 0 
32 8 556 634 721 80 -1 -1 -1 0 
32 9 93 352 138 36 -1 -1 -1 0 
32 10 256 343 99 34 -1 -1 -1 0 
32 16 417 345 40 18 -1 -1 -1 0 
33 1 831 352 204 111 -1 -1 -1 0 
33 2 656 346 43 35 -1 -1 -1 0 
33 3 608 347 29 21 -1 -1 -1 0 
33 8 557 634 720 80 -1 -1 -1 0 
33 9 14 353 165 41 -1 -1 -1 0 
33 10 205 345 117 36 -1 -1 -1 0 
33 16 444 345 25 18 -1 -1 -1 0 
34 1 828 352 197 109 -1 -1 -1 0 
34 2 655 347 45 34 -1 -1 -1 0 
34 3 608 347 29 21 -1 -1 -1 0 
34 8 559 634 716 80 -1 -1 -1 0 
34 9 0 358 114 39 -1 -1 -1 0 
34 10 135 346 145 39 -1 -1 -1 0 
34 16 444 345 26 18 -1 -1 -1 0 
35 1 823 353 193 106 -1 -1 -1 0 
35 2 655 347 44 35 -1 -1 -1 0 
35 3 607 347 29 22 -1 -1 -1 0 
35 8 558 634 718 80 -1 -1 -1 0 
35 9 0 359 79 41 -1 -1 -1 0 
35 10 41 346 182 46 -1 -1 -1 0 
35 16 437 346 29 18 -1 -1 -1 0 
35 18 350 348 50 21 -1 -1 -1 0 
35 19 411 347 31 18 -1 -1 -1 0 
36 1 819 353 188 103 -1 -1 -1 0 
36 2 654 347 44 34 -1 -1 -1 0 
36 3 606 346 30 22 -1 -1 -1 0 
36 8 558 634 718 81 -1 -1 -1 0 
36 10 6 347 137 52 -1 -1 -1 0 
36 16 429 345 28 19 -1 -1 -1 0 
36 18 324 348 58 24 -1 -1 -1 0 
36 19 402 348 27 17 -1 -1 -1 0 
37 1 815 352 183 103 -1 -1 -1 0 
37 2 653 347 45 34 -1 -1 -1 0 
37 3 607 346 29 22 -1 -1 -1 0 
37 8 558 634 718 81 -1 -1 -1 0 
37 10 22 354 106 43 -1 -1 -1 0 
37 16 417 345 34 20 -1 -1 -1 0 
37 18 299 349 63 25 -1 -1 -1 0 
37 19 390 348 28 19 -1 -1 -1 0 
38 1 813 352 177 100 -1 -1 -1 0 
38 2 654 347 43 34 -1 -1 -1 0 
38 3 607 344 29 24 -1 -1 -1 0 
38 8 556 634 722 81 -1 -1 -1 0 
38 10 0 355 106 44 -1 -1 -1 0 
38 16 408 345 32 20 -1 -1 -1 0 
38 18 268 349 71 27 -1 -1 -1 0 
38 19 377 348 32 19 -1 -1 -1 0 
39 1 810 352 173 98 -1 -1 -1 0 
39 2 653 347 44 34 -1 -1 -1 0 
39 3 606 344 31 23 -1 -1 -1 0 
39 8 556 634 722 81 -1 -1 -1 0 
39 16 396 345 34 21 -1 -1 -1 0 
39 18 232 349 80 29 -1 -1 -1 0 
39 19 365 348 29 19 -1 -1 -1 0 
40 1 807 352 169 95 -1 -1 -1 0 
40 2 652 347 44 34 -1 -1 -1 0 
40 3 606 344 30 23 -1 -1 -1 0 
40 8 560 634 715 81 -1 -1 -1 0 
40 16 382 345 37 21 -1 -1 -1 0 
40 18 190 349 91 32 -1 -1 -1 0 
40 19 349 348 36 19 -1 -1 -1 0 
