3 1 722 341 30 26 -1 -1 -1 0 
3 2 675 338 15 17 -1 -1 -1 0 
4 1 722 341 30 26 -1 -1 -1 0 
4 2 674 338 17 16 -1 -1 -1 0 
4 3 560 635 716 79 -1 -1 -1 0 
5 1 721 341 32 26 -1 -1 -1 0 
5 2 675 339 15 16 -1 -1 -1 0 
5 3 559 635 716 80 -1 -1 -1 0 
6 1 720 341 32 25 -1 -1 -1 0 
6 2 675 338 16 16 -1 -1 -1 0 
6 3 557 635 718 80 -1 -1 -1 0 
7 1 721 340 31 26 -1 -1 -1 0 
7 2 675 338 15 15 -1 -1 -1 0 
8 1 721 340 31 25 -1 -1 -1 0 
8 2 674 338 16 15 -1 -1 -1 0 
9 1 720 340 32 25 -1 -1 -1 0 
9 2 674 338 16 15 -1 -1 -1 0 
10 1 721 340 30 24 -1 -1 -1 0 
10 2 674 338 15 15 -1 -1 -1 0 
11 1 720 340 32 25 -1 -1 -1 0 
11 2 674 339 15 14 -1 -1 -1 0 
12 1 722 341 30 26 -1 -1 -1 0 
12 2 674 340 16 14 -1 -1 -1 0 
13 1 722 343 31 25 -1 -1 -1 0 
13 2 675 341 14 15 -1 -1 -1 0 
14 1 722 344 31 25 -1 -1 -1 0 
14 2 674 342 15 15 -1 -1 -1 0 
15 1 723 344 31 25 -1 -1 -1 0 
15 2 674 342 14 15 -1 -1 -1 0 
15 3 563 634 714 80 -1 -1 -1 0 
16 1 723 344 31 25 -1 -1 -1 0 
16 2 673 341 16 16 -1 -1 -1 0 
16 3 563 633 714 81 -1 -1 -1 0 
17 1 723 344 30 24 -1 -1 -1 0 
17 2 673 340 16 16 -1 -1 -1 0 
18 1 723 343 30 24 -1 -1 -1 0 
18 2 674 339 14 17 -1 -1 -1 0 
19 1 722 341 30 25 -1 -1 -1 0 
19 2 673 338 16 16 -1 -1 -1 0 
20 1 721 341 32 24 -1 -1 -1 0 
20 2 673 337 16 16 -1 -1 -1 0 
21 1 721 341 32 24 -1 -1 -1 0 
21 2 673 337 16 16 -1 -1 -1 0 
22 1 722 341 30 24 -1 -1 -1 0 
22 2 673 337 16 16 -1 -1 -1 0 
23 1 722 342 30 25 -1 -1 -1 0 
23 2 673 338 16 16 -1 -1 -1 0 
24 1 722 342 30 25 -1 -1 -1 0 
24 2 673 338 16 16 -1 -1 -1 0 
25 1 721 344 32 23 -1 -1 -1 0 
25 2 672 340 16 15 -1 -1 -1 0 
26 1 723 343 29 25 -1 -1 -1 0 
26 2 673 340 15 15 -1 -1 -1 0 
26 4 440 349 28 17 -1 -1 -1 0 
27 1 722 343 31 25 -1 -1 -1 0 
27 2 673 340 15 16 -1 -1 -1 0 
27 4 429 349 30 18 -1 -1 -1 0 
27 5 721 343 32 25 -1 -1 -1 0 
28 1 721 343 32 24 -1 -1 -1 0 
28 2 673 339 15 16 -1 -1 -1 0 
28 4 422 350 31 18 -1 -1 -1 0 
28 5 721 343 32 25 -1 -1 -1 0 
29 1 721 342 32 24 -1 -1 -1 0 
29 2 673 339 15 16 -1 -1 -1 0 
29 4 405 350 33 20 -1 -1 -1 0 
30 1 721 341 32 25 -1 -1 -1 0 
30 2 673 337 15 17 -1 -1 -1 0 
30 4 391 349 34 22 -1 -1 -1 0 
31 1 722 339 29 26 -1 -1 -1 0 
31 2 673 337 15 16 -1 -1 -1 0 
31 4 374 349 40 22 -1 -1 -1 0 
31 5 837 344 30 14 -1 -1 -1 0 
32 1 721 339 30 26 -1 -1 -1 0 
32 2 672 336 15 17 -1 -1 -1 0 
32 4 358 349 41 23 -1 -1 -1 0 
32 5 848 344 28 14 -1 -1 -1 0 
33 1 720 338 31 25 -1 -1 -1 0 
33 2 670 336 17 16 -1 -1 -1 0 
33 4 338 348 44 24 -1 -1 -1 0 
33 5 868 344 26 13 -1 -1 -1 0 
34 1 719 338 32 25 -1 -1 -1 0 
34 2 669 337 18 15 -1 -1 -1 0 
34 4 316 348 48 25 -1 -1 -1 0 
35 1 719 338 31 25 -1 -1 -1 0 
35 2 669 337 17 15 -1 -1 -1 0 
35 4 301 348 50 26 -1 -1 -1 0 
36 1 719 338 30 26 -1 -1 -1 0 
36 2 670 337 16 16 -1 -1 -1 0 
36 3 562 634 714 80 -1 -1 -1 0 
37 1 718 338 32 26 -1 -1 -1 0 
37 2 670 337 15 16 -1 -1 -1 0 
37 3 562 635 714 80 -1 -1 -1 0 
38 1 719 338 30 26 -1 -1 -1 0 
38 2 669 336 17 17 -1 -1 -1 0 
38 4 188 353 73 36 -1 -1 -1 0 
39 1 719 338 30 27 -1 -1 -1 0 
39 2 668 336 18 17 -1 -1 -1 0 
39 3 560 635 714 80 -1 -1 -1 0 
39 4 165 354 76 37 -1 -1 -1 0 
40 1 719 338 30 27 -1 -1 -1 0 
40 2 669 336 17 17 -1 -1 -1 0 
40 3 560 635 714 80 -1 -1 -1 0 
