3 1 1 366 78 36 -1 -1 -1 0 
3 2 591 329 53 54 -1 -1 -1 0 
3 3 135 353 113 38 -1 -1 -1 0 
3 4 722 343 24 20 -1 -1 -1 0 
3 5 386 354 34 18 -1 -1 -1 0 
4 1 0 366 56 38 -1 -1 -1 0 
4 2 590 328 54 55 -1 -1 -1 0 
4 3 70 353 133 44 -1 -1 -1 0 
4 4 722 342 25 21 -1 -1 -1 0 
4 5 372 355 35 17 -1 -1 -1 0 
5 2 591 328 52 54 -1 -1 -1 0 
5 3 3 353 145 49 -1 -1 -1 0 
5 4 721 342 26 20 -1 -1 -1 0 
5 5 357 355 35 19 -1 -1 -1 0 
6 2 591 328 52 54 -1 -1 -1 0 
6 3 0 354 106 51 -1 -1 -1 0 
6 4 721 342 26 20 -1 -1 -1 0 
6 5 339 355 39 20 -1 -1 -1 0 
7 2 591 328 53 54 -1 -1 -1 0 
7 4 722 342 25 20 -1 -1 -1 0 
7 5 322 355 38 21 -1 -1 -1 0 
8 2 592 327 51 55 -1 -1 -1 0 
8 4 723 342 24 20 -1 -1 -1 0 
8 5 300 356 47 22 -1 -1 -1 0 
8 9 383 353 34 19 -1 -1 -1 0 
9 2 591 328 52 54 -1 -1 -1 0 
9 4 723 342 25 20 -1 -1 -1 0 
9 5 277 357 67 24 -1 -1 -1 0 
9 9 367 354 37 18 -1 -1 -1 0 
10 2 591 328 52 54 -1 -1 -1 0 
10 4 723 342 25 20 -1 -1 -1 0 
10 5 254 357 67 26 -1 -1 -1 0 
10 9 351 353 40 21 -1 -1 -1 0 
11 2 590 328 53 54 -1 -1 -1 0 
11 4 723 342 25 21 -1 -1 -1 0 
11 5 225 357 79 28 -1 -1 -1 0 
11 9 333 353 46 22 -1 -1 -1 0 
12 2 590 328 52 54 -1 -1 -1 0 
12 4 722 342 27 21 -1 -1 -1 0 
12 5 191 358 88 30 -1 -1 -1 0 
12 9 314 353 48 23 -1 -1 -1 0 
13 2 590 330 53 53 -1 -1 -1 0 
13 4 722 343 27 20 -1 -1 -1 0 
13 5 151 360 94 32 -1 -1 -1 0 
13 9 292 354 49 25 -1 -1 -1 0 
14 2 590 330 53 53 -1 -1 -1 0 
14 4 722 343 27 20 -1 -1 -1 0 
14 5 103 361 99 33 -1 -1 -1 0 
14 9 266 354 51 27 -1 -1 -1 0 
15 2 590 330 52 53 -1 -1 -1 0 
15 4 723 343 26 20 -1 -1 -1 0 
15 5 104 362 51 29 -1 -1 -1 0 
15 9 239 355 51 28 -1 -1 -1 0 
16 2 590 329 52 53 -1 -1 -1 0 
16 4 724 342 25 20 -1 -1 -1 0 
16 5 49 362 60 33 -1 -1 -1 0 
16 9 205 356 58 30 -1 -1 -1 0 
17 2 590 329 53 53 -1 -1 -1 0 
17 4 723 342 26 20 -1 -1 -1 0 
17 5 16 363 62 34 -1 -1 -1 0 
17 9 165 357 69 32 -1 -1 -1 0 
17 12 1 366 42 38 -1 -1 -1 0 
17 13 676 340 24 15 -1 -1 -1 0 
18 2 590 329 53 52 -1 -1 -1 0 
18 4 724 341 26 20 -1 -1 -1 0 
18 9 121 357 67 44 -1 -1 -1 0 
18 12 0 366 27 39 -1 -1 -1 0 
18 13 676 340 24 13 -1 -1 -1 0 
19 2 591 328 50 53 -1 -1 -1 0 
19 4 724 340 26 21 -1 -1 -1 0 
19 9 91 358 70 46 -1 -1 -1 0 
19 13 676 339 24 13 -1 -1 -1 0 
20 2 590 328 51 54 -1 -1 -1 0 
20 4 724 340 26 22 -1 -1 -1 0 
20 13 677 338 22 13 -1 -1 -1 0 
21 2 589 328 53 54 -1 -1 -1 0 
21 4 725 340 26 22 -1 -1 -1 0 
22 2 589 328 53 54 -1 -1 -1 0 
22 4 724 341 27 21 -1 -1 -1 0 
23 2 590 328 52 53 -1 -1 -1 0 
23 4 725 341 26 21 -1 -1 -1 0 
24 2 590 328 51 53 -1 -1 -1 0 
24 4 724 341 28 22 -1 -1 -1 0 
25 2 590 328 51 53 -1 -1 -1 0 
25 4 726 339 26 23 -1 -1 -1 0 
26 2 591 328 51 52 -1 -1 -1 0 
26 4 725 339 28 23 -1 -1 -1 0 
27 2 591 328 51 51 -1 -1 -1 0 
27 4 726 338 28 23 -1 -1 -1 0 
27 13 677 337 23 15 -1 -1 -1 0 
28 2 591 327 51 52 -1 -1 -1 0 
28 4 725 338 29 23 -1 -1 -1 0 
28 13 677 337 23 15 -1 -1 -1 0 
29 2 591 326 51 51 -1 -1 -1 0 
29 4 726 337 28 22 -1 -1 -1 0 
29 13 677 337 22 15 -1 -1 -1 0 
30 2 591 326 51 51 -1 -1 -1 0 
30 4 726 337 29 22 -1 -1 -1 0 
30 13 677 336 19 16 -1 -1 -1 0 
31 2 591 325 51 52 -1 -1 -1 0 
31 4 727 337 27 22 -1 -1 -1 0 
31 13 677 335 18 16 -1 -1 -1 0 
32 2 592 325 50 52 -1 -1 -1 0 
32 4 727 336 28 23 -1 -1 -1 0 
32 13 676 335 19 16 -1 -1 -1 0 
33 2 591 325 52 52 -1 -1 -1 0 
33 4 728 336 28 23 -1 -1 -1 0 
33 13 676 335 19 16 -1 -1 -1 0 
34 2 591 325 52 52 -1 -1 -1 0 
34 4 728 337 28 23 -1 -1 -1 0 
34 13 676 336 20 15 -1 -1 -1 0 
35 2 591 326 52 52 -1 -1 -1 0 
35 4 729 338 28 23 -1 -1 -1 0 
35 13 676 337 20 15 -1 -1 -1 0 
36 2 592 326 51 52 -1 -1 -1 0 
36 4 729 338 28 23 -1 -1 -1 0 
36 13 676 337 19 15 -1 -1 -1 0 
37 2 591 326 53 52 -1 -1 -1 0 
37 4 730 338 27 24 -1 -1 -1 0 
37 13 675 337 26 15 -1 -1 -1 0 
38 2 591 326 53 52 -1 -1 -1 0 
38 4 729 338 30 24 -1 -1 -1 0 
38 13 675 337 27 15 -1 -1 -1 0 
39 2 592 326 52 52 -1 -1 -1 0 
39 4 731 338 27 24 -1 -1 -1 0 
39 13 677 337 19 16 -1 -1 -1 0 
40 2 591 326 53 52 -1 -1 -1 0 
40 4 731 337 28 25 -1 -1 -1 0 
40 13 677 337 19 16 -1 -1 -1 0 
