3 1 793 342 99 71 -1 -1 -1 0 
3 2 1146 309 133 149 -1 -1 -1 0 
3 3 655 339 32 27 -1 -1 -1 0 
3 4 560 635 716 78 -1 -1 -1 0 
4 1 792 342 98 70 -1 -1 -1 0 
4 2 1143 308 136 150 -1 -1 -1 0 
4 3 655 339 33 27 -1 -1 -1 0 
4 4 562 635 713 79 -1 -1 -1 0 
5 1 792 342 95 69 -1 -1 -1 0 
5 2 1140 308 139 150 -1 -1 -1 0 
5 3 656 339 32 27 -1 -1 -1 0 
5 4 558 635 720 79 -1 -1 -1 0 
6 1 791 343 94 68 -1 -1 -1 0 
6 2 1139 306 139 151 -1 -1 -1 0 
6 3 657 339 33 27 -1 -1 -1 0 
6 4 563 634 712 80 -1 -1 -1 0 
7 1 788 343 96 67 -1 -1 -1 0 
7 2 1135 307 144 149 -1 -1 -1 0 
7 3 658 341 32 25 -1 -1 -1 0 
7 4 554 635 725 78 -1 -1 -1 0 
8 1 788 343 93 66 -1 -1 -1 0 
8 2 1132 307 147 148 -1 -1 -1 0 
8 3 659 339 30 25 -1 -1 -1 0 
8 4 558 635 718 78 -1 -1 -1 0 
8 5 1185 440 94 187 -1 -1 -1 0 
9 1 787 342 92 66 -1 -1 -1 0 
9 2 1130 307 149 147 -1 -1 -1 0 
9 3 659 339 31 25 -1 -1 -1 0 
9 4 558 635 719 78 -1 -1 -1 0 
9 5 1160 434 119 191 -1 -1 -1 0 
10 1 786 342 91 65 -1 -1 -1 0 
10 2 1128 306 151 143 -1 -1 -1 0 
10 3 659 340 32 24 -1 -1 -1 0 
10 4 559 635 717 79 -1 -1 -1 0 
10 5 1135 426 144 188 -1 -1 -1 0 
11 1 785 342 90 64 -1 -1 -1 0 
11 2 1125 305 154 135 -1 -1 -1 0 
11 3 659 341 33 23 -1 -1 -1 0 
11 4 559 635 718 79 -1 -1 -1 0 
11 5 1117 410 162 189 -1 -1 -1 0 
12 1 785 341 88 64 -1 -1 -1 0 
12 2 1123 305 156 125 -1 -1 -1 0 
12 3 660 341 32 23 -1 -1 -1 0 
12 4 561 635 714 79 -1 -1 -1 0 
12 5 1100 392 178 195 -1 -1 -1 0 
13 1 785 341 86 64 -1 -1 -1 0 
13 2 1125 305 154 119 -1 -1 -1 0 
13 3 662 342 30 21 -1 -1 -1 0 
13 4 555 636 724 78 -1 -1 -1 0 
13 5 1083 373 194 207 -1 -1 -1 0 
14 1 783 341 87 63 -1 -1 -1 0 
14 2 1122 305 157 113 -1 -1 -1 0 
14 3 664 341 28 22 -1 -1 -1 0 
14 4 560 636 716 78 -1 -1 -1 0 
14 5 1069 358 207 221 -1 -1 -1 0 
15 1 782 341 86 62 -1 -1 -1 0 
15 2 1121 304 158 104 -1 -1 -1 0 
15 3 664 341 29 22 -1 -1 -1 0 
15 4 560 636 715 78 -1 -1 -1 0 
15 5 1053 347 224 232 -1 -1 -1 0 
16 1 782 341 84 61 -1 -1 -1 0 
16 2 1124 304 155 96 -1 -1 -1 0 
16 3 663 343 32 20 -1 -1 -1 0 
16 4 561 635 713 79 -1 -1 -1 0 
16 5 1038 340 241 239 -1 -1 -1 0 
17 1 781 341 83 60 -1 -1 -1 0 
17 2 1123 304 156 86 -1 -1 -1 0 
17 3 665 343 29 20 -1 -1 -1 0 
17 4 558 635 718 79 -1 -1 -1 0 
17 5 1023 335 256 243 -1 -1 -1 0 
18 1 781 341 82 59 -1 -1 -1 0 
18 2 1143 305 136 54 -1 -1 -1 0 
18 3 666 343 29 20 -1 -1 -1 0 
18 4 559 635 718 80 -1 -1 -1 0 
18 5 1013 329 263 254 -1 -1 -1 0 
19 1 780 340 82 60 -1 -1 -1 0 
19 2 1156 305 118 45 -1 -1 -1 0 
19 3 666 344 30 19 -1 -1 -1 0 
19 4 558 635 719 79 -1 -1 -1 0 
19 5 1009 318 261 293 -1 -1 -1 0 
20 1 780 340 79 60 -1 -1 -1 0 
20 4 559 635 717 79 -1 -1 -1 0 
20 5 992 323 284 310 -1 -1 -1 0 
21 1 778 340 80 59 -1 -1 -1 0 
21 2 1170 303 108 36 -1 -1 -1 0 
21 4 559 634 717 80 -1 -1 -1 0 
21 5 977 326 302 312 -1 -1 -1 0 
22 1 778 340 79 59 -1 -1 -1 0 
22 2 1172 303 106 33 -1 -1 -1 0 
22 3 668 344 29 19 -1 -1 -1 0 
22 4 561 634 713 80 -1 -1 -1 0 
22 5 964 328 315 300 -1 -1 -1 0 
23 1 777 341 79 57 -1 -1 -1 0 
23 2 1177 302 98 37 -1 -1 -1 0 
23 3 668 344 30 19 -1 -1 -1 0 
23 4 559 634 717 80 -1 -1 -1 0 
23 5 955 329 324 286 -1 -1 -1 0 
24 1 777 341 77 57 -1 -1 -1 0 
24 2 1177 301 100 39 -1 -1 -1 0 
24 3 668 344 30 19 -1 -1 -1 0 
24 4 558 635 719 79 -1 -1 -1 0 
24 5 946 330 333 273 -1 -1 -1 0 
25 1 777 341 75 57 -1 -1 -1 0 
25 2 1181 300 95 36 -1 -1 -1 0 
25 3 669 341 28 22 -1 -1 -1 0 
25 4 559 635 717 80 -1 -1 -1 0 
25 5 939 330 340 260 -1 -1 -1 0 
26 1 776 341 75 57 -1 -1 -1 0 
26 3 669 341 29 23 -1 -1 -1 0 
26 4 559 635 717 80 -1 -1 -1 0 
26 5 933 329 346 250 -1 -1 -1 0 
27 1 775 342 74 55 -1 -1 -1 0 
27 2 1173 302 106 34 -1 -1 -1 0 
27 3 669 343 29 21 -1 -1 -1 0 
27 4 558 635 718 80 -1 -1 -1 0 
27 5 925 331 354 239 -1 -1 -1 0 
28 1 775 342 73 55 -1 -1 -1 0 
28 2 1174 303 104 35 -1 -1 -1 0 
28 3 669 343 29 21 -1 -1 -1 0 
28 4 558 636 718 79 -1 -1 -1 0 
28 5 918 332 361 229 -1 -1 -1 0 
29 1 774 342 73 54 -1 -1 -1 0 
29 2 1171 304 106 37 -1 -1 -1 0 
29 3 670 344 29 20 -1 -1 -1 0 
29 4 557 635 719 79 -1 -1 -1 0 
29 5 912 333 367 219 -1 -1 -1 0 
30 1 773 342 74 54 -1 -1 -1 0 
30 2 1177 303 95 54 -1 -1 -1 0 
30 3 671 344 28 19 -1 -1 -1 0 
30 4 558 634 718 79 -1 -1 -1 0 
30 5 908 334 371 212 -1 -1 -1 0 
30 18 13 377 79 29 -1 -1 -1 0 
31 1 773 342 72 53 -1 -1 -1 0 
31 2 1175 304 97 73 -1 -1 -1 0 
31 3 671 344 28 19 -1 -1 -1 0 
31 4 557 634 720 79 -1 -1 -1 0 
31 5 903 335 376 205 -1 -1 -1 0 
31 18 9 376 80 30 -1 -1 -1 0 
32 1 773 342 71 52 -1 -1 -1 0 
32 2 1180 308 88 120 -1 -1 -1 0 
32 3 672 343 27 20 -1 -1 -1 0 
32 4 559 635 718 78 -1 -1 -1 0 
32 5 897 335 382 198 -1 -1 -1 0 
32 20 358 362 43 14 -1 -1 -1 0 
33 1 772 342 71 52 -1 -1 -1 0 
33 2 1171 307 103 139 -1 -1 -1 0 
33 3 673 342 26 20 -1 -1 -1 0 
33 4 560 635 714 78 -1 -1 -1 0 
33 5 895 335 370 191 -1 -1 -1 0 
33 20 339 362 45 15 -1 -1 -1 0 
33 21 509 350 28 12 -1 -1 -1 0 
34 1 772 342 70 51 -1 -1 -1 0 
34 2 1162 305 117 143 -1 -1 -1 0 
34 3 673 342 27 20 -1 -1 -1 0 
34 4 560 635 717 78 -1 -1 -1 0 
34 5 892 336 353 185 -1 -1 -1 0 
34 20 316 362 49 17 -1 -1 -1 0 
34 21 500 350 30 12 -1 -1 -1 0 
35 1 772 342 69 51 -1 -1 -1 0 
35 2 1161 304 118 144 -1 -1 -1 0 
35 3 673 341 27 21 -1 -1 -1 0 
35 4 560 635 716 78 -1 -1 -1 0 
35 5 887 335 336 180 -1 -1 -1 0 
35 20 292 363 52 19 -1 -1 -1 0 
35 21 491 351 33 12 -1 -1 -1 0 
36 1 772 342 68 50 -1 -1 -1 0 
36 2 1154 303 125 147 -1 -1 -1 0 
36 3 673 341 27 21 -1 -1 -1 0 
36 4 557 635 721 78 -1 -1 -1 0 
36 5 882 335 321 175 -1 -1 -1 0 
36 20 263 365 61 19 -1 -1 -1 0 
36 21 482 352 34 12 -1 -1 -1 0 
37 1 773 342 66 50 -1 -1 -1 0 
37 2 1143 303 136 147 -1 -1 -1 0 
37 3 674 341 27 21 -1 -1 -1 0 
37 4 560 635 715 78 -1 -1 -1 0 
37 5 877 336 309 170 -1 -1 -1 0 
37 20 233 366 64 22 -1 -1 -1 0 
37 21 473 353 33 12 -1 -1 -1 0 
38 1 773 342 65 50 -1 -1 -1 0 
38 2 1134 304 145 147 -1 -1 -1 0 
38 3 674 342 28 20 -1 -1 -1 0 
38 4 566 633 704 81 -1 -1 -1 0 
38 5 872 335 296 166 -1 -1 -1 0 
38 20 198 368 71 24 -1 -1 -1 0 
38 21 464 353 33 13 -1 -1 -1 0 
39 1 772 342 66 50 -1 -1 -1 0 
39 2 1123 304 156 148 -1 -1 -1 0 
39 3 675 342 27 20 -1 -1 -1 0 
39 4 562 634 717 80 -1 -1 -1 0 
39 5 867 336 287 162 -1 -1 -1 0 
39 20 156 369 81 26 -1 -1 -1 0 
39 21 453 353 35 14 -1 -1 -1 0 
40 1 770 342 67 49 -1 -1 -1 0 
40 2 1118 304 161 148 -1 -1 -1 0 
40 3 674 342 28 20 -1 -1 -1 0 
40 4 561 634 716 80 -1 -1 -1 0 
40 5 865 337 275 157 -1 -1 -1 0 
40 20 106 372 96 27 -1 -1 -1 0 
40 21 442 353 37 14 -1 -1 -1 0 
