3 1 1032 345 154 59 -1 -1 -1 0 
3 2 66 360 110 39 -1 -1 -1 0 
3 3 768 340 60 46 -1 -1 -1 0 
3 4 1 359 60 44 -1 -1 -1 0 
3 5 724 346 28 21 -1 -1 -1 0 
3 6 609 348 34 26 -1 -1 -1 0 
3 7 379 347 53 30 -1 -1 -1 0 
3 8 428 350 50 20 -1 -1 -1 0 
3 9 557 635 719 81 -1 -1 -1 0 
4 1 1032 346 155 59 -1 -1 -1 0 
4 2 4 363 120 43 -1 -1 -1 0 
4 3 769 341 60 45 -1 -1 -1 0 
4 4 0 360 38 43 -1 -1 -1 0 
4 5 725 346 27 21 -1 -1 -1 0 
4 6 609 348 34 26 -1 -1 -1 0 
4 7 353 347 58 33 -1 -1 -1 0 
4 8 404 351 58 22 -1 -1 -1 0 
4 9 561 635 713 81 -1 -1 -1 0 
5 1 1034 345 154 60 -1 -1 -1 0 
5 2 0 365 61 44 -1 -1 -1 0 
5 3 770 341 60 45 -1 -1 -1 0 
5 5 725 345 27 23 -1 -1 -1 0 
5 6 609 348 34 26 -1 -1 -1 0 
5 7 321 348 66 35 -1 -1 -1 0 
5 8 376 352 66 24 -1 -1 -1 0 
5 9 557 634 720 82 -1 -1 -1 0 
6 1 1035 345 155 61 -1 -1 -1 0 
6 2 0 367 25 45 -1 -1 -1 0 
6 3 771 341 60 45 -1 -1 -1 0 
6 5 726 346 27 22 -1 -1 -1 0 
6 6 609 352 35 23 -1 -1 -1 0 
6 7 284 350 74 38 -1 -1 -1 0 
6 8 340 354 86 27 -1 -1 -1 0 
6 9 560 634 716 82 -1 -1 -1 0 
7 1 1035 346 157 60 -1 -1 -1 0 
7 3 772 340 60 47 -1 -1 -1 0 
7 5 726 346 27 23 -1 -1 -1 0 
7 6 610 352 33 23 -1 -1 -1 0 
7 7 238 351 89 42 -1 -1 -1 0 
7 8 300 355 92 30 -1 -1 -1 0 
7 9 559 633 717 83 -1 -1 -1 0 
7 11 1216 379 63 96 -1 -1 -1 0 
8 1 1036 347 158 60 -1 -1 -1 0 
8 3 771 343 63 45 -1 -1 -1 0 
8 5 727 347 27 23 -1 -1 -1 0 
8 6 610 350 34 26 -1 -1 -1 0 
8 7 182 353 103 48 -1 -1 -1 0 
8 8 250 357 104 35 -1 -1 -1 0 
8 9 557 635 722 80 -1 -1 -1 0 
8 11 1201 374 78 98 -1 -1 -1 0 
9 1 1037 347 159 61 -1 -1 -1 0 
9 3 772 343 62 46 -1 -1 -1 0 
9 5 727 347 27 24 -1 -1 -1 0 
9 6 611 349 33 27 -1 -1 -1 0 
9 7 103 354 125 54 -1 -1 -1 0 
9 8 177 360 135 39 -1 -1 -1 0 
9 9 562 635 716 80 -1 -1 -1 0 
9 11 1187 363 91 104 -1 -1 -1 0 
10 1 1038 346 156 61 -1 -1 -1 0 
10 3 773 341 61 47 -1 -1 -1 0 
10 5 726 347 29 23 -1 -1 -1 0 
10 6 610 350 35 25 -1 -1 -1 0 
10 7 45 359 203 54 -1 -1 -1 0 
10 8 138 362 144 41 -1 -1 -1 0 
10 9 564 635 710 81 -1 -1 -1 0 
10 11 1174 350 104 114 -1 -1 -1 0 
10 14 326 357 51 24 -1 -1 -1 0 
11 1 1038 345 155 60 -1 -1 -1 0 
11 3 773 341 63 47 -1 -1 -1 0 
11 5 726 347 28 22 -1 -1 -1 0 
11 6 610 350 35 25 -1 -1 -1 0 
11 7 5 364 165 56 -1 -1 -1 0 
11 9 561 635 715 81 -1 -1 -1 0 
11 11 1161 338 118 122 -1 -1 -1 0 
11 14 306 357 53 25 -1 -1 -1 0 
11 15 506 347 34 17 -1 -1 -1 0 
12 1 1038 345 156 59 -1 -1 -1 0 
12 3 773 341 63 47 -1 -1 -1 0 
12 5 727 347 27 22 -1 -1 -1 0 
12 6 611 349 34 26 -1 -1 -1 0 
12 7 0 366 134 59 -1 -1 -1 0 
12 9 561 635 717 80 -1 -1 -1 0 
12 11 1148 330 131 126 -1 -1 -1 0 
12 14 282 357 57 27 -1 -1 -1 0 
12 15 498 346 35 19 -1 -1 -1 0 
13 1 1040 344 152 59 -1 -1 -1 0 
13 3 773 341 63 46 -1 -1 -1 0 
13 5 727 346 27 22 -1 -1 -1 0 
13 6 611 348 35 26 -1 -1 -1 0 
13 9 574 635 701 80 -1 -1 -1 0 
13 11 1136 325 143 127 -1 -1 -1 0 
13 14 254 358 65 28 -1 -1 -1 0 
13 15 486 346 32 19 -1 -1 -1 0 
14 1 1042 344 143 59 -1 -1 -1 0 
14 3 774 341 62 46 -1 -1 -1 0 
14 5 727 346 27 22 -1 -1 -1 0 
14 6 610 348 36 26 -1 -1 -1 0 
14 9 564 636 714 78 -1 -1 -1 0 
14 11 1125 323 154 128 -1 -1 -1 0 
14 14 223 359 72 31 -1 -1 -1 0 
14 15 472 346 34 22 -1 -1 -1 0 
15 1 1044 344 129 58 -1 -1 -1 0 
15 3 774 341 63 46 -1 -1 -1 0 
15 5 727 346 27 22 -1 -1 -1 0 
15 6 611 349 35 25 -1 -1 -1 0 
15 9 563 636 713 78 -1 -1 -1 0 
15 11 1115 322 164 127 -1 -1 -1 0 
15 14 189 360 80 32 -1 -1 -1 0 
15 15 457 346 41 23 -1 -1 -1 0 
16 1 1047 344 102 56 -1 -1 -1 0 
16 3 774 341 64 46 -1 -1 -1 0 
16 5 727 346 28 22 -1 -1 -1 0 
16 6 612 348 33 25 -1 -1 -1 0 
16 9 563 636 713 78 -1 -1 -1 0 
16 11 1105 322 174 125 -1 -1 -1 0 
16 14 148 361 89 35 -1 -1 -1 0 
16 15 440 346 51 24 -1 -1 -1 0 
17 1 1044 344 101 55 -1 -1 -1 0 
17 3 775 341 64 46 -1 -1 -1 0 
17 5 727 346 29 22 -1 -1 -1 0 
17 6 612 347 34 26 -1 -1 -1 0 
17 9 562 636 714 78 -1 -1 -1 0 
17 11 1095 321 184 124 -1 -1 -1 0 
17 14 97 362 104 38 -1 -1 -1 0 
17 15 423 346 50 26 -1 -1 -1 0 
18 1 1045 345 92 53 -1 -1 -1 0 
18 3 776 341 63 47 -1 -1 -1 0 
18 5 727 346 29 22 -1 -1 -1 0 
18 6 612 348 35 25 -1 -1 -1 0 
18 9 577 636 694 79 -1 -1 -1 0 
18 11 1094 321 180 140 -1 -1 -1 0 
18 14 33 365 126 41 -1 -1 -1 0 
18 15 399 346 64 29 -1 -1 -1 0 
19 1 1045 345 88 52 -1 -1 -1 0 
19 3 777 341 63 47 -1 -1 -1 0 
19 5 727 346 28 22 -1 -1 -1 0 
19 6 614 347 32 26 -1 -1 -1 0 
19 9 563 636 714 79 -1 -1 -1 0 
19 11 1084 320 192 148 -1 -1 -1 0 
19 14 2 366 101 44 -1 -1 -1 0 
19 15 372 346 75 32 -1 -1 -1 0 
20 1 1047 345 82 52 -1 -1 -1 0 
20 3 777 341 64 47 -1 -1 -1 0 
20 5 728 346 27 23 -1 -1 -1 0 
20 6 614 348 32 25 -1 -1 -1 0 
20 9 559 636 719 79 -1 -1 -1 0 
20 11 1074 321 205 148 -1 -1 -1 0 
20 14 0 367 67 46 -1 -1 -1 0 
20 15 339 347 89 35 -1 -1 -1 0 
21 1 1048 346 75 50 -1 -1 -1 0 
21 3 777 341 65 48 -1 -1 -1 0 
21 5 728 346 28 23 -1 -1 -1 0 
21 6 614 348 32 25 -1 -1 -1 0 
21 9 567 635 708 80 -1 -1 -1 0 
21 11 1067 322 212 145 -1 -1 -1 0 
21 15 300 348 105 37 -1 -1 -1 0 
22 1 1048 345 70 51 -1 -1 -1 0 
22 3 777 340 66 48 -1 -1 -1 0 
22 5 728 346 28 23 -1 -1 -1 0 
22 6 615 347 32 25 -1 -1 -1 0 
22 9 561 635 716 80 -1 -1 -1 0 
22 11 1057 321 222 142 -1 -1 -1 0 
22 15 278 348 113 39 -1 -1 -1 0 
23 1 1048 345 65 50 -1 -1 -1 0 
23 3 778 341 65 47 -1 -1 -1 0 
23 5 726 346 30 23 -1 -1 -1 0 
23 6 614 349 33 24 -1 -1 -1 0 
23 9 570 635 706 79 -1 -1 -1 0 
23 11 1046 322 233 137 -1 -1 -1 0 
24 3 778 341 65 47 -1 -1 -1 0 
24 5 728 346 27 23 -1 -1 -1 0 
24 6 616 347 30 26 -1 -1 -1 0 
24 9 561 635 718 79 -1 -1 -1 0 
24 11 1043 322 236 133 -1 -1 -1 0 
25 3 778 341 65 48 -1 -1 -1 0 
25 5 728 346 27 23 -1 -1 -1 0 
25 6 615 347 32 26 -1 -1 -1 0 
25 9 559 635 718 79 -1 -1 -1 0 
25 11 1037 322 242 131 -1 -1 -1 0 
26 3 778 341 66 48 -1 -1 -1 0 
26 5 728 346 27 23 -1 -1 -1 0 
26 6 615 347 32 25 -1 -1 -1 0 
26 9 564 635 710 79 -1 -1 -1 0 
26 11 1030 325 249 125 -1 -1 -1 0 
27 3 778 341 66 48 -1 -1 -1 0 
27 5 727 345 28 24 -1 -1 -1 0 
27 6 614 347 33 25 -1 -1 -1 0 
27 9 559 635 718 79 -1 -1 -1 0 
27 11 1033 324 222 123 -1 -1 -1 0 
28 3 777 340 68 48 -1 -1 -1 0 
28 5 727 345 28 23 -1 -1 -1 0 
28 6 615 347 32 25 -1 -1 -1 0 
28 9 557 635 719 79 -1 -1 -1 0 
28 11 1016 325 260 119 -1 -1 -1 0 
28 21 374 356 36 16 -1 -1 -1 0 
29 3 778 340 67 48 -1 -1 -1 0 
29 5 727 345 28 23 -1 -1 -1 0 
29 6 615 347 31 24 -1 -1 -1 0 
29 9 559 635 716 80 -1 -1 -1 0 
29 11 1017 326 238 116 -1 -1 -1 0 
29 21 360 356 37 17 -1 -1 -1 0 
30 3 778 340 68 48 -1 -1 -1 0 
30 5 727 345 28 23 -1 -1 -1 0 
30 6 615 347 30 24 -1 -1 -1 0 
30 9 557 635 721 80 -1 -1 -1 0 
30 11 1018 326 188 112 -1 -1 -1 0 
30 21 345 357 31 17 -1 -1 -1 0 
31 3 779 340 67 48 -1 -1 -1 0 
31 5 727 345 28 22 -1 -1 -1 0 
31 6 614 348 32 23 -1 -1 -1 0 
31 9 560 635 714 80 -1 -1 -1 0 
31 11 995 325 270 113 -1 -1 -1 0 
31 21 325 357 37 18 -1 -1 -1 0 
31 23 370 351 58 25 -1 -1 -1 0 
32 3 779 339 67 50 -1 -1 -1 0 
32 5 727 345 27 23 -1 -1 -1 0 
32 6 614 348 32 22 -1 -1 -1 0 
32 9 558 635 718 80 -1 -1 -1 0 
32 11 997 325 273 110 -1 -1 -1 0 
32 21 306 358 41 19 -1 -1 -1 0 
32 23 352 352 57 28 -1 -1 -1 0 
33 3 778 340 69 49 -1 -1 -1 0 
33 5 726 345 29 23 -1 -1 -1 0 
33 6 616 348 29 23 -1 -1 -1 0 
33 9 561 635 715 80 -1 -1 -1 0 
33 11 997 325 260 110 -1 -1 -1 0 
33 21 287 359 37 20 -1 -1 -1 0 
33 23 321 352 66 32 -1 -1 -1 0 
34 3 779 340 68 49 -1 -1 -1 0 
34 5 726 345 29 23 -1 -1 -1 0 
34 6 615 348 31 23 -1 -1 -1 0 
34 9 561 635 715 80 -1 -1 -1 0 
34 11 994 325 251 109 -1 -1 -1 0 
34 21 272 360 38 20 -1 -1 -1 0 
34 23 281 351 85 35 -1 -1 -1 0 
35 3 779 341 68 49 -1 -1 -1 0 
35 5 726 345 28 24 -1 -1 -1 0 
35 6 616 348 29 23 -1 -1 -1 0 
35 9 560 635 717 80 -1 -1 -1 0 
35 11 987 325 250 108 -1 -1 -1 0 
35 15 297 352 52 30 -1 -1 -1 0 
35 23 241 354 90 38 -1 -1 -1 0 
36 3 778 341 70 49 -1 -1 -1 0 
36 5 726 345 29 23 -1 -1 -1 0 
36 6 615 347 31 24 -1 -1 -1 0 
36 9 558 635 718 80 -1 -1 -1 0 
36 11 980 326 256 106 -1 -1 -1 0 
36 15 284 352 54 31 -1 -1 -1 0 
36 23 185 355 104 43 -1 -1 -1 0 
36 25 446 350 41 19 -1 -1 -1 0 
37 3 779 341 68 50 -1 -1 -1 0 
37 5 727 346 27 23 -1 -1 -1 0 
37 6 615 348 31 24 -1 -1 -1 0 
37 9 557 636 721 78 -1 -1 -1 0 
37 11 978 327 241 103 -1 -1 -1 0 
37 15 246 354 72 35 -1 -1 -1 0 
37 23 107 356 134 50 -1 -1 -1 0 
37 25 437 351 41 21 -1 -1 -1 0 
38 3 778 341 70 50 -1 -1 -1 0 
38 5 726 346 29 23 -1 -1 -1 0 
38 6 615 348 30 24 -1 -1 -1 0 
38 9 563 636 709 79 -1 -1 -1 0 
38 11 976 328 220 100 -1 -1 -1 0 
38 15 238 354 77 36 -1 -1 -1 0 
38 21 160 365 50 28 -1 -1 -1 0 
38 23 9 361 165 54 -1 -1 -1 0 
38 25 427 351 41 22 -1 -1 -1 0 
39 3 778 341 70 50 -1 -1 -1 0 
39 5 724 346 31 23 -1 -1 -1 0 
39 6 615 348 30 24 -1 -1 -1 0 
39 9 561 636 714 79 -1 -1 -1 0 
39 11 969 330 211 96 -1 -1 -1 0 
39 21 85 367 88 31 -1 -1 -1 0 
39 23 0 364 80 56 -1 -1 -1 0 
39 25 414 351 44 23 -1 -1 -1 0 
40 3 778 341 70 50 -1 -1 -1 0 
40 5 725 346 29 23 -1 -1 -1 0 
40 6 616 348 29 23 -1 -1 -1 0 
40 9 567 634 706 81 -1 -1 -1 0 
40 11 964 330 207 95 -1 -1 -1 0 
40 21 11 369 108 34 -1 -1 -1 0 
40 23 0 365 30 59 -1 -1 -1 0 
40 25 400 351 47 25 -1 -1 -1 0 
40 27 1104 343 140 67 -1 -1 -1 0 
