3 1 561 352 57 40 -1 -1 -1 0 
3 2 737 346 42 29 -1 -1 -1 0 
3 3 667 347 37 28 -1 -1 -1 0 
3 4 716 343 26 20 -1 -1 -1 0 
3 5 638 343 18 16 -1 -1 -1 0 
3 6 934 331 79 42 -1 -1 -1 0 
4 1 562 352 57 39 -1 -1 -1 0 
4 2 737 344 42 31 -1 -1 -1 0 
4 3 668 346 35 28 -1 -1 -1 0 
4 4 717 344 25 18 -1 -1 -1 0 
4 5 637 342 20 16 -1 -1 -1 0 
4 6 934 332 81 40 -1 -1 -1 0 
5 1 564 351 54 39 -1 -1 -1 0 
5 2 736 344 44 31 -1 -1 -1 0 
5 3 668 346 36 27 -1 -1 -1 0 
5 4 717 344 24 18 -1 -1 -1 0 
5 5 637 342 20 15 -1 -1 -1 0 
5 6 935 332 83 39 -1 -1 -1 0 
6 1 564 350 56 40 -1 -1 -1 0 
6 2 737 344 43 30 -1 -1 -1 0 
6 3 668 345 36 28 -1 -1 -1 0 
6 4 718 341 23 20 -1 -1 -1 0 
6 5 637 341 20 15 -1 -1 -1 0 
6 6 938 330 80 41 -1 -1 -1 0 
6 7 559 636 719 77 -1 -1 -1 0 
7 1 565 350 56 39 -1 -1 -1 0 
7 2 738 343 42 31 -1 -1 -1 0 
7 3 668 344 37 28 -1 -1 -1 0 
7 4 716 341 26 19 -1 -1 -1 0 
7 5 638 341 19 15 -1 -1 -1 0 
7 6 938 330 83 40 -1 -1 -1 0 
7 7 564 636 711 77 -1 -1 -1 0 
8 1 568 350 52 38 -1 -1 -1 0 
8 2 737 342 44 32 -1 -1 -1 0 
8 3 669 342 35 29 -1 -1 -1 0 
8 4 716 342 27 17 -1 -1 -1 0 
8 5 638 340 19 15 -1 -1 -1 0 
8 6 940 329 82 41 -1 -1 -1 0 
8 7 562 635 713 78 -1 -1 -1 0 
9 1 567 350 55 38 -1 -1 -1 0 
9 2 737 342 44 31 -1 -1 -1 0 
9 3 668 343 37 28 -1 -1 -1 0 
9 4 717 342 24 18 -1 -1 -1 0 
9 5 637 341 20 14 -1 -1 -1 0 
9 6 940 329 83 41 -1 -1 -1 0 
9 7 558 635 720 78 -1 -1 -1 0 
10 1 568 350 54 38 -1 -1 -1 0 
10 2 738 342 43 31 -1 -1 -1 0 
10 3 669 342 35 29 -1 -1 -1 0 
10 4 716 342 26 18 -1 -1 -1 0 
10 5 637 341 21 14 -1 -1 -1 0 
10 6 940 329 84 41 -1 -1 -1 0 
10 7 564 635 712 79 -1 -1 -1 0 
11 1 569 350 53 37 -1 -1 -1 0 
11 2 739 342 42 31 -1 -1 -1 0 
11 3 670 341 34 30 -1 -1 -1 0 
11 4 717 342 24 17 -1 -1 -1 0 
11 5 639 341 18 13 -1 -1 -1 0 
11 6 940 329 85 41 -1 -1 -1 0 
11 7 563 635 715 79 -1 -1 -1 0 
12 1 571 349 51 37 -1 -1 -1 0 
12 2 739 341 43 32 -1 -1 -1 0 
12 3 670 341 34 30 -1 -1 -1 0 
12 4 716 343 26 16 -1 -1 -1 0 
12 5 638 341 20 13 -1 -1 -1 0 
12 6 941 330 86 40 -1 -1 -1 0 
12 7 565 636 713 77 -1 -1 -1 0 
13 1 571 349 52 37 -1 -1 -1 0 
13 2 738 341 44 32 -1 -1 -1 0 
13 3 669 342 35 29 -1 -1 -1 0 
13 4 717 343 23 16 -1 -1 -1 0 
13 5 639 340 18 14 -1 -1 -1 0 
13 6 943 327 83 43 -1 -1 -1 0 
13 7 561 636 716 77 -1 -1 -1 0 
14 1 572 349 51 36 -1 -1 -1 0 
14 2 738 341 44 32 -1 -1 -1 0 
14 3 669 342 35 29 -1 -1 -1 0 
14 4 716 343 25 16 -1 -1 -1 0 
14 5 638 340 20 13 -1 -1 -1 0 
14 6 942 327 87 44 -1 -1 -1 0 
14 7 562 636 715 76 -1 -1 -1 0 
15 1 572 349 51 36 -1 -1 -1 0 
15 2 739 341 43 31 -1 -1 -1 0 
15 3 669 342 36 29 -1 -1 -1 0 
15 4 717 341 23 18 -1 -1 -1 0 
15 5 638 340 20 13 -1 -1 -1 0 
15 6 943 326 89 45 -1 -1 -1 0 
15 7 564 635 708 79 -1 -1 -1 0 
16 1 574 348 49 36 -1 -1 -1 0 
16 2 739 341 43 31 -1 -1 -1 0 
16 3 669 343 36 27 -1 -1 -1 0 
16 4 716 341 25 17 -1 -1 -1 0 
16 5 639 340 19 12 -1 -1 -1 0 
16 6 943 327 89 44 -1 -1 -1 0 
16 7 557 635 722 79 -1 -1 -1 0 
17 1 575 348 48 36 -1 -1 -1 0 
17 2 738 341 44 31 -1 -1 -1 0 
17 3 669 341 35 28 -1 -1 -1 0 
17 4 717 340 23 18 -1 -1 -1 0 
17 5 640 340 17 12 -1 -1 -1 0 
17 6 945 327 88 44 -1 -1 -1 0 
17 7 559 635 718 79 -1 -1 -1 0 
18 1 575 347 49 36 -1 -1 -1 0 
18 2 739 341 42 30 -1 -1 -1 0 
18 3 668 341 36 28 -1 -1 -1 0 
18 4 716 339 24 19 -1 -1 -1 0 
18 5 640 339 17 13 -1 -1 -1 0 
18 6 946 327 88 44 -1 -1 -1 0 
18 7 558 635 719 79 -1 -1 -1 0 
19 1 575 346 50 36 -1 -1 -1 0 
19 2 738 340 45 31 -1 -1 -1 0 
19 3 669 341 35 27 -1 -1 -1 0 
19 4 716 340 25 17 -1 -1 -1 0 
19 5 640 339 17 13 -1 -1 -1 0 
19 6 946 327 90 44 -1 -1 -1 0 
19 7 561 635 713 79 -1 -1 -1 0 
20 1 577 346 48 36 -1 -1 -1 0 
20 2 739 340 43 31 -1 -1 -1 0 
20 3 669 340 35 28 -1 -1 -1 0 
20 4 717 340 23 17 -1 -1 -1 0 
20 5 640 338 18 14 -1 -1 -1 0 
20 6 948 327 89 43 -1 -1 -1 0 
20 7 560 635 714 79 -1 -1 -1 0 
21 1 577 347 49 35 -1 -1 -1 0 
21 2 738 341 45 30 -1 -1 -1 0 
21 3 670 340 34 28 -1 -1 -1 0 
21 4 717 340 23 18 -1 -1 -1 0 
21 5 640 338 17 14 -1 -1 -1 0 
21 6 949 327 87 44 -1 -1 -1 0 
21 7 559 634 717 81 -1 -1 -1 0 
22 1 577 347 50 35 -1 -1 -1 0 
22 2 739 341 43 30 -1 -1 -1 0 
22 3 670 340 35 28 -1 -1 -1 0 
22 4 717 340 23 18 -1 -1 -1 0 
22 5 639 338 19 14 -1 -1 -1 0 
22 6 950 327 89 44 -1 -1 -1 0 
22 7 565 634 710 80 -1 -1 -1 0 
23 1 579 347 48 34 -1 -1 -1 0 
23 2 739 340 43 32 -1 -1 -1 0 
23 3 668 341 37 27 -1 -1 -1 0 
23 4 717 339 23 19 -1 -1 -1 0 
23 5 640 338 17 13 -1 -1 -1 0 
23 6 951 327 89 44 -1 -1 -1 0 
23 7 560 635 718 79 -1 -1 -1 0 
24 1 579 347 48 34 -1 -1 -1 0 
24 2 739 340 43 32 -1 -1 -1 0 
24 3 669 341 35 27 -1 -1 -1 0 
24 4 716 340 25 18 -1 -1 -1 0 
24 5 640 338 17 14 -1 -1 -1 0 
24 6 952 327 90 45 -1 -1 -1 0 
24 7 560 635 717 79 -1 -1 -1 0 
25 1 579 347 48 33 -1 -1 -1 0 
25 2 739 340 44 32 -1 -1 -1 0 
25 3 669 341 35 27 -1 -1 -1 0 
25 4 717 340 23 18 -1 -1 -1 0 
25 5 640 338 18 14 -1 -1 -1 0 
25 6 952 326 90 46 -1 -1 -1 0 
25 7 560 635 716 80 -1 -1 -1 0 
25 8 1228 478 51 136 -1 -1 -1 0 
26 1 580 347 48 33 -1 -1 -1 0 
26 2 739 340 44 32 -1 -1 -1 0 
26 3 668 342 36 26 -1 -1 -1 0 
26 4 716 341 25 17 -1 -1 -1 0 
26 5 640 338 17 13 -1 -1 -1 0 
26 6 952 326 93 46 -1 -1 -1 0 
26 7 563 635 714 79 -1 -1 -1 0 
26 8 1216 473 63 149 -1 -1 -1 0 
27 1 581 346 46 33 -1 -1 -1 0 
27 2 739 340 44 32 -1 -1 -1 0 
27 3 669 342 34 25 -1 -1 -1 0 
27 4 716 341 25 17 -1 -1 -1 0 
27 5 640 338 17 13 -1 -1 -1 0 
27 6 953 326 93 46 -1 -1 -1 0 
27 7 567 635 711 79 -1 -1 -1 0 
27 8 1206 467 73 162 -1 -1 -1 0 
28 1 581 346 47 32 -1 -1 -1 0 
28 2 739 339 45 32 -1 -1 -1 0 
28 3 669 342 34 26 -1 -1 -1 0 
28 4 717 341 23 17 -1 -1 -1 0 
28 5 640 338 16 13 -1 -1 -1 0 
28 6 955 326 92 46 -1 -1 -1 0 
28 7 565 635 711 79 -1 -1 -1 0 
28 8 1197 463 82 168 -1 -1 -1 0 
29 1 581 346 47 32 -1 -1 -1 0 
29 2 739 340 45 32 -1 -1 -1 0 
29 3 669 342 33 26 -1 -1 -1 0 
29 4 717 341 23 17 -1 -1 -1 0 
29 5 640 338 17 13 -1 -1 -1 0 
29 6 955 326 92 46 -1 -1 -1 0 
29 7 566 635 709 79 -1 -1 -1 0 
29 8 1187 461 92 173 -1 -1 -1 0 
30 1 583 346 44 32 -1 -1 -1 0 
30 2 739 340 45 32 -1 -1 -1 0 
30 3 669 343 33 25 -1 -1 -1 0 
30 4 717 342 23 16 -1 -1 -1 0 
30 5 640 338 17 13 -1 -1 -1 0 
30 6 955 327 94 45 -1 -1 -1 0 
30 7 563 634 712 80 -1 -1 -1 0 
30 8 1178 459 101 171 -1 -1 -1 0 
31 1 584 346 44 32 -1 -1 -1 0 
31 2 739 340 45 32 -1 -1 -1 0 
31 3 669 342 34 26 -1 -1 -1 0 
31 4 716 340 23 18 -1 -1 -1 0 
31 5 640 338 16 13 -1 -1 -1 0 
31 6 956 327 93 45 -1 -1 -1 0 
31 7 559 634 718 80 -1 -1 -1 0 
31 8 1170 457 109 170 -1 -1 -1 0 
32 1 584 346 44 32 -1 -1 -1 0 
32 2 739 340 45 32 -1 -1 -1 0 
32 3 667 342 37 26 -1 -1 -1 0 
32 4 716 340 23 18 -1 -1 -1 0 
32 5 640 338 16 13 -1 -1 -1 0 
32 6 957 327 93 46 -1 -1 -1 0 
32 7 560 634 716 81 -1 -1 -1 0 
32 8 1163 455 116 169 -1 -1 -1 0 
33 1 584 346 44 32 -1 -1 -1 0 
33 2 739 340 45 33 -1 -1 -1 0 
33 3 667 342 37 26 -1 -1 -1 0 
33 4 715 340 25 19 -1 -1 -1 0 
33 5 640 338 16 13 -1 -1 -1 0 
33 6 958 327 93 46 -1 -1 -1 0 
33 7 558 635 721 80 -1 -1 -1 0 
33 8 1155 454 124 167 -1 -1 -1 0 
34 1 585 346 42 31 -1 -1 -1 0 
34 2 739 340 45 33 -1 -1 -1 0 
34 3 668 342 34 26 -1 -1 -1 0 
34 4 715 340 25 18 -1 -1 -1 0 
34 5 639 338 18 13 -1 -1 -1 0 
34 6 958 326 95 47 -1 -1 -1 0 
34 7 561 635 716 80 -1 -1 -1 0 
34 8 1149 447 130 170 -1 -1 -1 0 
35 1 584 346 45 31 -1 -1 -1 0 
35 2 739 340 45 33 -1 -1 -1 0 
35 3 668 343 35 25 -1 -1 -1 0 
35 4 715 340 25 18 -1 -1 -1 0 
35 5 639 337 18 14 -1 -1 -1 0 
35 6 959 326 95 47 -1 -1 -1 0 
35 7 563 635 712 80 -1 -1 -1 0 
35 8 1141 447 138 166 -1 -1 -1 0 
36 1 585 345 43 31 -1 -1 -1 0 
36 2 738 340 46 33 -1 -1 -1 0 
36 3 669 343 33 25 -1 -1 -1 0 
36 4 715 340 24 18 -1 -1 -1 0 
36 5 639 338 18 12 -1 -1 -1 0 
36 6 960 326 96 47 -1 -1 -1 0 
36 7 567 635 708 80 -1 -1 -1 0 
36 8 1135 447 144 164 -1 -1 -1 0 
37 1 587 345 41 31 -1 -1 -1 0 
37 2 739 340 45 33 -1 -1 -1 0 
37 3 667 344 36 24 -1 -1 -1 0 
37 4 715 342 25 16 -1 -1 -1 0 
37 5 639 338 18 12 -1 -1 -1 0 
37 6 961 326 95 47 -1 -1 -1 0 
37 7 559 635 720 79 -1 -1 -1 0 
37 8 1132 443 147 168 -1 -1 -1 0 
38 1 586 346 43 30 -1 -1 -1 0 
38 2 738 340 46 33 -1 -1 -1 0 
38 3 668 343 34 25 -1 -1 -1 0 
38 4 715 341 23 17 -1 -1 -1 0 
38 5 639 338 17 12 -1 -1 -1 0 
38 6 960 326 98 47 -1 -1 -1 0 
38 7 562 635 716 79 -1 -1 -1 0 
38 8 1126 442 152 170 -1 -1 -1 0 
39 1 587 345 42 30 -1 -1 -1 0 
39 2 738 340 46 33 -1 -1 -1 0 
39 3 667 345 35 23 -1 -1 -1 0 
39 4 714 342 25 16 -1 -1 -1 0 
39 5 639 338 17 12 -1 -1 -1 0 
39 6 960 327 102 46 -1 -1 -1 0 
39 7 561 635 716 79 -1 -1 -1 0 
39 8 1119 438 160 174 -1 -1 -1 0 
39 9 303 353 49 23 -1 -1 -1 0 
40 1 587 345 43 30 -1 -1 -1 0 
40 2 738 340 46 33 -1 -1 -1 0 
40 3 667 345 35 23 -1 -1 -1 0 
40 4 714 342 25 16 -1 -1 -1 0 
40 6 963 327 97 46 -1 -1 -1 0 
40 7 565 635 708 79 -1 -1 -1 0 
40 8 1114 433 164 179 -1 -1 -1 0 
40 9 277 353 52 23 -1 -1 -1 0 
