3 1 1 366 65 42 -1 -1 -1 0 
3 2 563 322 70 67 -1 -1 -1 0 
4 1 0 367 45 42 -1 -1 -1 0 
4 2 564 322 70 67 -1 -1 -1 0 
5 2 564 322 70 67 -1 -1 -1 0 
6 2 563 322 72 67 -1 -1 -1 0 
7 2 565 322 69 66 -1 -1 -1 0 
8 2 565 322 70 66 -1 -1 -1 0 
8 8 729 336 33 29 -1 -1 -1 0 
9 2 565 323 71 65 -1 -1 -1 0 
9 8 729 336 34 29 -1 -1 -1 0 
10 2 567 323 68 66 -1 -1 -1 0 
10 8 730 336 32 29 -1 -1 -1 0 
11 2 567 323 68 66 -1 -1 -1 0 
11 8 730 336 33 29 -1 -1 -1 0 
12 2 567 323 69 66 -1 -1 -1 0 
12 8 730 336 33 29 -1 -1 -1 0 
13 2 568 323 68 66 -1 -1 -1 0 
13 8 729 336 35 29 -1 -1 -1 0 
14 2 568 323 67 66 -1 -1 -1 0 
14 8 730 336 33 29 -1 -1 -1 0 
15 2 567 323 70 66 -1 -1 -1 0 
15 8 729 336 35 29 -1 -1 -1 0 
16 2 568 324 68 65 -1 -1 -1 0 
16 8 728 335 36 31 -1 -1 -1 0 
17 2 568 324 68 64 -1 -1 -1 0 
17 8 729 336 36 30 -1 -1 -1 0 
18 2 568 323 67 65 -1 -1 -1 0 
18 8 730 336 34 30 -1 -1 -1 0 
19 2 569 323 66 65 -1 -1 -1 0 
19 8 729 336 37 30 -1 -1 -1 0 
20 2 569 322 66 66 -1 -1 -1 0 
20 8 729 336 37 30 -1 -1 -1 0 
21 2 569 322 68 66 -1 -1 -1 0 
21 8 731 336 34 30 -1 -1 -1 0 
22 2 570 322 66 66 -1 -1 -1 0 
22 8 730 336 35 30 -1 -1 -1 0 
23 2 569 323 68 65 -1 -1 -1 0 
23 8 730 337 37 29 -1 -1 -1 0 
24 2 570 323 67 65 -1 -1 -1 0 
24 8 730 337 37 30 -1 -1 -1 0 
25 2 570 324 68 64 -1 -1 -1 0 
25 8 731 337 36 30 -1 -1 -1 0 
26 2 570 324 68 64 -1 -1 -1 0 
26 8 731 337 37 30 -1 -1 -1 0 
27 2 571 325 67 63 -1 -1 -1 0 
27 8 731 337 38 30 -1 -1 -1 0 
28 2 572 324 66 64 -1 -1 -1 0 
28 8 732 337 37 30 -1 -1 -1 0 
29 2 572 324 66 64 -1 -1 -1 0 
29 8 732 337 38 30 -1 -1 -1 0 
30 2 572 324 66 63 -1 -1 -1 0 
30 8 732 336 39 31 -1 -1 -1 0 
31 2 571 324 68 63 -1 -1 -1 0 
31 8 732 336 39 31 -1 -1 -1 0 
32 2 571 324 68 63 -1 -1 -1 0 
32 8 732 336 39 31 -1 -1 -1 0 
33 2 571 324 68 63 -1 -1 -1 0 
33 8 733 336 39 31 -1 -1 -1 0 
34 2 571 324 67 64 -1 -1 -1 0 
34 8 733 338 39 30 -1 -1 -1 0 
35 2 572 324 66 64 -1 -1 -1 0 
35 8 733 338 39 30 -1 -1 -1 0 
36 2 572 325 67 63 -1 -1 -1 0 
36 8 734 338 38 30 -1 -1 -1 0 
37 2 573 323 65 65 -1 -1 -1 0 
37 8 734 338 39 30 -1 -1 -1 0 
38 2 573 323 65 65 -1 -1 -1 0 
38 8 735 337 38 31 -1 -1 -1 0 
39 2 573 324 66 64 -1 -1 -1 0 
39 8 735 337 39 31 -1 -1 -1 0 
40 2 575 323 63 65 -1 -1 -1 0 
40 8 735 337 39 31 -1 -1 -1 0 
