3 1 55 347 105 38 -1 -1 -1 0 
3 2 697 348 34 20 -1 -1 -1 0 
3 3 561 339 55 47 -1 -1 -1 0 
3 4 661 345 20 13 -1 -1 -1 0 
4 1 4 347 107 42 -1 -1 -1 0 
4 2 698 348 33 20 -1 -1 -1 0 
4 3 562 340 55 46 -1 -1 -1 0 
4 4 660 344 22 15 -1 -1 -1 0 
4 6 562 340 54 47 -1 -1 -1 0 
4 7 327 347 33 16 -1 -1 -1 0 
5 1 0 347 52 43 -1 -1 -1 0 
5 2 698 348 33 20 -1 -1 -1 0 
5 3 563 340 54 46 -1 -1 -1 0 
5 4 661 344 21 15 -1 -1 -1 0 
5 6 562 340 55 46 -1 -1 -1 0 
5 7 315 348 34 15 -1 -1 -1 0 
5 9 386 342 46 19 -1 -1 -1 0 
6 1 0 347 18 45 -1 -1 -1 0 
6 2 698 348 34 20 -1 -1 -1 0 
6 3 563 340 54 45 -1 -1 -1 0 
6 4 660 344 22 15 -1 -1 -1 0 
6 6 563 339 53 47 -1 -1 -1 0 
6 7 301 347 35 18 -1 -1 -1 0 
6 9 378 342 47 21 -1 -1 -1 0 
7 2 698 347 34 21 -1 -1 -1 0 
7 3 564 340 52 45 -1 -1 -1 0 
7 4 660 344 23 15 -1 -1 -1 0 
7 6 563 340 54 46 -1 -1 -1 0 
7 7 285 348 40 18 -1 -1 -1 0 
7 9 368 342 46 22 -1 -1 -1 0 
8 2 698 347 34 21 -1 -1 -1 0 
8 3 563 340 54 45 -1 -1 -1 0 
8 4 661 344 21 15 -1 -1 -1 0 
8 6 563 340 55 45 -1 -1 -1 0 
8 7 269 348 41 19 -1 -1 -1 0 
8 9 356 342 50 22 -1 -1 -1 0 
8 12 429 343 18 12 -1 -1 -1 0 
9 2 697 348 36 20 -1 -1 -1 0 
9 3 565 339 51 46 -1 -1 -1 0 
9 4 661 344 21 15 -1 -1 -1 0 
9 6 565 340 52 45 -1 -1 -1 0 
9 7 250 349 45 20 -1 -1 -1 0 
9 9 343 342 49 24 -1 -1 -1 0 
9 12 426 343 19 12 -1 -1 -1 0 
9 13 558 633 719 82 -1 -1 -1 0 
10 2 697 348 36 19 -1 -1 -1 0 
10 3 564 340 53 45 -1 -1 -1 0 
10 4 662 344 20 15 -1 -1 -1 0 
10 6 565 340 52 45 -1 -1 -1 0 
10 7 228 349 50 22 -1 -1 -1 0 
10 9 327 341 52 27 -1 -1 -1 0 
10 12 423 342 20 14 -1 -1 -1 0 
10 13 557 634 721 81 -1 -1 -1 0 
11 2 698 349 34 19 -1 -1 -1 0 
11 3 565 340 53 45 -1 -1 -1 0 
11 4 663 344 19 15 -1 -1 -1 0 
11 6 565 340 53 45 -1 -1 -1 0 
11 7 204 349 54 24 -1 -1 -1 0 
11 9 306 342 58 27 -1 -1 -1 0 
11 12 421 342 21 14 -1 -1 -1 0 
11 13 558 634 719 80 -1 -1 -1 0 
12 2 699 349 33 19 -1 -1 -1 0 
12 4 663 343 20 16 -1 -1 -1 0 
12 6 566 340 51 44 -1 -1 -1 0 
12 7 176 350 60 25 -1 -1 -1 0 
12 9 282 342 63 29 -1 -1 -1 0 
12 13 557 634 720 80 -1 -1 -1 0 
13 2 699 347 33 21 -1 -1 -1 0 
13 4 662 343 22 15 -1 -1 -1 0 
13 6 568 340 49 44 -1 -1 -1 0 
13 7 144 350 68 27 -1 -1 -1 0 
13 9 252 342 76 30 -1 -1 -1 0 
13 12 412 343 35 16 -1 -1 -1 0 
13 13 558 634 718 79 -1 -1 -1 0 
14 2 699 347 34 20 -1 -1 -1 0 
14 4 663 343 21 15 -1 -1 -1 0 
14 6 568 340 49 44 -1 -1 -1 0 
14 7 106 350 76 29 -1 -1 -1 0 
14 9 235 341 80 33 -1 -1 -1 0 
14 12 408 343 34 17 -1 -1 -1 0 
14 13 580 635 693 79 -1 -1 -1 0 
15 2 699 347 34 20 -1 -1 -1 0 
15 4 664 343 20 15 -1 -1 -1 0 
15 6 568 340 50 44 -1 -1 -1 0 
15 7 59 350 89 33 -1 -1 -1 0 
15 9 174 343 98 35 -1 -1 -1 0 
15 12 399 343 38 18 -1 -1 -1 0 
15 13 574 635 704 78 -1 -1 -1 0 
16 2 700 347 33 21 -1 -1 -1 0 
16 4 663 343 22 15 -1 -1 -1 0 
16 6 568 340 50 44 -1 -1 -1 0 
16 7 7 351 99 35 -1 -1 -1 0 
16 9 118 343 117 39 -1 -1 -1 0 
16 12 390 343 37 19 -1 -1 -1 0 
16 13 576 635 702 78 -1 -1 -1 0 
17 2 699 348 35 20 -1 -1 -1 0 
17 4 664 343 20 15 -1 -1 -1 0 
17 6 569 340 48 44 -1 -1 -1 0 
17 7 0 351 42 36 -1 -1 -1 0 
17 9 44 343 144 44 -1 -1 -1 0 
17 12 375 343 44 20 -1 -1 -1 0 
17 13 566 635 710 79 -1 -1 -1 0 
18 2 700 348 33 20 -1 -1 -1 0 
18 3 569 340 48 43 -1 -1 -1 0 
18 4 664 343 21 15 -1 -1 -1 0 
18 6 569 341 49 42 -1 -1 -1 0 
18 7 0 351 8 38 -1 -1 -1 0 
18 9 4 344 122 47 -1 -1 -1 0 
18 12 360 343 52 21 -1 -1 -1 0 
18 13 561 634 716 80 -1 -1 -1 0 
19 2 700 347 32 22 -1 -1 -1 0 
19 3 570 340 48 42 -1 -1 -1 0 
19 4 665 343 20 15 -1 -1 -1 0 
19 6 570 340 47 42 -1 -1 -1 0 
19 9 0 344 91 49 -1 -1 -1 0 
19 12 341 344 63 21 -1 -1 -1 0 
19 13 559 634 718 80 -1 -1 -1 0 
20 2 700 347 33 21 -1 -1 -1 0 
20 3 570 339 48 43 -1 -1 -1 0 
20 4 664 343 21 15 -1 -1 -1 0 
20 6 570 340 48 42 -1 -1 -1 0 
20 12 324 344 57 22 -1 -1 -1 0 
20 13 559 634 718 80 -1 -1 -1 0 
21 2 700 346 34 22 -1 -1 -1 0 
21 3 570 339 48 43 -1 -1 -1 0 
21 4 664 343 21 14 -1 -1 -1 0 
21 6 570 340 48 42 -1 -1 -1 0 
21 12 300 345 64 22 -1 -1 -1 0 
21 19 13 351 64 39 -1 -1 -1 0 
22 2 700 346 35 22 -1 -1 -1 0 
22 3 570 339 48 42 -1 -1 -1 0 
22 4 664 343 21 14 -1 -1 -1 0 
22 12 272 345 71 24 -1 -1 -1 0 
22 13 562 634 712 80 -1 -1 -1 0 
22 19 16 351 65 38 -1 -1 -1 0 
22 21 353 343 34 18 -1 -1 -1 0 
23 2 701 346 33 21 -1 -1 -1 0 
23 3 570 339 47 42 -1 -1 -1 0 
23 4 665 343 20 13 -1 -1 -1 0 
23 6 571 339 47 43 -1 -1 -1 0 
23 12 241 345 78 27 -1 -1 -1 0 
23 13 565 634 708 80 -1 -1 -1 0 
23 21 345 342 34 20 -1 -1 -1 0 
23 22 432 343 32 14 -1 -1 -1 0 
24 2 701 346 33 21 -1 -1 -1 0 
24 3 571 339 46 42 -1 -1 -1 0 
24 4 665 343 19 14 -1 -1 -1 0 
24 6 571 339 47 42 -1 -1 -1 0 
24 12 202 345 91 29 -1 -1 -1 0 
24 13 566 634 707 81 -1 -1 -1 0 
24 21 332 342 39 20 -1 -1 -1 0 
24 22 430 344 26 13 -1 -1 -1 0 
25 2 700 347 34 20 -1 -1 -1 0 
25 3 571 339 47 42 -1 -1 -1 0 
25 4 665 343 19 14 -1 -1 -1 0 
25 6 571 339 46 42 -1 -1 -1 0 
25 12 152 344 108 33 -1 -1 -1 0 
25 21 321 341 40 22 -1 -1 -1 0 
25 22 424 343 29 15 -1 -1 -1 0 
26 2 699 348 35 19 -1 -1 -1 0 
26 4 665 344 20 14 -1 -1 -1 0 
26 6 570 340 48 41 -1 -1 -1 0 
26 12 87 345 136 36 -1 -1 -1 0 
26 21 308 341 43 23 -1 -1 -1 0 
26 22 422 343 24 17 -1 -1 -1 0 
27 2 699 348 36 19 -1 -1 -1 0 
27 4 664 344 20 14 -1 -1 -1 0 
27 6 571 340 46 41 -1 -1 -1 0 
27 12 10 346 161 38 -1 -1 -1 0 
27 13 561 634 717 80 -1 -1 -1 0 
27 21 294 341 46 23 -1 -1 -1 0 
27 22 415 342 25 19 -1 -1 -1 0 
28 2 698 349 36 18 -1 -1 -1 0 
28 4 663 344 22 14 -1 -1 -1 0 
28 6 571 340 47 41 -1 -1 -1 0 
28 12 1 346 100 40 -1 -1 -1 0 
28 13 559 634 718 80 -1 -1 -1 0 
28 21 278 341 50 24 -1 -1 -1 0 
28 22 405 342 31 19 -1 -1 -1 0 
29 2 699 349 34 19 -1 -1 -1 0 
29 4 663 344 22 14 -1 -1 -1 0 
29 6 571 340 47 40 -1 -1 -1 0 
29 12 0 346 66 41 -1 -1 -1 0 
29 13 559 635 718 78 -1 -1 -1 0 
29 21 261 340 53 26 -1 -1 -1 0 
29 22 396 342 33 19 -1 -1 -1 0 
30 2 700 347 33 21 -1 -1 -1 0 
30 4 665 342 19 15 -1 -1 -1 0 
30 6 572 339 45 41 -1 -1 -1 0 
30 13 561 634 713 80 -1 -1 -1 0 
30 21 242 339 58 27 -1 -1 -1 0 
30 22 385 341 38 20 -1 -1 -1 0 
31 2 699 347 35 20 -1 -1 -1 0 
31 3 454 336 24 17 -1 -1 -1 0 
31 4 665 341 19 16 -1 -1 -1 0 
31 6 571 339 47 40 -1 -1 -1 0 
31 13 558 634 718 80 -1 -1 -1 0 
31 21 220 339 64 28 -1 -1 -1 0 
31 22 372 341 46 21 -1 -1 -1 0 
32 2 701 346 32 21 -1 -1 -1 0 
32 3 444 335 24 16 -1 -1 -1 0 
32 4 663 340 22 16 -1 -1 -1 0 
32 6 572 338 45 40 -1 -1 -1 0 
32 13 558 633 719 81 -1 -1 -1 0 
32 21 197 339 69 29 -1 -1 -1 0 
32 22 357 341 55 22 -1 -1 -1 0 
33 2 701 346 33 21 -1 -1 -1 0 
33 3 440 336 21 15 -1 -1 -1 0 
33 4 663 341 22 15 -1 -1 -1 0 
33 6 573 338 43 40 -1 -1 -1 0 
33 13 562 635 716 79 -1 -1 -1 0 
33 21 172 339 72 32 -1 -1 -1 0 
33 22 345 343 45 21 -1 -1 -1 0 
34 2 700 345 34 21 -1 -1 -1 0 
34 3 437 336 22 15 -1 -1 -1 0 
34 4 664 341 20 15 -1 -1 -1 0 
34 6 572 338 45 39 -1 -1 -1 0 
34 13 581 636 689 79 -1 -1 -1 0 
34 21 137 339 85 34 -1 -1 -1 0 
34 22 327 343 40 22 -1 -1 -1 0 
35 2 700 346 35 20 -1 -1 -1 0 
35 3 435 338 24 14 -1 -1 -1 0 
35 4 665 340 19 16 -1 -1 -1 0 
35 6 573 338 44 38 -1 -1 -1 0 
35 13 582 636 688 79 -1 -1 -1 0 
35 21 101 339 94 36 -1 -1 -1 0 
35 22 303 343 49 23 -1 -1 -1 0 
36 2 701 345 33 20 -1 -1 -1 0 
36 3 433 338 20 15 -1 -1 -1 0 
36 4 664 340 21 16 -1 -1 -1 0 
36 6 573 338 45 38 -1 -1 -1 0 
36 13 577 635 699 80 -1 -1 -1 0 
36 21 54 339 110 38 -1 -1 -1 0 
36 22 319 341 44 23 -1 -1 -1 0 
37 2 700 346 36 20 -1 -1 -1 0 
37 3 429 340 19 14 -1 -1 -1 0 
37 4 664 340 21 16 -1 -1 -1 0 
37 6 574 339 43 38 -1 -1 -1 0 
37 13 578 635 698 80 -1 -1 -1 0 
37 21 9 340 115 41 -1 -1 -1 0 
37 22 312 342 40 23 -1 -1 -1 0 
38 2 701 346 34 20 -1 -1 -1 0 
38 3 425 340 19 15 -1 -1 -1 0 
38 4 665 340 20 16 -1 -1 -1 0 
38 6 574 339 43 38 -1 -1 -1 0 
38 13 560 635 719 80 -1 -1 -1 0 
38 21 0 340 79 42 -1 -1 -1 0 
38 22 297 342 43 25 -1 -1 -1 0 
38 26 217 345 73 27 -1 -1 -1 0 
39 2 701 347 34 21 -1 -1 -1 0 
39 3 419 341 24 15 -1 -1 -1 0 
39 4 664 342 22 15 -1 -1 -1 0 
39 6 575 339 42 38 -1 -1 -1 0 
39 13 559 635 720 80 -1 -1 -1 0 
39 21 0 348 25 37 -1 -1 -1 0 
39 22 277 343 50 26 -1 -1 -1 0 
39 26 174 347 85 30 -1 -1 -1 0 
39 27 325 346 37 19 -1 -1 -1 0 
40 2 701 347 34 21 -1 -1 -1 0 
40 3 413 341 27 16 -1 -1 -1 0 
40 4 665 342 21 15 -1 -1 -1 0 
40 6 575 339 42 38 -1 -1 -1 0 
40 21 0 349 -5 38 -1 -1 -1 0 
40 22 254 343 56 28 -1 -1 -1 0 
40 26 119 348 105 32 -1 -1 -1 0 
40 27 313 346 39 19 -1 -1 -1 0 
