3 1 1018 352 233 89 -1 -1 -1 0 
3 2 828 341 163 92 -1 -1 -1 0 
3 3 136 349 74 31 -1 -1 -1 0 
3 4 469 350 27 20 -1 -1 -1 0 
3 5 539 351 17 11 -1 -1 -1 0 
3 6 957 337 45 19 -1 -1 -1 0 
4 1 1024 353 244 90 -1 -1 -1 0 
4 2 831 340 167 96 -1 -1 -1 0 
4 3 103 348 85 32 -1 -1 -1 0 
4 4 459 349 29 22 -1 -1 -1 0 
4 5 535 351 19 11 -1 -1 -1 0 
4 6 963 337 46 19 -1 -1 -1 0 
4 7 566 635 709 80 -1 -1 -1 0 
4 8 724 343 29 27 -1 -1 -1 0 
5 1 1032 354 247 92 -1 -1 -1 0 
5 2 834 339 172 99 -1 -1 -1 0 
5 3 68 347 92 33 -1 -1 -1 0 
5 4 448 349 32 22 -1 -1 -1 0 
5 5 531 351 19 10 -1 -1 -1 0 
5 6 969 337 46 19 -1 -1 -1 0 
5 7 562 635 714 80 -1 -1 -1 0 
5 8 724 343 29 26 -1 -1 -1 0 
6 1 1041 356 238 92 -1 -1 -1 0 
6 2 836 339 179 101 -1 -1 -1 0 
6 3 26 346 107 35 -1 -1 -1 0 
6 4 436 350 34 22 -1 -1 -1 0 
6 5 526 350 22 12 -1 -1 -1 0 
6 6 973 337 47 19 -1 -1 -1 0 
6 7 560 635 716 80 -1 -1 -1 0 
6 8 725 343 28 26 -1 -1 -1 0 
7 1 1048 355 231 93 -1 -1 -1 0 
7 2 840 339 183 102 -1 -1 -1 0 
7 3 0 348 96 35 -1 -1 -1 0 
7 4 423 350 35 24 -1 -1 -1 0 
7 5 521 351 23 11 -1 -1 -1 0 
7 6 975 337 55 19 -1 -1 -1 0 
7 7 560 635 717 80 -1 -1 -1 0 
7 8 725 343 28 26 -1 -1 -1 0 
8 1 1056 354 223 95 -1 -1 -1 0 
8 2 843 338 188 104 -1 -1 -1 0 
8 3 0 347 58 37 -1 -1 -1 0 
8 4 407 349 40 27 -1 -1 -1 0 
8 5 516 351 22 12 -1 -1 -1 0 
8 6 984 336 51 21 -1 -1 -1 0 
8 7 563 635 711 80 -1 -1 -1 0 
8 8 725 342 29 27 -1 -1 -1 0 
9 1 1063 352 216 97 -1 -1 -1 0 
9 2 847 337 192 106 -1 -1 -1 0 
9 3 0 347 34 38 -1 -1 -1 0 
9 4 390 349 43 29 -1 -1 -1 0 
9 5 510 351 22 13 -1 -1 -1 0 
9 6 987 335 58 22 -1 -1 -1 0 
9 7 564 635 710 80 -1 -1 -1 0 
9 8 725 342 29 27 -1 -1 -1 0 
10 1 1073 350 205 101 -1 -1 -1 0 
10 2 849 336 200 109 -1 -1 -1 0 
10 4 371 350 47 30 -1 -1 -1 0 
10 5 504 352 22 13 -1 -1 -1 0 
10 6 998 334 54 23 -1 -1 -1 0 
10 7 563 634 712 81 -1 -1 -1 0 
10 8 725 342 30 27 -1 -1 -1 0 
11 1 1080 350 199 104 -1 -1 -1 0 
11 2 852 336 207 111 -1 -1 -1 0 
11 4 350 350 51 33 -1 -1 -1 0 
11 5 497 354 22 12 -1 -1 -1 0 
11 6 1003 334 59 23 -1 -1 -1 0 
11 7 570 634 704 81 -1 -1 -1 0 
11 8 725 343 30 26 -1 -1 -1 0 
12 1 1089 350 189 107 -1 -1 -1 0 
12 2 855 336 214 115 -1 -1 -1 0 
12 4 323 352 60 35 -1 -1 -1 0 
12 5 490 353 24 13 -1 -1 -1 0 
12 6 1004 334 65 24 -1 -1 -1 0 
12 7 570 634 705 81 -1 -1 -1 0 
12 8 725 343 29 26 -1 -1 -1 0 
13 1 1097 350 182 110 -1 -1 -1 0 
13 2 858 336 221 116 -1 -1 -1 0 
13 4 294 352 65 38 -1 -1 -1 0 
13 5 482 355 27 12 -1 -1 -1 0 
13 6 1007 333 73 24 -1 -1 -1 0 
13 7 565 634 708 81 -1 -1 -1 0 
13 8 726 344 29 25 -1 -1 -1 0 
14 1 1105 352 174 111 -1 -1 -1 0 
14 2 861 336 230 118 -1 -1 -1 0 
14 4 258 353 75 41 -1 -1 -1 0 
14 5 474 354 28 13 -1 -1 -1 0 
14 6 1023 332 63 25 -1 -1 -1 0 
14 7 559 633 718 82 -1 -1 -1 0 
14 8 726 343 29 27 -1 -1 -1 0 
15 1 1114 354 165 110 -1 -1 -1 0 
15 2 865 337 239 121 -1 -1 -1 0 
15 4 214 354 87 44 -1 -1 -1 0 
15 5 466 354 26 13 -1 -1 -1 0 
15 6 1029 332 69 26 -1 -1 -1 0 
15 7 559 633 718 81 -1 -1 -1 0 
15 8 726 343 29 27 -1 -1 -1 0 
16 1 1124 355 155 106 -1 -1 -1 0 
16 2 869 336 246 124 -1 -1 -1 0 
16 4 157 353 106 48 -1 -1 -1 0 
16 5 457 353 26 15 -1 -1 -1 0 
16 6 1031 333 79 26 -1 -1 -1 0 
16 7 560 633 715 81 -1 -1 -1 0 
16 8 726 343 29 27 -1 -1 -1 0 
17 1 1135 358 144 103 -1 -1 -1 0 
17 2 871 336 258 128 -1 -1 -1 0 
17 4 81 351 133 53 -1 -1 -1 0 
17 5 444 353 33 15 -1 -1 -1 0 
17 6 1042 334 77 26 -1 -1 -1 0 
17 7 562 633 713 81 -1 -1 -1 0 
17 8 726 343 29 27 -1 -1 -1 0 
18 1 1147 362 132 98 -1 -1 -1 0 
18 2 877 335 266 133 -1 -1 -1 0 
18 4 8 350 140 58 -1 -1 -1 0 
18 5 436 354 35 14 -1 -1 -1 0 
18 6 1051 335 80 27 -1 -1 -1 0 
18 7 558 634 719 80 -1 -1 -1 0 
18 8 726 342 29 28 -1 -1 -1 0 
19 1 1159 366 120 93 -1 -1 -1 0 
19 2 881 335 279 137 -1 -1 -1 0 
19 4 0 348 59 61 -1 -1 -1 0 
19 6 1054 335 90 29 -1 -1 -1 0 
19 7 561 634 714 80 -1 -1 -1 0 
19 8 726 342 30 28 -1 -1 -1 0 
20 1 1173 376 106 85 -1 -1 -1 0 
20 2 886 335 289 140 -1 -1 -1 0 
20 4 0 348 13 63 -1 -1 -1 0 
20 5 404 354 41 16 -1 -1 -1 0 
20 6 1069 336 88 31 -1 -1 -1 0 
20 7 560 634 712 80 -1 -1 -1 0 
20 8 727 342 30 28 -1 -1 -1 0 
21 1 1190 383 89 80 -1 -1 -1 0 
21 2 891 335 303 144 -1 -1 -1 0 
21 5 388 354 44 19 -1 -1 -1 0 
21 6 1076 336 97 31 -1 -1 -1 0 
21 7 546 634 731 80 -1 -1 -1 0 
21 8 727 343 31 28 -1 -1 -1 0 
22 1 1208 396 71 69 -1 -1 -1 0 
22 2 897 335 316 150 -1 -1 -1 0 
22 5 371 353 46 22 -1 -1 -1 0 
22 6 1086 337 105 30 -1 -1 -1 0 
22 7 560 634 711 81 -1 -1 -1 0 
22 8 729 344 29 28 -1 -1 -1 0 
23 1 1230 402 47 67 -1 -1 -1 0 
23 2 902 335 333 155 -1 -1 -1 0 
23 5 348 356 54 24 -1 -1 -1 0 
23 6 1103 335 103 33 -1 -1 -1 0 
23 7 557 634 719 81 -1 -1 -1 0 
23 8 729 345 30 28 -1 -1 -1 0 
24 1 1242 407 37 63 -1 -1 -1 0 
24 2 906 336 354 159 -1 -1 -1 0 
24 5 323 359 62 25 -1 -1 -1 0 
24 6 1113 335 105 37 -1 -1 -1 0 
24 7 561 634 712 81 -1 -1 -1 0 
24 8 730 345 29 29 -1 -1 -1 0 
25 2 913 338 363 162 -1 -1 -1 0 
25 5 295 360 66 29 -1 -1 -1 0 
25 6 1126 334 94 40 -1 -1 -1 0 
25 7 561 634 712 81 -1 -1 -1 0 
25 8 730 346 30 29 -1 -1 -1 0 
26 2 921 338 358 166 -1 -1 -1 0 
26 5 260 359 76 34 -1 -1 -1 0 
26 6 1192 332 62 36 -1 -1 -1 0 
26 7 560 634 703 81 -1 -1 -1 0 
27 2 928 338 351 171 -1 -1 -1 0 
27 5 215 360 92 37 -1 -1 -1 0 
27 6 1207 332 60 36 -1 -1 -1 0 
27 7 556 634 718 80 -1 -1 -1 0 
27 8 731 343 31 29 -1 -1 -1 0 
28 2 935 337 344 177 -1 -1 -1 0 
28 5 159 360 112 41 -1 -1 -1 0 
28 6 1178 328 101 45 -1 -1 -1 0 
28 7 559 634 713 80 -1 -1 -1 0 
28 8 731 342 32 28 -1 -1 -1 0 
29 2 941 337 338 183 -1 -1 -1 0 
29 5 87 359 138 45 -1 -1 -1 0 
29 6 1190 327 89 49 -1 -1 -1 0 
29 7 557 635 719 79 -1 -1 -1 0 
29 8 731 341 32 29 -1 -1 -1 0 
30 2 947 336 332 191 -1 -1 -1 0 
30 5 9 359 155 49 -1 -1 -1 0 
30 6 1205 327 74 49 -1 -1 -1 0 
30 7 562 635 711 79 -1 -1 -1 0 
30 8 731 340 32 28 -1 -1 -1 0 
31 2 954 336 323 198 -1 -1 -1 0 
31 5 0 365 87 43 -1 -1 -1 0 
31 6 1223 329 56 48 -1 -1 -1 0 
31 7 562 635 711 79 -1 -1 -1 0 
31 8 731 340 32 28 -1 -1 -1 0 
32 2 960 334 319 206 -1 -1 -1 0 
32 5 0 366 46 44 -1 -1 -1 0 
32 6 1243 337 36 42 -1 -1 -1 0 
32 8 730 340 34 28 -1 -1 -1 0 
33 2 968 334 310 214 -1 -1 -1 0 
33 6 1256 337 23 43 -1 -1 -1 0 
33 8 731 341 33 28 -1 -1 -1 0 
34 2 975 334 304 222 -1 -1 -1 0 
34 7 560 635 716 79 -1 -1 -1 0 
34 8 731 342 32 29 -1 -1 -1 0 
35 2 982 334 296 233 -1 -1 -1 0 
35 7 583 635 686 79 -1 -1 -1 0 
35 8 731 344 33 30 -1 -1 -1 0 
36 2 991 335 286 245 -1 -1 -1 0 
36 7 585 635 689 79 -1 -1 -1 0 
36 8 730 346 34 30 -1 -1 -1 0 
36 14 825 326 45 39 -1 -1 -1 0 
37 2 999 335 279 256 -1 -1 -1 0 
37 7 584 634 691 80 -1 -1 -1 0 
37 8 731 347 33 29 -1 -1 -1 0 
37 14 827 325 46 40 -1 -1 -1 0 
38 2 1007 333 271 265 -1 -1 -1 0 
38 7 582 634 691 80 -1 -1 -1 0 
38 8 730 345 34 30 -1 -1 -1 0 
38 14 828 323 48 39 -1 -1 -1 0 
39 2 1000 329 279 229 -1 -1 -1 0 
39 7 584 634 688 80 -1 -1 -1 0 
39 8 730 343 34 28 -1 -1 -1 0 
39 14 830 319 48 40 -1 -1 -1 0 
40 2 1014 326 265 200 -1 -1 -1 0 
40 7 583 634 694 80 -1 -1 -1 0 
40 8 730 339 34 28 -1 -1 -1 0 
40 14 832 314 48 41 -1 -1 -1 0 
40 16 761 338 25 22 -1 -1 -1 0 
