3 1 659 349 43 32 -1 -1 -1 0 
3 3 996 322 190 87 -1 -1 -1 0 
3 4 711 341 26 22 -1 -1 -1 0 
3 5 335 340 43 25 -1 -1 -1 0 
3 6 555 633 721 80 -1 -1 -1 0 
3 7 1 337 83 56 -1 -1 -1 0 
3 8 490 341 20 12 -1 -1 -1 0 
3 9 1 337 84 56 -1 -1 -1 0 
4 1 659 349 43 32 -1 -1 -1 0 
4 3 999 323 191 88 -1 -1 -1 0 
4 4 711 341 25 22 -1 -1 -1 0 
4 5 320 340 47 26 -1 -1 -1 0 
4 6 559 634 717 80 -1 -1 -1 0 
4 7 0 337 62 56 -1 -1 -1 0 
4 8 488 342 21 11 -1 -1 -1 0 
4 9 0 338 62 56 -1 -1 -1 0 
5 1 659 348 42 34 -1 -1 -1 0 
5 3 1002 323 192 89 -1 -1 -1 0 
5 4 710 340 27 23 -1 -1 -1 0 
5 5 304 340 51 27 -1 -1 -1 0 
5 6 566 634 711 80 -1 -1 -1 0 
5 8 485 342 21 12 -1 -1 -1 0 
5 10 431 345 25 12 -1 -1 -1 0 
6 1 659 346 42 36 -1 -1 -1 0 
6 3 1004 322 194 90 -1 -1 -1 0 
6 4 711 340 25 23 -1 -1 -1 0 
6 5 286 341 55 26 -1 -1 -1 0 
6 6 560 634 717 80 -1 -1 -1 0 
6 8 482 342 21 11 -1 -1 -1 0 
6 10 425 345 23 12 -1 -1 -1 0 
7 1 658 347 44 35 -1 -1 -1 0 
7 3 1007 322 196 90 -1 -1 -1 0 
7 4 710 340 28 23 -1 -1 -1 0 
7 5 266 341 59 29 -1 -1 -1 0 
7 6 561 634 716 79 -1 -1 -1 0 
7 8 479 342 21 11 -1 -1 -1 0 
7 10 416 345 24 13 -1 -1 -1 0 
8 1 658 347 43 35 -1 -1 -1 0 
8 3 1009 322 199 90 -1 -1 -1 0 
8 4 711 340 26 23 -1 -1 -1 0 
8 5 244 342 64 29 -1 -1 -1 0 
8 6 559 634 718 79 -1 -1 -1 0 
8 8 476 342 21 11 -1 -1 -1 0 
8 10 408 345 25 13 -1 -1 -1 0 
9 1 658 347 44 35 -1 -1 -1 0 
9 3 1012 322 199 90 -1 -1 -1 0 
9 4 711 340 27 22 -1 -1 -1 0 
9 5 221 341 67 32 -1 -1 -1 0 
9 6 562 634 713 79 -1 -1 -1 0 
9 8 473 342 22 12 -1 -1 -1 0 
9 10 400 345 26 15 -1 -1 -1 0 
10 1 658 347 43 35 -1 -1 -1 0 
10 3 1015 322 201 90 -1 -1 -1 0 
10 4 712 341 26 22 -1 -1 -1 0 
10 5 192 341 76 34 -1 -1 -1 0 
10 6 559 634 718 80 -1 -1 -1 0 
10 8 470 342 23 12 -1 -1 -1 0 
10 10 391 346 28 15 -1 -1 -1 0 
11 1 659 346 42 36 -1 -1 -1 0 
11 3 1018 321 204 91 -1 -1 -1 0 
11 4 712 341 26 22 -1 -1 -1 0 
11 5 159 341 85 36 -1 -1 -1 0 
11 6 558 634 720 80 -1 -1 -1 0 
11 8 467 342 23 12 -1 -1 -1 0 
11 10 381 346 30 16 -1 -1 -1 0 
12 1 658 346 43 36 -1 -1 -1 0 
12 3 1019 321 209 91 -1 -1 -1 0 
12 4 712 342 26 22 -1 -1 -1 0 
12 5 121 342 97 38 -1 -1 -1 0 
12 6 557 635 720 79 -1 -1 -1 0 
12 8 487 343 22 12 -1 -1 -1 0 
12 10 370 347 32 16 -1 -1 -1 0 
13 1 658 346 45 36 -1 -1 -1 0 
13 3 1023 321 207 91 -1 -1 -1 0 
13 4 712 342 25 22 -1 -1 -1 0 
13 5 76 342 110 41 -1 -1 -1 0 
13 6 571 635 702 79 -1 -1 -1 0 
13 8 468 343 26 12 -1 -1 -1 0 
13 10 356 347 37 17 -1 -1 -1 0 
14 1 658 346 45 36 -1 -1 -1 0 
14 3 1026 321 209 92 -1 -1 -1 0 
14 4 712 342 26 22 -1 -1 -1 0 
14 5 20 342 128 45 -1 -1 -1 0 
14 6 564 635 713 78 -1 -1 -1 0 
14 8 457 343 28 12 -1 -1 -1 0 
14 10 344 348 37 17 -1 -1 -1 0 
15 1 659 345 43 37 -1 -1 -1 0 
15 3 1027 321 212 92 -1 -1 -1 0 
15 4 713 342 25 22 -1 -1 -1 0 
15 5 0 343 103 46 -1 -1 -1 0 
15 6 562 635 715 78 -1 -1 -1 0 
15 8 452 343 25 12 -1 -1 -1 0 
15 10 330 348 39 18 -1 -1 -1 0 
16 1 658 345 44 37 -1 -1 -1 0 
16 3 1028 321 214 92 -1 -1 -1 0 
16 4 713 342 26 22 -1 -1 -1 0 
16 5 0 344 73 47 -1 -1 -1 0 
16 6 565 635 711 78 -1 -1 -1 0 
16 8 446 343 27 12 -1 -1 -1 0 
16 10 314 348 42 18 -1 -1 -1 0 
17 1 659 345 42 37 -1 -1 -1 0 
17 3 1032 321 215 93 -1 -1 -1 0 
17 4 713 342 26 22 -1 -1 -1 0 
17 6 561 635 715 79 -1 -1 -1 0 
17 8 439 343 29 13 -1 -1 -1 0 
17 10 297 349 44 18 -1 -1 -1 0 
17 14 472 344 21 12 -1 -1 -1 0 
18 1 658 344 44 38 -1 -1 -1 0 
18 3 1036 321 214 93 -1 -1 -1 0 
18 4 713 343 26 22 -1 -1 -1 0 
18 6 559 635 717 79 -1 -1 -1 0 
18 8 434 343 29 13 -1 -1 -1 0 
18 10 277 349 48 20 -1 -1 -1 0 
18 14 466 344 22 13 -1 -1 -1 0 
19 1 657 345 44 37 -1 -1 -1 0 
19 3 1035 321 220 94 -1 -1 -1 0 
19 4 712 343 27 22 -1 -1 -1 0 
19 6 558 635 720 79 -1 -1 -1 0 
19 8 427 343 31 14 -1 -1 -1 0 
19 10 254 349 54 21 -1 -1 -1 0 
19 14 458 344 23 13 -1 -1 -1 0 
20 1 658 345 42 37 -1 -1 -1 0 
20 3 1039 321 219 94 -1 -1 -1 0 
20 4 712 343 27 22 -1 -1 -1 0 
20 6 560 635 716 80 -1 -1 -1 0 
20 8 421 343 29 14 -1 -1 -1 0 
20 10 229 349 58 23 -1 -1 -1 0 
20 14 450 345 25 13 -1 -1 -1 0 
21 1 657 345 43 37 -1 -1 -1 0 
21 3 1043 321 218 94 -1 -1 -1 0 
21 4 711 343 29 22 -1 -1 -1 0 
21 6 558 635 719 80 -1 -1 -1 0 
21 8 414 343 28 15 -1 -1 -1 0 
21 10 200 350 65 24 -1 -1 -1 0 
21 14 442 345 25 13 -1 -1 -1 0 
22 1 656 345 44 38 -1 -1 -1 0 
22 3 1045 321 220 95 -1 -1 -1 0 
22 4 712 343 27 22 -1 -1 -1 0 
22 6 558 635 719 80 -1 -1 -1 0 
22 8 407 343 27 15 -1 -1 -1 0 
22 10 168 351 70 26 -1 -1 -1 0 
22 14 433 346 25 13 -1 -1 -1 0 
23 1 656 345 43 38 -1 -1 -1 0 
23 3 1048 320 221 96 -1 -1 -1 0 
23 4 712 343 28 22 -1 -1 -1 0 
23 8 399 343 28 16 -1 -1 -1 0 
23 10 129 352 82 27 -1 -1 -1 0 
23 14 423 346 27 14 -1 -1 -1 0 
24 1 656 345 44 38 -1 -1 -1 0 
24 3 1052 320 218 96 -1 -1 -1 0 
24 4 711 343 29 22 -1 -1 -1 0 
24 8 392 343 24 16 -1 -1 -1 0 
24 10 81 352 96 30 -1 -1 -1 0 
24 14 413 346 29 14 -1 -1 -1 0 
25 1 656 343 44 40 -1 -1 -1 0 
25 3 1053 320 221 95 -1 -1 -1 0 
25 4 711 343 29 22 -1 -1 -1 0 
25 8 393 345 33 16 -1 -1 -1 0 
25 10 24 352 111 34 -1 -1 -1 0 
25 14 388 345 24 15 -1 -1 -1 0 
26 1 655 344 45 39 -1 -1 -1 0 
26 3 1055 319 224 96 -1 -1 -1 0 
26 4 712 343 27 22 -1 -1 -1 0 
26 6 555 635 722 79 -1 -1 -1 0 
26 8 382 345 39 19 -1 -1 -1 0 
26 10 1 355 83 34 -1 -1 -1 0 
26 14 378 345 24 15 -1 -1 -1 0 
27 1 655 345 44 38 -1 -1 -1 0 
27 3 1058 319 221 97 -1 -1 -1 0 
27 4 712 343 28 23 -1 -1 -1 0 
27 6 558 634 717 80 -1 -1 -1 0 
27 8 366 345 46 21 -1 -1 -1 0 
27 10 0 355 52 36 -1 -1 -1 0 
28 1 655 345 44 38 -1 -1 -1 0 
28 3 1061 320 218 96 -1 -1 -1 0 
28 4 712 343 28 23 -1 -1 -1 0 
28 6 557 634 719 79 -1 -1 -1 0 
28 8 354 345 47 22 -1 -1 -1 0 
28 14 447 344 23 12 -1 -1 -1 0 
29 1 655 345 43 39 -1 -1 -1 0 
29 3 1064 321 215 95 -1 -1 -1 0 
29 4 713 344 27 22 -1 -1 -1 0 
29 6 560 635 716 79 -1 -1 -1 0 
29 8 334 345 57 24 -1 -1 -1 0 
29 14 454 344 22 12 -1 -1 -1 0 
30 1 655 345 43 39 -1 -1 -1 0 
30 3 1068 321 211 95 -1 -1 -1 0 
30 4 713 343 26 24 -1 -1 -1 0 
30 6 559 635 716 79 -1 -1 -1 0 
30 8 312 344 73 26 -1 -1 -1 0 
30 14 453 344 23 12 -1 -1 -1 0 
31 1 654 345 44 39 -1 -1 -1 0 
31 3 1068 321 211 95 -1 -1 -1 0 
31 4 712 343 28 24 -1 -1 -1 0 
31 6 556 635 722 79 -1 -1 -1 0 
31 8 291 346 60 27 -1 -1 -1 0 
31 14 449 344 24 12 -1 -1 -1 0 
32 1 654 347 44 38 -1 -1 -1 0 
32 3 1072 321 207 96 -1 -1 -1 0 
32 4 713 343 27 24 -1 -1 -1 0 
32 6 558 635 720 79 -1 -1 -1 0 
32 8 259 348 67 28 -1 -1 -1 0 
32 14 444 344 25 12 -1 -1 -1 0 
33 1 653 347 44 37 -1 -1 -1 0 
33 3 1073 321 206 96 -1 -1 -1 0 
33 4 712 344 29 23 -1 -1 -1 0 
33 6 557 635 719 79 -1 -1 -1 0 
33 8 224 348 76 29 -1 -1 -1 0 
33 14 439 344 25 12 -1 -1 -1 0 
33 17 286 344 64 24 -1 -1 -1 0 
34 1 654 347 42 37 -1 -1 -1 0 
34 3 1075 322 204 95 -1 -1 -1 0 
34 4 712 344 29 23 -1 -1 -1 0 
34 6 556 636 721 78 -1 -1 -1 0 
34 8 182 349 85 31 -1 -1 -1 0 
34 14 434 344 25 13 -1 -1 -1 0 
34 17 262 343 72 26 -1 -1 -1 0 
35 1 653 347 43 37 -1 -1 -1 0 
35 3 1078 322 201 95 -1 -1 -1 0 
35 4 713 344 28 23 -1 -1 -1 0 
35 6 561 635 713 79 -1 -1 -1 0 
35 8 130 349 101 34 -1 -1 -1 0 
35 14 428 343 25 14 -1 -1 -1 0 
35 17 245 343 72 26 -1 -1 -1 0 
36 1 653 347 44 37 -1 -1 -1 0 
36 3 1080 322 199 96 -1 -1 -1 0 
36 4 713 344 28 23 -1 -1 -1 0 
36 6 556 635 723 79 -1 -1 -1 0 
36 8 61 350 124 37 -1 -1 -1 0 
36 14 421 343 28 14 -1 -1 -1 0 
36 17 220 342 82 29 -1 -1 -1 0 
37 1 652 347 44 37 -1 -1 -1 0 
37 3 1083 322 196 96 -1 -1 -1 0 
37 4 713 344 28 23 -1 -1 -1 0 
37 6 556 635 723 79 -1 -1 -1 0 
37 8 6 351 118 41 -1 -1 -1 0 
37 14 415 343 26 15 -1 -1 -1 0 
37 17 193 342 93 30 -1 -1 -1 0 
38 1 652 346 43 38 -1 -1 -1 0 
38 3 1086 322 192 97 -1 -1 -1 0 
38 4 713 344 28 24 -1 -1 -1 0 
38 6 550 635 725 79 -1 -1 -1 0 
38 8 0 353 50 41 -1 -1 -1 0 
38 14 407 343 28 15 -1 -1 -1 0 
38 17 176 342 87 32 -1 -1 -1 0 
38 19 462 342 27 14 -1 -1 -1 0 
38 20 434 338 25 20 -1 -1 -1 0 
39 1 651 346 44 38 -1 -1 -1 0 
39 3 1089 322 189 97 -1 -1 -1 0 
39 4 713 345 28 23 -1 -1 -1 0 
39 6 556 635 720 79 -1 -1 -1 0 
39 8 0 354 10 42 -1 -1 -1 0 
39 14 399 343 29 16 -1 -1 -1 0 
39 17 151 343 89 34 -1 -1 -1 0 
39 19 454 341 31 15 -1 -1 -1 0 
39 20 428 338 24 20 -1 -1 -1 0 
40 1 651 346 45 38 -1 -1 -1 0 
40 3 1091 322 188 97 -1 -1 -1 0 
40 4 713 345 28 23 -1 -1 -1 0 
40 6 557 635 719 79 -1 -1 -1 0 
40 14 428 343 26 16 -1 -1 -1 0 
40 17 130 343 93 35 -1 -1 -1 0 
40 19 406 342 27 17 -1 -1 -1 0 
40 20 420 338 25 22 -1 -1 -1 0 
