3 1 315 361 259 143 -1 -1 -1 0 
3 2 984 348 140 58 -1 -1 -1 0 
3 3 551 352 72 49 -1 -1 -1 0 
3 4 742 347 53 39 -1 -1 -1 0 
3 5 648 348 27 23 -1 -1 -1 0 
3 6 254 344 82 46 -1 -1 -1 0 
3 7 705 344 20 21 -1 -1 -1 0 
4 1 321 362 255 141 -1 -1 -1 0 
4 2 985 348 138 58 -1 -1 -1 0 
4 3 552 352 72 49 -1 -1 -1 0 
4 4 742 348 53 38 -1 -1 -1 0 
4 5 649 348 27 23 -1 -1 -1 0 
4 6 215 344 94 50 -1 -1 -1 0 
4 7 705 344 20 21 -1 -1 -1 0 
4 8 216 344 94 50 -1 -1 -1 0 
5 1 327 362 251 140 -1 -1 -1 0 
5 2 985 347 139 58 -1 -1 -1 0 
5 3 554 352 69 48 -1 -1 -1 0 
5 4 743 347 52 39 -1 -1 -1 0 
5 5 649 347 28 24 -1 -1 -1 0 
5 6 191 344 99 52 -1 -1 -1 0 
5 7 704 343 20 20 -1 -1 -1 0 
5 8 171 343 108 56 -1 -1 -1 0 
5 10 561 634 712 81 -1 -1 -1 0 
6 1 332 362 250 139 -1 -1 -1 0 
6 2 986 347 137 58 -1 -1 -1 0 
6 3 556 352 67 48 -1 -1 -1 0 
6 4 743 347 53 39 -1 -1 -1 0 
6 5 650 347 27 24 -1 -1 -1 0 
6 7 703 343 22 20 -1 -1 -1 0 
6 8 114 343 128 61 -1 -1 -1 0 
6 10 563 633 710 82 -1 -1 -1 0 
7 1 338 361 248 137 -1 -1 -1 0 
7 2 986 347 138 58 -1 -1 -1 0 
7 3 556 352 68 48 -1 -1 -1 0 
7 4 743 348 53 37 -1 -1 -1 0 
7 5 649 346 30 26 -1 -1 -1 0 
7 6 39 344 155 67 -1 -1 -1 0 
7 7 703 343 22 19 -1 -1 -1 0 
7 8 41 344 157 67 -1 -1 -1 0 
7 10 559 633 718 82 -1 -1 -1 0 
8 1 343 361 246 136 -1 -1 -1 0 
8 2 987 347 137 58 -1 -1 -1 0 
8 3 556 352 69 48 -1 -1 -1 0 
8 4 743 350 53 35 -1 -1 -1 0 
8 5 650 345 30 28 -1 -1 -1 0 
8 6 1 343 137 73 -1 -1 -1 0 
8 7 704 343 20 18 -1 -1 -1 0 
8 8 0 362 243 71 -1 -1 -1 0 
8 10 560 633 714 82 -1 -1 -1 0 
9 1 350 360 242 137 -1 -1 -1 0 
9 2 987 347 137 58 -1 -1 -1 0 
9 3 558 351 66 48 -1 -1 -1 0 
9 4 743 350 53 35 -1 -1 -1 0 
9 5 649 345 33 28 -1 -1 -1 0 
9 6 0 343 101 77 -1 -1 -1 0 
9 7 705 343 19 18 -1 -1 -1 0 
9 8 6 376 122 73 -1 -1 -1 0 
9 10 558 633 717 82 -1 -1 -1 0 
10 1 355 360 240 135 -1 -1 -1 0 
10 2 987 348 139 57 -1 -1 -1 0 
10 3 559 352 65 47 -1 -1 -1 0 
10 4 744 351 51 34 -1 -1 -1 0 
10 5 650 344 33 29 -1 -1 -1 0 
10 7 704 343 21 18 -1 -1 -1 0 
10 8 0 381 97 77 -1 -1 -1 0 
10 10 560 633 714 82 -1 -1 -1 0 
11 1 362 360 237 134 -1 -1 -1 0 
11 2 987 348 139 57 -1 -1 -1 0 
11 3 559 352 66 47 -1 -1 -1 0 
11 4 744 349 52 37 -1 -1 -1 0 
11 5 651 345 32 29 -1 -1 -1 0 
11 7 705 343 19 18 -1 -1 -1 0 
11 10 559 633 716 81 -1 -1 -1 0 
11 15 311 353 64 37 -1 -1 -1 0 
12 1 369 359 233 136 -1 -1 -1 0 
12 2 988 348 138 58 -1 -1 -1 0 
12 3 561 352 63 47 -1 -1 -1 0 
12 4 745 349 50 37 -1 -1 -1 0 
12 5 651 345 35 30 -1 -1 -1 0 
12 7 705 343 19 18 -1 -1 -1 0 
12 15 278 354 76 38 -1 -1 -1 0 
13 1 376 360 231 136 -1 -1 -1 0 
13 2 988 349 137 57 -1 -1 -1 0 
13 3 563 352 61 47 -1 -1 -1 0 
13 4 745 349 51 37 -1 -1 -1 0 
13 5 652 344 35 30 -1 -1 -1 0 
13 7 703 343 23 18 -1 -1 -1 0 
13 15 241 354 84 42 -1 -1 -1 0 
14 1 382 360 228 135 -1 -1 -1 0 
14 2 989 349 137 57 -1 -1 -1 0 
14 3 565 352 59 47 -1 -1 -1 0 
14 4 745 349 51 37 -1 -1 -1 0 
14 5 652 343 36 31 -1 -1 -1 0 
14 7 704 343 21 18 -1 -1 -1 0 
14 10 560 632 714 83 -1 -1 -1 0 
14 15 194 355 101 46 -1 -1 -1 0 
14 16 337 352 74 39 -1 -1 -1 0 
15 1 390 359 223 138 -1 -1 -1 0 
15 2 989 349 137 57 -1 -1 -1 0 
15 3 566 352 58 47 -1 -1 -1 0 
15 4 746 349 50 37 -1 -1 -1 0 
15 5 653 344 34 29 -1 -1 -1 0 
15 7 704 343 21 18 -1 -1 -1 0 
15 10 559 632 716 83 -1 -1 -1 0 
15 15 138 357 121 51 -1 -1 -1 0 
15 16 302 353 84 43 -1 -1 -1 0 
16 1 395 359 224 136 -1 -1 -1 0 
16 2 989 349 138 56 -1 -1 -1 0 
16 3 566 352 58 46 -1 -1 -1 0 
16 4 745 349 51 37 -1 -1 -1 0 
16 5 655 343 32 29 -1 -1 -1 0 
16 7 704 344 21 17 -1 -1 -1 0 
16 15 65 359 147 56 -1 -1 -1 0 
16 16 260 355 99 45 -1 -1 -1 0 
17 1 403 359 220 136 -1 -1 -1 0 
17 2 991 348 135 57 -1 -1 -1 0 
17 3 567 351 57 45 -1 -1 -1 0 
17 4 746 349 49 36 -1 -1 -1 0 
17 5 655 343 32 29 -1 -1 -1 0 
17 7 704 344 20 17 -1 -1 -1 0 
17 15 4 361 151 63 -1 -1 -1 0 
17 16 209 356 117 51 -1 -1 -1 0 
18 1 411 359 215 136 -1 -1 -1 0 
18 2 989 348 138 56 -1 -1 -1 0 
18 3 568 351 55 42 -1 -1 -1 0 
18 4 746 347 48 39 -1 -1 -1 0 
18 5 656 343 32 29 -1 -1 -1 0 
18 7 705 345 19 16 -1 -1 -1 0 
18 10 555 634 722 82 -1 -1 -1 0 
18 15 0 363 80 64 -1 -1 -1 0 
18 16 138 358 146 59 -1 -1 -1 0 
19 1 417 359 214 135 -1 -1 -1 0 
19 2 990 348 138 55 -1 -1 -1 0 
19 3 570 351 52 38 -1 -1 -1 0 
19 4 745 347 50 40 -1 -1 -1 0 
19 5 657 343 32 29 -1 -1 -1 0 
19 7 704 345 21 16 -1 -1 -1 0 
19 10 555 634 723 81 -1 -1 -1 0 
19 15 0 364 37 68 -1 -1 -1 0 
19 16 43 361 189 67 -1 -1 -1 0 
19 17 348 358 90 38 -1 -1 -1 0 
20 1 425 359 209 134 -1 -1 -1 0 
20 2 989 347 139 56 -1 -1 -1 0 
20 3 571 350 50 38 -1 -1 -1 0 
20 4 745 347 50 41 -1 -1 -1 0 
20 5 658 343 31 29 -1 -1 -1 0 
20 7 705 345 20 16 -1 -1 -1 0 
20 10 555 635 723 80 -1 -1 -1 0 
20 16 3 365 154 76 -1 -1 -1 0 
20 17 291 361 115 45 -1 -1 -1 0 
21 1 432 359 207 132 -1 -1 -1 0 
21 2 989 347 139 53 -1 -1 -1 0 
21 4 744 347 52 41 -1 -1 -1 0 
21 5 658 343 31 29 -1 -1 -1 0 
21 7 705 345 20 16 -1 -1 -1 0 
21 10 553 634 723 81 -1 -1 -1 0 
21 16 0 367 112 81 -1 -1 -1 0 
21 17 211 364 152 55 -1 -1 -1 0 
22 1 438 359 205 131 -1 -1 -1 0 
22 2 991 346 134 54 -1 -1 -1 0 
22 4 745 348 50 41 -1 -1 -1 0 
22 5 660 342 29 30 -1 -1 -1 0 
22 7 705 345 20 16 -1 -1 -1 0 
22 10 558 633 716 82 -1 -1 -1 0 
22 17 86 369 204 68 -1 -1 -1 0 
22 18 435 352 43 29 -1 -1 -1 0 
23 1 447 358 200 132 -1 -1 -1 0 
23 2 992 346 134 55 -1 -1 -1 0 
23 4 746 348 49 41 -1 -1 -1 0 
23 5 660 342 30 30 -1 -1 -1 0 
23 7 705 345 20 16 -1 -1 -1 0 
23 10 558 633 716 81 -1 -1 -1 0 
23 17 3 374 194 74 -1 -1 -1 0 
23 18 418 351 46 32 -1 -1 -1 0 
23 19 378 354 33 16 -1 -1 -1 0 
24 1 456 357 195 131 -1 -1 -1 0 
24 2 991 346 137 55 -1 -1 -1 0 
24 4 746 348 50 39 -1 -1 -1 0 
24 5 660 342 31 30 -1 -1 -1 0 
24 7 705 345 20 16 -1 -1 -1 0 
24 10 557 633 719 81 -1 -1 -1 0 
24 17 1 374 227 75 -1 -1 -1 0 
24 18 397 351 57 35 -1 -1 -1 0 
24 19 374 354 34 16 -1 -1 -1 0 
25 1 463 356 191 131 -1 -1 -1 0 
25 2 992 347 137 55 -1 -1 -1 0 
25 4 746 347 50 39 -1 -1 -1 0 
25 5 660 342 31 30 -1 -1 -1 0 
25 7 704 345 22 16 -1 -1 -1 0 
25 10 558 633 718 81 -1 -1 -1 0 
25 17 3 377 134 75 -1 -1 -1 0 
25 18 374 351 62 36 -1 -1 -1 0 
26 1 470 356 188 129 -1 -1 -1 0 
26 2 991 348 138 54 -1 -1 -1 0 
26 4 747 347 48 39 -1 -1 -1 0 
26 5 659 342 33 29 -1 -1 -1 0 
26 7 704 344 22 16 -1 -1 -1 0 
26 10 559 634 716 80 -1 -1 -1 0 
26 17 0 379 105 81 -1 -1 -1 0 
26 18 350 350 65 40 -1 -1 -1 0 
27 1 477 356 185 126 -1 -1 -1 0 
27 2 992 346 137 57 -1 -1 -1 0 
27 4 746 346 50 38 -1 -1 -1 0 
27 5 661 341 30 28 -1 -1 -1 0 
27 7 704 344 21 15 -1 -1 -1 0 
27 10 562 634 708 81 -1 -1 -1 0 
27 18 319 350 76 41 -1 -1 -1 0 
28 1 485 355 181 125 -1 -1 -1 0 
28 2 992 346 137 57 -1 -1 -1 0 
28 4 746 345 50 38 -1 -1 -1 0 
28 5 661 341 31 27 -1 -1 -1 0 
28 7 705 342 20 16 -1 -1 -1 0 
28 10 560 634 713 81 -1 -1 -1 0 
28 18 284 350 87 45 -1 -1 -1 0 
29 1 492 354 178 124 -1 -1 -1 0 
29 2 991 345 139 57 -1 -1 -1 0 
29 4 747 345 50 36 -1 -1 -1 0 
29 5 663 340 28 28 -1 -1 -1 0 
29 7 705 342 21 15 -1 -1 -1 0 
29 10 569 634 680 81 -1 -1 -1 0 
29 18 241 351 100 48 -1 -1 -1 0 
30 1 501 353 172 123 -1 -1 -1 0 
30 2 991 343 138 58 -1 -1 -1 0 
30 4 748 343 48 37 -1 -1 -1 0 
30 5 664 339 27 28 -1 -1 -1 0 
30 7 705 341 21 15 -1 -1 -1 0 
30 10 556 634 715 82 -1 -1 -1 0 
30 18 185 352 117 53 -1 -1 -1 0 
31 1 507 352 171 122 -1 -1 -1 0 
31 2 990 343 140 57 -1 -1 -1 0 
31 4 747 343 50 36 -1 -1 -1 0 
31 5 664 338 28 28 -1 -1 -1 0 
31 7 706 341 19 15 -1 -1 -1 0 
31 10 555 634 721 82 -1 -1 -1 0 
31 18 112 353 136 61 -1 -1 -1 0 
32 1 515 351 167 122 -1 -1 -1 0 
32 2 992 342 136 58 -1 -1 -1 0 
32 4 747 342 50 37 -1 -1 -1 0 
32 5 663 338 30 28 -1 -1 -1 0 
32 7 706 341 19 15 -1 -1 -1 0 
32 10 557 634 717 82 -1 -1 -1 0 
32 18 15 355 158 71 -1 -1 -1 0 
32 19 284 353 30 20 -1 -1 -1 0 
33 1 522 351 162 121 -1 -1 -1 0 
33 2 991 341 137 58 -1 -1 -1 0 
33 4 747 342 50 37 -1 -1 -1 0 
33 5 664 339 30 28 -1 -1 -1 0 
33 7 705 341 21 15 -1 -1 -1 0 
33 10 557 634 717 82 -1 -1 -1 0 
33 18 0 358 63 76 -1 -1 -1 0 
33 19 248 354 56 22 -1 -1 -1 0 
34 1 527 351 161 118 -1 -1 -1 0 
34 2 991 341 137 58 -1 -1 -1 0 
34 4 748 342 48 37 -1 -1 -1 0 
34 5 665 339 29 28 -1 -1 -1 0 
34 7 706 341 20 15 -1 -1 -1 0 
34 10 562 634 709 83 -1 -1 -1 0 
34 18 0 360 9 79 -1 -1 -1 0 
34 19 225 354 64 23 -1 -1 -1 0 
35 1 535 351 155 117 -1 -1 -1 0 
35 2 990 341 138 58 -1 -1 -1 0 
35 4 747 343 50 36 -1 -1 -1 0 
35 5 666 339 28 31 -1 -1 -1 0 
35 7 707 341 19 15 -1 -1 -1 0 
35 10 562 634 709 83 -1 -1 -1 0 
35 19 204 355 70 24 -1 -1 -1 0 
36 1 541 351 152 117 -1 -1 -1 0 
36 2 990 342 138 58 -1 -1 -1 0 
36 4 747 344 49 36 -1 -1 -1 0 
36 5 665 340 32 30 -1 -1 -1 0 
36 7 706 342 21 14 -1 -1 -1 0 
36 19 181 357 73 23 -1 -1 -1 0 
37 1 547 351 149 116 -1 -1 -1 0 
37 2 990 342 136 58 -1 -1 -1 0 
37 4 748 344 48 36 -1 -1 -1 0 
37 5 666 340 31 31 -1 -1 -1 0 
37 7 706 342 21 14 -1 -1 -1 0 
37 19 155 358 49 23 -1 -1 -1 0 
38 1 553 352 147 116 -1 -1 -1 0 
38 2 989 342 137 57 -1 -1 -1 0 
38 4 747 344 50 36 -1 -1 -1 0 
38 5 666 339 31 31 -1 -1 -1 0 
38 7 707 342 20 14 -1 -1 -1 0 
38 10 583 634 686 84 -1 -1 -1 0 
38 19 134 358 53 24 -1 -1 -1 0 
39 1 559 352 145 115 -1 -1 -1 0 
39 2 990 342 136 57 -1 -1 -1 0 
39 4 748 344 48 35 -1 -1 -1 0 
39 5 667 339 31 31 -1 -1 -1 0 
39 7 707 342 19 14 -1 -1 -1 0 
39 10 588 634 680 84 -1 -1 -1 0 
40 1 564 354 142 113 -1 -1 -1 0 
40 2 989 342 136 57 -1 -1 -1 0 
40 4 747 345 50 35 -1 -1 -1 0 
40 5 667 339 30 29 -1 -1 -1 0 
40 7 708 342 20 15 -1 -1 -1 0 
40 10 589 635 683 83 -1 -1 -1 0 
40 19 45 361 107 23 -1 -1 -1 0 
40 28 473 324 61 45 -1 -1 -1 0 
