3 1 508 345 54 38 -1 -1 -1 0 
3 2 267 356 57 21 -1 -1 -1 0 
3 3 676 345 21 15 -1 -1 -1 0 
4 1 507 344 57 39 -1 -1 -1 0 
4 2 237 356 62 24 -1 -1 -1 0 
4 3 677 342 20 17 -1 -1 -1 0 
5 1 507 344 58 39 -1 -1 -1 0 
5 2 198 358 74 26 -1 -1 -1 0 
5 3 676 341 22 18 -1 -1 -1 0 
5 5 559 634 717 80 -1 -1 -1 0 
6 1 508 344 56 39 -1 -1 -1 0 
6 2 152 360 90 26 -1 -1 -1 0 
6 3 677 340 22 19 -1 -1 -1 0 
6 5 558 634 719 80 -1 -1 -1 0 
7 1 509 344 56 40 -1 -1 -1 0 
7 2 104 361 95 31 -1 -1 -1 0 
7 3 678 341 21 18 -1 -1 -1 0 
7 5 560 634 715 80 -1 -1 -1 0 
7 6 458 347 27 15 -1 -1 -1 0 
8 1 508 344 58 40 -1 -1 -1 0 
8 2 33 364 123 32 -1 -1 -1 0 
8 3 678 340 22 19 -1 -1 -1 0 
8 5 560 633 714 81 -1 -1 -1 0 
8 6 447 347 33 16 -1 -1 -1 0 
9 1 509 344 57 40 -1 -1 -1 0 
9 2 0 366 94 34 -1 -1 -1 0 
9 3 678 340 23 19 -1 -1 -1 0 
9 5 569 634 707 80 -1 -1 -1 0 
9 6 436 347 33 16 -1 -1 -1 0 
9 7 261 355 86 24 -1 -1 -1 0 
10 1 508 345 58 39 -1 -1 -1 0 
10 2 0 368 54 35 -1 -1 -1 0 
10 3 679 342 21 17 -1 -1 -1 0 
10 5 573 635 703 80 -1 -1 -1 0 
10 6 421 347 38 18 -1 -1 -1 0 
10 7 208 356 100 27 -1 -1 -1 0 
11 1 508 345 58 40 -1 -1 -1 0 
11 3 680 341 20 18 -1 -1 -1 0 
11 5 578 634 696 81 -1 -1 -1 0 
11 6 403 348 45 18 -1 -1 -1 0 
11 7 136 358 122 32 -1 -1 -1 0 
12 1 508 346 58 39 -1 -1 -1 0 
12 3 681 342 20 18 -1 -1 -1 0 
12 5 579 634 696 81 -1 -1 -1 0 
12 6 387 349 46 19 -1 -1 -1 0 
12 7 22 361 174 36 -1 -1 -1 0 
13 1 509 346 56 39 -1 -1 -1 0 
13 3 680 342 22 18 -1 -1 -1 0 
13 5 560 634 719 81 -1 -1 -1 0 
13 6 369 349 49 19 -1 -1 -1 0 
13 7 0 364 102 35 -1 -1 -1 0 
13 9 469 346 37 17 -1 -1 -1 0 
14 1 508 346 58 40 -1 -1 -1 0 
14 3 681 341 20 19 -1 -1 -1 0 
14 5 560 634 718 81 -1 -1 -1 0 
14 6 346 350 55 19 -1 -1 -1 0 
14 7 0 366 47 38 -1 -1 -1 0 
14 9 457 347 36 17 -1 -1 -1 0 
14 11 312 355 42 19 -1 -1 -1 0 
15 1 510 345 56 40 -1 -1 -1 0 
15 3 681 341 20 18 -1 -1 -1 0 
15 5 559 634 719 80 -1 -1 -1 0 
15 6 321 349 61 22 -1 -1 -1 0 
15 9 441 347 41 17 -1 -1 -1 0 
15 11 290 354 40 21 -1 -1 -1 0 
16 1 509 345 57 40 -1 -1 -1 0 
16 3 681 341 20 18 -1 -1 -1 0 
16 5 563 635 712 79 -1 -1 -1 0 
16 6 295 349 65 24 -1 -1 -1 0 
16 9 423 347 45 18 -1 -1 -1 0 
16 11 263 357 41 21 -1 -1 -1 0 
17 1 509 345 58 39 -1 -1 -1 0 
17 3 681 340 20 18 -1 -1 -1 0 
17 5 559 635 718 79 -1 -1 -1 0 
17 6 244 349 95 29 -1 -1 -1 0 
17 9 405 346 48 20 -1 -1 -1 0 
17 11 243 357 44 23 -1 -1 -1 0 
18 1 510 344 56 40 -1 -1 -1 0 
18 3 681 340 20 18 -1 -1 -1 0 
18 5 566 635 709 79 -1 -1 -1 0 
18 6 203 350 102 31 -1 -1 -1 0 
18 9 381 346 54 21 -1 -1 -1 0 
18 12 457 349 28 13 -1 -1 -1 0 
19 1 509 344 58 39 -1 -1 -1 0 
19 3 680 340 22 17 -1 -1 -1 0 
19 5 568 635 707 79 -1 -1 -1 0 
19 6 151 350 117 34 -1 -1 -1 0 
19 9 352 346 62 23 -1 -1 -1 0 
19 12 448 349 28 13 -1 -1 -1 0 
20 1 509 343 58 40 -1 -1 -1 0 
20 3 681 340 21 17 -1 -1 -1 0 
20 5 561 635 716 79 -1 -1 -1 0 
20 6 80 350 144 38 -1 -1 -1 0 
20 9 318 346 70 26 -1 -1 -1 0 
20 12 436 350 28 13 -1 -1 -1 0 
21 1 509 343 57 40 -1 -1 -1 0 
21 3 681 340 20 18 -1 -1 -1 0 
21 5 565 635 713 79 -1 -1 -1 0 
21 6 16 353 145 42 -1 -1 -1 0 
21 9 273 347 86 29 -1 -1 -1 0 
21 12 423 350 32 14 -1 -1 -1 0 
22 1 509 343 57 40 -1 -1 -1 0 
22 3 681 340 21 18 -1 -1 -1 0 
22 5 558 635 720 79 -1 -1 -1 0 
22 6 0 354 124 43 -1 -1 -1 0 
22 9 217 349 105 32 -1 -1 -1 0 
22 12 411 351 33 14 -1 -1 -1 0 
23 1 508 344 58 39 -1 -1 -1 0 
23 3 681 341 20 18 -1 -1 -1 0 
23 5 560 635 716 78 -1 -1 -1 0 
23 9 144 350 130 36 -1 -1 -1 0 
23 11 1 373 34 26 -1 -1 -1 0 
23 12 402 351 34 15 -1 -1 -1 0 
24 1 509 344 57 40 -1 -1 -1 0 
24 3 682 341 19 18 -1 -1 -1 0 
24 5 565 635 710 78 -1 -1 -1 0 
24 9 36 351 171 44 -1 -1 -1 0 
24 11 0 375 0 27 -1 -1 -1 0 
24 12 379 352 40 16 -1 -1 -1 0 
25 1 509 344 57 40 -1 -1 -1 0 
25 3 681 340 20 18 -1 -1 -1 0 
25 5 563 635 711 80 -1 -1 -1 0 
25 9 2 352 109 48 -1 -1 -1 0 
25 12 368 353 40 16 -1 -1 -1 0 
26 1 510 344 57 40 -1 -1 -1 0 
26 3 680 340 21 18 -1 -1 -1 0 
26 5 558 634 719 81 -1 -1 -1 0 
26 9 0 353 62 50 -1 -1 -1 0 
26 12 340 354 48 17 -1 -1 -1 0 
27 1 509 343 59 41 -1 -1 -1 0 
27 3 680 340 22 18 -1 -1 -1 0 
27 5 559 634 717 81 -1 -1 -1 0 
27 12 317 355 53 18 -1 -1 -1 0 
28 1 510 343 57 41 -1 -1 -1 0 
28 3 681 340 20 17 -1 -1 -1 0 
28 5 569 634 706 80 -1 -1 -1 0 
28 12 292 356 58 19 -1 -1 -1 0 
29 1 509 343 59 41 -1 -1 -1 0 
29 3 681 341 21 16 -1 -1 -1 0 
29 5 562 634 714 80 -1 -1 -1 0 
29 12 262 357 64 21 -1 -1 -1 0 
30 1 509 343 59 40 -1 -1 -1 0 
30 3 681 341 21 16 -1 -1 -1 0 
30 5 560 634 717 80 -1 -1 -1 0 
30 12 225 358 77 23 -1 -1 -1 0 
31 1 509 343 60 40 -1 -1 -1 0 
31 3 682 341 19 17 -1 -1 -1 0 
31 5 560 635 717 79 -1 -1 -1 0 
31 12 182 358 88 26 -1 -1 -1 0 
32 1 511 343 57 40 -1 -1 -1 0 
32 3 681 341 21 17 -1 -1 -1 0 
32 5 553 635 725 79 -1 -1 -1 0 
32 12 130 360 100 28 -1 -1 -1 0 
33 1 509 343 60 40 -1 -1 -1 0 
33 3 681 341 22 17 -1 -1 -1 0 
33 5 557 635 719 79 -1 -1 -1 0 
33 12 61 363 124 31 -1 -1 -1 0 
34 1 510 343 59 40 -1 -1 -1 0 
34 3 681 341 22 17 -1 -1 -1 0 
34 5 558 635 718 79 -1 -1 -1 0 
34 12 4 364 120 33 -1 -1 -1 0 
35 1 510 343 59 40 -1 -1 -1 0 
35 3 682 341 21 16 -1 -1 -1 0 
35 5 560 635 714 79 -1 -1 -1 0 
35 12 0 366 86 34 -1 -1 -1 0 
36 1 511 343 58 40 -1 -1 -1 0 
36 3 682 341 20 16 -1 -1 -1 0 
36 5 554 634 723 80 -1 -1 -1 0 
37 1 512 343 56 40 -1 -1 -1 0 
37 3 681 341 22 16 -1 -1 -1 0 
37 5 556 635 721 79 -1 -1 -1 0 
38 1 512 344 58 39 -1 -1 -1 0 
38 3 683 341 19 17 -1 -1 -1 0 
38 5 568 635 707 79 -1 -1 -1 0 
39 1 513 344 56 39 -1 -1 -1 0 
39 3 683 341 19 18 -1 -1 -1 0 
39 5 572 635 701 79 -1 -1 -1 0 
39 15 455 348 32 15 -1 -1 -1 0 
40 1 512 344 59 39 -1 -1 -1 0 
40 3 682 342 21 17 -1 -1 -1 0 
40 5 554 635 725 79 -1 -1 -1 0 
40 15 443 349 33 14 -1 -1 -1 0 
