3 1 1106 341 41 26 -1 -1 -1 0 
3 2 628 346 29 24 -1 -1 -1 0 
3 3 276 357 39 15 -1 -1 -1 0 
3 4 192 354 67 25 -1 -1 -1 0 
3 5 680 343 19 18 -1 -1 -1 0 
4 1 1120 341 42 26 -1 -1 -1 0 
4 2 627 346 30 24 -1 -1 -1 0 
4 3 256 358 42 16 -1 -1 -1 0 
4 4 154 354 76 27 -1 -1 -1 0 
4 5 679 344 20 17 -1 -1 -1 0 
5 1 1134 341 44 27 -1 -1 -1 0 
5 2 628 347 28 23 -1 -1 -1 0 
5 3 233 359 47 17 -1 -1 -1 0 
5 4 108 356 90 28 -1 -1 -1 0 
5 5 678 344 22 17 -1 -1 -1 0 
6 1 1150 340 45 28 -1 -1 -1 0 
6 2 628 347 28 23 -1 -1 -1 0 
6 3 211 360 48 18 -1 -1 -1 0 
6 4 57 357 100 31 -1 -1 -1 0 
6 5 679 344 20 17 -1 -1 -1 0 
7 1 1180 340 31 29 -1 -1 -1 0 
7 2 629 346 27 24 -1 -1 -1 0 
7 3 184 360 54 20 -1 -1 -1 0 
7 4 3 358 109 34 -1 -1 -1 0 
7 5 679 344 19 17 -1 -1 -1 0 
8 1 1194 340 31 29 -1 -1 -1 0 
8 2 629 346 27 24 -1 -1 -1 0 
8 3 155 361 59 21 -1 -1 -1 0 
8 4 0 359 55 34 -1 -1 -1 0 
8 5 679 344 20 16 -1 -1 -1 0 
9 2 629 346 28 24 -1 -1 -1 0 
9 3 119 362 68 22 -1 -1 -1 0 
9 4 0 359 20 36 -1 -1 -1 0 
9 5 679 344 20 16 -1 -1 -1 0 
10 2 629 346 28 24 -1 -1 -1 0 
10 3 82 363 72 24 -1 -1 -1 0 
10 5 679 344 19 15 -1 -1 -1 0 
11 1 1244 339 34 30 -1 -1 -1 0 
11 2 628 345 29 24 -1 -1 -1 0 
11 3 35 364 84 27 -1 -1 -1 0 
11 5 680 344 18 15 -1 -1 -1 0 
12 1 1259 338 20 31 -1 -1 -1 0 
12 2 628 345 28 24 -1 -1 -1 0 
12 3 0 367 78 26 -1 -1 -1 0 
12 5 681 343 17 16 -1 -1 -1 0 
13 2 628 344 28 24 -1 -1 -1 0 
13 3 0 368 32 26 -1 -1 -1 0 
13 5 681 343 17 16 -1 -1 -1 0 
13 6 463 346 25 16 -1 -1 -1 0 
13 7 423 348 33 15 -1 -1 -1 0 
14 2 628 344 29 24 -1 -1 -1 0 
14 3 0 369 2 27 -1 -1 -1 0 
14 5 680 342 18 17 -1 -1 -1 0 
14 6 455 345 29 18 -1 -1 -1 0 
14 7 409 349 36 15 -1 -1 -1 0 
15 2 629 344 28 24 -1 -1 -1 0 
15 5 681 342 17 16 -1 -1 -1 0 
15 6 450 345 30 18 -1 -1 -1 0 
15 7 396 349 35 16 -1 -1 -1 0 
16 2 628 345 29 23 -1 -1 -1 0 
16 5 680 343 21 16 -1 -1 -1 0 
16 6 331 355 53 15 -1 -1 -1 0 
16 7 381 350 34 17 -1 -1 -1 0 
17 2 629 345 27 23 -1 -1 -1 0 
17 5 681 342 17 17 -1 -1 -1 0 
17 6 301 357 50 16 -1 -1 -1 0 
17 7 363 351 41 17 -1 -1 -1 0 
18 2 629 345 27 24 -1 -1 -1 0 
18 5 680 343 20 17 -1 -1 -1 0 
18 6 281 359 49 16 -1 -1 -1 0 
18 7 344 352 45 18 -1 -1 -1 0 
19 1 902 344 25 16 -1 -1 -1 0 
19 2 629 345 27 24 -1 -1 -1 0 
19 5 679 343 21 17 -1 -1 -1 0 
19 6 259 358 51 18 -1 -1 -1 0 
19 7 323 353 49 18 -1 -1 -1 0 
20 1 880 344 23 16 -1 -1 -1 0 
20 2 628 346 29 23 -1 -1 -1 0 
20 5 679 343 20 17 -1 -1 -1 0 
20 6 234 360 55 19 -1 -1 -1 0 
20 7 301 353 50 21 -1 -1 -1 0 
21 1 873 345 26 15 -1 -1 -1 0 
21 2 628 346 29 23 -1 -1 -1 0 
21 5 678 343 21 17 -1 -1 -1 0 
21 6 202 359 63 22 -1 -1 -1 0 
21 7 272 353 59 22 -1 -1 -1 0 
22 1 855 345 25 14 -1 -1 -1 0 
22 2 629 346 27 23 -1 -1 -1 0 
22 5 677 343 22 17 -1 -1 -1 0 
22 6 166 361 71 22 -1 -1 -1 0 
22 7 241 354 63 24 -1 -1 -1 0 
23 2 629 345 27 24 -1 -1 -1 0 
23 5 678 343 19 17 -1 -1 -1 0 
23 6 126 362 77 23 -1 -1 -1 0 
23 7 202 354 76 25 -1 -1 -1 0 
23 12 359 347 49 20 -1 -1 -1 0 
24 2 629 346 27 23 -1 -1 -1 0 
24 5 677 343 21 17 -1 -1 -1 0 
24 6 74 365 69 24 -1 -1 -1 0 
24 7 157 356 85 27 -1 -1 -1 0 
24 12 344 346 50 23 -1 -1 -1 0 
25 2 629 346 27 23 -1 -1 -1 0 
25 5 677 345 21 14 -1 -1 -1 0 
25 6 7 368 72 25 -1 -1 -1 0 
25 7 101 356 101 30 -1 -1 -1 0 
25 12 326 345 55 25 -1 -1 -1 0 
26 1 877 345 32 14 -1 -1 -1 0 
26 2 628 346 28 23 -1 -1 -1 0 
26 5 677 345 21 15 -1 -1 -1 0 
26 6 0 370 37 23 -1 -1 -1 0 
26 7 26 357 125 34 -1 -1 -1 0 
26 12 314 345 57 25 -1 -1 -1 0 
27 1 870 345 33 14 -1 -1 -1 0 
27 2 628 346 27 23 -1 -1 -1 0 
27 5 675 345 24 15 -1 -1 -1 0 
27 6 0 372 1 24 -1 -1 -1 0 
27 7 0 360 85 34 -1 -1 -1 0 
28 2 628 346 27 23 -1 -1 -1 0 
28 5 674 346 24 14 -1 -1 -1 0 
28 7 0 361 46 35 -1 -1 -1 0 
28 13 371 354 30 12 -1 -1 -1 0 
29 2 628 346 27 23 -1 -1 -1 0 
29 5 674 346 23 15 -1 -1 -1 0 
29 12 232 348 81 28 -1 -1 -1 0 
29 13 358 355 30 12 -1 -1 -1 0 
30 2 628 346 28 22 -1 -1 -1 0 
30 5 674 346 23 15 -1 -1 -1 0 
30 12 202 349 87 31 -1 -1 -1 0 
30 13 342 355 36 13 -1 -1 -1 0 
31 2 628 346 28 22 -1 -1 -1 0 
31 5 674 346 23 15 -1 -1 -1 0 
31 12 165 349 100 34 -1 -1 -1 0 
31 13 324 356 39 13 -1 -1 -1 0 
32 2 629 347 26 21 -1 -1 -1 0 
32 5 674 346 23 15 -1 -1 -1 0 
32 12 120 349 117 36 -1 -1 -1 0 
32 13 306 357 39 14 -1 -1 -1 0 
33 2 629 346 26 22 -1 -1 -1 0 
33 5 671 346 27 15 -1 -1 -1 0 
33 12 68 350 135 37 -1 -1 -1 0 
33 13 286 358 43 14 -1 -1 -1 0 
34 2 629 346 26 22 -1 -1 -1 0 
34 5 672 346 25 15 -1 -1 -1 0 
34 12 35 351 143 38 -1 -1 -1 0 
34 13 263 359 46 16 -1 -1 -1 0 
35 2 628 346 27 23 -1 -1 -1 0 
35 5 671 346 25 15 -1 -1 -1 0 
35 12 1 352 108 42 -1 -1 -1 0 
35 13 239 360 51 18 -1 -1 -1 0 
36 2 627 346 28 23 -1 -1 -1 0 
36 12 0 351 47 45 -1 -1 -1 0 
36 13 209 361 59 18 -1 -1 -1 0 
37 2 627 346 28 23 -1 -1 -1 0 
37 5 671 346 23 16 -1 -1 -1 0 
37 12 0 351 11 47 -1 -1 -1 0 
37 13 174 362 66 19 -1 -1 -1 0 
38 2 628 346 26 23 -1 -1 -1 0 
38 5 670 346 24 17 -1 -1 -1 0 
38 13 133 365 76 19 -1 -1 -1 0 
39 2 627 346 27 23 -1 -1 -1 0 
39 5 671 345 23 17 -1 -1 -1 0 
39 13 86 366 84 20 -1 -1 -1 0 
39 16 880 344 54 31 -1 -1 -1 0 
40 2 627 346 28 22 -1 -1 -1 0 
40 5 671 345 24 17 -1 -1 -1 0 
40 13 26 366 99 25 -1 -1 -1 0 
40 16 880 344 61 31 -1 -1 -1 0 
