3 1 90 356 91 29 -1 -1 -1 0 
3 2 687 340 35 31 -1 -1 -1 0 
3 3 0 363 52 28 -1 -1 -1 0 
3 4 561 634 714 79 -1 -1 -1 0 
3 6 251 352 41 20 -1 -1 -1 0 
3 7 176 352 53 25 -1 -1 -1 0 
4 1 57 357 102 31 -1 -1 -1 0 
4 2 687 340 34 31 -1 -1 -1 0 
4 3 0 364 41 28 -1 -1 -1 0 
4 4 561 634 714 79 -1 -1 -1 0 
4 6 234 353 82 22 -1 -1 -1 0 
4 7 156 352 59 26 -1 -1 -1 0 
5 1 18 358 114 33 -1 -1 -1 0 
5 2 687 339 34 33 -1 -1 -1 0 
5 4 559 634 718 79 -1 -1 -1 0 
5 6 215 354 85 25 -1 -1 -1 0 
5 7 125 352 69 28 -1 -1 -1 0 
6 1 0 359 100 34 -1 -1 -1 0 
6 2 687 339 35 32 -1 -1 -1 0 
6 4 559 634 718 79 -1 -1 -1 0 
6 6 188 355 98 26 -1 -1 -1 0 
6 7 96 352 77 29 -1 -1 -1 0 
6 8 286 343 60 28 -1 -1 -1 0 
7 1 0 360 64 34 -1 -1 -1 0 
7 2 687 339 35 32 -1 -1 -1 0 
7 4 560 634 715 79 -1 -1 -1 0 
7 6 163 356 99 26 -1 -1 -1 0 
7 7 65 351 83 32 -1 -1 -1 0 
7 8 274 343 64 29 -1 -1 -1 0 
8 1 0 365 29 29 -1 -1 -1 0 
8 2 687 339 35 32 -1 -1 -1 0 
8 4 562 634 713 80 -1 -1 -1 0 
8 6 130 356 109 28 -1 -1 -1 0 
8 7 44 355 81 31 -1 -1 -1 0 
8 8 265 343 65 30 -1 -1 -1 0 
9 1 0 367 7 29 -1 -1 -1 0 
9 2 687 340 35 31 -1 -1 -1 0 
9 4 561 633 713 81 -1 -1 -1 0 
9 6 89 357 119 29 -1 -1 -1 0 
9 7 6 356 93 32 -1 -1 -1 0 
10 2 687 341 35 31 -1 -1 -1 0 
10 4 558 634 719 81 -1 -1 -1 0 
10 6 39 358 136 31 -1 -1 -1 0 
10 7 0 357 66 32 -1 -1 -1 0 
10 8 153 356 53 25 -1 -1 -1 0 
11 2 687 341 35 30 -1 -1 -1 0 
11 4 559 634 717 81 -1 -1 -1 0 
11 6 9 359 143 32 -1 -1 -1 0 
11 7 0 358 44 32 -1 -1 -1 0 
11 8 113 357 64 27 -1 -1 -1 0 
12 2 688 341 33 30 -1 -1 -1 0 
12 4 559 634 717 81 -1 -1 -1 0 
12 6 0 359 92 31 -1 -1 -1 0 
12 8 80 357 72 29 -1 -1 -1 0 
13 2 688 341 33 29 -1 -1 -1 0 
13 4 561 634 715 81 -1 -1 -1 0 
13 6 0 363 37 29 -1 -1 -1 0 
13 8 36 357 89 32 -1 -1 -1 0 
13 10 180 346 71 30 -1 -1 -1 0 
14 2 688 340 33 29 -1 -1 -1 0 
14 4 562 633 711 82 -1 -1 -1 0 
14 6 0 364 6 30 -1 -1 -1 0 
14 8 1 357 95 34 -1 -1 -1 0 
14 10 171 346 72 31 -1 -1 -1 0 
15 2 687 340 34 28 -1 -1 -1 0 
15 4 554 634 725 81 -1 -1 -1 0 
15 8 0 359 65 34 -1 -1 -1 0 
15 10 164 352 62 26 -1 -1 -1 0 
16 2 687 340 33 28 -1 -1 -1 0 
16 4 559 634 715 81 -1 -1 -1 0 
16 8 0 364 28 29 -1 -1 -1 0 
16 10 156 353 60 26 -1 -1 -1 0 
17 2 687 339 33 29 -1 -1 -1 0 
17 4 558 635 715 80 -1 -1 -1 0 
17 8 0 366 5 29 -1 -1 -1 0 
17 13 372 349 50 16 -1 -1 -1 0 
18 2 688 339 32 30 -1 -1 -1 0 
18 4 561 635 714 80 -1 -1 -1 0 
18 13 421 348 33 19 -1 -1 -1 0 
19 2 687 340 33 29 -1 -1 -1 0 
19 4 559 635 717 80 -1 -1 -1 0 
19 13 427 348 35 19 -1 -1 -1 0 
19 15 274 351 68 21 -1 -1 -1 0 
19 16 81 308 258 73 -1 -1 -1 0 
20 2 687 340 33 30 -1 -1 -1 0 
20 4 563 635 710 80 -1 -1 -1 0 
20 10 197 356 64 22 -1 -1 -1 0 
20 13 423 348 37 19 -1 -1 -1 0 
20 15 252 352 78 22 -1 -1 -1 0 
20 16 38 308 290 77 -1 -1 -1 0 
20 17 342 349 64 21 -1 -1 -1 0 
21 2 686 341 34 29 -1 -1 -1 0 
21 4 562 635 711 80 -1 -1 -1 0 
21 10 200 357 62 21 -1 -1 -1 0 
21 13 415 348 39 19 -1 -1 -1 0 
21 15 224 354 89 23 -1 -1 -1 0 
21 16 10 307 305 78 -1 -1 -1 0 
21 17 330 350 66 21 -1 -1 -1 0 
22 2 687 341 32 30 -1 -1 -1 0 
22 4 561 634 712 81 -1 -1 -1 0 
22 13 408 348 36 19 -1 -1 -1 0 
22 15 200 355 78 25 -1 -1 -1 0 
22 16 2 306 296 83 -1 -1 -1 0 
22 17 317 351 68 21 -1 -1 -1 0 
23 2 687 342 33 29 -1 -1 -1 0 
23 4 562 634 712 81 -1 -1 -1 0 
23 13 397 350 41 18 -1 -1 -1 0 
23 15 170 358 85 25 -1 -1 -1 0 
23 16 1 306 286 88 -1 -1 -1 0 
23 17 297 352 76 21 -1 -1 -1 0 
24 2 687 342 32 29 -1 -1 -1 0 
24 4 558 634 719 82 -1 -1 -1 0 
24 13 389 349 38 19 -1 -1 -1 0 
24 15 134 359 90 27 -1 -1 -1 0 
24 16 0 305 270 89 -1 -1 -1 0 
24 17 290 353 70 20 -1 -1 -1 0 
25 2 688 341 31 30 -1 -1 -1 0 
25 4 566 634 707 82 -1 -1 -1 0 
25 13 377 349 43 19 -1 -1 -1 0 
25 15 109 361 93 27 -1 -1 -1 0 
25 16 0 302 253 92 -1 -1 -1 0 
25 17 276 353 75 21 -1 -1 -1 0 
26 2 687 341 33 29 -1 -1 -1 0 
26 4 559 634 718 81 -1 -1 -1 0 
26 13 367 349 45 20 -1 -1 -1 0 
26 15 44 364 85 27 -1 -1 -1 0 
26 16 0 301 242 94 -1 -1 -1 0 
26 17 259 354 81 21 -1 -1 -1 0 
27 2 687 340 32 30 -1 -1 -1 0 
27 4 558 635 720 80 -1 -1 -1 0 
27 10 342 350 46 20 -1 -1 -1 0 
27 13 315 351 38 20 -1 -1 -1 0 
27 15 0 365 131 29 -1 -1 -1 0 
27 17 244 355 60 22 -1 -1 -1 0 
27 21 0 403 44 51 -1 -1 -1 0 
28 2 686 340 33 30 -1 -1 -1 0 
28 4 560 635 714 80 -1 -1 -1 0 
28 10 309 352 41 20 -1 -1 -1 0 
28 13 324 350 55 21 -1 -1 -1 0 
28 15 0 365 95 29 -1 -1 -1 0 
28 17 216 356 75 22 -1 -1 -1 0 
28 21 0 399 55 53 -1 -1 -1 0 
29 2 686 340 33 29 -1 -1 -1 0 
29 4 561 635 713 79 -1 -1 -1 0 
29 10 279 353 46 20 -1 -1 -1 0 
29 13 320 350 54 22 -1 -1 -1 0 
29 15 0 366 72 31 -1 -1 -1 0 
29 17 189 356 80 25 -1 -1 -1 0 
29 21 0 397 64 55 -1 -1 -1 0 
30 2 686 340 32 29 -1 -1 -1 0 
30 4 561 635 713 79 -1 -1 -1 0 
30 10 256 354 49 22 -1 -1 -1 0 
30 13 310 350 64 22 -1 -1 -1 0 
30 16 0 301 156 88 -1 -1 -1 0 
30 17 159 357 90 26 -1 -1 -1 0 
30 21 0 394 75 55 -1 -1 -1 0 
30 23 377 350 41 18 -1 -1 -1 0 
31 2 687 340 31 30 -1 -1 -1 0 
31 4 559 635 716 80 -1 -1 -1 0 
31 10 232 354 57 24 -1 -1 -1 0 
31 13 298 350 68 23 -1 -1 -1 0 
31 16 0 300 141 89 -1 -1 -1 0 
31 17 119 358 115 28 -1 -1 -1 0 
31 21 0 392 85 56 -1 -1 -1 0 
31 23 369 351 40 17 -1 -1 -1 0 
32 2 687 340 31 30 -1 -1 -1 0 
32 4 564 635 710 80 -1 -1 -1 0 
32 10 209 355 64 24 -1 -1 -1 0 
32 13 284 350 67 24 -1 -1 -1 0 
32 16 0 300 101 92 -1 -1 -1 0 
32 17 76 359 133 30 -1 -1 -1 0 
32 21 0 390 93 57 -1 -1 -1 0 
32 23 400 351 47 17 -1 -1 -1 0 
33 2 686 340 32 30 -1 -1 -1 0 
33 4 561 636 715 79 -1 -1 -1 0 
33 10 185 355 71 26 -1 -1 -1 0 
33 13 270 350 66 25 -1 -1 -1 0 
33 16 0 299 81 94 -1 -1 -1 0 
33 17 34 361 124 32 -1 -1 -1 0 
33 21 2 383 100 63 -1 -1 -1 0 
33 23 366 351 43 19 -1 -1 -1 0 
34 2 686 341 33 30 -1 -1 -1 0 
34 4 558 635 718 80 -1 -1 -1 0 
34 10 158 356 78 27 -1 -1 -1 0 
34 13 251 352 72 24 -1 -1 -1 0 
34 17 2 362 130 33 -1 -1 -1 0 
34 21 0 382 113 64 -1 -1 -1 0 
34 23 344 353 44 19 -1 -1 -1 0 
35 2 686 341 33 30 -1 -1 -1 0 
35 4 562 635 713 80 -1 -1 -1 0 
35 10 132 357 86 28 -1 -1 -1 0 
35 13 227 351 64 26 -1 -1 -1 0 
35 21 1 376 118 71 -1 -1 -1 0 
35 23 326 353 51 20 -1 -1 -1 0 
36 2 687 341 31 30 -1 -1 -1 0 
36 4 563 635 712 80 -1 -1 -1 0 
36 10 105 357 92 30 -1 -1 -1 0 
36 13 208 351 60 27 -1 -1 -1 0 
36 17 0 363 99 30 -1 -1 -1 0 
36 21 3 374 124 78 -1 -1 -1 0 
36 23 314 354 50 19 -1 -1 -1 0 
37 2 687 340 31 31 -1 -1 -1 0 
37 4 564 635 710 80 -1 -1 -1 0 
37 10 71 357 106 31 -1 -1 -1 0 
37 13 194 352 61 27 -1 -1 -1 0 
37 17 0 363 81 31 -1 -1 -1 0 
37 21 0 371 139 80 -1 -1 -1 0 
37 23 300 353 53 20 -1 -1 -1 0 
38 2 686 340 32 29 -1 -1 -1 0 
38 4 558 635 721 80 -1 -1 -1 0 
38 10 46 358 103 31 -1 -1 -1 0 
38 21 0 370 148 81 -1 -1 -1 0 
38 23 287 353 55 21 -1 -1 -1 0 
39 2 685 340 34 29 -1 -1 -1 0 
39 4 559 635 718 80 -1 -1 -1 0 
39 10 31 358 91 31 -1 -1 -1 0 
39 13 134 357 98 29 -1 -1 -1 0 
39 21 0 369 154 84 -1 -1 -1 0 
39 23 273 353 57 21 -1 -1 -1 0 
39 27 340 353 58 19 -1 -1 -1 0 
39 28 423 327 85 37 -1 -1 -1 0 
40 2 686 340 32 29 -1 -1 -1 0 
40 4 564 635 709 80 -1 -1 -1 0 
40 10 12 359 93 31 -1 -1 -1 0 
40 13 102 359 109 29 -1 -1 -1 0 
40 21 0 366 161 89 -1 -1 -1 0 
40 23 258 353 63 22 -1 -1 -1 0 
40 27 332 353 60 20 -1 -1 -1 0 
40 28 416 326 87 38 -1 -1 -1 0 
