3 1 676 340 46 39 -1 -1 -1 0 
4 1 676 339 46 41 -1 -1 -1 0 
4 2 438 344 26 14 -1 -1 -1 0 
5 1 675 338 48 42 -1 -1 -1 0 
5 2 429 344 26 16 -1 -1 -1 0 
6 1 675 338 47 41 -1 -1 -1 0 
6 2 417 344 27 16 -1 -1 -1 0 
7 1 676 338 46 41 -1 -1 -1 0 
7 2 405 342 29 19 -1 -1 -1 0 
8 1 675 337 47 41 -1 -1 -1 0 
8 2 390 342 34 20 -1 -1 -1 0 
9 1 675 337 48 41 -1 -1 -1 0 
9 2 375 342 36 21 -1 -1 -1 0 
10 1 675 337 48 40 -1 -1 -1 0 
10 2 358 342 39 22 -1 -1 -1 0 
11 1 676 337 46 41 -1 -1 -1 0 
11 2 340 343 41 22 -1 -1 -1 0 
12 1 676 337 47 41 -1 -1 -1 0 
12 2 320 343 45 23 -1 -1 -1 0 
13 1 676 337 46 41 -1 -1 -1 0 
13 2 299 343 47 24 -1 -1 -1 0 
14 1 675 337 47 40 -1 -1 -1 0 
14 2 273 344 52 25 -1 -1 -1 0 
15 1 675 336 48 41 -1 -1 -1 0 
15 2 245 344 56 28 -1 -1 -1 0 
16 1 675 336 48 41 -1 -1 -1 0 
16 2 211 344 64 30 -1 -1 -1 0 
17 1 675 336 48 41 -1 -1 -1 0 
17 2 171 345 73 32 -1 -1 -1 0 
18 1 675 336 48 41 -1 -1 -1 0 
18 2 123 346 84 34 -1 -1 -1 0 
19 1 676 335 46 41 -1 -1 -1 0 
19 2 63 346 100 37 -1 -1 -1 0 
19 7 556 634 718 82 -1 -1 -1 0 
20 1 676 335 47 41 -1 -1 -1 0 
20 2 4 346 105 40 -1 -1 -1 0 
20 7 555 633 719 83 -1 -1 -1 0 
21 1 676 336 48 40 -1 -1 -1 0 
21 2 0 348 37 41 -1 -1 -1 0 
22 1 676 336 48 40 -1 -1 -1 0 
22 2 0 348 -2 43 -1 -1 -1 0 
22 7 558 634 715 81 -1 -1 -1 0 
23 1 677 337 47 41 -1 -1 -1 0 
23 7 559 634 713 80 -1 -1 -1 0 
24 1 677 337 48 41 -1 -1 -1 0 
25 1 677 337 47 41 -1 -1 -1 0 
26 1 678 338 45 40 -1 -1 -1 0 
26 7 558 634 715 80 -1 -1 -1 0 
27 1 677 338 47 41 -1 -1 -1 0 
27 7 562 633 709 82 -1 -1 -1 0 
28 1 677 338 46 41 -1 -1 -1 0 
28 7 558 634 717 81 -1 -1 -1 0 
29 1 676 338 48 41 -1 -1 -1 0 
29 7 575 635 697 80 -1 -1 -1 0 
30 1 677 338 48 41 -1 -1 -1 0 
30 7 561 635 714 80 -1 -1 -1 0 
31 1 676 338 48 41 -1 -1 -1 0 
31 7 563 633 709 82 -1 -1 -1 0 
31 9 476 339 21 12 -1 -1 -1 0 
32 1 676 338 48 41 -1 -1 -1 0 
32 7 558 634 718 82 -1 -1 -1 0 
32 9 471 339 19 12 -1 -1 -1 0 
33 1 676 339 48 40 -1 -1 -1 0 
33 7 559 634 716 82 -1 -1 -1 0 
33 9 463 339 21 13 -1 -1 -1 0 
34 1 676 339 48 41 -1 -1 -1 0 
34 7 558 634 717 82 -1 -1 -1 0 
34 9 456 339 22 14 -1 -1 -1 0 
35 1 675 339 48 40 -1 -1 -1 0 
35 7 558 634 717 82 -1 -1 -1 0 
35 9 448 339 23 14 -1 -1 -1 0 
36 1 675 339 48 40 -1 -1 -1 0 
36 9 439 339 24 14 -1 -1 -1 0 
37 1 675 339 48 40 -1 -1 -1 0 
37 7 560 635 712 81 -1 -1 -1 0 
37 9 429 339 26 15 -1 -1 -1 0 
38 1 675 338 46 41 -1 -1 -1 0 
38 7 560 635 711 81 -1 -1 -1 0 
38 9 420 339 26 15 -1 -1 -1 0 
39 1 674 338 48 40 -1 -1 -1 0 
39 9 411 339 26 16 -1 -1 -1 0 
40 1 675 338 45 40 -1 -1 -1 0 
40 9 399 340 30 16 -1 -1 -1 0 
