3 1 1017 316 261 142 -1 -1 -1 0 
3 2 228 353 67 30 -1 -1 -1 0 
3 3 394 351 37 20 -1 -1 -1 0 
4 1 1022 316 257 146 -1 -1 -1 0 
4 2 192 353 76 33 -1 -1 -1 0 
4 3 376 351 41 21 -1 -1 -1 0 
4 4 562 635 716 79 -1 -1 -1 0 
5 1 1030 317 248 150 -1 -1 -1 0 
5 2 150 354 88 36 -1 -1 -1 0 
5 3 358 353 44 21 -1 -1 -1 0 
5 4 561 635 716 78 -1 -1 -1 0 
6 1 1037 317 241 156 -1 -1 -1 0 
6 2 102 355 96 39 -1 -1 -1 0 
6 3 339 353 46 24 -1 -1 -1 0 
6 4 562 635 713 78 -1 -1 -1 0 
7 1 1045 318 232 161 -1 -1 -1 0 
7 2 38 355 117 43 -1 -1 -1 0 
7 3 315 353 51 25 -1 -1 -1 0 
7 4 562 634 714 79 -1 -1 -1 0 
7 8 439 350 21 14 -1 -1 -1 0 
8 1 1053 317 224 170 -1 -1 -1 0 
8 2 1 356 96 47 -1 -1 -1 0 
8 3 289 354 55 26 -1 -1 -1 0 
8 4 561 634 714 79 -1 -1 -1 0 
8 8 429 350 24 14 -1 -1 -1 0 
9 1 1062 317 215 176 -1 -1 -1 0 
9 2 0 357 38 48 -1 -1 -1 0 
9 3 259 354 62 29 -1 -1 -1 0 
9 4 558 634 721 79 -1 -1 -1 0 
9 8 417 350 28 14 -1 -1 -1 0 
10 1 1069 316 210 178 -1 -1 -1 0 
10 2 0 358 0 50 -1 -1 -1 0 
10 3 223 355 71 31 -1 -1 -1 0 
10 4 561 635 717 78 -1 -1 -1 0 
10 8 408 350 27 15 -1 -1 -1 0 
11 1 1073 316 206 160 -1 -1 -1 0 
11 3 182 356 80 33 -1 -1 -1 0 
11 4 566 634 707 79 -1 -1 -1 0 
11 8 396 352 30 13 -1 -1 -1 0 
11 10 486 346 25 14 -1 -1 -1 0 
12 1 1088 318 191 153 -1 -1 -1 0 
12 3 131 355 92 38 -1 -1 -1 0 
12 4 563 634 711 80 -1 -1 -1 0 
12 8 386 353 28 13 -1 -1 -1 0 
12 10 479 347 26 13 -1 -1 -1 0 
13 1 1101 319 177 152 -1 -1 -1 0 
13 3 63 357 115 42 -1 -1 -1 0 
13 4 560 635 719 79 -1 -1 -1 0 
13 8 373 353 29 15 -1 -1 -1 0 
13 10 473 348 26 14 -1 -1 -1 0 
14 1 1113 321 165 153 -1 -1 -1 0 
14 3 4 360 112 46 -1 -1 -1 0 
14 4 560 635 718 78 -1 -1 -1 0 
14 8 358 354 31 16 -1 -1 -1 0 
14 10 466 348 26 15 -1 -1 -1 0 
15 1 1126 325 152 151 -1 -1 -1 0 
15 3 0 361 76 48 -1 -1 -1 0 
15 4 562 634 712 79 -1 -1 -1 0 
15 8 341 354 35 17 -1 -1 -1 0 
15 10 459 348 27 15 -1 -1 -1 0 
15 13 503 346 18 13 -1 -1 -1 0 
16 1 1139 333 140 148 -1 -1 -1 0 
16 4 562 634 713 80 -1 -1 -1 0 
16 8 324 355 36 17 -1 -1 -1 0 
16 10 451 348 27 16 -1 -1 -1 0 
16 13 496 345 21 14 -1 -1 -1 0 
17 1 1155 347 123 141 -1 -1 -1 0 
17 4 558 634 720 80 -1 -1 -1 0 
17 8 305 355 40 19 -1 -1 -1 0 
17 10 443 349 27 16 -1 -1 -1 0 
17 13 489 345 23 15 -1 -1 -1 0 
18 1 1170 356 109 137 -1 -1 -1 0 
18 4 560 634 716 80 -1 -1 -1 0 
18 8 283 356 45 19 -1 -1 -1 0 
18 10 434 348 26 18 -1 -1 -1 0 
18 13 483 345 23 16 -1 -1 -1 0 
19 1 1187 368 91 132 -1 -1 -1 0 
19 4 557 634 721 80 -1 -1 -1 0 
19 8 260 357 46 20 -1 -1 -1 0 
19 10 421 348 32 19 -1 -1 -1 0 
19 13 475 345 25 16 -1 -1 -1 0 
20 1 1205 375 73 133 -1 -1 -1 0 
20 4 561 634 714 80 -1 -1 -1 0 
20 8 233 357 50 23 -1 -1 -1 0 
20 10 409 349 33 20 -1 -1 -1 0 
20 13 468 346 25 17 -1 -1 -1 0 
21 1 1226 382 51 131 -1 -1 -1 0 
21 4 560 634 716 80 -1 -1 -1 0 
21 8 201 359 57 25 -1 -1 -1 0 
21 10 394 350 38 20 -1 -1 -1 0 
21 13 459 346 28 18 -1 -1 -1 0 
22 1 1239 387 39 129 -1 -1 -1 0 
22 4 560 634 716 81 -1 -1 -1 0 
22 8 165 360 63 27 -1 -1 -1 0 
22 10 379 351 44 20 -1 -1 -1 0 
22 13 450 347 30 18 -1 -1 -1 0 
23 8 119 362 75 28 -1 -1 -1 0 
23 10 361 351 53 21 -1 -1 -1 0 
23 13 440 347 32 19 -1 -1 -1 0 
24 4 560 634 717 80 -1 -1 -1 0 
24 8 66 364 89 30 -1 -1 -1 0 
24 10 343 353 54 21 -1 -1 -1 0 
24 13 429 347 34 20 -1 -1 -1 0 
24 16 673 340 15 16 -1 -1 -1 0 
25 4 560 634 717 80 -1 -1 -1 0 
25 8 5 366 101 33 -1 -1 -1 0 
25 10 350 353 31 20 -1 -1 -1 0 
25 13 417 348 38 20 -1 -1 -1 0 
25 16 709 343 23 18 -1 -1 -1 0 
26 8 0 368 43 33 -1 -1 -1 0 
26 10 336 352 33 20 -1 -1 -1 0 
26 13 405 347 38 22 -1 -1 -1 0 
26 16 721 343 24 19 -1 -1 -1 0 
27 8 0 369 7 34 -1 -1 -1 0 
27 10 317 352 36 22 -1 -1 -1 0 
27 13 390 347 43 23 -1 -1 -1 0 
27 16 724 343 25 19 -1 -1 -1 0 
27 19 268 357 56 25 -1 -1 -1 0 
28 10 351 349 44 24 -1 -1 -1 0 
28 13 317 351 45 24 -1 -1 -1 0 
28 16 725 344 25 18 -1 -1 -1 0 
28 19 233 358 63 27 -1 -1 -1 0 
29 10 351 349 49 25 -1 -1 -1 0 
29 13 267 353 54 26 -1 -1 -1 0 
29 16 725 344 24 18 -1 -1 -1 0 
29 19 193 360 70 29 -1 -1 -1 0 
30 4 563 634 713 81 -1 -1 -1 0 
30 10 338 348 54 28 -1 -1 -1 0 
30 13 232 354 60 28 -1 -1 -1 0 
30 16 725 344 23 18 -1 -1 -1 0 
30 19 144 361 87 32 -1 -1 -1 0 
31 4 568 635 708 80 -1 -1 -1 0 
31 10 316 348 61 30 -1 -1 -1 0 
31 13 195 355 68 30 -1 -1 -1 0 
31 16 724 344 24 18 -1 -1 -1 0 
31 19 83 362 104 36 -1 -1 -1 0 
32 4 566 634 709 81 -1 -1 -1 0 
32 10 290 348 68 31 -1 -1 -1 0 
32 13 153 356 81 32 -1 -1 -1 0 
32 16 729 345 25 17 -1 -1 -1 0 
32 19 6 365 127 40 -1 -1 -1 0 
33 4 566 634 709 81 -1 -1 -1 0 
33 10 262 350 73 32 -1 -1 -1 0 
33 13 104 358 92 34 -1 -1 -1 0 
33 19 0 369 62 40 -1 -1 -1 0 
33 21 427 347 42 19 -1 -1 -1 0 
34 4 562 635 715 80 -1 -1 -1 0 
34 10 227 350 83 35 -1 -1 -1 0 
34 13 44 359 108 38 -1 -1 -1 0 
34 19 0 371 19 42 -1 -1 -1 0 
34 21 417 347 43 20 -1 -1 -1 0 
35 4 562 635 715 80 -1 -1 -1 0 
35 10 185 351 94 39 -1 -1 -1 0 
35 13 2 361 95 41 -1 -1 -1 0 
35 16 722 345 25 18 -1 -1 -1 0 
35 21 405 347 46 21 -1 -1 -1 0 
36 4 567 635 708 80 -1 -1 -1 0 
36 10 132 352 113 42 -1 -1 -1 0 
36 13 0 362 58 43 -1 -1 -1 0 
36 16 722 345 24 17 -1 -1 -1 0 
36 21 395 348 44 21 -1 -1 -1 0 
37 4 564 634 711 81 -1 -1 -1 0 
37 10 67 353 135 46 -1 -1 -1 0 
37 16 721 343 25 19 -1 -1 -1 0 
37 21 381 349 47 21 -1 -1 -1 0 
38 4 562 635 717 80 -1 -1 -1 0 
38 10 8 354 137 52 -1 -1 -1 0 
38 16 724 343 24 19 -1 -1 -1 0 
38 21 368 349 46 24 -1 -1 -1 0 
39 4 561 635 717 80 -1 -1 -1 0 
39 10 0 357 76 52 -1 -1 -1 0 
39 21 353 349 47 25 -1 -1 -1 0 
40 4 561 635 717 80 -1 -1 -1 0 
40 10 0 357 40 55 -1 -1 -1 0 
40 21 333 349 53 27 -1 -1 -1 0 
