3 2 143 361 135 42 -1 -1 -1 0 
3 3 558 348 78 55 -1 -1 -1 0 
3 4 765 341 34 29 -1 -1 -1 0 
3 5 452 345 44 21 -1 -1 -1 0 
3 6 697 342 32 25 -1 -1 -1 0 
3 7 792 336 23 21 -1 -1 -1 0 
3 8 555 635 721 81 -1 -1 -1 0 
4 2 51 364 162 48 -1 -1 -1 0 
4 3 559 349 77 55 -1 -1 -1 0 
4 4 765 342 33 28 -1 -1 -1 0 
4 5 439 346 44 22 -1 -1 -1 0 
4 6 698 342 30 26 -1 -1 -1 0 
4 7 792 338 23 19 -1 -1 -1 0 
4 8 556 637 722 79 -1 -1 -1 0 
4 11 519 345 32 18 -1 -1 -1 0 
5 2 3 367 137 52 -1 -1 -1 0 
5 3 559 349 77 54 -1 -1 -1 0 
5 4 764 342 33 28 -1 -1 -1 0 
5 5 422 346 49 23 -1 -1 -1 0 
5 6 698 340 30 28 -1 -1 -1 0 
5 7 792 338 22 19 -1 -1 -1 0 
5 8 563 635 709 81 -1 -1 -1 0 
5 11 504 346 38 18 -1 -1 -1 0 
6 2 0 369 89 56 -1 -1 -1 0 
6 3 562 348 73 55 -1 -1 -1 0 
6 4 763 342 33 28 -1 -1 -1 0 
6 5 407 347 48 23 -1 -1 -1 0 
6 6 698 337 30 31 -1 -1 -1 0 
6 7 792 338 21 19 -1 -1 -1 0 
6 8 561 635 713 81 -1 -1 -1 0 
6 11 489 346 44 19 -1 -1 -1 0 
7 3 563 348 72 55 -1 -1 -1 0 
7 4 763 342 32 28 -1 -1 -1 0 
7 5 391 348 47 25 -1 -1 -1 0 
7 6 696 340 32 28 -1 -1 -1 0 
7 7 792 338 21 20 -1 -1 -1 0 
7 8 560 635 714 82 -1 -1 -1 0 
7 11 473 346 45 21 -1 -1 -1 0 
8 3 564 346 71 57 -1 -1 -1 0 
8 4 761 342 35 28 -1 -1 -1 0 
8 5 429 348 53 23 -1 -1 -1 0 
8 6 697 339 30 29 -1 -1 -1 0 
8 7 791 339 22 19 -1 -1 -1 0 
8 8 556 635 722 80 -1 -1 -1 0 
8 11 500 345 39 19 -1 -1 -1 0 
9 3 564 349 73 54 -1 -1 -1 0 
9 4 761 342 34 28 -1 -1 -1 0 
9 5 479 346 43 21 -1 -1 -1 0 
9 6 697 339 30 29 -1 -1 -1 0 
9 7 791 338 22 20 -1 -1 -1 0 
9 8 558 635 717 80 -1 -1 -1 0 
9 11 451 347 50 22 -1 -1 -1 0 
10 3 565 349 72 53 -1 -1 -1 0 
10 4 761 342 33 28 -1 -1 -1 0 
10 5 490 345 46 21 -1 -1 -1 0 
10 6 695 339 32 29 -1 -1 -1 0 
10 7 791 338 22 20 -1 -1 -1 0 
10 8 558 634 718 81 -1 -1 -1 0 
10 11 414 348 59 25 -1 -1 -1 0 
10 22 324 350 61 28 -1 -1 -1 0 
11 3 566 347 70 55 -1 -1 -1 0 
11 4 760 342 34 28 -1 -1 -1 0 
11 5 486 346 46 20 -1 -1 -1 0 
11 6 695 341 32 27 -1 -1 -1 0 
11 7 790 338 23 20 -1 -1 -1 0 
11 8 558 635 719 80 -1 -1 -1 0 
11 11 384 350 64 27 -1 -1 -1 0 
11 22 293 351 70 31 -1 -1 -1 0 
12 3 567 345 69 56 -1 -1 -1 0 
12 4 759 342 34 28 -1 -1 -1 0 
12 5 478 346 45 21 -1 -1 -1 0 
12 6 695 342 32 26 -1 -1 -1 0 
12 7 790 338 23 20 -1 -1 -1 0 
12 8 559 635 716 80 -1 -1 -1 0 
12 11 348 352 77 28 -1 -1 -1 0 
12 22 258 352 77 34 -1 -1 -1 0 
12 23 551 343 24 17 -1 -1 -1 0 
13 3 567 346 71 55 -1 -1 -1 0 
13 4 759 342 33 28 -1 -1 -1 0 
13 5 465 347 50 20 -1 -1 -1 0 
13 6 695 342 31 26 -1 -1 -1 0 
13 7 790 338 23 20 -1 -1 -1 0 
13 8 562 634 709 82 -1 -1 -1 0 
13 11 310 353 86 31 -1 -1 -1 0 
13 22 215 354 95 36 -1 -1 -1 0 
13 23 544 343 23 17 -1 -1 -1 0 
14 3 568 346 70 55 -1 -1 -1 0 
14 4 759 342 33 28 -1 -1 -1 0 
14 5 497 345 28 18 -1 -1 -1 0 
14 6 695 342 31 26 -1 -1 -1 0 
14 7 790 338 23 20 -1 -1 -1 0 
14 8 556 635 723 81 -1 -1 -1 0 
14 11 260 355 101 35 -1 -1 -1 0 
14 22 168 357 100 38 -1 -1 -1 0 
14 23 534 343 27 19 -1 -1 -1 0 
15 3 568 345 70 56 -1 -1 -1 0 
15 4 758 342 33 27 -1 -1 -1 0 
15 5 501 343 25 18 -1 -1 -1 0 
15 6 696 341 30 27 -1 -1 -1 0 
15 7 790 337 23 21 -1 -1 -1 0 
15 8 563 635 713 81 -1 -1 -1 0 
15 11 195 357 123 39 -1 -1 -1 0 
15 22 108 360 112 41 -1 -1 -1 0 
15 23 523 344 33 19 -1 -1 -1 0 
16 3 569 346 68 55 -1 -1 -1 0 
16 4 759 342 33 27 -1 -1 -1 0 
16 5 495 342 28 19 -1 -1 -1 0 
16 6 696 341 30 26 -1 -1 -1 0 
16 7 789 337 25 20 -1 -1 -1 0 
16 8 555 635 724 80 -1 -1 -1 0 
16 11 105 359 156 48 -1 -1 -1 0 
16 22 30 362 121 46 -1 -1 -1 0 
16 23 518 342 28 22 -1 -1 -1 0 
16 26 418 348 51 25 -1 -1 -1 0 
17 3 569 346 68 53 -1 -1 -1 0 
17 4 759 341 32 27 -1 -1 -1 0 
17 5 484 342 42 20 -1 -1 -1 0 
17 6 696 341 31 25 -1 -1 -1 0 
17 7 790 337 24 20 -1 -1 -1 0 
17 8 559 635 715 80 -1 -1 -1 0 
17 11 61 361 165 50 -1 -1 -1 0 
17 22 3 363 172 55 -1 -1 -1 0 
17 23 497 342 43 23 -1 -1 -1 0 
17 26 400 349 52 25 -1 -1 -1 0 
18 3 569 346 69 53 -1 -1 -1 0 
18 4 759 340 32 28 -1 -1 -1 0 
18 5 485 341 44 21 -1 -1 -1 0 
18 6 696 341 30 25 -1 -1 -1 0 
18 7 790 336 24 21 -1 -1 -1 0 
18 8 559 635 716 80 -1 -1 -1 0 
18 22 1 367 81 54 -1 -1 -1 0 
18 23 473 342 58 24 -1 -1 -1 0 
18 26 379 350 54 27 -1 -1 -1 0 
18 28 549 342 29 15 -1 -1 -1 0 
19 3 570 347 68 52 -1 -1 -1 0 
19 4 758 340 33 28 -1 -1 -1 0 
19 6 696 341 31 25 -1 -1 -1 0 
19 7 791 336 23 20 -1 -1 -1 0 
19 8 562 635 710 82 -1 -1 -1 0 
19 22 0 365 56 47 -1 -1 -1 0 
19 23 459 342 60 25 -1 -1 -1 0 
19 26 352 351 61 30 -1 -1 -1 0 
19 28 541 342 31 16 -1 -1 -1 0 
20 3 570 344 68 55 -1 -1 -1 0 
20 4 759 340 32 28 -1 -1 -1 0 
20 6 697 340 31 26 -1 -1 -1 0 
20 7 791 336 24 20 -1 -1 -1 0 
20 8 555 635 724 81 -1 -1 -1 0 
20 22 0 366 28 50 -1 -1 -1 0 
20 23 447 343 59 27 -1 -1 -1 0 
20 26 320 351 73 33 -1 -1 -1 0 
20 28 536 343 27 15 -1 -1 -1 0 
21 3 572 344 65 54 -1 -1 -1 0 
21 4 759 340 31 28 -1 -1 -1 0 
21 6 697 341 31 25 -1 -1 -1 0 
21 7 792 336 23 20 -1 -1 -1 0 
21 8 558 635 719 81 -1 -1 -1 0 
21 23 435 343 62 28 -1 -1 -1 0 
21 26 283 354 84 35 -1 -1 -1 0 
21 28 527 343 29 16 -1 -1 -1 0 
22 3 572 343 65 56 -1 -1 -1 0 
22 4 759 342 31 27 -1 -1 -1 0 
22 5 400 357 44 19 -1 -1 -1 0 
22 6 697 341 31 26 -1 -1 -1 0 
22 7 791 337 26 20 -1 -1 -1 0 
22 8 558 635 718 81 -1 -1 -1 0 
22 23 424 347 59 25 -1 -1 -1 0 
22 26 240 357 89 37 -1 -1 -1 0 
22 28 521 344 24 17 -1 -1 -1 0 
23 3 571 345 68 54 -1 -1 -1 0 
23 4 759 342 32 27 -1 -1 -1 0 
23 5 366 359 51 20 -1 -1 -1 0 
23 6 699 343 29 24 -1 -1 -1 0 
23 7 792 337 24 21 -1 -1 -1 0 
23 8 558 636 718 79 -1 -1 -1 0 
23 23 410 347 57 26 -1 -1 -1 0 
23 26 183 360 109 40 -1 -1 -1 0 
23 28 512 344 32 18 -1 -1 -1 0 
24 3 572 347 67 51 -1 -1 -1 0 
24 4 760 342 31 27 -1 -1 -1 0 
24 5 327 362 74 21 -1 -1 -1 0 
24 6 699 344 29 23 -1 -1 -1 0 
24 7 793 337 24 21 -1 -1 -1 0 
24 8 559 636 717 79 -1 -1 -1 0 
24 23 391 347 59 27 -1 -1 -1 0 
24 26 112 363 133 45 -1 -1 -1 0 
24 28 503 345 37 19 -1 -1 -1 0 
25 3 574 347 64 51 -1 -1 -1 0 
25 4 760 343 32 26 -1 -1 -1 0 
25 5 281 363 88 27 -1 -1 -1 0 
25 6 700 344 29 24 -1 -1 -1 0 
25 7 794 339 24 20 -1 -1 -1 0 
25 8 561 636 711 81 -1 -1 -1 0 
25 23 369 347 59 30 -1 -1 -1 0 
25 26 14 366 167 51 -1 -1 -1 0 
25 28 495 345 41 20 -1 -1 -1 0 
26 3 574 347 64 50 -1 -1 -1 0 
26 4 760 342 31 26 -1 -1 -1 0 
26 5 217 367 113 30 -1 -1 -1 0 
26 6 699 344 31 23 -1 -1 -1 0 
26 7 794 339 24 19 -1 -1 -1 0 
26 8 558 635 718 82 -1 -1 -1 0 
26 23 339 347 70 34 -1 -1 -1 0 
26 26 0 369 97 53 -1 -1 -1 0 
26 28 486 345 38 20 -1 -1 -1 0 
27 3 574 347 64 50 -1 -1 -1 0 
27 4 761 342 30 26 -1 -1 -1 0 
27 5 191 368 120 31 -1 -1 -1 0 
27 6 700 344 29 23 -1 -1 -1 0 
27 7 795 339 22 19 -1 -1 -1 0 
27 8 560 634 715 83 -1 -1 -1 0 
27 23 305 348 80 38 -1 -1 -1 0 
27 26 0 372 50 55 -1 -1 -1 0 
27 28 474 345 48 21 -1 -1 -1 0 
27 35 653 114 19 52 -1 -1 -1 0 
28 3 573 347 66 49 -1 -1 -1 0 
28 4 760 342 31 25 -1 -1 -1 0 
28 6 701 342 29 25 -1 -1 -1 0 
28 7 795 339 23 19 -1 -1 -1 0 
28 8 555 634 724 82 -1 -1 -1 0 
28 23 264 349 93 41 -1 -1 -1 0 
28 28 464 346 45 22 -1 -1 -1 0 
28 35 652 114 19 53 -1 -1 -1 0 
28 36 0 364 86 44 -1 -1 -1 0 
29 3 575 345 62 50 -1 -1 -1 0 
29 4 761 340 30 27 -1 -1 -1 0 
29 6 700 342 31 24 -1 -1 -1 0 
29 7 796 339 22 19 -1 -1 -1 0 
29 8 554 636 725 80 -1 -1 -1 0 
29 23 215 350 109 45 -1 -1 -1 0 
29 28 397 346 40 21 -1 -1 -1 0 
29 35 652 114 19 52 -1 -1 -1 0 
29 36 0 366 57 42 -1 -1 -1 0 
30 3 575 345 63 50 -1 -1 -1 0 
30 4 761 340 30 27 -1 -1 -1 0 
30 5 263 350 70 35 -1 -1 -1 0 
30 6 701 342 30 24 -1 -1 -1 0 
30 7 796 339 23 19 -1 -1 -1 0 
30 8 560 635 714 81 -1 -1 -1 0 
30 23 154 350 127 51 -1 -1 -1 0 
30 28 408 346 56 24 -1 -1 -1 0 
30 35 652 114 19 52 -1 -1 -1 0 
31 3 575 345 63 50 -1 -1 -1 0 
31 4 760 340 31 27 -1 -1 -1 0 
31 5 229 349 88 39 -1 -1 -1 0 
31 6 702 342 30 24 -1 -1 -1 0 
31 7 796 339 24 19 -1 -1 -1 0 
31 8 559 635 716 81 -1 -1 -1 0 
31 23 68 351 162 58 -1 -1 -1 0 
31 28 393 350 63 24 -1 -1 -1 0 
31 35 652 114 19 52 -1 -1 -1 0 
32 3 575 345 64 50 -1 -1 -1 0 
32 4 761 341 31 26 -1 -1 -1 0 
32 5 183 348 101 44 -1 -1 -1 0 
32 6 702 341 29 25 -1 -1 -1 0 
32 7 797 338 23 20 -1 -1 -1 0 
32 8 558 635 717 81 -1 -1 -1 0 
32 23 7 353 150 63 -1 -1 -1 0 
32 28 337 348 43 24 -1 -1 -1 0 
32 35 652 114 19 53 -1 -1 -1 0 
33 3 577 345 61 49 -1 -1 -1 0 
33 4 762 341 29 26 -1 -1 -1 0 
33 5 121 348 122 49 -1 -1 -1 0 
33 6 702 341 30 25 -1 -1 -1 0 
33 7 797 338 24 20 -1 -1 -1 0 
33 8 554 635 725 81 -1 -1 -1 0 
33 23 0 356 67 63 -1 -1 -1 0 
33 28 296 349 47 24 -1 -1 -1 0 
34 3 577 345 63 48 -1 -1 -1 0 
34 4 762 340 30 26 -1 -1 -1 0 
34 5 40 350 154 54 -1 -1 -1 0 
34 6 702 341 31 25 -1 -1 -1 0 
34 7 798 338 24 20 -1 -1 -1 0 
34 8 561 634 713 82 -1 -1 -1 0 
34 23 0 357 19 66 -1 -1 -1 0 
34 28 265 350 48 24 -1 -1 -1 0 
34 42 555 343 24 17 -1 -1 -1 0 
35 3 577 347 63 46 -1 -1 -1 0 
35 4 762 340 30 26 -1 -1 -1 0 
35 5 6 352 112 59 -1 -1 -1 0 
35 6 703 342 31 24 -1 -1 -1 0 
35 7 798 338 25 20 -1 -1 -1 0 
35 8 563 634 709 83 -1 -1 -1 0 
35 28 241 351 50 24 -1 -1 -1 0 
35 42 524 343 27 14 -1 -1 -1 0 
35 44 232 355 107 34 -1 -1 -1 0 
35 45 450 346 61 24 -1 -1 -1 0 
36 3 579 345 61 47 -1 -1 -1 0 
36 4 763 340 29 26 -1 -1 -1 0 
36 5 0 352 87 61 -1 -1 -1 0 
36 6 704 340 30 25 -1 -1 -1 0 
36 7 799 338 25 20 -1 -1 -1 0 
36 8 559 634 717 83 -1 -1 -1 0 
36 42 510 343 26 14 -1 -1 -1 0 
36 44 146 358 142 42 -1 -1 -1 0 
36 45 433 346 63 25 -1 -1 -1 0 
36 47 353 349 39 24 -1 -1 -1 0 
37 3 580 344 61 48 -1 -1 -1 0 
37 4 763 340 29 26 -1 -1 -1 0 
37 6 705 338 29 27 -1 -1 -1 0 
37 7 800 337 23 21 -1 -1 -1 0 
37 8 559 635 716 82 -1 -1 -1 0 
37 28 181 352 50 26 -1 -1 -1 0 
37 42 501 342 23 14 -1 -1 -1 0 
37 44 29 363 186 53 -1 -1 -1 0 
37 45 412 346 66 28 -1 -1 -1 0 
37 47 336 349 41 24 -1 -1 -1 0 
38 3 581 342 61 49 -1 -1 -1 0 
38 4 764 340 28 25 -1 -1 -1 0 
38 6 705 338 30 26 -1 -1 -1 0 
38 7 799 337 25 20 -1 -1 -1 0 
38 8 557 636 720 81 -1 -1 -1 0 
38 28 126 353 73 30 -1 -1 -1 0 
38 42 491 342 25 15 -1 -1 -1 0 
38 44 0 365 126 55 -1 -1 -1 0 
38 45 389 347 71 29 -1 -1 -1 0 
38 47 310 349 46 25 -1 -1 -1 0 
38 49 253 352 74 34 -1 -1 -1 0 
39 3 582 341 60 50 -1 -1 -1 0 
39 4 764 340 28 25 -1 -1 -1 0 
39 6 704 339 31 25 -1 -1 -1 0 
39 7 800 337 24 20 -1 -1 -1 0 
39 8 560 636 715 82 -1 -1 -1 0 
39 28 70 354 87 35 -1 -1 -1 0 
39 42 480 342 24 15 -1 -1 -1 0 
39 44 0 368 69 59 -1 -1 -1 0 
39 45 363 349 74 31 -1 -1 -1 0 
39 47 281 351 52 26 -1 -1 -1 0 
39 49 208 354 86 37 -1 -1 -1 0 
40 3 582 340 61 51 -1 -1 -1 0 
40 4 764 340 28 25 -1 -1 -1 0 
40 6 705 340 31 24 -1 -1 -1 0 
40 7 800 337 26 20 -1 -1 -1 0 
40 8 557 636 720 80 -1 -1 -1 0 
40 28 5 357 101 37 -1 -1 -1 0 
40 45 326 351 86 33 -1 -1 -1 0 
40 47 244 353 63 28 -1 -1 -1 0 
40 49 154 358 100 39 -1 -1 -1 0 
