3 1 655 340 48 43 -1 -1 -1 0 
4 1 655 340 48 43 -1 -1 -1 0 
4 2 352 349 38 21 -1 -1 -1 0 
5 1 654 340 50 43 -1 -1 -1 0 
5 2 335 350 41 22 -1 -1 -1 0 
5 3 561 636 713 78 -1 -1 -1 0 
6 1 654 339 49 44 -1 -1 -1 0 
6 2 317 350 44 23 -1 -1 -1 0 
6 3 560 634 713 79 -1 -1 -1 0 
7 1 654 339 49 44 -1 -1 -1 0 
7 2 297 350 49 25 -1 -1 -1 0 
7 3 559 634 714 79 -1 -1 -1 0 
8 1 653 338 50 45 -1 -1 -1 0 
8 2 275 351 52 25 -1 -1 -1 0 
9 1 653 340 50 44 -1 -1 -1 0 
9 2 250 352 56 26 -1 -1 -1 0 
9 3 563 635 708 79 -1 -1 -1 0 
10 1 653 339 50 44 -1 -1 -1 0 
10 2 222 353 63 27 -1 -1 -1 0 
10 3 560 635 711 79 -1 -1 -1 0 
11 1 652 338 50 44 -1 -1 -1 0 
11 2 190 353 69 29 -1 -1 -1 0 
11 3 558 636 718 78 -1 -1 -1 0 
12 1 653 337 49 45 -1 -1 -1 0 
12 2 151 353 79 32 -1 -1 -1 0 
12 3 570 636 701 78 -1 -1 -1 0 
13 1 652 337 51 44 -1 -1 -1 0 
13 2 108 354 87 35 -1 -1 -1 0 
13 3 560 636 714 78 -1 -1 -1 0 
14 1 653 337 49 44 -1 -1 -1 0 
14 2 53 356 102 39 -1 -1 -1 0 
14 3 560 636 714 78 -1 -1 -1 0 
15 1 653 337 50 44 -1 -1 -1 0 
15 2 2 359 104 40 -1 -1 -1 0 
15 3 561 636 710 78 -1 -1 -1 0 
16 1 654 338 49 44 -1 -1 -1 0 
16 2 0 362 43 41 -1 -1 -1 0 
16 3 561 636 710 78 -1 -1 -1 0 
17 1 654 339 49 44 -1 -1 -1 0 
17 2 0 364 7 42 -1 -1 -1 0 
17 3 560 636 713 78 -1 -1 -1 0 
18 1 654 340 50 43 -1 -1 -1 0 
18 3 559 636 714 77 -1 -1 -1 0 
19 1 654 340 50 43 -1 -1 -1 0 
19 3 560 637 713 76 -1 -1 -1 0 
20 1 654 341 50 43 -1 -1 -1 0 
20 3 564 635 705 78 -1 -1 -1 0 
21 1 654 341 50 43 -1 -1 -1 0 
21 3 564 636 709 78 -1 -1 -1 0 
22 1 654 342 50 42 -1 -1 -1 0 
22 3 563 636 708 78 -1 -1 -1 0 
23 1 655 342 48 42 -1 -1 -1 0 
23 3 563 636 708 78 -1 -1 -1 0 
24 1 654 342 50 42 -1 -1 -1 0 
24 3 560 636 711 78 -1 -1 -1 0 
25 1 655 342 49 43 -1 -1 -1 0 
25 3 560 636 711 78 -1 -1 -1 0 
25 4 369 352 35 16 -1 -1 -1 0 
26 1 656 340 48 44 -1 -1 -1 0 
26 3 585 636 675 78 -1 -1 -1 0 
26 4 357 352 35 17 -1 -1 -1 0 
27 1 655 340 50 43 -1 -1 -1 0 
27 3 566 636 700 78 -1 -1 -1 0 
27 4 341 352 39 19 -1 -1 -1 0 
28 1 656 340 48 43 -1 -1 -1 0 
28 3 589 636 576 79 -1 -1 -1 0 
28 4 325 352 42 21 -1 -1 -1 0 
29 1 656 339 49 44 -1 -1 -1 0 
29 3 560 636 632 79 -1 -1 -1 0 
29 4 307 352 56 22 -1 -1 -1 0 
30 1 655 339 50 44 -1 -1 -1 0 
30 3 558 636 636 78 -1 -1 -1 0 
30 4 289 352 71 24 -1 -1 -1 0 
31 1 655 339 50 44 -1 -1 -1 0 
31 3 555 636 667 78 -1 -1 -1 0 
31 4 276 352 75 25 -1 -1 -1 0 
32 1 655 340 50 43 -1 -1 -1 0 
32 3 553 636 695 78 -1 -1 -1 0 
32 4 248 351 102 27 -1 -1 -1 0 
33 1 656 340 49 43 -1 -1 -1 0 
33 3 571 635 684 79 -1 -1 -1 0 
33 4 231 353 62 27 -1 -1 -1 0 
34 1 656 340 48 44 -1 -1 -1 0 
34 3 560 635 694 80 -1 -1 -1 0 
34 4 201 355 62 27 -1 -1 -1 0 
35 1 655 341 50 43 -1 -1 -1 0 
35 3 565 635 672 80 -1 -1 -1 0 
35 4 168 356 67 29 -1 -1 -1 0 
35 5 468 349 20 13 -1 -1 -1 0 
36 1 655 342 50 43 -1 -1 -1 0 
36 3 559 635 698 80 -1 -1 -1 0 
36 4 132 357 74 32 -1 -1 -1 0 
36 5 460 351 22 12 -1 -1 -1 0 
37 1 655 342 51 42 -1 -1 -1 0 
37 3 558 635 702 81 -1 -1 -1 0 
37 4 88 358 88 34 -1 -1 -1 0 
37 5 456 352 22 12 -1 -1 -1 0 
38 1 656 342 49 42 -1 -1 -1 0 
38 3 562 635 688 80 -1 -1 -1 0 
38 4 36 360 101 36 -1 -1 -1 0 
39 1 657 341 48 43 -1 -1 -1 0 
39 3 559 635 703 80 -1 -1 -1 0 
39 4 0 362 92 37 -1 -1 -1 0 
39 5 437 352 25 14 -1 -1 -1 0 
40 1 657 341 48 43 -1 -1 -1 0 
40 3 558 635 706 80 -1 -1 -1 0 
40 4 0 363 35 37 -1 -1 -1 0 
40 5 428 352 27 14 -1 -1 -1 0 
