3 1 571 339 19 15 -1 -1 -1 0 
3 2 604 340 53 47 -1 -1 -1 0 
3 3 665 339 27 23 -1 -1 -1 0 
4 1 572 339 19 15 -1 -1 -1 0 
4 2 603 342 52 45 -1 -1 -1 0 
4 3 667 338 24 24 -1 -1 -1 0 
5 1 572 339 19 15 -1 -1 -1 0 
5 2 602 343 51 45 -1 -1 -1 0 
5 3 667 339 24 23 -1 -1 -1 0 
6 1 572 339 21 15 -1 -1 -1 0 
6 2 600 344 52 44 -1 -1 -1 0 
6 3 668 339 23 23 -1 -1 -1 0 
7 1 574 339 18 15 -1 -1 -1 0 
7 2 599 345 52 43 -1 -1 -1 0 
7 3 667 339 26 23 -1 -1 -1 0 
8 1 575 337 18 16 -1 -1 -1 0 
8 2 599 345 51 43 -1 -1 -1 0 
8 3 668 339 24 23 -1 -1 -1 0 
9 1 576 337 18 15 -1 -1 -1 0 
9 2 598 345 52 42 -1 -1 -1 0 
9 3 669 339 24 23 -1 -1 -1 0 
10 1 577 336 17 16 -1 -1 -1 0 
10 2 596 345 53 42 -1 -1 -1 0 
10 3 669 339 24 23 -1 -1 -1 0 
11 2 596 345 52 41 -1 -1 -1 0 
11 3 669 339 26 23 -1 -1 -1 0 
12 2 596 344 49 42 -1 -1 -1 0 
12 3 670 338 24 23 -1 -1 -1 0 
13 1 579 335 17 16 -1 -1 -1 0 
13 2 595 344 49 42 -1 -1 -1 0 
13 3 670 338 25 23 -1 -1 -1 0 
14 1 580 335 16 15 -1 -1 -1 0 
14 2 593 344 51 42 -1 -1 -1 0 
14 3 670 339 25 22 -1 -1 -1 0 
15 2 593 344 50 42 -1 -1 -1 0 
15 3 670 339 25 22 -1 -1 -1 0 
16 2 593 343 49 43 -1 -1 -1 0 
16 3 669 339 26 22 -1 -1 -1 0 
17 1 625 337 21 20 -1 -1 -1 0 
17 2 591 343 51 43 -1 -1 -1 0 
17 3 670 339 25 22 -1 -1 -1 0 
17 5 1210 390 69 105 -1 -1 -1 0 
18 1 631 337 20 20 -1 -1 -1 0 
18 2 591 343 50 42 -1 -1 -1 0 
18 3 669 339 26 21 -1 -1 -1 0 
18 5 1193 385 86 107 -1 -1 -1 0 
19 1 632 337 21 21 -1 -1 -1 0 
19 2 589 344 51 41 -1 -1 -1 0 
19 3 669 339 26 21 -1 -1 -1 0 
19 5 1178 380 101 109 -1 -1 -1 0 
19 7 562 635 715 81 -1 -1 -1 0 
20 1 632 336 21 22 -1 -1 -1 0 
20 2 588 344 51 41 -1 -1 -1 0 
20 3 668 340 26 20 -1 -1 -1 0 
20 5 1165 369 112 116 -1 -1 -1 0 
20 7 564 635 713 80 -1 -1 -1 0 
21 1 632 336 21 22 -1 -1 -1 0 
21 2 587 344 50 41 -1 -1 -1 0 
21 3 669 340 24 20 -1 -1 -1 0 
21 5 1149 359 129 124 -1 -1 -1 0 
21 7 560 635 717 79 -1 -1 -1 0 
22 1 631 336 22 22 -1 -1 -1 0 
22 2 586 343 51 42 -1 -1 -1 0 
22 3 669 340 24 20 -1 -1 -1 0 
22 5 1134 350 144 129 -1 -1 -1 0 
22 7 559 635 717 79 -1 -1 -1 0 
23 1 631 336 22 21 -1 -1 -1 0 
23 2 585 342 51 43 -1 -1 -1 0 
23 3 669 337 25 23 -1 -1 -1 0 
23 5 1123 342 155 133 -1 -1 -1 0 
23 7 559 634 716 80 -1 -1 -1 0 
24 1 630 336 22 21 -1 -1 -1 0 
24 2 584 342 52 42 -1 -1 -1 0 
24 3 669 336 25 24 -1 -1 -1 0 
24 5 1108 337 171 135 -1 -1 -1 0 
24 7 561 634 712 80 -1 -1 -1 0 
25 1 631 337 20 20 -1 -1 -1 0 
25 2 584 341 51 43 -1 -1 -1 0 
25 3 669 336 25 23 -1 -1 -1 0 
25 5 1096 334 183 137 -1 -1 -1 0 
25 7 562 634 712 80 -1 -1 -1 0 
26 1 630 338 22 19 -1 -1 -1 0 
26 2 584 341 50 42 -1 -1 -1 0 
26 3 668 336 26 23 -1 -1 -1 0 
26 5 1089 334 185 151 -1 -1 -1 0 
26 7 566 634 708 80 -1 -1 -1 0 
27 1 631 338 21 19 -1 -1 -1 0 
27 2 583 341 51 42 -1 -1 -1 0 
27 3 668 335 27 24 -1 -1 -1 0 
27 5 1078 333 197 164 -1 -1 -1 0 
27 7 559 634 718 80 -1 -1 -1 0 
28 1 630 337 22 19 -1 -1 -1 0 
28 2 583 341 51 42 -1 -1 -1 0 
28 3 668 335 27 23 -1 -1 -1 0 
28 5 1064 332 214 169 -1 -1 -1 0 
28 7 564 633 710 81 -1 -1 -1 0 
29 1 631 336 21 20 -1 -1 -1 0 
29 2 583 341 50 42 -1 -1 -1 0 
29 3 669 335 25 23 -1 -1 -1 0 
29 5 1052 332 227 168 -1 -1 -1 0 
29 7 558 633 718 81 -1 -1 -1 0 
30 1 631 336 21 20 -1 -1 -1 0 
30 2 582 342 51 42 -1 -1 -1 0 
30 3 669 335 25 23 -1 -1 -1 0 
30 5 1041 334 238 162 -1 -1 -1 0 
30 7 558 633 718 81 -1 -1 -1 0 
31 1 632 336 21 20 -1 -1 -1 0 
31 2 582 342 51 42 -1 -1 -1 0 
31 3 669 335 25 23 -1 -1 -1 0 
31 5 1031 335 248 157 -1 -1 -1 0 
32 1 632 336 21 19 -1 -1 -1 0 
32 2 582 342 51 42 -1 -1 -1 0 
32 3 669 335 26 23 -1 -1 -1 0 
32 5 1023 335 256 152 -1 -1 -1 0 
33 1 632 335 21 19 -1 -1 -1 0 
33 2 581 341 51 42 -1 -1 -1 0 
33 3 670 333 24 23 -1 -1 -1 0 
33 5 1014 334 265 148 -1 -1 -1 0 
33 7 557 634 719 80 -1 -1 -1 0 
34 1 632 334 21 20 -1 -1 -1 0 
34 2 582 339 49 44 -1 -1 -1 0 
34 3 669 335 26 21 -1 -1 -1 0 
34 5 1007 333 272 144 -1 -1 -1 0 
34 7 556 634 720 79 -1 -1 -1 0 
35 1 632 334 21 19 -1 -1 -1 0 
35 2 580 339 52 43 -1 -1 -1 0 
35 3 670 334 24 21 -1 -1 -1 0 
35 5 999 333 280 141 -1 -1 -1 0 
36 1 633 333 20 20 -1 -1 -1 0 
36 2 580 338 51 43 -1 -1 -1 0 
36 3 670 334 24 21 -1 -1 -1 0 
36 5 991 332 288 139 -1 -1 -1 0 
36 7 559 634 714 81 -1 -1 -1 0 
37 1 633 333 20 19 -1 -1 -1 0 
37 2 580 337 51 44 -1 -1 -1 0 
37 3 669 334 26 20 -1 -1 -1 0 
37 5 984 331 295 137 -1 -1 -1 0 
37 7 559 634 717 81 -1 -1 -1 0 
38 1 633 334 20 17 -1 -1 -1 0 
38 2 580 337 50 43 -1 -1 -1 0 
38 3 669 333 25 20 -1 -1 -1 0 
38 5 979 332 287 132 -1 -1 -1 0 
38 7 558 634 719 81 -1 -1 -1 0 
39 1 633 334 21 17 -1 -1 -1 0 
39 2 580 337 51 43 -1 -1 -1 0 
39 3 669 333 26 20 -1 -1 -1 0 
39 5 974 330 273 130 -1 -1 -1 0 
39 7 578 634 695 80 -1 -1 -1 0 
40 1 634 335 20 17 -1 -1 -1 0 
40 2 580 338 50 42 -1 -1 -1 0 
40 3 671 333 23 20 -1 -1 -1 0 
40 5 966 331 263 126 -1 -1 -1 0 
40 7 568 634 709 80 -1 -1 -1 0 
