3 1 671 322 28 37 -1 -1 -1 0 
3 2 725 346 28 20 -1 -1 -1 0 
3 3 754 348 50 33 -1 -1 -1 0 
4 1 671 322 28 36 -1 -1 -1 0 
4 2 726 346 26 20 -1 -1 -1 0 
4 3 755 348 50 33 -1 -1 -1 0 
5 1 672 321 28 36 -1 -1 -1 0 
5 2 725 345 28 21 -1 -1 -1 0 
5 3 756 347 50 34 -1 -1 -1 0 
6 1 672 321 27 36 -1 -1 -1 0 
6 2 726 345 28 21 -1 -1 -1 0 
6 3 755 347 52 34 -1 -1 -1 0 
7 1 671 320 28 37 -1 -1 -1 0 
7 2 725 345 29 20 -1 -1 -1 0 
7 3 755 346 53 35 -1 -1 -1 0 
8 1 672 320 26 36 -1 -1 -1 0 
8 2 726 345 28 20 -1 -1 -1 0 
8 3 756 346 52 35 -1 -1 -1 0 
9 1 671 320 28 36 -1 -1 -1 0 
9 2 727 345 28 19 -1 -1 -1 0 
9 3 758 346 51 35 -1 -1 -1 0 
10 1 672 320 27 36 -1 -1 -1 0 
10 2 727 345 27 20 -1 -1 -1 0 
10 3 759 346 50 35 -1 -1 -1 0 
11 1 672 320 27 37 -1 -1 -1 0 
11 2 726 345 29 20 -1 -1 -1 0 
11 3 760 346 50 35 -1 -1 -1 0 
12 1 672 320 28 37 -1 -1 -1 0 
12 2 725 345 30 20 -1 -1 -1 0 
12 3 760 346 51 35 -1 -1 -1 0 
13 1 672 320 27 37 -1 -1 -1 0 
13 2 726 344 29 20 -1 -1 -1 0 
13 3 761 346 51 35 -1 -1 -1 0 
14 1 672 320 28 36 -1 -1 -1 0 
14 2 726 344 29 20 -1 -1 -1 0 
14 3 762 345 51 36 -1 -1 -1 0 
15 1 673 319 26 37 -1 -1 -1 0 
15 2 727 343 28 22 -1 -1 -1 0 
15 3 762 345 52 36 -1 -1 -1 0 
16 1 673 319 27 37 -1 -1 -1 0 
16 2 726 344 30 21 -1 -1 -1 0 
16 3 761 346 54 35 -1 -1 -1 0 
17 1 673 320 27 37 -1 -1 -1 0 
17 2 727 344 28 22 -1 -1 -1 0 
17 3 763 346 52 36 -1 -1 -1 0 
17 5 564 635 710 79 -1 -1 -1 0 
18 1 673 320 27 37 -1 -1 -1 0 
18 2 727 344 29 22 -1 -1 -1 0 
18 3 763 346 54 36 -1 -1 -1 0 
18 5 561 635 715 80 -1 -1 -1 0 
19 1 672 320 28 37 -1 -1 -1 0 
19 2 727 344 28 23 -1 -1 -1 0 
19 3 764 346 52 37 -1 -1 -1 0 
19 5 562 634 714 80 -1 -1 -1 0 
20 1 673 320 27 38 -1 -1 -1 0 
20 2 728 344 27 23 -1 -1 -1 0 
20 3 764 346 53 37 -1 -1 -1 0 
20 5 570 634 706 80 -1 -1 -1 0 
21 1 672 320 28 38 -1 -1 -1 0 
21 2 729 344 27 23 -1 -1 -1 0 
21 3 764 347 55 37 -1 -1 -1 0 
21 5 570 635 707 79 -1 -1 -1 0 
22 1 673 320 27 38 -1 -1 -1 0 
22 2 728 344 29 23 -1 -1 -1 0 
22 3 764 347 56 37 -1 -1 -1 0 
22 5 565 635 713 79 -1 -1 -1 0 
23 1 674 320 26 38 -1 -1 -1 0 
23 2 729 344 27 23 -1 -1 -1 0 
23 3 764 347 56 37 -1 -1 -1 0 
23 5 564 635 714 80 -1 -1 -1 0 
24 1 673 320 27 38 -1 -1 -1 0 
24 2 728 344 29 23 -1 -1 -1 0 
24 3 765 347 56 37 -1 -1 -1 0 
25 1 673 321 27 37 -1 -1 -1 0 
25 2 729 344 29 24 -1 -1 -1 0 
25 3 765 348 57 36 -1 -1 -1 0 
26 1 673 321 28 37 -1 -1 -1 0 
26 2 728 344 30 24 -1 -1 -1 0 
26 3 765 348 58 36 -1 -1 -1 0 
27 1 673 321 27 37 -1 -1 -1 0 
27 2 728 344 30 24 -1 -1 -1 0 
27 3 766 348 58 37 -1 -1 -1 0 
27 5 565 636 711 78 -1 -1 -1 0 
28 1 673 321 27 37 -1 -1 -1 0 
28 2 728 344 30 24 -1 -1 -1 0 
28 3 767 348 58 37 -1 -1 -1 0 
28 5 563 636 712 78 -1 -1 -1 0 
29 1 674 321 26 37 -1 -1 -1 0 
29 2 729 344 29 24 -1 -1 -1 0 
29 3 768 348 58 37 -1 -1 -1 0 
29 5 560 636 716 78 -1 -1 -1 0 
29 7 3 363 98 38 -1 -1 -1 0 
30 1 673 321 27 37 -1 -1 -1 0 
30 2 729 344 30 24 -1 -1 -1 0 
30 3 769 348 58 37 -1 -1 -1 0 
30 5 576 635 696 79 -1 -1 -1 0 
30 7 0 363 78 39 -1 -1 -1 0 
31 1 674 321 26 37 -1 -1 -1 0 
31 2 730 344 29 24 -1 -1 -1 0 
31 3 770 348 57 37 -1 -1 -1 0 
31 5 562 635 717 79 -1 -1 -1 0 
32 1 673 321 28 37 -1 -1 -1 0 
32 2 729 344 30 24 -1 -1 -1 0 
32 3 770 348 58 37 -1 -1 -1 0 
32 5 560 635 716 79 -1 -1 -1 0 
33 1 674 321 26 37 -1 -1 -1 0 
33 2 730 344 29 24 -1 -1 -1 0 
33 3 771 348 58 38 -1 -1 -1 0 
33 5 559 635 717 79 -1 -1 -1 0 
34 1 674 320 26 38 -1 -1 -1 0 
34 2 730 344 30 24 -1 -1 -1 0 
34 3 771 347 60 39 -1 -1 -1 0 
35 1 674 320 27 38 -1 -1 -1 0 
35 2 730 344 30 24 -1 -1 -1 0 
35 3 771 347 61 39 -1 -1 -1 0 
36 1 674 320 27 38 -1 -1 -1 0 
36 2 730 344 31 24 -1 -1 -1 0 
36 3 772 347 60 40 -1 -1 -1 0 
37 1 674 320 26 38 -1 -1 -1 0 
37 2 730 344 31 24 -1 -1 -1 0 
37 3 772 347 62 40 -1 -1 -1 0 
38 1 673 319 27 39 -1 -1 -1 0 
38 2 731 344 31 24 -1 -1 -1 0 
38 3 772 347 62 40 -1 -1 -1 0 
38 5 563 635 712 79 -1 -1 -1 0 
39 1 674 320 26 38 -1 -1 -1 0 
39 2 730 344 32 24 -1 -1 -1 0 
39 3 772 347 64 41 -1 -1 -1 0 
39 5 563 635 712 79 -1 -1 -1 0 
40 1 674 320 26 38 -1 -1 -1 0 
40 2 731 345 31 23 -1 -1 -1 0 
40 3 773 347 64 41 -1 -1 -1 0 
