3 1 558 327 66 66 -1 -1 -1 0 
3 3 713 347 27 19 -1 -1 -1 0 
4 1 557 327 67 65 -1 -1 -1 0 
4 3 714 346 25 20 -1 -1 -1 0 
4 4 65 363 92 35 -1 -1 -1 0 
5 1 557 327 66 65 -1 -1 -1 0 
5 3 714 346 25 20 -1 -1 -1 0 
5 4 5 365 91 37 -1 -1 -1 0 
5 5 312 354 54 27 -1 -1 -1 0 
6 1 556 328 68 64 -1 -1 -1 0 
6 3 713 345 27 21 -1 -1 -1 0 
6 4 0 366 55 37 -1 -1 -1 0 
6 5 289 354 61 29 -1 -1 -1 0 
7 1 557 328 66 64 -1 -1 -1 0 
7 3 714 345 25 21 -1 -1 -1 0 
7 5 262 356 62 29 -1 -1 -1 0 
8 1 556 328 67 64 -1 -1 -1 0 
8 3 713 346 28 20 -1 -1 -1 0 
8 5 244 356 64 31 -1 -1 -1 0 
8 7 390 357 36 16 -1 -1 -1 0 
9 1 556 328 68 64 -1 -1 -1 0 
9 3 714 346 27 20 -1 -1 -1 0 
9 7 381 357 31 16 -1 -1 -1 0 
10 1 556 328 69 65 -1 -1 -1 0 
10 3 715 345 25 21 -1 -1 -1 0 
10 7 367 357 34 16 -1 -1 -1 0 
11 1 557 327 68 65 -1 -1 -1 0 
11 3 714 345 27 20 -1 -1 -1 0 
11 5 116 359 101 39 -1 -1 -1 0 
11 7 353 357 36 17 -1 -1 -1 0 
12 1 557 327 67 65 -1 -1 -1 0 
12 3 714 344 27 21 -1 -1 -1 0 
12 5 65 360 117 43 -1 -1 -1 0 
12 7 339 358 36 19 -1 -1 -1 0 
13 1 557 327 67 65 -1 -1 -1 0 
13 3 715 343 25 21 -1 -1 -1 0 
13 5 9 362 107 45 -1 -1 -1 0 
13 7 323 359 38 19 -1 -1 -1 0 
14 1 556 326 69 66 -1 -1 -1 0 
14 3 714 343 27 21 -1 -1 -1 0 
14 5 0 363 79 47 -1 -1 -1 0 
14 7 305 359 41 20 -1 -1 -1 0 
15 1 556 326 69 66 -1 -1 -1 0 
15 3 714 343 27 21 -1 -1 -1 0 
15 7 283 360 48 21 -1 -1 -1 0 
16 1 555 326 70 66 -1 -1 -1 0 
16 3 714 343 27 21 -1 -1 -1 0 
16 7 261 361 48 22 -1 -1 -1 0 
17 1 555 326 69 66 -1 -1 -1 0 
17 3 715 343 26 21 -1 -1 -1 0 
17 7 237 359 50 27 -1 -1 -1 0 
18 1 554 327 70 65 -1 -1 -1 0 
18 3 715 343 27 21 -1 -1 -1 0 
18 7 206 362 56 26 -1 -1 -1 0 
19 1 555 327 69 66 -1 -1 -1 0 
19 3 715 343 27 21 -1 -1 -1 0 
19 7 173 362 57 29 -1 -1 -1 0 
20 1 555 327 69 66 -1 -1 -1 0 
20 3 716 343 25 21 -1 -1 -1 0 
20 7 133 365 66 30 -1 -1 -1 0 
21 1 556 327 68 66 -1 -1 -1 0 
21 3 715 343 27 21 -1 -1 -1 0 
21 7 86 368 67 31 -1 -1 -1 0 
22 1 555 326 69 67 -1 -1 -1 0 
22 3 716 341 25 22 -1 -1 -1 0 
22 7 56 369 70 32 -1 -1 -1 0 
22 13 466 348 24 17 -1 -1 -1 0 
22 14 188 360 76 37 -1 -1 -1 0 
23 1 555 326 70 67 -1 -1 -1 0 
23 3 715 341 28 22 -1 -1 -1 0 
23 13 458 348 26 18 -1 -1 -1 0 
23 14 169 360 78 38 -1 -1 -1 0 
23 17 486 345 21 15 -1 -1 -1 0 
24 1 555 324 70 68 -1 -1 -1 0 
24 3 715 341 28 21 -1 -1 -1 0 
24 13 448 348 29 18 -1 -1 -1 0 
24 17 479 345 24 14 -1 -1 -1 0 
25 1 554 324 73 67 -1 -1 -1 0 
25 3 716 338 26 24 -1 -1 -1 0 
25 13 439 348 28 18 -1 -1 -1 0 
25 14 25 367 107 35 -1 -1 -1 0 
25 17 474 346 24 14 -1 -1 -1 0 
26 1 555 324 71 67 -1 -1 -1 0 
26 3 715 338 28 23 -1 -1 -1 0 
26 13 428 348 30 19 -1 -1 -1 0 
26 14 0 371 67 38 -1 -1 -1 0 
26 17 468 346 24 15 -1 -1 -1 0 
26 21 207 353 72 33 -1 -1 -1 0 
27 1 555 323 71 67 -1 -1 -1 0 
27 3 715 338 28 23 -1 -1 -1 0 
27 13 416 348 30 20 -1 -1 -1 0 
27 14 0 373 26 38 -1 -1 -1 0 
27 17 460 346 26 16 -1 -1 -1 0 
27 21 165 354 87 36 -1 -1 -1 0 
27 22 570 634 705 82 -1 -1 -1 0 
28 1 555 322 70 68 -1 -1 -1 0 
28 3 715 337 28 23 -1 -1 -1 0 
28 13 403 348 33 20 -1 -1 -1 0 
28 17 453 345 26 17 -1 -1 -1 0 
28 21 120 354 97 41 -1 -1 -1 0 
28 22 570 634 708 83 -1 -1 -1 0 
29 1 555 323 70 67 -1 -1 -1 0 
29 13 390 350 34 21 -1 -1 -1 0 
29 17 447 346 24 17 -1 -1 -1 0 
29 21 65 357 124 41 -1 -1 -1 0 
29 24 348 352 37 19 -1 -1 -1 0 
30 1 555 323 70 67 -1 -1 -1 0 
30 13 372 351 40 21 -1 -1 -1 0 
30 17 439 345 29 18 -1 -1 -1 0 
30 21 6 359 131 46 -1 -1 -1 0 
30 24 329 352 40 20 -1 -1 -1 0 
31 1 555 324 70 66 -1 -1 -1 0 
31 3 715 337 28 24 -1 -1 -1 0 
31 13 355 352 41 23 -1 -1 -1 0 
31 17 430 346 31 18 -1 -1 -1 0 
31 21 0 360 88 47 -1 -1 -1 0 
31 24 308 353 45 23 -1 -1 -1 0 
32 1 555 324 70 66 -1 -1 -1 0 
32 3 715 337 29 24 -1 -1 -1 0 
32 13 335 352 45 25 -1 -1 -1 0 
32 17 421 347 34 18 -1 -1 -1 0 
32 21 0 361 54 49 -1 -1 -1 0 
32 22 556 635 721 81 -1 -1 -1 0 
32 24 286 354 50 24 -1 -1 -1 0 
33 1 555 324 69 67 -1 -1 -1 0 
33 3 715 337 29 24 -1 -1 -1 0 
33 13 312 353 50 25 -1 -1 -1 0 
33 17 412 347 31 19 -1 -1 -1 0 
33 22 558 636 718 80 -1 -1 -1 0 
33 24 264 355 51 25 -1 -1 -1 0 
33 26 448 349 39 16 -1 -1 -1 0 
34 1 555 324 69 67 -1 -1 -1 0 
34 3 716 337 27 24 -1 -1 -1 0 
34 13 288 353 54 27 -1 -1 -1 0 
34 17 451 346 34 18 -1 -1 -1 0 
34 22 558 636 718 79 -1 -1 -1 0 
34 24 239 356 54 26 -1 -1 -1 0 
34 26 436 349 33 17 -1 -1 -1 0 
35 1 555 322 69 68 -1 -1 -1 0 
35 3 716 337 28 24 -1 -1 -1 0 
35 13 258 353 60 28 -1 -1 -1 0 
35 17 462 344 33 18 -1 -1 -1 0 
35 22 555 634 722 81 -1 -1 -1 0 
35 24 211 356 58 28 -1 -1 -1 0 
35 26 417 349 40 18 -1 -1 -1 0 
36 1 555 322 69 68 -1 -1 -1 0 
36 13 223 354 67 31 -1 -1 -1 0 
36 17 462 344 33 18 -1 -1 -1 0 
36 22 554 634 723 81 -1 -1 -1 0 
36 24 178 357 68 31 -1 -1 -1 0 
36 26 406 350 41 17 -1 -1 -1 0 
36 27 378 346 33 22 -1 -1 -1 0 
37 1 554 321 71 69 -1 -1 -1 0 
37 13 180 355 80 33 -1 -1 -1 0 
37 17 459 344 31 18 -1 -1 -1 0 
37 22 555 635 723 79 -1 -1 -1 0 
37 24 139 358 67 33 -1 -1 -1 0 
37 27 363 347 35 22 -1 -1 -1 0 
38 1 554 322 71 68 -1 -1 -1 0 
38 3 716 336 29 24 -1 -1 -1 0 
38 13 130 357 90 36 -1 -1 -1 0 
38 17 451 345 34 19 -1 -1 -1 0 
38 22 555 635 722 79 -1 -1 -1 0 
38 24 91 360 67 36 -1 -1 -1 0 
38 27 346 349 39 22 -1 -1 -1 0 
39 1 555 322 69 67 -1 -1 -1 0 
39 3 716 335 29 24 -1 -1 -1 0 
39 13 101 358 94 37 -1 -1 -1 0 
39 17 443 345 34 19 -1 -1 -1 0 
39 24 34 360 131 40 -1 -1 -1 0 
39 27 330 350 57 24 -1 -1 -1 0 
40 1 555 321 70 68 -1 -1 -1 0 
40 3 717 335 28 24 -1 -1 -1 0 
40 17 433 345 35 19 -1 -1 -1 0 
40 24 3 361 108 44 -1 -1 -1 0 
40 27 314 351 55 26 -1 -1 -1 0 
