3 1 0 398 406 309 -1 -1 -1 0 
3 2 769 338 77 56 -1 -1 -1 0 
3 5 319 350 64 34 -1 -1 -1 0 
3 6 832 339 33 33 -1 -1 -1 0 
3 8 563 635 713 80 -1 -1 -1 0 
3 9 552 338 77 62 -1 -1 -1 0 
4 1 0 397 414 303 -1 -1 -1 0 
4 2 769 338 76 56 -1 -1 -1 0 
4 5 292 350 74 36 -1 -1 -1 0 
4 6 831 339 34 32 -1 -1 -1 0 
4 8 560 635 718 80 -1 -1 -1 0 
4 9 554 337 75 62 -1 -1 -1 0 
4 12 7 363 109 44 -1 -1 -1 0 
4 13 364 353 31 25 -1 -1 -1 0 
4 14 170 353 114 47 -1 -1 -1 0 
5 1 0 396 421 293 -1 -1 -1 0 
5 2 767 338 78 55 -1 -1 -1 0 
5 5 264 351 80 39 -1 -1 -1 0 
5 6 830 339 35 32 -1 -1 -1 0 
5 8 561 636 716 79 -1 -1 -1 0 
5 9 554 337 77 62 -1 -1 -1 0 
5 12 2 364 34 43 -1 -1 -1 0 
5 13 343 353 40 26 -1 -1 -1 0 
5 14 95 355 141 47 -1 -1 -1 0 
6 1 0 392 426 286 -1 -1 -1 0 
6 2 766 338 78 55 -1 -1 -1 0 
6 5 231 351 91 42 -1 -1 -1 0 
6 6 830 340 36 31 -1 -1 -1 0 
6 8 565 636 710 79 -1 -1 -1 0 
6 9 555 338 76 60 -1 -1 -1 0 
6 12 0 364 8 43 -1 -1 -1 0 
6 13 319 354 49 28 -1 -1 -1 0 
6 14 4 358 174 49 -1 -1 -1 0 
6 16 386 355 47 21 -1 -1 -1 0 
6 17 738 343 28 19 -1 -1 -1 0 
7 1 0 390 434 270 -1 -1 -1 0 
7 2 766 338 76 53 -1 -1 -1 0 
7 5 188 351 106 45 -1 -1 -1 0 
7 6 828 339 38 32 -1 -1 -1 0 
7 8 562 635 714 80 -1 -1 -1 0 
7 9 557 338 73 60 -1 -1 -1 0 
7 13 298 354 61 30 -1 -1 -1 0 
7 14 1 360 91 56 -1 -1 -1 0 
7 16 408 352 32 22 -1 -1 -1 0 
7 17 738 342 28 19 -1 -1 -1 0 
8 1 1 389 437 263 -1 -1 -1 0 
8 2 766 338 74 53 -1 -1 -1 0 
8 5 138 352 125 46 -1 -1 -1 0 
8 6 827 339 39 32 -1 -1 -1 0 
8 8 560 635 716 80 -1 -1 -1 0 
8 9 557 338 74 60 -1 -1 -1 0 
8 13 277 356 56 31 -1 -1 -1 0 
8 14 0 362 44 58 -1 -1 -1 0 
8 16 401 352 37 24 -1 -1 -1 0 
8 17 738 342 27 19 -1 -1 -1 0 
9 1 0 389 447 250 -1 -1 -1 0 
9 2 765 338 75 53 -1 -1 -1 0 
9 5 75 353 149 50 -1 -1 -1 0 
9 6 827 339 40 32 -1 -1 -1 0 
9 8 560 635 716 80 -1 -1 -1 0 
9 9 558 338 75 60 -1 -1 -1 0 
9 13 233 358 94 33 -1 -1 -1 0 
9 16 386 352 44 26 -1 -1 -1 0 
9 17 738 342 27 19 -1 -1 -1 0 
10 1 0 387 453 237 -1 -1 -1 0 
10 2 765 337 73 52 -1 -1 -1 0 
10 5 11 353 141 60 -1 -1 -1 0 
10 6 825 338 42 33 -1 -1 -1 0 
10 8 560 635 716 80 -1 -1 -1 0 
10 9 560 338 72 59 -1 -1 -1 0 
10 13 170 362 105 32 -1 -1 -1 0 
10 16 370 352 49 26 -1 -1 -1 0 
10 17 738 342 28 19 -1 -1 -1 0 
11 1 1 385 456 228 -1 -1 -1 0 
11 2 763 337 74 51 -1 -1 -1 0 
11 5 0 354 113 63 -1 -1 -1 0 
11 6 825 338 42 33 -1 -1 -1 0 
11 8 560 634 716 81 -1 -1 -1 0 
11 9 561 338 72 58 -1 -1 -1 0 
11 13 185 359 86 31 -1 -1 -1 0 
11 16 352 352 51 28 -1 -1 -1 0 
11 17 739 342 27 19 -1 -1 -1 0 
12 1 2 383 459 221 -1 -1 -1 0 
12 2 763 337 73 51 -1 -1 -1 0 
12 6 824 339 44 31 -1 -1 -1 0 
12 8 559 634 719 80 -1 -1 -1 0 
12 9 561 339 72 57 -1 -1 -1 0 
12 13 185 361 100 28 -1 -1 -1 0 
12 16 332 352 55 31 -1 -1 -1 0 
12 17 739 342 27 19 -1 -1 -1 0 
13 1 3 382 461 219 -1 -1 -1 0 
13 2 762 337 73 51 -1 -1 -1 0 
13 6 823 339 44 32 -1 -1 -1 0 
13 8 561 634 715 80 -1 -1 -1 0 
13 9 561 339 73 57 -1 -1 -1 0 
13 13 170 362 103 29 -1 -1 -1 0 
13 16 308 353 60 32 -1 -1 -1 0 
13 17 739 342 26 20 -1 -1 -1 0 
14 1 1 383 471 215 -1 -1 -1 0 
14 2 762 338 72 51 -1 -1 -1 0 
14 6 822 339 46 32 -1 -1 -1 0 
14 8 563 635 715 78 -1 -1 -1 0 
14 9 561 340 73 57 -1 -1 -1 0 
14 16 280 354 67 34 -1 -1 -1 0 
14 17 738 343 28 19 -1 -1 -1 0 
15 1 1 382 476 207 -1 -1 -1 0 
15 2 762 338 71 51 -1 -1 -1 0 
15 6 821 339 47 32 -1 -1 -1 0 
15 8 563 635 713 79 -1 -1 -1 0 
15 9 562 340 72 57 -1 -1 -1 0 
15 13 108 368 61 25 -1 -1 -1 0 
15 16 247 355 76 34 -1 -1 -1 0 
15 17 739 343 27 19 -1 -1 -1 0 
15 27 6 366 119 54 -1 -1 -1 0 
15 28 419 353 56 21 -1 -1 -1 0 
16 1 4 381 476 200 -1 -1 -1 0 
16 2 761 338 71 50 -1 -1 -1 0 
16 6 821 339 48 32 -1 -1 -1 0 
16 8 563 635 712 79 -1 -1 -1 0 
16 9 563 340 71 56 -1 -1 -1 0 
16 13 47 369 81 28 -1 -1 -1 0 
16 16 211 355 84 36 -1 -1 -1 0 
16 17 739 343 27 19 -1 -1 -1 0 
16 27 0 367 103 56 -1 -1 -1 0 
16 28 401 353 58 22 -1 -1 -1 0 
16 29 363 353 42 23 -1 -1 -1 0 
17 1 30 379 448 195 -1 -1 -1 0 
17 2 761 337 69 50 -1 -1 -1 0 
17 6 820 338 49 33 -1 -1 -1 0 
17 8 558 635 720 79 -1 -1 -1 0 
17 9 564 340 71 55 -1 -1 -1 0 
17 13 2 370 77 30 -1 -1 -1 0 
17 16 168 356 92 41 -1 -1 -1 0 
17 17 740 343 26 19 -1 -1 -1 0 
17 28 377 353 58 24 -1 -1 -1 0 
17 29 349 354 32 23 -1 -1 -1 0 
18 1 51 377 432 191 -1 -1 -1 0 
18 2 759 337 71 50 -1 -1 -1 0 
18 6 820 338 49 33 -1 -1 -1 0 
18 8 560 635 715 79 -1 -1 -1 0 
18 9 565 339 69 55 -1 -1 -1 0 
18 13 0 372 47 29 -1 -1 -1 0 
18 16 109 356 114 47 -1 -1 -1 0 
18 17 738 342 29 19 -1 -1 -1 0 
18 28 348 353 69 27 -1 -1 -1 0 
18 29 338 354 33 24 -1 -1 -1 0 
18 31 504 343 32 19 -1 -1 -1 0 
19 1 74 377 414 184 -1 -1 -1 0 
19 2 759 337 70 49 -1 -1 -1 0 
19 6 819 338 51 32 -1 -1 -1 0 
19 8 561 635 715 80 -1 -1 -1 0 
19 9 566 339 68 54 -1 -1 -1 0 
19 16 34 357 141 51 -1 -1 -1 0 
19 17 738 342 29 19 -1 -1 -1 0 
19 28 310 353 91 28 -1 -1 -1 0 
19 29 389 352 36 22 -1 -1 -1 0 
19 31 496 343 36 21 -1 -1 -1 0 
20 1 98 375 392 182 -1 -1 -1 0 
20 2 759 336 69 49 -1 -1 -1 0 
20 6 820 338 49 32 -1 -1 -1 0 
20 8 558 635 719 80 -1 -1 -1 0 
20 9 566 339 69 54 -1 -1 -1 0 
20 16 1 360 109 54 -1 -1 -1 0 
20 17 739 342 27 19 -1 -1 -1 0 
20 28 270 354 96 29 -1 -1 -1 0 
20 29 386 352 39 22 -1 -1 -1 0 
20 31 486 343 36 22 -1 -1 -1 0 
20 32 565 338 70 57 -1 -1 -1 0 
21 1 116 375 381 176 -1 -1 -1 0 
21 2 758 337 70 49 -1 -1 -1 0 
21 6 818 339 53 31 -1 -1 -1 0 
21 8 557 635 721 79 -1 -1 -1 0 
21 9 568 338 67 56 -1 -1 -1 0 
21 16 0 360 73 57 -1 -1 -1 0 
21 17 739 342 26 19 -1 -1 -1 0 
21 28 267 355 86 27 -1 -1 -1 0 
21 29 379 352 36 21 -1 -1 -1 0 
21 31 473 343 44 24 -1 -1 -1 0 
21 32 565 338 70 57 -1 -1 -1 0 
22 1 138 375 361 175 -1 -1 -1 0 
22 2 758 337 70 49 -1 -1 -1 0 
22 6 819 339 51 32 -1 -1 -1 0 
22 8 566 634 708 80 -1 -1 -1 0 
22 9 568 339 68 55 -1 -1 -1 0 
22 17 738 343 27 18 -1 -1 -1 0 
22 28 260 354 66 31 -1 -1 -1 0 
22 29 366 354 40 20 -1 -1 -1 0 
22 31 463 342 42 26 -1 -1 -1 0 
23 1 153 375 353 171 -1 -1 -1 0 
23 2 758 338 69 48 -1 -1 -1 0 
23 6 818 341 52 32 -1 -1 -1 0 
23 8 563 635 715 79 -1 -1 -1 0 
23 9 568 339 67 56 -1 -1 -1 0 
23 17 739 344 25 18 -1 -1 -1 0 
23 28 213 357 87 36 -1 -1 -1 0 
23 29 353 355 40 20 -1 -1 -1 0 
23 31 447 343 59 28 -1 -1 -1 0 
23 32 567 340 68 55 -1 -1 -1 0 
23 36 15 362 206 51 -1 -1 -1 0 
24 1 171 374 338 168 -1 -1 -1 0 
24 2 757 338 69 48 -1 -1 -1 0 
24 6 818 341 53 32 -1 -1 -1 0 
24 8 563 635 713 79 -1 -1 -1 0 
24 9 568 340 68 55 -1 -1 -1 0 
24 17 739 344 24 18 -1 -1 -1 0 
24 28 147 357 115 45 -1 -1 -1 0 
24 29 336 355 44 21 -1 -1 -1 0 
24 31 436 343 46 29 -1 -1 -1 0 
24 32 568 340 67 55 -1 -1 -1 0 
24 36 0 365 123 55 -1 -1 -1 0 
25 1 186 373 329 162 -1 -1 -1 0 
25 2 757 339 68 47 -1 -1 -1 0 
25 6 818 341 53 33 -1 -1 -1 0 
25 8 565 635 712 79 -1 -1 -1 0 
25 9 570 340 65 54 -1 -1 -1 0 
25 17 738 345 25 18 -1 -1 -1 0 
25 28 59 361 154 49 -1 -1 -1 0 
25 29 319 356 46 22 -1 -1 -1 0 
25 31 417 343 47 31 -1 -1 -1 0 
25 32 569 341 66 54 -1 -1 -1 0 
25 36 0 367 74 58 -1 -1 -1 0 
26 1 201 373 318 155 -1 -1 -1 0 
26 2 756 339 67 47 -1 -1 -1 0 
26 6 816 341 56 33 -1 -1 -1 0 
26 8 565 635 711 79 -1 -1 -1 0 
26 9 570 340 65 54 -1 -1 -1 0 
26 17 738 345 24 18 -1 -1 -1 0 
26 28 2 364 146 50 -1 -1 -1 0 
26 29 299 356 50 22 -1 -1 -1 0 
26 31 393 342 65 33 -1 -1 -1 0 
26 32 570 341 65 53 -1 -1 -1 0 
27 1 217 372 304 152 -1 -1 -1 0 
27 2 756 339 64 47 -1 -1 -1 0 
27 6 816 341 56 33 -1 -1 -1 0 
27 8 561 635 715 79 -1 -1 -1 0 
27 9 570 340 65 54 -1 -1 -1 0 
27 17 739 344 23 19 -1 -1 -1 0 
27 28 0 365 109 53 -1 -1 -1 0 
27 29 277 356 55 24 -1 -1 -1 0 
27 31 369 342 75 35 -1 -1 -1 0 
27 32 570 340 64 54 -1 -1 -1 0 
27 38 457 347 31 22 -1 -1 -1 0 
28 1 229 372 296 146 -1 -1 -1 0 
28 2 755 339 64 46 -1 -1 -1 0 
28 6 818 341 54 33 -1 -1 -1 0 
28 8 574 635 701 79 -1 -1 -1 0 
28 9 570 340 65 53 -1 -1 -1 0 
28 17 738 344 24 19 -1 -1 -1 0 
28 29 256 355 56 26 -1 -1 -1 0 
28 31 338 342 88 37 -1 -1 -1 0 
28 32 570 340 65 53 -1 -1 -1 0 
28 38 449 347 32 22 -1 -1 -1 0 
29 1 240 372 288 142 -1 -1 -1 0 
29 2 755 339 63 45 -1 -1 -1 0 
29 6 819 341 53 33 -1 -1 -1 0 
29 8 564 635 713 80 -1 -1 -1 0 
29 9 570 341 65 52 -1 -1 -1 0 
29 17 737 344 25 19 -1 -1 -1 0 
29 29 228 354 65 29 -1 -1 -1 0 
29 31 305 341 95 44 -1 -1 -1 0 
29 32 570 340 64 53 -1 -1 -1 0 
29 38 439 347 35 22 -1 -1 -1 0 
30 1 255 371 274 141 -1 -1 -1 0 
30 2 754 339 62 46 -1 -1 -1 0 
30 6 818 342 55 33 -1 -1 -1 0 
30 8 561 635 716 79 -1 -1 -1 0 
30 9 571 341 63 52 -1 -1 -1 0 
30 17 737 344 23 19 -1 -1 -1 0 
30 29 199 355 61 30 -1 -1 -1 0 
30 31 258 341 115 49 -1 -1 -1 0 
30 32 571 340 62 53 -1 -1 -1 0 
30 38 429 348 35 21 -1 -1 -1 0 
30 45 487 344 32 22 -1 -1 -1 0 
31 1 265 371 269 138 -1 -1 -1 0 
31 2 753 339 62 46 -1 -1 -1 0 
31 6 817 342 56 33 -1 -1 -1 0 
31 8 565 635 711 79 -1 -1 -1 0 
31 9 571 341 63 52 -1 -1 -1 0 
31 17 737 345 23 18 -1 -1 -1 0 
31 29 182 355 63 31 -1 -1 -1 0 
31 31 196 342 143 53 -1 -1 -1 0 
31 32 570 341 64 52 -1 -1 -1 0 
31 38 418 348 36 22 -1 -1 -1 0 
31 45 481 345 33 22 -1 -1 -1 0 
32 1 276 370 259 137 -1 -1 -1 0 
32 2 752 340 62 45 -1 -1 -1 0 
32 6 817 343 55 32 -1 -1 -1 0 
32 8 569 635 707 79 -1 -1 -1 0 
32 9 571 341 63 52 -1 -1 -1 0 
32 17 736 345 24 18 -1 -1 -1 0 
32 31 115 341 176 62 -1 -1 -1 0 
32 32 570 341 63 52 -1 -1 -1 0 
32 38 406 348 39 23 -1 -1 -1 0 
32 45 461 343 45 25 -1 -1 -1 0 
33 1 285 370 254 134 -1 -1 -1 0 
33 2 751 340 62 45 -1 -1 -1 0 
33 6 816 343 56 33 -1 -1 -1 0 
33 8 564 635 712 79 -1 -1 -1 0 
33 9 571 341 62 52 -1 -1 -1 0 
33 17 735 345 24 18 -1 -1 -1 0 
33 31 18 340 211 71 -1 -1 -1 0 
33 32 570 341 63 52 -1 -1 -1 0 
33 38 391 348 45 25 -1 -1 -1 0 
33 45 448 342 47 29 -1 -1 -1 0 
34 1 294 370 247 130 -1 -1 -1 0 
34 2 752 341 59 44 -1 -1 -1 0 
34 6 816 344 56 32 -1 -1 -1 0 
34 8 561 635 716 79 -1 -1 -1 0 
34 9 571 341 63 52 -1 -1 -1 0 
34 17 735 345 23 18 -1 -1 -1 0 
34 31 2 340 137 77 -1 -1 -1 0 
34 32 569 341 65 52 -1 -1 -1 0 
34 38 376 348 53 26 -1 -1 -1 0 
34 45 431 341 56 31 -1 -1 -1 0 
35 1 305 369 238 128 -1 -1 -1 0 
35 2 751 341 59 44 -1 -1 -1 0 
35 6 816 343 56 33 -1 -1 -1 0 
35 8 562 635 713 80 -1 -1 -1 0 
35 9 571 341 62 51 -1 -1 -1 0 
35 17 736 346 22 17 -1 -1 -1 0 
35 29 3 361 81 36 -1 -1 -1 0 
35 31 0 340 96 80 -1 -1 -1 0 
35 32 570 341 63 51 -1 -1 -1 0 
35 38 360 348 58 28 -1 -1 -1 0 
35 45 415 340 60 32 -1 -1 -1 0 
35 47 491 344 27 18 -1 -1 -1 0 
36 1 313 369 233 125 -1 -1 -1 0 
36 2 750 341 60 44 -1 -1 -1 0 
36 6 815 343 57 33 -1 -1 -1 0 
36 8 560 635 718 80 -1 -1 -1 0 
36 9 570 341 63 51 -1 -1 -1 0 
36 17 736 346 20 17 -1 -1 -1 0 
36 29 0 362 57 36 -1 -1 -1 0 
36 32 571 341 61 51 -1 -1 -1 0 
36 38 341 349 54 30 -1 -1 -1 0 
36 45 389 340 73 33 -1 -1 -1 0 
36 47 485 344 46 19 -1 -1 -1 0 
37 1 321 369 228 123 -1 -1 -1 0 
37 2 750 341 58 44 -1 -1 -1 0 
37 6 815 344 58 32 -1 -1 -1 0 
37 8 558 635 720 79 -1 -1 -1 0 
37 9 572 341 60 51 -1 -1 -1 0 
37 17 735 346 21 17 -1 -1 -1 0 
37 32 571 341 61 50 -1 -1 -1 0 
37 38 320 347 51 33 -1 -1 -1 0 
37 45 368 339 79 36 -1 -1 -1 0 
37 47 483 344 38 20 -1 -1 -1 0 
38 1 331 366 219 124 -1 -1 -1 0 
38 2 749 341 58 44 -1 -1 -1 0 
38 6 815 344 58 32 -1 -1 -1 0 
38 8 561 635 714 79 -1 -1 -1 0 
38 9 571 341 62 51 -1 -1 -1 0 
38 17 736 345 20 19 -1 -1 -1 0 
38 32 571 341 62 50 -1 -1 -1 0 
38 38 294 348 55 33 -1 -1 -1 0 
38 45 339 339 92 38 -1 -1 -1 0 
38 47 477 345 42 20 -1 -1 -1 0 
39 1 338 365 215 122 -1 -1 -1 0 
39 2 749 341 57 43 -1 -1 -1 0 
39 6 815 344 58 33 -1 -1 -1 0 
39 8 560 636 716 78 -1 -1 -1 0 
39 9 570 342 64 49 -1 -1 -1 0 
39 17 735 345 21 19 -1 -1 -1 0 
39 32 572 341 61 50 -1 -1 -1 0 
39 38 265 348 53 35 -1 -1 -1 0 
39 45 303 338 104 44 -1 -1 -1 0 
39 47 471 344 41 22 -1 -1 -1 0 
40 1 346 365 210 121 -1 -1 -1 0 
40 2 748 341 58 43 -1 -1 -1 0 
40 6 815 344 58 33 -1 -1 -1 0 
40 8 559 636 719 78 -1 -1 -1 0 
40 9 571 341 63 50 -1 -1 -1 0 
40 17 735 345 21 19 -1 -1 -1 0 
40 32 571 341 63 50 -1 -1 -1 0 
40 38 247 348 55 36 -1 -1 -1 0 
40 45 252 338 124 48 -1 -1 -1 0 
40 47 461 343 43 24 -1 -1 -1 0 
