3 1 746 314 73 73 -1 -1 -1 0 
3 2 257 345 56 27 -1 -1 -1 0 
3 3 407 338 43 28 -1 -1 -1 0 
3 4 520 343 23 16 -1 -1 -1 0 
3 5 679 347 26 21 -1 -1 -1 0 
4 1 747 314 73 73 -1 -1 -1 0 
4 2 222 346 64 28 -1 -1 -1 0 
4 3 391 338 46 29 -1 -1 -1 0 
4 4 513 343 25 15 -1 -1 -1 0 
4 5 680 346 25 22 -1 -1 -1 0 
5 1 748 314 74 73 -1 -1 -1 0 
5 2 184 346 71 31 -1 -1 -1 0 
5 3 374 338 47 30 -1 -1 -1 0 
5 4 507 343 24 16 -1 -1 -1 0 
5 5 680 345 26 23 -1 -1 -1 0 
6 1 750 314 73 74 -1 -1 -1 0 
6 2 137 347 82 33 -1 -1 -1 0 
6 3 354 338 52 32 -1 -1 -1 0 
6 4 499 343 26 17 -1 -1 -1 0 
6 5 680 345 27 22 -1 -1 -1 0 
7 1 750 313 75 75 -1 -1 -1 0 
7 2 80 347 97 36 -1 -1 -1 0 
7 3 331 336 59 35 -1 -1 -1 0 
7 4 490 342 30 17 -1 -1 -1 0 
7 5 681 346 24 21 -1 -1 -1 0 
8 1 750 313 76 75 -1 -1 -1 0 
8 2 7 347 118 40 -1 -1 -1 0 
8 3 306 335 63 37 -1 -1 -1 0 
8 4 482 342 29 18 -1 -1 -1 0 
8 5 680 347 25 20 -1 -1 -1 0 
9 1 752 313 74 76 -1 -1 -1 0 
9 2 0 348 56 41 -1 -1 -1 0 
9 3 277 335 71 39 -1 -1 -1 0 
9 4 473 342 31 18 -1 -1 -1 0 
9 5 681 349 24 18 -1 -1 -1 0 
10 1 753 313 75 76 -1 -1 -1 0 
10 2 0 348 15 44 -1 -1 -1 0 
10 3 243 335 80 42 -1 -1 -1 0 
10 4 462 342 33 19 -1 -1 -1 0 
10 5 682 349 23 18 -1 -1 -1 0 
11 1 754 312 76 77 -1 -1 -1 0 
11 3 203 334 91 46 -1 -1 -1 0 
11 4 452 342 32 19 -1 -1 -1 0 
11 5 684 347 22 19 -1 -1 -1 0 
12 1 755 311 77 78 -1 -1 -1 0 
12 3 152 334 108 49 -1 -1 -1 0 
12 4 439 341 35 21 -1 -1 -1 0 
12 5 683 347 24 18 -1 -1 -1 0 
13 1 755 309 79 80 -1 -1 -1 0 
13 3 91 333 126 55 -1 -1 -1 0 
13 4 427 341 36 22 -1 -1 -1 0 
13 5 685 345 20 20 -1 -1 -1 0 
14 1 756 308 80 80 -1 -1 -1 0 
14 3 10 332 155 61 -1 -1 -1 0 
14 4 411 341 41 22 -1 -1 -1 0 
14 5 685 344 22 20 -1 -1 -1 0 
15 1 757 307 79 81 -1 -1 -1 0 
15 3 0 332 97 63 -1 -1 -1 0 
15 4 395 341 43 22 -1 -1 -1 0 
15 5 686 344 21 19 -1 -1 -1 0 
16 1 757 306 81 81 -1 -1 -1 0 
16 3 0 331 58 67 -1 -1 -1 0 
16 4 376 340 46 24 -1 -1 -1 0 
16 5 685 343 23 20 -1 -1 -1 0 
17 1 757 306 83 81 -1 -1 -1 0 
17 4 356 340 49 26 -1 -1 -1 0 
17 5 685 341 23 21 -1 -1 -1 0 
18 1 758 306 83 80 -1 -1 -1 0 
18 4 332 339 55 27 -1 -1 -1 0 
18 5 685 339 23 22 -1 -1 -1 0 
19 1 759 305 83 81 -1 -1 -1 0 
19 4 305 340 59 29 -1 -1 -1 0 
19 5 685 339 24 21 -1 -1 -1 0 
20 1 759 305 84 82 -1 -1 -1 0 
20 4 273 341 68 31 -1 -1 -1 0 
20 5 686 338 23 23 -1 -1 -1 0 
21 1 759 305 85 82 -1 -1 -1 0 
21 4 237 341 75 34 -1 -1 -1 0 
21 5 685 338 25 22 -1 -1 -1 0 
22 1 760 304 85 84 -1 -1 -1 0 
22 4 193 342 86 38 -1 -1 -1 0 
22 5 686 339 24 22 -1 -1 -1 0 
22 9 361 320 69 43 -1 -1 -1 0 
23 1 761 303 85 85 -1 -1 -1 0 
23 4 138 342 103 42 -1 -1 -1 0 
23 5 686 338 24 22 -1 -1 -1 0 
23 9 341 320 75 44 -1 -1 -1 0 
24 1 761 302 87 87 -1 -1 -1 0 
24 4 69 344 123 46 -1 -1 -1 0 
24 5 686 338 24 22 -1 -1 -1 0 
24 9 321 320 80 47 -1 -1 -1 0 
25 1 761 302 89 87 -1 -1 -1 0 
25 4 6 346 124 50 -1 -1 -1 0 
25 5 685 338 25 22 -1 -1 -1 0 
25 9 295 319 92 50 -1 -1 -1 0 
26 1 762 302 89 88 -1 -1 -1 0 
26 4 0 348 50 52 -1 -1 -1 0 
26 5 685 339 25 21 -1 -1 -1 0 
26 9 269 321 102 50 -1 -1 -1 0 
26 11 548 339 23 14 -1 -1 -1 0 
27 1 761 301 93 89 -1 -1 -1 0 
27 4 0 349 6 54 -1 -1 -1 0 
27 5 683 338 27 22 -1 -1 -1 0 
27 9 241 322 111 51 -1 -1 -1 0 
27 11 541 340 24 14 -1 -1 -1 0 
28 1 762 301 93 89 -1 -1 -1 0 
28 5 683 338 26 23 -1 -1 -1 0 
28 9 209 321 118 55 -1 -1 -1 0 
28 11 534 340 25 15 -1 -1 -1 0 
29 1 763 300 94 90 -1 -1 -1 0 
29 5 682 338 28 23 -1 -1 -1 0 
29 9 168 317 135 61 -1 -1 -1 0 
29 11 527 340 26 16 -1 -1 -1 0 
30 1 763 299 96 91 -1 -1 -1 0 
30 5 684 339 26 22 -1 -1 -1 0 
30 9 119 315 156 68 -1 -1 -1 0 
30 11 519 340 27 17 -1 -1 -1 0 
30 13 560 635 717 79 -1 -1 -1 0 
31 1 764 298 96 93 -1 -1 -1 0 
31 5 685 339 26 22 -1 -1 -1 0 
31 9 58 316 187 72 -1 -1 -1 0 
31 11 510 341 30 17 -1 -1 -1 0 
31 13 562 635 714 78 -1 -1 -1 0 
32 1 764 298 98 93 -1 -1 -1 0 
32 5 686 340 25 22 -1 -1 -1 0 
32 9 9 312 192 82 -1 -1 -1 0 
32 11 503 342 29 19 -1 -1 -1 0 
32 13 576 635 698 79 -1 -1 -1 0 
33 1 765 298 99 94 -1 -1 -1 0 
33 5 686 340 26 22 -1 -1 -1 0 
33 9 0 311 157 84 -1 -1 -1 0 
33 11 493 343 31 20 -1 -1 -1 0 
33 13 565 635 712 79 -1 -1 -1 0 
34 1 766 297 100 95 -1 -1 -1 0 
34 9 0 312 99 86 -1 -1 -1 0 
34 11 483 343 34 21 -1 -1 -1 0 
34 13 563 635 716 79 -1 -1 -1 0 
35 1 766 297 102 96 -1 -1 -1 0 
35 5 687 344 25 19 -1 -1 -1 0 
35 9 0 312 66 89 -1 -1 -1 0 
35 11 471 344 36 21 -1 -1 -1 0 
35 13 564 635 715 79 -1 -1 -1 0 
36 1 767 297 102 97 -1 -1 -1 0 
36 5 688 344 24 20 -1 -1 -1 0 
36 11 458 345 39 21 -1 -1 -1 0 
37 1 767 297 104 98 -1 -1 -1 0 
37 5 688 342 23 22 -1 -1 -1 0 
37 11 447 346 38 21 -1 -1 -1 0 
38 1 768 296 105 101 -1 -1 -1 0 
38 5 688 343 24 21 -1 -1 -1 0 
38 11 433 346 40 22 -1 -1 -1 0 
39 1 768 296 107 102 -1 -1 -1 0 
39 5 688 343 24 21 -1 -1 -1 0 
39 11 417 345 43 24 -1 -1 -1 0 
40 1 769 296 107 102 -1 -1 -1 0 
40 5 688 343 24 22 -1 -1 -1 0 
40 11 399 345 48 25 -1 -1 -1 0 
