3 1 926 358 353 165 -1 -1 -1 0 
3 2 532 351 78 55 -1 -1 -1 0 
3 3 803 344 70 42 -1 -1 -1 0 
3 5 675 314 30 45 -1 -1 -1 0 
3 6 784 343 33 21 -1 -1 -1 0 
3 7 638 339 26 21 -1 -1 -1 0 
4 1 924 358 355 163 -1 -1 -1 0 
4 2 534 350 78 55 -1 -1 -1 0 
4 3 801 343 68 42 -1 -1 -1 0 
4 5 676 314 28 45 -1 -1 -1 0 
4 6 785 343 31 21 -1 -1 -1 0 
4 7 639 340 24 20 -1 -1 -1 0 
4 9 374 354 29 14 -1 -1 -1 0 
4 10 565 635 711 80 -1 -1 -1 0 
5 1 923 358 356 160 -1 -1 -1 0 
5 2 537 350 77 54 -1 -1 -1 0 
5 3 800 343 67 42 -1 -1 -1 0 
5 5 675 314 30 45 -1 -1 -1 0 
5 6 785 342 31 21 -1 -1 -1 0 
5 7 640 341 24 19 -1 -1 -1 0 
5 9 309 357 39 15 -1 -1 -1 0 
5 10 562 634 715 81 -1 -1 -1 0 
6 1 922 358 356 159 -1 -1 -1 0 
6 2 539 350 77 53 -1 -1 -1 0 
6 3 798 343 66 41 -1 -1 -1 0 
6 5 676 313 29 46 -1 -1 -1 0 
6 6 784 342 32 22 -1 -1 -1 0 
6 7 641 341 23 19 -1 -1 -1 0 
6 9 341 353 30 18 -1 -1 -1 0 
6 10 559 634 719 80 -1 -1 -1 0 
7 1 920 358 359 157 -1 -1 -1 0 
7 2 542 350 75 52 -1 -1 -1 0 
7 3 796 343 65 41 -1 -1 -1 0 
7 5 676 313 29 46 -1 -1 -1 0 
7 6 786 342 29 22 -1 -1 -1 0 
7 7 641 342 22 18 -1 -1 -1 0 
7 9 275 358 46 18 -1 -1 -1 0 
7 10 561 634 714 80 -1 -1 -1 0 
7 16 381 352 49 22 -1 -1 -1 0 
8 1 918 358 361 154 -1 -1 -1 0 
8 2 545 350 72 51 -1 -1 -1 0 
8 3 795 343 64 41 -1 -1 -1 0 
8 5 677 313 28 47 -1 -1 -1 0 
8 6 785 341 32 22 -1 -1 -1 0 
8 9 236 360 51 18 -1 -1 -1 0 
8 10 558 635 719 79 -1 -1 -1 0 
8 16 356 354 56 22 -1 -1 -1 0 
9 1 917 358 358 151 -1 -1 -1 0 
9 2 548 350 70 50 -1 -1 -1 0 
9 3 793 342 64 41 -1 -1 -1 0 
9 5 676 313 30 46 -1 -1 -1 0 
9 6 785 341 32 22 -1 -1 -1 0 
9 9 210 362 53 19 -1 -1 -1 0 
9 10 562 635 713 79 -1 -1 -1 0 
9 16 326 354 63 26 -1 -1 -1 0 
10 1 918 357 348 150 -1 -1 -1 0 
10 2 550 350 70 49 -1 -1 -1 0 
10 3 791 342 63 41 -1 -1 -1 0 
10 5 677 313 28 46 -1 -1 -1 0 
10 9 183 362 56 22 -1 -1 -1 0 
10 10 561 636 714 78 -1 -1 -1 0 
10 16 293 356 71 29 -1 -1 -1 0 
11 1 917 357 341 146 -1 -1 -1 0 
11 2 552 350 70 48 -1 -1 -1 0 
11 3 789 341 63 42 -1 -1 -1 0 
11 5 677 313 29 46 -1 -1 -1 0 
11 9 152 363 62 24 -1 -1 -1 0 
11 10 561 636 714 79 -1 -1 -1 0 
11 16 250 358 86 31 -1 -1 -1 0 
12 1 916 356 333 145 -1 -1 -1 0 
12 2 555 350 68 48 -1 -1 -1 0 
12 3 788 341 61 41 -1 -1 -1 0 
12 5 678 314 29 45 -1 -1 -1 0 
12 9 114 365 74 25 -1 -1 -1 0 
12 10 561 635 714 80 -1 -1 -1 0 
12 16 198 360 103 34 -1 -1 -1 0 
13 1 913 355 328 144 -1 -1 -1 0 
13 2 557 350 66 47 -1 -1 -1 0 
13 3 787 341 61 41 -1 -1 -1 0 
13 5 677 315 30 45 -1 -1 -1 0 
13 7 261 360 47 18 -1 -1 -1 0 
13 9 70 367 78 28 -1 -1 -1 0 
13 10 561 635 714 80 -1 -1 -1 0 
13 16 131 363 129 36 -1 -1 -1 0 
14 1 913 354 319 143 -1 -1 -1 0 
14 2 559 350 65 47 -1 -1 -1 0 
14 3 786 342 61 40 -1 -1 -1 0 
14 5 677 315 30 45 -1 -1 -1 0 
14 7 227 361 48 20 -1 -1 -1 0 
14 9 37 369 83 28 -1 -1 -1 0 
14 10 560 635 716 80 -1 -1 -1 0 
14 16 56 366 139 42 -1 -1 -1 0 
15 1 910 354 316 141 -1 -1 -1 0 
15 2 561 350 64 46 -1 -1 -1 0 
15 3 785 342 59 39 -1 -1 -1 0 
15 5 678 316 29 44 -1 -1 -1 0 
15 7 199 363 54 20 -1 -1 -1 0 
15 10 561 635 716 80 -1 -1 -1 0 
15 16 3 370 120 46 -1 -1 -1 0 
16 1 909 354 308 138 -1 -1 -1 0 
16 2 563 350 64 46 -1 -1 -1 0 
16 3 783 342 60 39 -1 -1 -1 0 
16 5 678 316 29 44 -1 -1 -1 0 
16 7 174 364 57 22 -1 -1 -1 0 
16 9 0 367 19 34 -1 -1 -1 0 
16 10 558 635 721 79 -1 -1 -1 0 
16 16 0 373 76 48 -1 -1 -1 0 
17 1 908 353 302 137 -1 -1 -1 0 
17 2 565 349 62 46 -1 -1 -1 0 
17 3 782 342 58 38 -1 -1 -1 0 
17 5 677 316 30 44 -1 -1 -1 0 
17 7 144 365 66 23 -1 -1 -1 0 
17 9 0 368 -13 35 -1 -1 -1 0 
17 10 561 635 714 79 -1 -1 -1 0 
18 1 906 353 297 136 -1 -1 -1 0 
18 2 567 348 61 46 -1 -1 -1 0 
18 3 781 342 58 38 -1 -1 -1 0 
18 5 678 315 29 44 -1 -1 -1 0 
18 7 111 366 68 25 -1 -1 -1 0 
18 10 564 635 710 79 -1 -1 -1 0 
19 1 903 353 293 133 -1 -1 -1 0 
19 2 569 348 61 45 -1 -1 -1 0 
19 3 780 342 56 37 -1 -1 -1 0 
19 5 678 315 30 44 -1 -1 -1 0 
19 7 75 367 76 26 -1 -1 -1 0 
19 10 571 635 704 79 -1 -1 -1 0 
20 1 903 353 285 131 -1 -1 -1 0 
20 2 570 347 61 45 -1 -1 -1 0 
20 3 779 342 55 37 -1 -1 -1 0 
20 5 678 315 29 44 -1 -1 -1 0 
20 7 25 369 90 28 -1 -1 -1 0 
20 10 564 635 714 79 -1 -1 -1 0 
20 23 378 328 94 45 -1 -1 -1 0 
21 1 901 353 281 130 -1 -1 -1 0 
21 2 572 347 60 45 -1 -1 -1 0 
21 3 777 341 56 38 -1 -1 -1 0 
21 5 679 315 29 43 -1 -1 -1 0 
21 7 0 371 77 28 -1 -1 -1 0 
21 10 568 635 707 79 -1 -1 -1 0 
21 23 358 326 104 48 -1 -1 -1 0 
22 1 898 352 278 131 -1 -1 -1 0 
22 2 573 347 60 44 -1 -1 -1 0 
22 3 776 342 56 36 -1 -1 -1 0 
22 5 680 315 27 44 -1 -1 -1 0 
22 7 0 373 45 29 -1 -1 -1 0 
22 10 565 635 713 79 -1 -1 -1 0 
22 23 340 326 112 50 -1 -1 -1 0 
23 1 896 352 274 127 -1 -1 -1 0 
23 2 574 346 60 44 -1 -1 -1 0 
23 3 775 342 56 36 -1 -1 -1 0 
23 5 680 314 27 45 -1 -1 -1 0 
23 10 563 635 712 79 -1 -1 -1 0 
23 23 319 324 122 54 -1 -1 -1 0 
24 1 897 352 266 127 -1 -1 -1 0 
24 2 577 346 57 44 -1 -1 -1 0 
24 3 774 343 54 35 -1 -1 -1 0 
24 5 679 316 30 43 -1 -1 -1 0 
24 6 512 347 27 14 -1 -1 -1 0 
24 10 564 635 712 79 -1 -1 -1 0 
24 23 294 324 136 56 -1 -1 -1 0 
25 1 895 353 263 124 -1 -1 -1 0 
25 2 578 346 58 43 -1 -1 -1 0 
25 3 774 343 53 35 -1 -1 -1 0 
25 5 680 315 28 44 -1 -1 -1 0 
25 6 524 346 22 13 -1 -1 -1 0 
25 10 565 635 712 79 -1 -1 -1 0 
25 23 265 323 151 60 -1 -1 -1 0 
26 1 894 353 257 123 -1 -1 -1 0 
26 2 580 346 56 43 -1 -1 -1 0 
26 3 773 343 52 35 -1 -1 -1 0 
26 5 679 316 30 43 -1 -1 -1 0 
26 6 511 346 22 13 -1 -1 -1 0 
26 10 564 635 712 79 -1 -1 -1 0 
26 23 236 322 164 65 -1 -1 -1 0 
27 1 892 353 254 121 -1 -1 -1 0 
27 2 581 346 56 42 -1 -1 -1 0 
27 3 771 343 53 35 -1 -1 -1 0 
27 5 680 315 28 45 -1 -1 -1 0 
27 6 485 347 34 15 -1 -1 -1 0 
27 10 567 634 706 80 -1 -1 -1 0 
27 23 198 320 185 70 -1 -1 -1 0 
28 1 890 353 250 120 -1 -1 -1 0 
28 2 582 347 56 40 -1 -1 -1 0 
28 3 771 343 52 34 -1 -1 -1 0 
28 5 680 315 28 45 -1 -1 -1 0 
28 6 472 347 37 16 -1 -1 -1 0 
28 10 560 634 718 80 -1 -1 -1 0 
28 23 153 319 213 76 -1 -1 -1 0 
29 1 889 353 246 118 -1 -1 -1 0 
29 2 584 347 54 40 -1 -1 -1 0 
29 3 770 343 52 34 -1 -1 -1 0 
29 5 680 315 28 44 -1 -1 -1 0 
29 6 462 347 38 18 -1 -1 -1 0 
29 10 560 634 718 80 -1 -1 -1 0 
29 23 98 316 245 85 -1 -1 -1 0 
30 1 887 353 243 116 -1 -1 -1 0 
30 2 585 347 54 40 -1 -1 -1 0 
30 3 770 342 50 34 -1 -1 -1 0 
30 5 680 315 29 43 -1 -1 -1 0 
30 6 451 347 37 18 -1 -1 -1 0 
30 10 561 634 715 80 -1 -1 -1 0 
30 23 27 312 290 95 -1 -1 -1 0 
31 1 887 353 236 114 -1 -1 -1 0 
31 2 586 347 54 39 -1 -1 -1 0 
31 3 769 342 50 33 -1 -1 -1 0 
31 5 680 315 30 43 -1 -1 -1 0 
31 6 437 347 42 20 -1 -1 -1 0 
31 10 560 634 717 80 -1 -1 -1 0 
31 23 5 308 277 107 -1 -1 -1 0 
32 1 886 352 232 113 -1 -1 -1 0 
32 2 587 345 53 40 -1 -1 -1 0 
32 3 769 342 48 33 -1 -1 -1 0 
32 5 680 315 30 43 -1 -1 -1 0 
32 6 421 348 47 21 -1 -1 -1 0 
32 10 565 634 711 79 -1 -1 -1 0 
32 23 0 307 252 112 -1 -1 -1 0 
33 1 884 352 230 111 -1 -1 -1 0 
33 2 588 345 53 40 -1 -1 -1 0 
33 3 768 342 48 32 -1 -1 -1 0 
33 5 681 315 29 43 -1 -1 -1 0 
33 6 404 350 52 21 -1 -1 -1 0 
33 10 562 634 716 79 -1 -1 -1 0 
33 23 0 306 215 113 -1 -1 -1 0 
34 1 883 351 226 110 -1 -1 -1 0 
34 2 590 346 52 39 -1 -1 -1 0 
34 3 768 342 47 32 -1 -1 -1 0 
34 5 681 315 29 42 -1 -1 -1 0 
34 6 386 349 54 24 -1 -1 -1 0 
34 10 560 634 717 79 -1 -1 -1 0 
34 23 0 306 170 109 -1 -1 -1 0 
35 1 880 350 224 110 -1 -1 -1 0 
35 2 591 347 52 37 -1 -1 -1 0 
35 3 767 342 47 32 -1 -1 -1 0 
35 5 681 315 28 43 -1 -1 -1 0 
35 6 362 350 62 26 -1 -1 -1 0 
35 10 562 634 714 79 -1 -1 -1 0 
35 23 0 306 109 111 -1 -1 -1 0 
36 1 880 350 218 108 -1 -1 -1 0 
36 2 593 347 50 37 -1 -1 -1 0 
36 3 766 341 47 33 -1 -1 -1 0 
36 5 681 315 29 43 -1 -1 -1 0 
36 6 335 351 69 28 -1 -1 -1 0 
36 10 564 634 711 79 -1 -1 -1 0 
36 23 0 304 75 116 -1 -1 -1 0 
36 25 466 348 30 17 -1 -1 -1 0 
37 1 877 350 217 107 -1 -1 -1 0 
37 2 594 347 49 36 -1 -1 -1 0 
37 3 766 342 46 31 -1 -1 -1 0 
37 5 681 315 28 43 -1 -1 -1 0 
37 6 304 352 79 30 -1 -1 -1 0 
37 10 561 634 715 80 -1 -1 -1 0 
37 25 455 349 33 17 -1 -1 -1 0 
38 1 876 350 214 106 -1 -1 -1 0 
38 2 595 347 48 37 -1 -1 -1 0 
38 3 765 342 46 31 -1 -1 -1 0 
38 5 682 316 27 42 -1 -1 -1 0 
38 6 264 353 92 34 -1 -1 -1 0 
38 10 557 635 721 79 -1 -1 -1 0 
38 25 443 350 37 18 -1 -1 -1 0 
39 1 874 350 211 105 -1 -1 -1 0 
39 2 596 347 48 37 -1 -1 -1 0 
39 3 765 342 45 31 -1 -1 -1 0 
39 5 682 316 28 42 -1 -1 -1 0 
39 6 216 354 109 39 -1 -1 -1 0 
39 10 560 635 715 79 -1 -1 -1 0 
39 25 433 350 37 19 -1 -1 -1 0 
40 1 872 351 208 103 -1 -1 -1 0 
40 2 596 348 49 35 -1 -1 -1 0 
40 3 765 342 43 31 -1 -1 -1 0 
40 5 682 316 28 43 -1 -1 -1 0 
40 6 154 357 130 43 -1 -1 -1 0 
40 10 558 635 720 79 -1 -1 -1 0 
40 25 421 351 40 21 -1 -1 -1 0 
