3 1 489 339 112 85 -1 -1 -1 0 
3 2 1 353 41 32 -1 -1 -1 0 
3 3 412 341 26 16 -1 -1 -1 0 
3 4 354 343 33 16 -1 -1 -1 0 
3 5 672 343 32 22 -1 -1 -1 0 
3 6 630 332 22 23 -1 -1 -1 0 
3 7 562 636 713 78 -1 -1 -1 0 
4 1 489 338 112 86 -1 -1 -1 0 
4 2 0 354 24 31 -1 -1 -1 0 
4 3 401 341 30 17 -1 -1 -1 0 
4 4 344 342 32 17 -1 -1 -1 0 
4 5 673 343 31 22 -1 -1 -1 0 
4 6 630 332 22 23 -1 -1 -1 0 
4 7 559 634 716 80 -1 -1 -1 0 
5 1 490 338 113 85 -1 -1 -1 0 
5 3 392 341 30 17 -1 -1 -1 0 
5 4 330 342 35 18 -1 -1 -1 0 
5 5 674 343 30 22 -1 -1 -1 0 
5 6 630 332 23 23 -1 -1 -1 0 
5 7 557 634 720 80 -1 -1 -1 0 
6 1 492 337 110 85 -1 -1 -1 0 
6 3 381 342 32 17 -1 -1 -1 0 
6 4 318 342 36 19 -1 -1 -1 0 
6 5 673 343 32 22 -1 -1 -1 0 
6 6 630 332 22 23 -1 -1 -1 0 
6 7 558 634 718 80 -1 -1 -1 0 
7 1 492 338 111 84 -1 -1 -1 0 
7 3 369 343 34 19 -1 -1 -1 0 
7 4 302 343 41 20 -1 -1 -1 0 
7 5 675 343 29 22 -1 -1 -1 0 
7 6 630 333 22 24 -1 -1 -1 0 
7 7 557 635 721 79 -1 -1 -1 0 
8 1 493 338 111 84 -1 -1 -1 0 
8 3 356 344 37 19 -1 -1 -1 0 
8 4 285 344 45 20 -1 -1 -1 0 
8 5 674 343 31 22 -1 -1 -1 0 
8 6 629 334 23 23 -1 -1 -1 0 
8 7 562 635 714 80 -1 -1 -1 0 
9 1 493 340 111 81 -1 -1 -1 0 
9 3 342 345 38 19 -1 -1 -1 0 
9 4 269 344 45 22 -1 -1 -1 0 
9 5 675 343 30 22 -1 -1 -1 0 
9 6 630 334 21 23 -1 -1 -1 0 
9 7 561 635 716 80 -1 -1 -1 0 
10 1 494 342 110 79 -1 -1 -1 0 
10 3 325 346 44 19 -1 -1 -1 0 
10 4 250 346 51 21 -1 -1 -1 0 
10 5 675 343 29 23 -1 -1 -1 0 
10 6 630 335 22 23 -1 -1 -1 0 
10 7 560 634 715 81 -1 -1 -1 0 
11 1 496 342 107 80 -1 -1 -1 0 
11 3 310 346 43 21 -1 -1 -1 0 
11 4 229 347 54 23 -1 -1 -1 0 
11 5 675 345 30 21 -1 -1 -1 0 
11 6 631 335 21 23 -1 -1 -1 0 
11 7 558 634 718 81 -1 -1 -1 0 
12 1 497 343 107 79 -1 -1 -1 0 
12 3 291 348 47 21 -1 -1 -1 0 
12 4 207 348 57 24 -1 -1 -1 0 
12 5 676 345 28 22 -1 -1 -1 0 
12 6 631 336 21 23 -1 -1 -1 0 
12 7 554 635 725 80 -1 -1 -1 0 
13 1 498 343 106 79 -1 -1 -1 0 
13 3 270 349 52 22 -1 -1 -1 0 
13 4 181 349 65 25 -1 -1 -1 0 
13 5 676 345 29 22 -1 -1 -1 0 
13 6 631 337 21 22 -1 -1 -1 0 
13 7 555 635 722 80 -1 -1 -1 0 
14 1 498 344 107 78 -1 -1 -1 0 
14 3 247 350 56 24 -1 -1 -1 0 
14 4 152 351 69 26 -1 -1 -1 0 
14 5 675 345 30 23 -1 -1 -1 0 
14 6 631 337 21 22 -1 -1 -1 0 
14 7 559 635 716 80 -1 -1 -1 0 
15 1 500 344 105 78 -1 -1 -1 0 
15 3 221 351 61 25 -1 -1 -1 0 
15 4 118 352 78 27 -1 -1 -1 0 
15 5 674 345 31 23 -1 -1 -1 0 
15 6 632 338 20 22 -1 -1 -1 0 
15 7 557 635 720 80 -1 -1 -1 0 
16 1 501 345 104 77 -1 -1 -1 0 
16 3 191 352 68 27 -1 -1 -1 0 
16 4 79 354 87 29 -1 -1 -1 0 
16 5 675 346 29 22 -1 -1 -1 0 
16 6 633 338 19 22 -1 -1 -1 0 
16 7 557 636 720 79 -1 -1 -1 0 
16 9 453 344 21 14 -1 -1 -1 0 
17 1 501 344 105 78 -1 -1 -1 0 
17 3 156 352 76 29 -1 -1 -1 0 
17 4 33 354 98 32 -1 -1 -1 0 
17 5 675 346 30 22 -1 -1 -1 0 
17 6 632 337 21 22 -1 -1 -1 0 
17 9 446 344 23 15 -1 -1 -1 0 
18 1 502 343 104 79 -1 -1 -1 0 
18 3 112 353 91 30 -1 -1 -1 0 
18 4 1 355 88 33 -1 -1 -1 0 
18 5 676 346 29 22 -1 -1 -1 0 
18 6 633 337 20 22 -1 -1 -1 0 
18 9 439 345 24 13 -1 -1 -1 0 
19 1 503 342 103 79 -1 -1 -1 0 
19 3 62 354 103 33 -1 -1 -1 0 
19 4 0 356 61 34 -1 -1 -1 0 
19 5 676 345 29 22 -1 -1 -1 0 
19 6 633 336 20 22 -1 -1 -1 0 
19 9 432 344 24 13 -1 -1 -1 0 
20 1 503 342 104 79 -1 -1 -1 0 
20 3 5 355 116 35 -1 -1 -1 0 
20 5 675 345 30 22 -1 -1 -1 0 
20 6 633 336 20 22 -1 -1 -1 0 
20 7 561 636 712 79 -1 -1 -1 0 
20 9 424 343 26 14 -1 -1 -1 0 
21 1 504 341 103 79 -1 -1 -1 0 
21 3 0 355 65 37 -1 -1 -1 0 
21 5 676 345 28 22 -1 -1 -1 0 
21 6 634 336 20 22 -1 -1 -1 0 
21 7 559 636 716 80 -1 -1 -1 0 
21 9 414 343 31 14 -1 -1 -1 0 
22 1 504 341 102 77 -1 -1 -1 0 
22 3 0 356 33 38 -1 -1 -1 0 
22 5 676 344 28 22 -1 -1 -1 0 
22 6 633 336 21 21 -1 -1 -1 0 
22 7 558 636 719 79 -1 -1 -1 0 
22 9 407 343 28 14 -1 -1 -1 0 
23 1 505 340 101 78 -1 -1 -1 0 
23 5 675 344 29 22 -1 -1 -1 0 
23 6 634 336 19 21 -1 -1 -1 0 
23 7 564 634 707 81 -1 -1 -1 0 
23 9 397 344 30 15 -1 -1 -1 0 
24 1 505 340 101 76 -1 -1 -1 0 
24 5 675 343 29 23 -1 -1 -1 0 
24 6 634 335 20 21 -1 -1 -1 0 
24 7 564 634 706 81 -1 -1 -1 0 
24 9 387 343 31 16 -1 -1 -1 0 
25 1 506 340 100 76 -1 -1 -1 0 
25 5 675 344 29 22 -1 -1 -1 0 
25 6 635 336 18 21 -1 -1 -1 0 
25 7 556 636 721 79 -1 -1 -1 0 
25 9 377 344 32 17 -1 -1 -1 0 
26 1 506 340 101 76 -1 -1 -1 0 
26 5 675 344 30 22 -1 -1 -1 0 
26 6 634 336 20 21 -1 -1 -1 0 
26 7 559 636 716 80 -1 -1 -1 0 
26 9 364 344 36 18 -1 -1 -1 0 
27 1 507 341 100 74 -1 -1 -1 0 
27 5 676 344 29 22 -1 -1 -1 0 
27 6 635 336 19 21 -1 -1 -1 0 
27 7 559 636 716 80 -1 -1 -1 0 
27 9 351 344 37 20 -1 -1 -1 0 
28 1 507 341 100 74 -1 -1 -1 0 
28 5 675 343 29 22 -1 -1 -1 0 
28 6 635 336 19 20 -1 -1 -1 0 
28 7 559 635 717 80 -1 -1 -1 0 
28 9 337 345 39 21 -1 -1 -1 0 
29 1 510 341 96 74 -1 -1 -1 0 
29 5 675 343 28 23 -1 -1 -1 0 
29 6 635 336 18 21 -1 -1 -1 0 
29 7 559 635 717 80 -1 -1 -1 0 
29 9 321 346 43 22 -1 -1 -1 0 
30 1 511 341 95 74 -1 -1 -1 0 
30 5 674 344 31 22 -1 -1 -1 0 
30 6 634 336 21 21 -1 -1 -1 0 
30 9 304 346 46 23 -1 -1 -1 0 
31 1 511 342 96 73 -1 -1 -1 0 
31 5 675 344 29 22 -1 -1 -1 0 
31 6 635 336 19 21 -1 -1 -1 0 
31 9 284 347 51 23 -1 -1 -1 0 
32 1 512 342 95 73 -1 -1 -1 0 
32 5 675 344 28 23 -1 -1 -1 0 
32 6 634 337 20 21 -1 -1 -1 0 
32 9 264 349 53 24 -1 -1 -1 0 
32 12 406 342 30 14 -1 -1 -1 0 
32 13 504 339 18 12 -1 -1 -1 0 
33 1 512 342 95 73 -1 -1 -1 0 
33 5 674 345 30 22 -1 -1 -1 0 
33 6 634 337 21 21 -1 -1 -1 0 
33 9 239 350 60 24 -1 -1 -1 0 
33 12 399 343 28 14 -1 -1 -1 0 
33 13 501 339 20 13 -1 -1 -1 0 
34 1 513 344 95 71 -1 -1 -1 0 
34 5 674 346 30 22 -1 -1 -1 0 
34 6 635 339 19 20 -1 -1 -1 0 
34 9 212 351 66 26 -1 -1 -1 0 
34 12 389 344 31 15 -1 -1 -1 0 
34 13 498 340 20 13 -1 -1 -1 0 
35 1 514 344 94 71 -1 -1 -1 0 
35 5 674 346 29 22 -1 -1 -1 0 
35 6 635 339 18 20 -1 -1 -1 0 
35 7 558 635 717 80 -1 -1 -1 0 
35 9 182 352 71 27 -1 -1 -1 0 
35 12 383 345 31 15 -1 -1 -1 0 
35 13 494 340 22 13 -1 -1 -1 0 
36 1 514 345 94 70 -1 -1 -1 0 
36 5 674 346 29 23 -1 -1 -1 0 
36 6 635 339 18 21 -1 -1 -1 0 
36 7 557 635 718 80 -1 -1 -1 0 
36 9 144 353 83 29 -1 -1 -1 0 
36 13 492 341 20 12 -1 -1 -1 0 
37 1 515 344 93 71 -1 -1 -1 0 
37 5 673 346 30 22 -1 -1 -1 0 
37 6 634 339 20 20 -1 -1 -1 0 
37 9 101 354 93 31 -1 -1 -1 0 
37 12 392 347 30 15 -1 -1 -1 0 
37 13 489 339 21 14 -1 -1 -1 0 
38 1 516 343 92 72 -1 -1 -1 0 
38 5 674 345 28 23 -1 -1 -1 0 
38 6 634 339 21 20 -1 -1 -1 0 
38 9 50 355 106 33 -1 -1 -1 0 
38 12 385 348 32 14 -1 -1 -1 0 
38 13 485 339 22 14 -1 -1 -1 0 
39 1 516 343 93 71 -1 -1 -1 0 
39 5 673 345 29 22 -1 -1 -1 0 
39 6 635 338 19 21 -1 -1 -1 0 
39 7 559 636 716 80 -1 -1 -1 0 
39 9 3 355 107 36 -1 -1 -1 0 
39 12 349 346 36 16 -1 -1 -1 0 
39 13 481 337 24 15 -1 -1 -1 0 
40 1 516 343 93 70 -1 -1 -1 0 
40 5 674 345 27 22 -1 -1 -1 0 
40 6 635 338 19 21 -1 -1 -1 0 
40 7 560 636 715 80 -1 -1 -1 0 
40 9 0 356 53 37 -1 -1 -1 0 
40 12 354 346 36 17 -1 -1 -1 0 
40 13 476 337 26 15 -1 -1 -1 0 
