3 1 660 341 48 41 -1 -1 -1 0 
3 2 191 353 59 22 -1 -1 -1 0 
3 3 388 344 38 16 -1 -1 -1 0 
4 1 660 341 48 41 -1 -1 -1 0 
4 2 156 353 66 24 -1 -1 -1 0 
4 3 374 344 42 17 -1 -1 -1 0 
5 1 659 341 49 41 -1 -1 -1 0 
5 2 116 355 77 25 -1 -1 -1 0 
5 3 363 344 41 19 -1 -1 -1 0 
6 1 660 340 48 41 -1 -1 -1 0 
6 2 69 356 85 28 -1 -1 -1 0 
6 3 349 345 45 19 -1 -1 -1 0 
7 1 660 340 48 41 -1 -1 -1 0 
7 2 8 357 105 30 -1 -1 -1 0 
7 3 335 344 46 20 -1 -1 -1 0 
8 1 661 340 47 41 -1 -1 -1 0 
8 2 0 358 59 31 -1 -1 -1 0 
8 3 318 344 49 21 -1 -1 -1 0 
9 1 661 340 47 41 -1 -1 -1 0 
9 2 0 359 25 32 -1 -1 -1 0 
9 3 301 344 53 23 -1 -1 -1 0 
10 1 660 340 49 41 -1 -1 -1 0 
10 3 280 343 59 25 -1 -1 -1 0 
11 1 660 340 49 41 -1 -1 -1 0 
11 3 258 343 63 27 -1 -1 -1 0 
12 1 660 340 49 42 -1 -1 -1 0 
12 3 234 345 69 27 -1 -1 -1 0 
13 1 660 340 48 42 -1 -1 -1 0 
13 3 206 346 75 28 -1 -1 -1 0 
14 1 659 340 49 41 -1 -1 -1 0 
14 3 175 346 83 31 -1 -1 -1 0 
15 1 659 340 49 41 -1 -1 -1 0 
15 3 137 347 95 33 -1 -1 -1 0 
16 1 660 340 48 42 -1 -1 -1 0 
16 3 95 348 108 35 -1 -1 -1 0 
17 1 659 341 50 41 -1 -1 -1 0 
17 3 43 350 125 37 -1 -1 -1 0 
18 1 660 341 48 41 -1 -1 -1 0 
18 3 3 349 119 40 -1 -1 -1 0 
19 1 660 341 48 42 -1 -1 -1 0 
19 3 0 348 75 42 -1 -1 -1 0 
20 1 659 341 49 41 -1 -1 -1 0 
20 3 0 348 46 44 -1 -1 -1 0 
21 1 659 341 48 41 -1 -1 -1 0 
22 1 658 341 50 41 -1 -1 -1 0 
23 1 659 341 48 41 -1 -1 -1 0 
24 1 659 340 47 42 -1 -1 -1 0 
25 1 658 340 49 42 -1 -1 -1 0 
26 1 658 340 49 42 -1 -1 -1 0 
27 1 659 340 47 42 -1 -1 -1 0 
28 1 659 340 48 42 -1 -1 -1 0 
29 1 659 340 48 42 -1 -1 -1 0 
29 5 410 350 26 13 -1 -1 -1 0 
30 1 659 340 49 43 -1 -1 -1 0 
30 5 399 350 28 13 -1 -1 -1 0 
31 1 660 340 48 43 -1 -1 -1 0 
31 5 389 351 29 13 -1 -1 -1 0 
32 1 660 341 48 42 -1 -1 -1 0 
32 5 377 352 30 13 -1 -1 -1 0 
32 6 434 348 24 16 -1 -1 -1 0 
33 1 659 341 50 42 -1 -1 -1 0 
33 5 364 352 33 13 -1 -1 -1 0 
33 6 420 348 30 17 -1 -1 -1 0 
34 1 659 341 50 42 -1 -1 -1 0 
34 5 351 352 34 13 -1 -1 -1 0 
34 6 409 348 31 17 -1 -1 -1 0 
35 1 660 341 49 42 -1 -1 -1 0 
35 5 336 352 37 14 -1 -1 -1 0 
35 6 397 348 31 18 -1 -1 -1 0 
36 1 660 341 49 42 -1 -1 -1 0 
36 5 322 352 36 14 -1 -1 -1 0 
36 6 382 348 34 18 -1 -1 -1 0 
37 1 661 341 49 42 -1 -1 -1 0 
37 5 303 352 40 16 -1 -1 -1 0 
37 6 367 350 36 17 -1 -1 -1 0 
38 1 661 341 48 42 -1 -1 -1 0 
38 5 284 354 45 15 -1 -1 -1 0 
38 6 352 350 37 19 -1 -1 -1 0 
39 1 661 341 49 42 -1 -1 -1 0 
39 5 262 355 50 16 -1 -1 -1 0 
39 6 331 350 43 20 -1 -1 -1 0 
40 1 661 340 49 43 -1 -1 -1 0 
40 5 240 356 51 16 -1 -1 -1 0 
40 6 311 350 46 21 -1 -1 -1 0 
