3 1 557 348 58 38 -1 -1 -1 0 
3 2 1083 332 148 58 -1 -1 -1 0 
3 3 760 342 27 21 -1 -1 -1 0 
3 5 655 288 90 110 -1 -1 -1 0 
3 6 112 359 95 28 -1 -1 -1 0 
4 1 559 347 55 39 -1 -1 -1 0 
4 2 1083 331 137 59 -1 -1 -1 0 
4 3 760 342 26 21 -1 -1 -1 0 
4 5 654 289 91 110 -1 -1 -1 0 
4 6 76 360 98 31 -1 -1 -1 0 
4 12 559 635 717 80 -1 -1 -1 0 
5 1 559 347 57 38 -1 -1 -1 0 
5 2 1082 331 132 58 -1 -1 -1 0 
5 3 758 341 28 20 -1 -1 -1 0 
5 5 654 287 91 112 -1 -1 -1 0 
5 6 26 361 113 35 -1 -1 -1 0 
5 12 559 635 716 80 -1 -1 -1 0 
5 15 184 352 75 29 -1 -1 -1 0 
6 1 560 347 55 37 -1 -1 -1 0 
6 2 1080 331 134 58 -1 -1 -1 0 
6 3 758 341 26 20 -1 -1 -1 0 
6 5 653 287 92 112 -1 -1 -1 0 
6 6 0 363 97 35 -1 -1 -1 0 
6 12 559 636 716 80 -1 -1 -1 0 
6 15 142 350 79 35 -1 -1 -1 0 
7 1 563 347 53 37 -1 -1 -1 0 
7 2 1079 331 134 57 -1 -1 -1 0 
7 3 758 340 26 21 -1 -1 -1 0 
7 5 653 288 93 111 -1 -1 -1 0 
7 6 0 366 49 32 -1 -1 -1 0 
7 12 557 635 720 80 -1 -1 -1 0 
7 15 115 347 99 38 -1 -1 -1 0 
8 1 563 347 54 37 -1 -1 -1 0 
8 2 1079 331 131 56 -1 -1 -1 0 
8 3 758 341 26 20 -1 -1 -1 0 
8 5 653 290 92 109 -1 -1 -1 0 
8 6 0 367 20 33 -1 -1 -1 0 
8 12 556 636 722 79 -1 -1 -1 0 
8 15 18 346 153 47 -1 -1 -1 0 
8 17 279 353 39 20 -1 -1 -1 0 
8 18 508 344 21 12 -1 -1 -1 0 
8 19 633 341 24 17 -1 -1 -1 0 
9 1 565 346 53 37 -1 -1 -1 0 
9 2 1080 331 124 56 -1 -1 -1 0 
9 3 757 341 26 20 -1 -1 -1 0 
9 5 653 291 92 108 -1 -1 -1 0 
9 12 559 636 717 79 -1 -1 -1 0 
9 15 0 347 75 47 -1 -1 -1 0 
9 17 257 354 44 20 -1 -1 -1 0 
9 18 502 345 25 11 -1 -1 -1 0 
9 19 633 340 24 18 -1 -1 -1 0 
10 1 567 346 51 36 -1 -1 -1 0 
10 2 1078 331 126 56 -1 -1 -1 0 
10 3 755 341 28 19 -1 -1 -1 0 
10 5 653 291 91 108 -1 -1 -1 0 
10 12 559 636 717 79 -1 -1 -1 0 
10 15 0 346 34 51 -1 -1 -1 0 
10 17 233 355 55 21 -1 -1 -1 0 
10 18 499 344 23 12 -1 -1 -1 0 
10 19 634 339 24 19 -1 -1 -1 0 
11 1 567 345 52 37 -1 -1 -1 0 
11 2 1076 331 128 55 -1 -1 -1 0 
11 3 755 341 27 19 -1 -1 -1 0 
11 5 653 293 92 106 -1 -1 -1 0 
11 12 555 636 722 79 -1 -1 -1 0 
11 17 208 356 63 22 -1 -1 -1 0 
11 18 495 344 24 12 -1 -1 -1 0 
11 19 633 340 25 18 -1 -1 -1 0 
12 1 569 345 50 36 -1 -1 -1 0 
12 2 1077 332 126 54 -1 -1 -1 0 
12 3 754 341 27 19 -1 -1 -1 0 
12 5 654 294 90 105 -1 -1 -1 0 
12 12 558 636 716 80 -1 -1 -1 0 
12 17 182 356 70 24 -1 -1 -1 0 
12 18 492 344 25 12 -1 -1 -1 0 
12 19 634 340 23 18 -1 -1 -1 0 
12 24 429 348 26 12 -1 -1 -1 0 
13 1 570 344 49 36 -1 -1 -1 0 
13 2 1077 332 124 54 -1 -1 -1 0 
13 3 755 341 25 19 -1 -1 -1 0 
13 5 653 295 91 104 -1 -1 -1 0 
13 12 554 636 723 80 -1 -1 -1 0 
13 17 153 353 78 31 -1 -1 -1 0 
13 19 635 340 23 18 -1 -1 -1 0 
13 24 419 349 29 12 -1 -1 -1 0 
14 1 571 344 49 36 -1 -1 -1 0 
14 2 1077 332 124 54 -1 -1 -1 0 
14 3 755 341 24 19 -1 -1 -1 0 
14 5 654 295 89 103 -1 -1 -1 0 
14 12 556 636 720 80 -1 -1 -1 0 
14 17 113 356 100 30 -1 -1 -1 0 
14 24 414 349 29 13 -1 -1 -1 0 
15 1 572 345 48 35 -1 -1 -1 0 
15 2 1077 332 123 54 -1 -1 -1 0 
15 3 755 341 23 20 -1 -1 -1 0 
15 5 655 296 87 103 -1 -1 -1 0 
15 12 558 636 718 79 -1 -1 -1 0 
15 17 75 360 91 30 -1 -1 -1 0 
15 24 467 348 27 11 -1 -1 -1 0 
16 1 573 345 48 35 -1 -1 -1 0 
16 2 1077 332 122 54 -1 -1 -1 0 
16 3 753 341 26 20 -1 -1 -1 0 
16 5 655 296 87 103 -1 -1 -1 0 
16 12 560 636 715 79 -1 -1 -1 0 
16 17 25 362 102 31 -1 -1 -1 0 
16 19 636 340 22 18 -1 -1 -1 0 
16 24 474 347 26 11 -1 -1 -1 0 
16 26 254 347 63 29 -1 -1 -1 0 
17 1 575 344 46 35 -1 -1 -1 0 
17 2 1077 333 121 53 -1 -1 -1 0 
17 3 753 341 25 20 -1 -1 -1 0 
17 5 655 296 87 104 -1 -1 -1 0 
17 12 560 636 716 79 -1 -1 -1 0 
17 17 0 363 79 31 -1 -1 -1 0 
17 18 321 351 48 18 -1 -1 -1 0 
17 19 636 341 23 18 -1 -1 -1 0 
17 24 471 347 29 11 -1 -1 -1 0 
17 26 233 346 68 32 -1 -1 -1 0 
17 28 0 469 159 245 -1 -1 -1 0 
18 1 575 345 48 34 -1 -1 -1 0 
18 2 1077 333 120 52 -1 -1 -1 0 
18 3 753 341 24 19 -1 -1 -1 0 
18 5 654 296 89 103 -1 -1 -1 0 
18 12 562 636 709 80 -1 -1 -1 0 
18 17 0 365 48 32 -1 -1 -1 0 
18 18 301 352 52 18 -1 -1 -1 0 
18 19 636 341 23 18 -1 -1 -1 0 
18 24 468 347 27 10 -1 -1 -1 0 
18 26 207 345 78 34 -1 -1 -1 0 
18 28 0 459 191 247 -1 -1 -1 0 
19 1 577 345 46 34 -1 -1 -1 0 
19 2 1077 333 121 52 -1 -1 -1 0 
19 3 752 342 24 18 -1 -1 -1 0 
19 5 655 296 87 104 -1 -1 -1 0 
19 12 555 635 722 81 -1 -1 -1 0 
19 18 287 352 46 19 -1 -1 -1 0 
19 19 637 341 22 18 -1 -1 -1 0 
19 24 465 347 24 11 -1 -1 -1 0 
19 26 179 347 86 36 -1 -1 -1 0 
19 28 0 434 218 259 -1 -1 -1 0 
19 31 3 361 75 31 -1 -1 -1 0 
20 1 577 345 47 34 -1 -1 -1 0 
20 2 1078 333 120 52 -1 -1 -1 0 
20 3 752 342 24 18 -1 -1 -1 0 
20 5 655 296 89 102 -1 -1 -1 0 
20 12 559 635 716 81 -1 -1 -1 0 
20 18 272 351 60 21 -1 -1 -1 0 
20 19 637 341 23 18 -1 -1 -1 0 
20 24 459 348 24 11 -1 -1 -1 0 
20 26 150 347 92 37 -1 -1 -1 0 
20 28 2 407 239 281 -1 -1 -1 0 
20 31 0 362 36 31 -1 -1 -1 0 
21 1 578 345 47 33 -1 -1 -1 0 
21 2 1079 332 117 52 -1 -1 -1 0 
21 3 677 340 21 19 -1 -1 -1 0 
21 5 655 296 88 101 -1 -1 -1 0 
21 12 556 635 721 81 -1 -1 -1 0 
21 18 255 351 62 22 -1 -1 -1 0 
21 24 450 348 28 11 -1 -1 -1 0 
21 26 113 347 106 39 -1 -1 -1 0 
21 28 3 384 261 304 -1 -1 -1 0 
21 31 0 363 14 31 -1 -1 -1 0 
22 1 579 345 46 32 -1 -1 -1 0 
22 2 1079 332 117 51 -1 -1 -1 0 
22 3 647 339 22 19 -1 -1 -1 0 
22 5 656 295 87 101 -1 -1 -1 0 
22 12 556 635 722 81 -1 -1 -1 0 
22 18 239 350 63 24 -1 -1 -1 0 
22 24 444 348 28 11 -1 -1 -1 0 
22 26 116 348 71 38 -1 -1 -1 0 
22 28 1 367 286 318 -1 -1 -1 0 
23 1 581 345 43 31 -1 -1 -1 0 
23 2 1080 332 114 50 -1 -1 -1 0 
23 3 713 339 24 19 -1 -1 -1 0 
23 5 656 294 87 102 -1 -1 -1 0 
23 12 559 634 715 82 -1 -1 -1 0 
23 18 220 352 59 23 -1 -1 -1 0 
23 19 638 339 21 19 -1 -1 -1 0 
23 24 434 348 31 12 -1 -1 -1 0 
23 26 83 347 78 38 -1 -1 -1 0 
23 28 0 356 306 326 -1 -1 -1 0 
24 1 582 343 43 33 -1 -1 -1 0 
24 2 1080 332 114 49 -1 -1 -1 0 
24 3 712 339 24 19 -1 -1 -1 0 
24 5 657 293 85 102 -1 -1 -1 0 
24 12 552 636 727 80 -1 -1 -1 0 
24 18 199 354 57 23 -1 -1 -1 0 
24 19 638 339 22 19 -1 -1 -1 0 
24 24 424 348 34 12 -1 -1 -1 0 
24 26 59 347 80 40 -1 -1 -1 0 
24 28 0 348 324 333 -1 -1 -1 0 
25 1 584 342 41 33 -1 -1 -1 0 
25 2 1080 331 115 50 -1 -1 -1 0 
25 5 658 293 84 102 -1 -1 -1 0 
25 12 557 635 717 81 -1 -1 -1 0 
25 18 218 352 65 24 -1 -1 -1 0 
25 19 728 338 22 20 -1 -1 -1 0 
25 24 417 346 34 15 -1 -1 -1 0 
25 28 0 346 341 333 -1 -1 -1 0 
26 1 585 341 41 33 -1 -1 -1 0 
26 2 1081 331 115 49 -1 -1 -1 0 
26 5 658 292 84 103 -1 -1 -1 0 
26 12 559 635 714 82 -1 -1 -1 0 
26 18 208 352 68 23 -1 -1 -1 0 
26 19 746 338 22 19 -1 -1 -1 0 
26 24 409 346 37 15 -1 -1 -1 0 
26 28 6 339 343 354 -1 -1 -1 0 
27 1 586 340 41 33 -1 -1 -1 0 
27 2 1082 331 115 49 -1 -1 -1 0 
27 5 658 292 84 103 -1 -1 -1 0 
27 12 556 636 721 81 -1 -1 -1 0 
27 18 196 352 71 24 -1 -1 -1 0 
27 19 753 339 22 19 -1 -1 -1 0 
27 24 401 347 38 15 -1 -1 -1 0 
27 28 4 337 360 369 -1 -1 -1 0 
28 1 586 340 43 33 -1 -1 -1 0 
28 2 1083 331 113 49 -1 -1 -1 0 
28 5 659 292 83 103 -1 -1 -1 0 
28 12 554 636 724 80 -1 -1 -1 0 
28 19 763 339 22 19 -1 -1 -1 0 
28 24 390 348 43 15 -1 -1 -1 0 
28 28 2 337 376 375 -1 -1 -1 0 
29 1 588 340 41 34 -1 -1 -1 0 
29 2 1084 331 113 49 -1 -1 -1 0 
29 5 658 292 85 103 -1 -1 -1 0 
29 12 558 636 717 80 -1 -1 -1 0 
29 19 754 339 23 19 -1 -1 -1 0 
29 24 378 348 46 16 -1 -1 -1 0 
29 28 0 339 393 370 -1 -1 -1 0 
30 1 589 341 41 33 -1 -1 -1 0 
30 2 1084 331 114 48 -1 -1 -1 0 
30 5 659 291 83 103 -1 -1 -1 0 
30 12 558 635 717 81 -1 -1 -1 0 
30 19 753 339 23 20 -1 -1 -1 0 
30 24 367 348 49 16 -1 -1 -1 0 
30 28 0 337 407 352 -1 -1 -1 0 
31 1 590 341 41 32 -1 -1 -1 0 
31 2 1085 330 113 48 -1 -1 -1 0 
31 3 453 347 27 12 -1 -1 -1 0 
31 5 659 290 83 104 -1 -1 -1 0 
31 12 557 635 719 81 -1 -1 -1 0 
31 19 751 339 25 18 -1 -1 -1 0 
31 24 356 348 39 17 -1 -1 -1 0 
31 28 0 338 419 327 -1 -1 -1 0 
32 1 591 342 41 30 -1 -1 -1 0 
32 2 1086 330 112 47 -1 -1 -1 0 
32 3 432 348 27 11 -1 -1 -1 0 
32 5 659 290 83 103 -1 -1 -1 0 
32 12 556 635 722 80 -1 -1 -1 0 
32 19 752 338 22 19 -1 -1 -1 0 
32 24 349 348 40 18 -1 -1 -1 0 
32 28 0 339 426 305 -1 -1 -1 0 
33 1 592 344 40 28 -1 -1 -1 0 
33 2 1087 329 112 48 -1 -1 -1 0 
33 3 426 348 26 13 -1 -1 -1 0 
33 5 660 290 82 102 -1 -1 -1 0 
33 12 557 635 720 80 -1 -1 -1 0 
33 19 751 338 23 19 -1 -1 -1 0 
33 28 0 337 434 285 -1 -1 -1 0 
34 1 594 344 39 29 -1 -1 -1 0 
34 2 1087 329 113 47 -1 -1 -1 0 
34 3 416 349 27 14 -1 -1 -1 0 
34 5 660 289 82 103 -1 -1 -1 0 
34 12 558 635 718 80 -1 -1 -1 0 
34 19 750 339 23 18 -1 -1 -1 0 
34 28 0 336 441 267 -1 -1 -1 0 
35 1 595 346 39 29 -1 -1 -1 0 
35 2 1089 329 111 48 -1 -1 -1 0 
35 3 405 351 31 14 -1 -1 -1 0 
35 5 661 290 81 103 -1 -1 -1 0 
35 12 561 635 714 80 -1 -1 -1 0 
35 19 754 339 23 18 -1 -1 -1 0 
35 28 0 338 446 253 -1 -1 -1 0 
36 1 595 348 39 28 -1 -1 -1 0 
36 2 1090 331 110 48 -1 -1 -1 0 
36 3 389 352 31 13 -1 -1 -1 0 
36 5 661 291 81 103 -1 -1 -1 0 
36 12 557 635 721 80 -1 -1 -1 0 
36 28 0 340 454 238 -1 -1 -1 0 
37 1 596 348 37 28 -1 -1 -1 0 
37 2 1090 332 110 48 -1 -1 -1 0 
37 5 660 293 81 101 -1 -1 -1 0 
37 12 557 635 720 80 -1 -1 -1 0 
37 19 747 343 24 17 -1 -1 -1 0 
37 28 8 341 448 226 -1 -1 -1 0 
38 1 596 349 38 27 -1 -1 -1 0 
38 2 1090 332 110 48 -1 -1 -1 0 
38 5 660 295 81 100 -1 -1 -1 0 
38 12 561 635 712 81 -1 -1 -1 0 
38 19 745 343 24 17 -1 -1 -1 0 
38 28 42 342 413 217 -1 -1 -1 0 
39 1 597 349 37 28 -1 -1 -1 0 
39 2 1091 333 110 47 -1 -1 -1 0 
39 5 659 297 83 98 -1 -1 -1 0 
39 12 562 633 709 83 -1 -1 -1 0 
39 19 747 344 24 17 -1 -1 -1 0 
39 28 74 343 385 208 -1 -1 -1 0 
40 1 598 348 36 28 -1 -1 -1 0 
40 2 1092 333 109 47 -1 -1 -1 0 
40 5 660 297 81 98 -1 -1 -1 0 
40 12 551 634 728 81 -1 -1 -1 0 
40 28 104 344 363 197 -1 -1 -1 0 
