3 1 677 348 25 21 -1 -1 -1 0 
4 1 677 348 24 21 -1 -1 -1 0 
5 1 676 347 26 22 -1 -1 -1 0 
6 1 676 347 26 22 -1 -1 -1 0 
7 1 676 347 26 22 -1 -1 -1 0 
8 1 676 347 26 22 -1 -1 -1 0 
9 1 676 347 26 21 -1 -1 -1 0 
10 1 676 347 25 21 -1 -1 -1 0 
10 10 272 419 35 18 -1 -1 -1 0 
11 1 675 347 26 21 -1 -1 -1 0 
11 10 254 422 36 20 -1 -1 -1 0 
12 1 676 347 25 21 -1 -1 -1 0 
12 10 233 424 40 21 -1 -1 -1 0 
13 1 675 347 25 21 -1 -1 -1 0 
13 10 210 428 44 22 -1 -1 -1 0 
14 10 187 432 46 23 -1 -1 -1 0 
15 10 161 437 48 24 -1 -1 -1 0 
16 10 129 441 56 26 -1 -1 -1 0 
17 1 676 347 24 21 -1 -1 -1 0 
17 10 96 446 61 28 -1 -1 -1 0 
18 1 675 347 24 21 -1 -1 -1 0 
18 10 53 451 71 30 -1 -1 -1 0 
19 1 675 347 24 21 -1 -1 -1 0 
19 10 4 457 81 33 -1 -1 -1 0 
20 1 675 346 24 22 -1 -1 -1 0 
20 10 0 461 55 35 -1 -1 -1 0 
21 1 675 346 24 22 -1 -1 -1 0 
22 1 674 345 25 22 -1 -1 -1 0 
23 1 673 346 26 21 -1 -1 -1 0 
24 1 674 346 24 22 -1 -1 -1 0 
25 1 673 346 25 22 -1 -1 -1 0 
26 1 673 346 25 22 -1 -1 -1 0 
27 1 673 346 25 22 -1 -1 -1 0 
28 1 673 346 24 22 -1 -1 -1 0 
29 1 672 346 25 23 -1 -1 -1 0 
30 1 671 346 25 23 -1 -1 -1 0 
31 1 671 347 25 22 -1 -1 -1 0 
32 1 671 347 25 22 -1 -1 -1 0 
33 1 671 347 24 22 -1 -1 -1 0 
34 1 671 348 24 21 -1 -1 -1 0 
35 1 670 347 25 22 -1 -1 -1 0 
36 1 670 347 24 22 -1 -1 -1 0 
37 1 669 347 25 22 -1 -1 -1 0 
38 1 669 346 25 23 -1 -1 -1 0 
39 1 669 347 25 22 -1 -1 -1 0 
40 1 669 347 24 22 -1 -1 -1 0 
