3 1 636 344 28 23 -1 -1 -1 0 
3 2 708 321 27 32 -1 -1 -1 0 
3 3 88 351 103 38 -1 -1 -1 0 
4 1 636 343 28 23 -1 -1 -1 0 
4 2 708 320 27 32 -1 -1 -1 0 
4 3 30 352 121 40 -1 -1 -1 0 
5 1 637 343 27 22 -1 -1 -1 0 
5 2 708 320 27 32 -1 -1 -1 0 
5 3 1 351 103 44 -1 -1 -1 0 
6 1 637 343 27 22 -1 -1 -1 0 
6 2 708 320 27 32 -1 -1 -1 0 
6 3 0 351 71 46 -1 -1 -1 0 
7 1 637 343 27 22 -1 -1 -1 0 
7 2 709 321 26 31 -1 -1 -1 0 
7 7 563 634 712 81 -1 -1 -1 0 
8 1 636 343 28 22 -1 -1 -1 0 
8 2 708 321 27 32 -1 -1 -1 0 
8 7 562 633 716 82 -1 -1 -1 0 
9 1 637 343 27 22 -1 -1 -1 0 
9 2 709 321 26 32 -1 -1 -1 0 
10 1 638 343 27 22 -1 -1 -1 0 
10 2 708 321 28 32 -1 -1 -1 0 
10 7 564 634 713 80 -1 -1 -1 0 
11 1 639 344 26 22 -1 -1 -1 0 
11 2 708 321 28 32 -1 -1 -1 0 
11 7 566 635 709 79 -1 -1 -1 0 
12 1 639 344 26 22 -1 -1 -1 0 
12 2 709 321 26 33 -1 -1 -1 0 
12 7 567 635 705 79 -1 -1 -1 0 
13 1 638 344 28 22 -1 -1 -1 0 
13 2 709 322 26 32 -1 -1 -1 0 
13 7 562 634 712 80 -1 -1 -1 0 
14 1 639 344 26 22 -1 -1 -1 0 
14 2 709 322 26 33 -1 -1 -1 0 
14 7 558 635 719 79 -1 -1 -1 0 
14 10 686 345 35 31 -1 -1 -1 0 
15 1 639 344 27 22 -1 -1 -1 0 
15 2 708 322 28 33 -1 -1 -1 0 
15 7 565 634 707 80 -1 -1 -1 0 
15 10 685 345 37 30 -1 -1 -1 0 
16 1 640 344 27 22 -1 -1 -1 0 
16 2 708 322 28 33 -1 -1 -1 0 
16 7 568 634 706 80 -1 -1 -1 0 
16 10 686 345 35 30 -1 -1 -1 0 
17 1 640 343 26 22 -1 -1 -1 0 
17 2 709 321 26 34 -1 -1 -1 0 
17 7 564 635 713 79 -1 -1 -1 0 
17 10 687 345 34 30 -1 -1 -1 0 
18 1 640 342 27 22 -1 -1 -1 0 
18 2 708 320 28 33 -1 -1 -1 0 
18 7 564 635 712 79 -1 -1 -1 0 
18 10 687 343 34 32 -1 -1 -1 0 
19 1 641 342 27 21 -1 -1 -1 0 
19 2 708 320 28 33 -1 -1 -1 0 
19 7 563 635 712 79 -1 -1 -1 0 
19 10 687 343 34 32 -1 -1 -1 0 
20 1 642 341 25 22 -1 -1 -1 0 
20 2 708 319 28 34 -1 -1 -1 0 
20 7 564 635 710 79 -1 -1 -1 0 
20 10 687 342 35 32 -1 -1 -1 0 
21 1 642 342 26 20 -1 -1 -1 0 
21 2 709 319 26 34 -1 -1 -1 0 
21 7 581 635 691 79 -1 -1 -1 0 
21 10 686 344 36 31 -1 -1 -1 0 
22 1 643 343 24 20 -1 -1 -1 0 
22 2 708 320 28 33 -1 -1 -1 0 
22 7 583 635 689 79 -1 -1 -1 0 
22 10 686 344 36 31 -1 -1 -1 0 
23 1 643 344 25 20 -1 -1 -1 0 
23 2 708 321 29 33 -1 -1 -1 0 
23 10 686 344 36 32 -1 -1 -1 0 
24 1 644 345 25 19 -1 -1 -1 0 
24 2 708 321 29 33 -1 -1 -1 0 
24 10 686 345 37 32 -1 -1 -1 0 
25 1 644 345 25 19 -1 -1 -1 0 
25 2 708 321 28 33 -1 -1 -1 0 
25 7 556 636 721 78 -1 -1 -1 0 
25 10 687 345 36 32 -1 -1 -1 0 
26 1 645 345 25 19 -1 -1 -1 0 
26 2 708 320 28 34 -1 -1 -1 0 
26 7 555 636 722 78 -1 -1 -1 0 
26 10 687 345 37 33 -1 -1 -1 0 
27 1 646 344 23 19 -1 -1 -1 0 
27 2 707 320 30 33 -1 -1 -1 0 
27 7 562 635 712 79 -1 -1 -1 0 
27 10 687 344 37 33 -1 -1 -1 0 
28 1 646 344 23 19 -1 -1 -1 0 
28 2 708 320 28 33 -1 -1 -1 0 
28 7 562 635 712 79 -1 -1 -1 0 
28 10 687 344 37 33 -1 -1 -1 0 
29 1 646 344 24 18 -1 -1 -1 0 
29 2 707 319 30 34 -1 -1 -1 0 
29 7 558 635 718 80 -1 -1 -1 0 
29 10 686 344 38 33 -1 -1 -1 0 
30 1 646 344 24 18 -1 -1 -1 0 
30 2 707 319 30 34 -1 -1 -1 0 
30 7 563 634 710 80 -1 -1 -1 0 
30 10 686 343 39 34 -1 -1 -1 0 
31 1 647 342 23 19 -1 -1 -1 0 
31 2 706 318 31 34 -1 -1 -1 0 
31 7 563 634 710 81 -1 -1 -1 0 
31 10 686 343 39 34 -1 -1 -1 0 
32 1 647 342 23 19 -1 -1 -1 0 
32 2 707 318 29 34 -1 -1 -1 0 
32 7 559 634 716 80 -1 -1 -1 0 
32 10 685 343 40 33 -1 -1 -1 0 
33 1 647 342 24 19 -1 -1 -1 0 
33 2 706 317 30 35 -1 -1 -1 0 
33 7 558 633 717 82 -1 -1 -1 0 
33 10 685 343 40 34 -1 -1 -1 0 
34 1 648 342 23 19 -1 -1 -1 0 
34 2 706 319 31 34 -1 -1 -1 0 
34 7 559 634 716 81 -1 -1 -1 0 
34 10 686 343 38 35 -1 -1 -1 0 
35 1 648 341 22 21 -1 -1 -1 0 
35 2 706 319 31 34 -1 -1 -1 0 
35 7 559 634 717 81 -1 -1 -1 0 
35 10 686 343 39 36 -1 -1 -1 0 
36 1 648 340 23 22 -1 -1 -1 0 
36 2 706 319 31 34 -1 -1 -1 0 
36 7 557 634 719 81 -1 -1 -1 0 
36 10 685 343 41 35 -1 -1 -1 0 
37 1 648 340 23 22 -1 -1 -1 0 
37 2 708 319 29 34 -1 -1 -1 0 
37 7 557 634 719 81 -1 -1 -1 0 
37 10 686 343 39 36 -1 -1 -1 0 
38 1 648 339 24 22 -1 -1 -1 0 
38 2 708 319 29 34 -1 -1 -1 0 
38 7 563 634 714 80 -1 -1 -1 0 
38 10 685 343 41 36 -1 -1 -1 0 
39 1 649 339 24 22 -1 -1 -1 0 
39 2 709 319 28 33 -1 -1 -1 0 
39 7 559 634 718 80 -1 -1 -1 0 
39 10 686 343 39 36 -1 -1 -1 0 
39 14 460 345 26 15 -1 -1 -1 0 
40 1 649 342 24 20 -1 -1 -1 0 
40 2 709 319 29 33 -1 -1 -1 0 
40 7 561 635 714 78 -1 -1 -1 0 
40 10 686 344 39 37 -1 -1 -1 0 
40 14 450 346 27 16 -1 -1 -1 0 
