3 1 563 303 70 82 -1 -1 -1 0 
3 2 768 345 72 47 -1 -1 -1 0 
3 3 668 311 35 54 -1 -1 -1 0 
3 4 232 360 70 34 -1 -1 -1 0 
3 5 559 635 717 80 -1 -1 -1 0 
4 1 564 305 71 80 -1 -1 -1 0 
4 2 768 345 72 47 -1 -1 -1 0 
4 3 667 311 37 54 -1 -1 -1 0 
4 4 198 362 77 34 -1 -1 -1 0 
4 5 558 634 718 80 -1 -1 -1 0 
5 1 566 306 68 78 -1 -1 -1 0 
5 2 768 345 72 47 -1 -1 -1 0 
5 3 667 312 36 54 -1 -1 -1 0 
5 4 156 363 89 34 -1 -1 -1 0 
5 5 556 634 721 81 -1 -1 -1 0 
6 1 567 306 68 78 -1 -1 -1 0 
6 2 767 345 73 47 -1 -1 -1 0 
6 3 667 312 36 54 -1 -1 -1 0 
6 4 107 365 103 36 -1 -1 -1 0 
6 5 558 634 719 81 -1 -1 -1 0 
7 1 567 306 69 78 -1 -1 -1 0 
7 2 767 345 74 47 -1 -1 -1 0 
7 3 667 312 37 54 -1 -1 -1 0 
7 4 47 367 122 38 -1 -1 -1 0 
7 5 558 634 719 82 -1 -1 -1 0 
8 1 569 307 66 76 -1 -1 -1 0 
8 2 767 345 73 47 -1 -1 -1 0 
8 3 667 312 37 54 -1 -1 -1 0 
8 4 2 370 112 41 -1 -1 -1 0 
8 5 559 634 718 82 -1 -1 -1 0 
8 7 356 358 39 23 -1 -1 -1 0 
9 1 570 308 66 75 -1 -1 -1 0 
9 2 767 345 73 47 -1 -1 -1 0 
9 3 666 313 38 53 -1 -1 -1 0 
9 4 0 373 51 41 -1 -1 -1 0 
9 5 560 634 717 82 -1 -1 -1 0 
9 7 338 360 42 22 -1 -1 -1 0 
9 8 496 353 20 11 -1 -1 -1 0 
10 1 572 308 64 75 -1 -1 -1 0 
10 2 766 345 75 48 -1 -1 -1 0 
10 3 667 313 36 53 -1 -1 -1 0 
10 4 0 375 13 41 -1 -1 -1 0 
10 5 560 634 717 82 -1 -1 -1 0 
10 7 320 360 44 26 -1 -1 -1 0 
10 8 490 352 21 13 -1 -1 -1 0 
11 1 573 308 64 75 -1 -1 -1 0 
11 2 765 345 76 48 -1 -1 -1 0 
11 3 666 313 37 54 -1 -1 -1 0 
11 5 558 634 719 82 -1 -1 -1 0 
11 7 297 363 53 25 -1 -1 -1 0 
11 8 484 352 23 14 -1 -1 -1 0 
12 1 573 309 64 74 -1 -1 -1 0 
12 2 765 345 75 48 -1 -1 -1 0 
12 3 666 313 37 54 -1 -1 -1 0 
12 5 557 634 721 81 -1 -1 -1 0 
12 7 275 363 54 26 -1 -1 -1 0 
12 8 478 352 24 14 -1 -1 -1 0 
13 1 575 309 61 74 -1 -1 -1 0 
13 2 766 346 74 48 -1 -1 -1 0 
13 3 666 314 37 54 -1 -1 -1 0 
13 5 561 634 713 81 -1 -1 -1 0 
13 7 249 364 59 25 -1 -1 -1 0 
13 8 470 353 27 14 -1 -1 -1 0 
14 1 575 310 63 73 -1 -1 -1 0 
14 2 765 346 75 49 -1 -1 -1 0 
14 3 667 315 35 53 -1 -1 -1 0 
14 5 558 634 719 81 -1 -1 -1 0 
14 7 220 366 63 27 -1 -1 -1 0 
14 8 464 353 27 15 -1 -1 -1 0 
15 1 576 310 62 73 -1 -1 -1 0 
15 2 764 347 76 48 -1 -1 -1 0 
15 3 666 315 37 53 -1 -1 -1 0 
15 5 556 634 723 81 -1 -1 -1 0 
15 7 190 367 67 26 -1 -1 -1 0 
15 8 456 354 28 14 -1 -1 -1 0 
16 1 578 311 60 72 -1 -1 -1 0 
16 2 765 347 74 48 -1 -1 -1 0 
16 3 667 315 35 53 -1 -1 -1 0 
16 5 559 634 717 81 -1 -1 -1 0 
16 7 155 369 69 27 -1 -1 -1 0 
16 8 449 354 27 14 -1 -1 -1 0 
17 1 579 311 59 72 -1 -1 -1 0 
17 2 764 347 74 48 -1 -1 -1 0 
17 3 666 314 37 54 -1 -1 -1 0 
17 5 559 634 717 81 -1 -1 -1 0 
17 7 116 370 71 30 -1 -1 -1 0 
17 8 440 354 29 15 -1 -1 -1 0 
18 1 580 311 59 71 -1 -1 -1 0 
18 2 764 346 74 48 -1 -1 -1 0 
18 3 666 313 37 54 -1 -1 -1 0 
18 5 559 634 719 81 -1 -1 -1 0 
18 7 49 372 97 31 -1 -1 -1 0 
18 8 430 354 32 16 -1 -1 -1 0 
19 1 581 311 59 71 -1 -1 -1 0 
19 2 765 346 73 48 -1 -1 -1 0 
19 3 665 313 38 54 -1 -1 -1 0 
19 5 562 635 717 79 -1 -1 -1 0 
19 7 3 375 85 33 -1 -1 -1 0 
19 8 421 354 33 16 -1 -1 -1 0 
20 1 581 311 59 69 -1 -1 -1 0 
20 2 764 345 74 49 -1 -1 -1 0 
20 3 665 313 37 53 -1 -1 -1 0 
20 5 563 635 713 79 -1 -1 -1 0 
20 7 0 376 51 34 -1 -1 -1 0 
20 8 411 354 34 17 -1 -1 -1 0 
21 1 582 311 58 69 -1 -1 -1 0 
21 2 764 345 75 48 -1 -1 -1 0 
21 3 665 313 37 53 -1 -1 -1 0 
21 5 562 635 714 78 -1 -1 -1 0 
21 8 399 356 35 16 -1 -1 -1 0 
22 1 584 311 56 68 -1 -1 -1 0 
22 2 764 345 75 48 -1 -1 -1 0 
22 3 665 313 37 53 -1 -1 -1 0 
22 5 562 635 713 79 -1 -1 -1 0 
22 8 385 356 41 17 -1 -1 -1 0 
23 1 585 311 55 68 -1 -1 -1 0 
23 2 764 344 75 49 -1 -1 -1 0 
23 3 665 313 37 52 -1 -1 -1 0 
23 5 562 635 714 79 -1 -1 -1 0 
23 8 376 357 43 17 -1 -1 -1 0 
23 11 138 338 131 56 -1 -1 -1 0 
24 1 586 311 55 68 -1 -1 -1 0 
24 2 763 344 76 48 -1 -1 -1 0 
24 3 665 312 37 53 -1 -1 -1 0 
24 5 559 634 720 80 -1 -1 -1 0 
24 11 101 339 144 59 -1 -1 -1 0 
25 1 586 312 55 67 -1 -1 -1 0 
25 2 764 345 74 48 -1 -1 -1 0 
25 3 667 312 35 54 -1 -1 -1 0 
25 5 564 634 712 80 -1 -1 -1 0 
25 8 340 356 46 23 -1 -1 -1 0 
25 11 53 338 172 64 -1 -1 -1 0 
26 1 586 313 56 65 -1 -1 -1 0 
26 2 765 345 73 48 -1 -1 -1 0 
26 3 666 312 37 54 -1 -1 -1 0 
26 5 558 634 721 80 -1 -1 -1 0 
26 8 320 358 52 23 -1 -1 -1 0 
26 11 3 338 197 67 -1 -1 -1 0 
27 1 588 314 54 64 -1 -1 -1 0 
27 2 764 345 73 48 -1 -1 -1 0 
27 3 667 312 36 54 -1 -1 -1 0 
27 5 557 634 722 80 -1 -1 -1 0 
27 8 301 359 55 23 -1 -1 -1 0 
27 11 0 338 150 71 -1 -1 -1 0 
28 1 588 314 54 64 -1 -1 -1 0 
28 2 764 346 74 48 -1 -1 -1 0 
28 3 667 312 36 55 -1 -1 -1 0 
28 5 561 634 715 80 -1 -1 -1 0 
28 8 279 359 56 26 -1 -1 -1 0 
28 11 0 337 114 71 -1 -1 -1 0 
29 1 589 314 54 63 -1 -1 -1 0 
29 2 764 346 73 48 -1 -1 -1 0 
29 3 667 312 36 55 -1 -1 -1 0 
29 5 561 634 715 80 -1 -1 -1 0 
29 8 253 358 61 29 -1 -1 -1 0 
29 11 0 336 83 74 -1 -1 -1 0 
30 1 591 314 52 63 -1 -1 -1 0 
30 2 764 346 73 48 -1 -1 -1 0 
30 3 666 312 37 55 -1 -1 -1 0 
30 5 563 634 712 80 -1 -1 -1 0 
30 8 222 357 69 34 -1 -1 -1 0 
30 11 0 336 60 76 -1 -1 -1 0 
31 1 592 314 51 63 -1 -1 -1 0 
31 2 764 346 74 48 -1 -1 -1 0 
31 3 667 312 36 55 -1 -1 -1 0 
31 5 559 635 720 79 -1 -1 -1 0 
31 8 184 359 85 36 -1 -1 -1 0 
32 1 592 315 53 62 -1 -1 -1 0 
32 2 764 346 73 48 -1 -1 -1 0 
32 3 666 312 37 55 -1 -1 -1 0 
32 5 562 634 713 80 -1 -1 -1 0 
32 8 142 361 92 38 -1 -1 -1 0 
33 1 593 315 53 62 -1 -1 -1 0 
33 2 764 347 73 48 -1 -1 -1 0 
33 3 666 313 37 54 -1 -1 -1 0 
33 5 561 634 715 81 -1 -1 -1 0 
33 8 89 362 108 41 -1 -1 -1 0 
34 1 594 316 52 61 -1 -1 -1 0 
34 2 764 347 74 48 -1 -1 -1 0 
34 3 665 313 38 54 -1 -1 -1 0 
34 5 558 634 720 81 -1 -1 -1 0 
34 8 21 363 128 46 -1 -1 -1 0 
35 1 595 316 52 61 -1 -1 -1 0 
35 2 764 347 74 48 -1 -1 -1 0 
35 3 665 313 37 55 -1 -1 -1 0 
35 5 560 634 717 81 -1 -1 -1 0 
35 8 0 364 92 49 -1 -1 -1 0 
36 1 595 317 52 60 -1 -1 -1 0 
36 2 764 348 73 47 -1 -1 -1 0 
36 3 665 313 37 54 -1 -1 -1 0 
36 5 559 634 718 81 -1 -1 -1 0 
36 8 0 365 58 50 -1 -1 -1 0 
36 12 431 353 30 16 -1 -1 -1 0 
37 1 595 317 52 59 -1 -1 -1 0 
37 2 765 347 72 48 -1 -1 -1 0 
37 3 665 313 37 54 -1 -1 -1 0 
37 5 563 634 711 81 -1 -1 -1 0 
37 12 424 353 31 16 -1 -1 -1 0 
38 1 596 318 51 58 -1 -1 -1 0 
38 2 765 347 72 48 -1 -1 -1 0 
38 3 665 313 37 54 -1 -1 -1 0 
38 5 557 634 721 81 -1 -1 -1 0 
38 12 419 352 32 17 -1 -1 -1 0 
38 13 0 483 159 231 -1 -1 -1 0 
39 1 597 317 49 58 -1 -1 -1 0 
39 2 765 347 73 47 -1 -1 -1 0 
39 3 666 313 36 53 -1 -1 -1 0 
39 5 556 634 721 81 -1 -1 -1 0 
39 12 408 352 31 18 -1 -1 -1 0 
39 13 0 470 188 244 -1 -1 -1 0 
40 1 598 317 48 58 -1 -1 -1 0 
40 2 765 347 73 47 -1 -1 -1 0 
40 3 667 312 35 54 -1 -1 -1 0 
40 5 554 634 724 81 -1 -1 -1 0 
40 12 397 353 36 19 -1 -1 -1 0 
40 13 0 462 214 252 -1 -1 -1 0 
