3 1 587 346 51 39 -1 -1 -1 0 
3 2 679 345 47 37 -1 -1 -1 0 
3 3 320 345 57 24 -1 -1 -1 0 
3 4 77 346 104 38 -1 -1 -1 0 
3 5 774 337 29 20 -1 -1 -1 0 
3 6 799 336 26 19 -1 -1 -1 0 
4 1 587 345 51 39 -1 -1 -1 0 
4 2 680 345 45 37 -1 -1 -1 0 
4 3 336 345 32 21 -1 -1 -1 0 
4 4 10 346 126 42 -1 -1 -1 0 
4 5 777 337 28 20 -1 -1 -1 0 
4 6 800 336 26 19 -1 -1 -1 0 
5 1 588 345 50 39 -1 -1 -1 0 
5 2 680 346 46 35 -1 -1 -1 0 
5 3 321 345 41 20 -1 -1 -1 0 
5 4 0 347 78 43 -1 -1 -1 0 
5 5 779 337 31 20 -1 -1 -1 0 
6 1 589 345 50 39 -1 -1 -1 0 
6 2 681 344 45 37 -1 -1 -1 0 
6 3 304 346 43 18 -1 -1 -1 0 
6 4 0 348 43 45 -1 -1 -1 0 
6 5 781 337 31 20 -1 -1 -1 0 
6 6 511 336 19 17 -1 -1 -1 0 
7 1 589 345 51 39 -1 -1 -1 0 
7 2 681 344 46 37 -1 -1 -1 0 
7 3 285 348 46 18 -1 -1 -1 0 
7 5 784 337 35 20 -1 -1 -1 0 
7 6 449 337 19 15 -1 -1 -1 0 
7 13 130 351 82 33 -1 -1 -1 0 
8 1 589 346 51 38 -1 -1 -1 0 
8 2 682 345 45 36 -1 -1 -1 0 
8 3 264 349 49 20 -1 -1 -1 0 
8 5 788 337 34 22 -1 -1 -1 0 
8 6 474 338 21 17 -1 -1 -1 0 
8 13 108 352 80 32 -1 -1 -1 0 
9 1 590 346 51 38 -1 -1 -1 0 
9 2 682 345 45 37 -1 -1 -1 0 
9 3 239 350 55 21 -1 -1 -1 0 
9 5 791 337 32 22 -1 -1 -1 0 
9 6 432 339 20 16 -1 -1 -1 0 
10 1 591 347 51 37 -1 -1 -1 0 
10 2 682 346 47 36 -1 -1 -1 0 
10 3 210 350 62 24 -1 -1 -1 0 
10 5 794 337 34 23 -1 -1 -1 0 
10 6 461 339 23 18 -1 -1 -1 0 
10 16 826 335 30 23 -1 -1 -1 0 
11 1 592 346 50 37 -1 -1 -1 0 
11 2 683 345 45 37 -1 -1 -1 0 
11 3 193 351 63 24 -1 -1 -1 0 
11 5 800 336 37 24 -1 -1 -1 0 
11 6 434 340 22 17 -1 -1 -1 0 
11 16 834 335 27 21 -1 -1 -1 0 
12 1 593 346 49 37 -1 -1 -1 0 
12 2 683 345 46 37 -1 -1 -1 0 
12 3 141 352 77 27 -1 -1 -1 0 
12 5 805 336 37 24 -1 -1 -1 0 
12 16 837 335 31 22 -1 -1 -1 0 
13 1 593 346 50 37 -1 -1 -1 0 
13 2 683 345 46 37 -1 -1 -1 0 
13 3 94 353 90 28 -1 -1 -1 0 
13 5 808 336 37 25 -1 -1 -1 0 
13 16 842 334 30 23 -1 -1 -1 0 
14 1 593 346 50 37 -1 -1 -1 0 
14 2 683 345 47 37 -1 -1 -1 0 
14 3 38 354 106 30 -1 -1 -1 0 
14 5 814 336 39 25 -1 -1 -1 0 
14 16 850 335 28 22 -1 -1 -1 0 
15 1 594 346 49 37 -1 -1 -1 0 
15 2 684 345 45 37 -1 -1 -1 0 
15 3 2 355 90 33 -1 -1 -1 0 
15 5 822 335 38 26 -1 -1 -1 0 
15 6 441 337 26 22 -1 -1 -1 0 
15 16 856 335 29 23 -1 -1 -1 0 
16 1 595 345 48 37 -1 -1 -1 0 
16 2 682 344 49 37 -1 -1 -1 0 
16 3 0 353 32 34 -1 -1 -1 0 
16 5 823 335 36 27 -1 -1 -1 0 
16 6 436 336 26 23 -1 -1 -1 0 
16 16 861 335 29 23 -1 -1 -1 0 
17 1 595 345 48 37 -1 -1 -1 0 
17 2 683 344 48 37 -1 -1 -1 0 
17 3 0 353 -3 36 -1 -1 -1 0 
17 5 823 336 44 27 -1 -1 -1 0 
17 6 425 336 26 23 -1 -1 -1 0 
18 1 596 345 48 37 -1 -1 -1 0 
18 2 684 344 47 37 -1 -1 -1 0 
18 5 829 336 47 28 -1 -1 -1 0 
18 16 876 335 28 24 -1 -1 -1 0 
19 1 597 345 46 37 -1 -1 -1 0 
19 2 684 345 47 37 -1 -1 -1 0 
19 5 833 336 50 29 -1 -1 -1 0 
19 16 881 334 28 26 -1 -1 -1 0 
20 1 597 345 47 37 -1 -1 -1 0 
20 2 685 345 47 37 -1 -1 -1 0 
20 5 841 335 51 31 -1 -1 -1 0 
21 1 598 345 47 37 -1 -1 -1 0 
21 2 684 345 48 37 -1 -1 -1 0 
21 5 845 335 55 32 -1 -1 -1 0 
22 1 598 345 47 37 -1 -1 -1 0 
22 2 684 345 49 37 -1 -1 -1 0 
22 5 851 334 57 34 -1 -1 -1 0 
22 6 389 335 39 28 -1 -1 -1 0 
23 1 599 345 46 37 -1 -1 -1 0 
23 2 686 345 46 37 -1 -1 -1 0 
23 5 857 334 59 34 -1 -1 -1 0 
23 6 380 334 40 30 -1 -1 -1 0 
24 1 599 345 47 36 -1 -1 -1 0 
24 2 686 345 47 37 -1 -1 -1 0 
24 5 861 333 62 36 -1 -1 -1 0 
24 6 368 334 45 31 -1 -1 -1 0 
25 1 600 345 45 37 -1 -1 -1 0 
25 2 685 345 48 37 -1 -1 -1 0 
25 5 867 332 76 39 -1 -1 -1 0 
25 6 356 334 48 32 -1 -1 -1 0 
26 1 600 345 47 37 -1 -1 -1 0 
26 2 685 345 49 37 -1 -1 -1 0 
26 5 872 332 79 40 -1 -1 -1 0 
26 6 345 334 48 33 -1 -1 -1 0 
26 16 474 344 24 17 -1 -1 -1 0 
27 1 600 345 46 36 -1 -1 -1 0 
27 2 686 345 48 36 -1 -1 -1 0 
27 5 884 331 82 44 -1 -1 -1 0 
27 6 330 333 51 34 -1 -1 -1 0 
27 16 444 345 27 16 -1 -1 -1 0 
28 1 601 345 44 36 -1 -1 -1 0 
28 2 685 346 48 36 -1 -1 -1 0 
28 5 895 330 85 46 -1 -1 -1 0 
28 6 312 333 57 36 -1 -1 -1 0 
28 16 430 345 27 16 -1 -1 -1 0 
29 1 601 344 45 37 -1 -1 -1 0 
29 2 685 345 47 37 -1 -1 -1 0 
29 5 903 329 98 49 -1 -1 -1 0 
29 6 295 332 60 38 -1 -1 -1 0 
29 16 419 345 30 17 -1 -1 -1 0 
29 20 523 341 17 13 -1 -1 -1 0 
30 1 599 344 46 37 -1 -1 -1 0 
30 2 685 345 47 37 -1 -1 -1 0 
30 5 911 330 116 51 -1 -1 -1 0 
30 6 274 332 64 39 -1 -1 -1 0 
30 16 409 345 31 17 -1 -1 -1 0 
30 20 517 342 20 12 -1 -1 -1 0 
31 1 598 344 46 36 -1 -1 -1 0 
31 2 683 345 48 37 -1 -1 -1 0 
31 5 924 330 114 53 -1 -1 -1 0 
31 6 250 332 70 40 -1 -1 -1 0 
31 16 399 346 29 17 -1 -1 -1 0 
31 20 512 342 19 13 -1 -1 -1 0 
32 1 598 344 45 36 -1 -1 -1 0 
32 2 682 345 47 38 -1 -1 -1 0 
32 5 934 330 127 55 -1 -1 -1 0 
32 6 223 332 77 42 -1 -1 -1 0 
32 16 385 346 34 18 -1 -1 -1 0 
32 20 504 342 25 14 -1 -1 -1 0 
32 22 473 344 17 11 -1 -1 -1 0 
33 1 597 344 45 36 -1 -1 -1 0 
33 2 681 345 48 38 -1 -1 -1 0 
33 5 948 330 133 58 -1 -1 -1 0 
33 6 193 332 85 44 -1 -1 -1 0 
33 16 371 346 36 19 -1 -1 -1 0 
33 20 498 342 24 14 -1 -1 -1 0 
33 22 466 344 20 11 -1 -1 -1 0 
34 1 597 344 45 36 -1 -1 -1 0 
34 2 680 345 48 38 -1 -1 -1 0 
34 5 962 329 141 62 -1 -1 -1 0 
34 6 158 331 93 48 -1 -1 -1 0 
34 16 355 346 40 21 -1 -1 -1 0 
34 20 490 342 26 15 -1 -1 -1 0 
34 22 460 345 21 11 -1 -1 -1 0 
35 1 596 344 45 36 -1 -1 -1 0 
35 2 679 345 48 37 -1 -1 -1 0 
35 5 976 328 153 66 -1 -1 -1 0 
35 6 115 330 108 51 -1 -1 -1 0 
35 16 336 347 45 21 -1 -1 -1 0 
35 20 481 342 29 15 -1 -1 -1 0 
35 22 455 344 22 13 -1 -1 -1 0 
36 1 596 344 44 36 -1 -1 -1 0 
36 2 678 345 49 37 -1 -1 -1 0 
36 5 993 326 169 71 -1 -1 -1 0 
36 6 65 330 126 56 -1 -1 -1 0 
36 16 316 345 48 25 -1 -1 -1 0 
36 20 473 342 32 16 -1 -1 -1 0 
36 22 450 344 22 13 -1 -1 -1 0 
37 1 594 345 46 34 -1 -1 -1 0 
37 2 677 345 49 37 -1 -1 -1 0 
37 5 1012 324 191 77 -1 -1 -1 0 
37 6 7 329 145 60 -1 -1 -1 0 
37 16 293 344 52 28 -1 -1 -1 0 
37 20 466 342 34 16 -1 -1 -1 0 
37 22 445 344 22 14 -1 -1 -1 0 
38 1 594 345 45 34 -1 -1 -1 0 
38 2 676 345 50 36 -1 -1 -1 0 
38 5 1032 323 220 84 -1 -1 -1 0 
38 6 0 326 103 65 -1 -1 -1 0 
38 16 266 346 62 29 -1 -1 -1 0 
38 20 444 342 35 17 -1 -1 -1 0 
39 1 595 345 44 34 -1 -1 -1 0 
39 2 677 345 47 36 -1 -1 -1 0 
39 5 1067 322 205 89 -1 -1 -1 0 
39 6 0 325 47 67 -1 -1 -1 0 
39 16 236 345 69 32 -1 -1 -1 0 
39 20 432 341 36 19 -1 -1 -1 0 
39 22 458 344 28 15 -1 -1 -1 0 
40 1 594 345 44 34 -1 -1 -1 0 
40 2 676 345 47 36 -1 -1 -1 0 
40 5 1105 321 171 96 -1 -1 -1 0 
40 6 0 324 14 70 -1 -1 -1 0 
40 16 196 349 85 31 -1 -1 -1 0 
40 20 422 341 33 21 -1 -1 -1 0 
40 22 456 344 29 16 -1 -1 -1 0 
