3 1 104 337 410 212 -1 -1 -1 0 
3 2 670 321 44 50 -1 -1 -1 0 
3 3 554 636 724 79 -1 -1 -1 0 
3 4 5 355 120 52 -1 -1 -1 0 
3 5 719 342 28 22 -1 -1 -1 0 
4 1 116 337 396 212 -1 -1 -1 0 
4 2 669 321 45 50 -1 -1 -1 0 
4 3 558 636 717 79 -1 -1 -1 0 
4 4 0 357 43 53 -1 -1 -1 0 
4 5 720 341 26 22 -1 -1 -1 0 
5 1 123 337 391 208 -1 -1 -1 0 
5 2 670 321 43 50 -1 -1 -1 0 
5 3 558 636 719 79 -1 -1 -1 0 
5 4 0 358 4 55 -1 -1 -1 0 
5 5 719 343 27 20 -1 -1 -1 0 
6 1 131 338 384 204 -1 -1 -1 0 
6 2 669 321 45 50 -1 -1 -1 0 
6 3 561 636 710 81 -1 -1 -1 0 
6 5 719 343 27 20 -1 -1 -1 0 
7 1 139 338 374 202 -1 -1 -1 0 
7 2 669 321 45 50 -1 -1 -1 0 
7 3 546 637 733 79 -1 -1 -1 0 
7 5 721 343 24 20 -1 -1 -1 0 
8 1 145 338 370 200 -1 -1 -1 0 
8 2 670 321 44 50 -1 -1 -1 0 
8 3 557 637 718 79 -1 -1 -1 0 
8 5 721 344 24 19 -1 -1 -1 0 
9 1 152 338 362 199 -1 -1 -1 0 
9 2 669 320 45 51 -1 -1 -1 0 
9 3 557 637 719 79 -1 -1 -1 0 
9 5 720 344 26 19 -1 -1 -1 0 
10 1 158 338 358 197 -1 -1 -1 0 
10 2 670 320 44 51 -1 -1 -1 0 
10 3 554 637 723 78 -1 -1 -1 0 
10 5 721 344 25 20 -1 -1 -1 0 
11 1 164 338 353 193 -1 -1 -1 0 
11 2 669 320 45 52 -1 -1 -1 0 
11 3 559 637 715 78 -1 -1 -1 0 
11 5 720 344 26 20 -1 -1 -1 0 
12 1 171 339 347 189 -1 -1 -1 0 
12 2 669 320 45 52 -1 -1 -1 0 
12 3 560 637 716 78 -1 -1 -1 0 
12 5 720 345 25 19 -1 -1 -1 0 
12 8 86 364 128 35 -1 -1 -1 0 
13 1 178 338 339 188 -1 -1 -1 0 
13 2 669 320 44 51 -1 -1 -1 0 
13 3 559 637 717 78 -1 -1 -1 0 
13 5 720 345 26 18 -1 -1 -1 0 
13 8 7 366 150 40 -1 -1 -1 0 
14 1 184 338 334 187 -1 -1 -1 0 
14 2 668 320 45 51 -1 -1 -1 0 
14 3 562 637 712 79 -1 -1 -1 0 
14 5 720 344 25 19 -1 -1 -1 0 
14 8 0 370 92 37 -1 -1 -1 0 
15 1 189 337 331 184 -1 -1 -1 0 
15 2 668 320 45 51 -1 -1 -1 0 
15 3 559 636 717 80 -1 -1 -1 0 
15 5 720 343 25 20 -1 -1 -1 0 
15 8 0 371 51 38 -1 -1 -1 0 
16 1 196 337 324 181 -1 -1 -1 0 
16 2 668 319 45 51 -1 -1 -1 0 
16 3 556 636 723 79 -1 -1 -1 0 
16 5 720 342 25 21 -1 -1 -1 0 
17 1 201 336 321 178 -1 -1 -1 0 
17 2 668 319 46 51 -1 -1 -1 0 
17 3 560 636 716 79 -1 -1 -1 0 
17 5 720 342 25 20 -1 -1 -1 0 
18 1 207 335 316 176 -1 -1 -1 0 
18 2 668 318 46 51 -1 -1 -1 0 
18 3 558 636 720 79 -1 -1 -1 0 
18 5 720 342 25 20 -1 -1 -1 0 
19 1 213 335 310 174 -1 -1 -1 0 
19 2 668 318 47 52 -1 -1 -1 0 
19 3 558 637 719 77 -1 -1 -1 0 
19 5 720 342 25 20 -1 -1 -1 0 
19 9 188 358 102 27 -1 -1 -1 0 
20 1 218 334 306 173 -1 -1 -1 0 
20 2 669 318 46 52 -1 -1 -1 0 
20 3 558 637 716 78 -1 -1 -1 0 
20 5 719 342 27 20 -1 -1 -1 0 
20 9 122 360 123 31 -1 -1 -1 0 
21 1 223 334 302 172 -1 -1 -1 0 
21 2 668 319 49 52 -1 -1 -1 0 
21 3 563 637 710 78 -1 -1 -1 0 
21 5 720 342 25 21 -1 -1 -1 0 
21 9 31 362 160 36 -1 -1 -1 0 
22 1 228 335 299 169 -1 -1 -1 0 
22 2 669 319 47 52 -1 -1 -1 0 
22 3 561 637 713 78 -1 -1 -1 0 
22 5 719 342 27 21 -1 -1 -1 0 
22 9 0 365 120 34 -1 -1 -1 0 
23 1 234 335 293 167 -1 -1 -1 0 
23 2 669 319 47 52 -1 -1 -1 0 
23 3 558 637 719 78 -1 -1 -1 0 
23 5 719 342 27 21 -1 -1 -1 0 
23 9 0 366 74 36 -1 -1 -1 0 
24 1 240 336 289 165 -1 -1 -1 0 
24 2 668 319 47 53 -1 -1 -1 0 
24 3 561 637 713 79 -1 -1 -1 0 
24 5 719 344 27 20 -1 -1 -1 0 
25 1 245 336 285 163 -1 -1 -1 0 
25 2 668 319 48 53 -1 -1 -1 0 
25 3 561 637 715 79 -1 -1 -1 0 
25 5 720 342 24 21 -1 -1 -1 0 
26 1 249 336 283 161 -1 -1 -1 0 
26 2 669 318 46 53 -1 -1 -1 0 
26 3 561 636 715 79 -1 -1 -1 0 
26 5 719 342 26 21 -1 -1 -1 0 
27 1 255 335 276 161 -1 -1 -1 0 
27 2 668 318 48 53 -1 -1 -1 0 
27 3 560 636 716 79 -1 -1 -1 0 
27 5 719 342 25 21 -1 -1 -1 0 
28 1 259 335 275 159 -1 -1 -1 0 
28 2 667 317 49 54 -1 -1 -1 0 
28 3 558 637 719 78 -1 -1 -1 0 
28 5 719 341 25 21 -1 -1 -1 0 
29 1 264 335 271 157 -1 -1 -1 0 
29 2 668 317 47 53 -1 -1 -1 0 
29 3 561 636 712 79 -1 -1 -1 0 
29 5 717 341 27 21 -1 -1 -1 0 
30 1 269 337 266 154 -1 -1 -1 0 
30 2 668 318 47 53 -1 -1 -1 0 
30 3 557 637 721 78 -1 -1 -1 0 
30 5 718 341 25 21 -1 -1 -1 0 
30 10 187 361 59 27 -1 -1 -1 0 
31 1 275 337 259 154 -1 -1 -1 0 
31 2 668 318 48 53 -1 -1 -1 0 
31 3 559 637 716 79 -1 -1 -1 0 
31 5 718 341 25 21 -1 -1 -1 0 
31 10 151 363 68 28 -1 -1 -1 0 
32 1 278 337 258 153 -1 -1 -1 0 
32 2 668 318 48 53 -1 -1 -1 0 
32 3 561 636 713 80 -1 -1 -1 0 
32 5 718 341 25 21 -1 -1 -1 0 
32 10 111 365 76 29 -1 -1 -1 0 
33 1 282 337 256 152 -1 -1 -1 0 
33 2 668 318 47 54 -1 -1 -1 0 
33 3 561 636 715 80 -1 -1 -1 0 
33 5 718 343 26 21 -1 -1 -1 0 
33 10 64 367 85 32 -1 -1 -1 0 
34 1 285 337 255 151 -1 -1 -1 0 
34 2 667 319 49 53 -1 -1 -1 0 
34 3 563 636 713 80 -1 -1 -1 0 
34 5 718 342 26 22 -1 -1 -1 0 
34 10 3 369 106 34 -1 -1 -1 0 
35 1 290 338 251 149 -1 -1 -1 0 
35 2 668 319 47 54 -1 -1 -1 0 
35 3 562 636 713 80 -1 -1 -1 0 
35 5 718 342 26 22 -1 -1 -1 0 
35 10 0 371 54 34 -1 -1 -1 0 
35 11 270 349 91 32 -1 -1 -1 0 
36 1 294 337 248 146 -1 -1 -1 0 
36 2 668 319 47 53 -1 -1 -1 0 
36 3 559 636 718 80 -1 -1 -1 0 
36 5 718 342 26 21 -1 -1 -1 0 
36 10 0 373 21 35 -1 -1 -1 0 
36 11 227 350 100 33 -1 -1 -1 0 
37 1 297 337 245 146 -1 -1 -1 0 
37 2 668 319 46 53 -1 -1 -1 0 
37 3 560 636 717 80 -1 -1 -1 0 
37 5 720 343 23 20 -1 -1 -1 0 
37 11 172 351 102 36 -1 -1 -1 0 
37 12 77 357 82 36 -1 -1 -1 0 
38 1 303 337 238 146 -1 -1 -1 0 
38 2 668 319 46 53 -1 -1 -1 0 
38 3 560 636 717 80 -1 -1 -1 0 
38 5 720 343 23 20 -1 -1 -1 0 
38 11 138 352 106 36 -1 -1 -1 0 
38 12 26 358 92 37 -1 -1 -1 0 
39 1 308 338 234 145 -1 -1 -1 0 
39 2 669 318 45 54 -1 -1 -1 0 
39 3 560 636 715 80 -1 -1 -1 0 
39 5 720 343 23 20 -1 -1 -1 0 
39 12 0 359 89 38 -1 -1 -1 0 
40 1 313 338 229 144 -1 -1 -1 0 
40 2 668 318 47 54 -1 -1 -1 0 
40 3 557 636 720 80 -1 -1 -1 0 
40 5 720 342 24 20 -1 -1 -1 0 
40 11 2 355 107 44 -1 -1 -1 0 
