3 1 248 360 176 83 -1 -1 -1 0 
3 2 671 341 35 31 -1 -1 -1 0 
3 3 627 344 20 18 -1 -1 -1 0 
4 1 256 360 171 81 -1 -1 -1 0 
4 2 670 341 37 31 -1 -1 -1 0 
4 3 626 343 20 18 -1 -1 -1 0 
5 1 264 360 166 80 -1 -1 -1 0 
5 2 669 341 37 32 -1 -1 -1 0 
5 3 625 344 22 17 -1 -1 -1 0 
6 1 272 360 162 78 -1 -1 -1 0 
6 2 669 341 36 31 -1 -1 -1 0 
6 3 626 344 19 17 -1 -1 -1 0 
7 1 277 360 161 75 -1 -1 -1 0 
7 2 668 341 36 31 -1 -1 -1 0 
7 3 626 344 18 18 -1 -1 -1 0 
8 1 286 359 154 74 -1 -1 -1 0 
8 2 668 341 36 31 -1 -1 -1 0 
8 3 625 343 19 19 -1 -1 -1 0 
9 1 292 359 152 73 -1 -1 -1 0 
9 2 669 342 33 31 -1 -1 -1 0 
9 3 625 343 18 19 -1 -1 -1 0 
10 1 299 359 148 72 -1 -1 -1 0 
10 2 667 342 35 31 -1 -1 -1 0 
10 3 623 343 21 19 -1 -1 -1 0 
11 1 305 358 145 71 -1 -1 -1 0 
11 2 667 342 34 31 -1 -1 -1 0 
11 3 623 343 20 19 -1 -1 -1 0 
12 1 311 357 140 71 -1 -1 -1 0 
12 2 667 342 34 31 -1 -1 -1 0 
12 3 622 344 21 17 -1 -1 -1 0 
13 1 316 357 140 70 -1 -1 -1 0 
13 2 667 342 34 31 -1 -1 -1 0 
13 3 623 344 18 17 -1 -1 -1 0 
13 5 560 635 715 80 -1 -1 -1 0 
14 1 321 357 137 69 -1 -1 -1 0 
14 2 667 342 34 30 -1 -1 -1 0 
14 3 622 344 19 17 -1 -1 -1 0 
14 5 560 635 715 80 -1 -1 -1 0 
15 1 326 358 134 66 -1 -1 -1 0 
15 2 667 342 34 30 -1 -1 -1 0 
15 3 621 344 20 17 -1 -1 -1 0 
15 5 562 635 715 79 -1 -1 -1 0 
16 1 332 358 130 66 -1 -1 -1 0 
16 2 666 342 35 30 -1 -1 -1 0 
16 3 620 344 22 17 -1 -1 -1 0 
16 5 560 634 717 79 -1 -1 -1 0 
17 1 338 358 126 65 -1 -1 -1 0 
17 2 666 342 34 30 -1 -1 -1 0 
17 3 620 344 21 17 -1 -1 -1 0 
17 5 560 634 716 79 -1 -1 -1 0 
18 1 343 358 124 64 -1 -1 -1 0 
18 2 666 343 34 30 -1 -1 -1 0 
18 3 620 344 20 17 -1 -1 -1 0 
18 5 568 634 706 79 -1 -1 -1 0 
19 1 347 358 123 63 -1 -1 -1 0 
19 2 666 343 34 30 -1 -1 -1 0 
19 3 620 345 20 16 -1 -1 -1 0 
19 5 570 634 704 79 -1 -1 -1 0 
20 1 351 358 122 62 -1 -1 -1 0 
20 2 666 343 34 30 -1 -1 -1 0 
20 3 620 345 20 16 -1 -1 -1 0 
21 1 356 357 119 62 -1 -1 -1 0 
21 2 665 343 35 30 -1 -1 -1 0 
21 3 619 345 21 16 -1 -1 -1 0 
22 1 360 357 117 61 -1 -1 -1 0 
22 2 666 343 33 30 -1 -1 -1 0 
22 3 619 345 21 16 -1 -1 -1 0 
22 5 565 635 710 79 -1 -1 -1 0 
23 1 365 357 114 60 -1 -1 -1 0 
23 2 665 343 34 30 -1 -1 -1 0 
23 3 618 345 21 16 -1 -1 -1 0 
23 5 566 636 708 78 -1 -1 -1 0 
24 1 368 357 113 59 -1 -1 -1 0 
24 2 665 343 35 31 -1 -1 -1 0 
24 3 618 346 21 15 -1 -1 -1 0 
25 1 372 357 110 58 -1 -1 -1 0 
25 2 664 343 36 30 -1 -1 -1 0 
25 3 618 345 21 16 -1 -1 -1 0 
26 1 377 357 106 58 -1 -1 -1 0 
26 2 664 343 36 30 -1 -1 -1 0 
26 3 618 345 20 16 -1 -1 -1 0 
26 5 559 635 717 79 -1 -1 -1 0 
27 1 379 356 106 58 -1 -1 -1 0 
27 2 665 342 34 31 -1 -1 -1 0 
27 3 617 345 22 16 -1 -1 -1 0 
27 5 560 635 714 79 -1 -1 -1 0 
28 1 383 356 104 56 -1 -1 -1 0 
28 2 664 341 35 31 -1 -1 -1 0 
28 3 617 344 21 16 -1 -1 -1 0 
28 5 560 635 714 79 -1 -1 -1 0 
29 1 386 355 103 56 -1 -1 -1 0 
29 2 664 341 36 31 -1 -1 -1 0 
29 3 618 344 20 16 -1 -1 -1 0 
29 5 560 634 714 80 -1 -1 -1 0 
30 1 390 355 100 56 -1 -1 -1 0 
30 2 664 342 35 30 -1 -1 -1 0 
30 3 617 344 21 16 -1 -1 -1 0 
31 1 393 355 99 55 -1 -1 -1 0 
31 2 664 341 35 31 -1 -1 -1 0 
31 3 617 344 20 16 -1 -1 -1 0 
32 1 396 355 97 54 -1 -1 -1 0 
32 2 664 342 35 30 -1 -1 -1 0 
32 3 617 344 21 16 -1 -1 -1 0 
33 1 398 355 98 53 -1 -1 -1 0 
33 2 663 342 36 30 -1 -1 -1 0 
33 3 617 344 19 16 -1 -1 -1 0 
33 5 559 634 716 81 -1 -1 -1 0 
34 1 402 354 95 53 -1 -1 -1 0 
34 2 662 342 36 30 -1 -1 -1 0 
34 3 617 344 19 16 -1 -1 -1 0 
34 5 559 634 715 81 -1 -1 -1 0 
35 1 405 354 93 52 -1 -1 -1 0 
35 2 662 342 36 30 -1 -1 -1 0 
35 3 616 343 20 17 -1 -1 -1 0 
36 1 407 354 92 51 -1 -1 -1 0 
36 2 662 342 37 30 -1 -1 -1 0 
36 3 616 343 20 17 -1 -1 -1 0 
36 5 559 634 716 81 -1 -1 -1 0 
37 1 410 353 91 51 -1 -1 -1 0 
37 2 662 341 36 31 -1 -1 -1 0 
37 3 616 342 19 18 -1 -1 -1 0 
37 5 559 634 716 81 -1 -1 -1 0 
38 1 412 353 91 51 -1 -1 -1 0 
38 2 662 341 36 31 -1 -1 -1 0 
38 3 614 342 22 18 -1 -1 -1 0 
38 5 576 635 697 80 -1 -1 -1 0 
39 1 414 353 91 50 -1 -1 -1 0 
39 2 661 341 37 30 -1 -1 -1 0 
39 3 615 343 21 17 -1 -1 -1 0 
39 5 569 635 705 80 -1 -1 -1 0 
40 1 418 353 88 50 -1 -1 -1 0 
40 2 661 341 36 30 -1 -1 -1 0 
40 3 615 343 20 17 -1 -1 -1 0 
40 5 570 636 704 79 -1 -1 -1 0 
