3 1 754 341 53 35 -1 -1 -1 0 
3 2 670 315 25 36 -1 -1 -1 0 
4 1 753 341 54 35 -1 -1 -1 0 
4 2 670 315 24 36 -1 -1 -1 0 
4 4 559 635 716 80 -1 -1 -1 0 
5 1 754 341 52 34 -1 -1 -1 0 
5 2 669 314 26 37 -1 -1 -1 0 
5 4 557 634 720 82 -1 -1 -1 0 
6 1 753 341 54 34 -1 -1 -1 0 
6 2 669 315 26 36 -1 -1 -1 0 
6 4 556 636 723 80 -1 -1 -1 0 
7 1 754 341 52 34 -1 -1 -1 0 
7 2 669 315 26 36 -1 -1 -1 0 
7 4 557 636 722 80 -1 -1 -1 0 
8 1 753 341 54 34 -1 -1 -1 0 
8 2 668 315 26 36 -1 -1 -1 0 
8 4 563 636 714 80 -1 -1 -1 0 
9 1 754 341 52 34 -1 -1 -1 0 
9 2 669 315 25 36 -1 -1 -1 0 
9 4 557 636 722 79 -1 -1 -1 0 
10 1 753 341 54 34 -1 -1 -1 0 
10 2 669 316 24 35 -1 -1 -1 0 
10 4 557 636 720 79 -1 -1 -1 0 
11 1 753 341 54 34 -1 -1 -1 0 
11 2 669 316 24 36 -1 -1 -1 0 
11 4 560 635 715 80 -1 -1 -1 0 
12 1 754 341 52 34 -1 -1 -1 0 
12 2 668 316 25 36 -1 -1 -1 0 
12 4 560 634 715 81 -1 -1 -1 0 
12 5 350 353 41 17 -1 -1 -1 0 
13 1 754 342 52 33 -1 -1 -1 0 
13 2 669 316 24 37 -1 -1 -1 0 
13 4 560 634 715 81 -1 -1 -1 0 
13 5 336 354 42 17 -1 -1 -1 0 
14 1 754 342 52 33 -1 -1 -1 0 
14 2 668 316 25 37 -1 -1 -1 0 
14 4 559 633 718 82 -1 -1 -1 0 
14 5 320 354 44 18 -1 -1 -1 0 
15 1 754 341 52 34 -1 -1 -1 0 
15 2 668 317 25 36 -1 -1 -1 0 
15 4 561 633 716 83 -1 -1 -1 0 
15 5 302 355 47 20 -1 -1 -1 0 
16 1 753 342 54 34 -1 -1 -1 0 
16 2 667 317 26 36 -1 -1 -1 0 
16 4 556 634 723 81 -1 -1 -1 0 
16 5 283 356 51 21 -1 -1 -1 0 
17 1 754 342 52 35 -1 -1 -1 0 
17 2 667 317 25 37 -1 -1 -1 0 
17 4 559 635 719 80 -1 -1 -1 0 
17 5 262 358 55 22 -1 -1 -1 0 
18 1 752 342 55 35 -1 -1 -1 0 
18 2 666 318 27 36 -1 -1 -1 0 
18 4 559 635 719 80 -1 -1 -1 0 
18 5 239 359 58 23 -1 -1 -1 0 
19 1 753 342 53 35 -1 -1 -1 0 
19 2 666 318 26 36 -1 -1 -1 0 
19 4 558 635 720 80 -1 -1 -1 0 
19 5 213 360 64 24 -1 -1 -1 0 
20 1 752 342 54 34 -1 -1 -1 0 
20 2 666 318 26 36 -1 -1 -1 0 
20 4 560 636 717 78 -1 -1 -1 0 
20 5 183 360 70 28 -1 -1 -1 0 
21 1 753 341 52 35 -1 -1 -1 0 
21 2 666 318 26 36 -1 -1 -1 0 
21 4 561 635 715 79 -1 -1 -1 0 
21 5 146 362 84 28 -1 -1 -1 0 
22 1 752 340 53 36 -1 -1 -1 0 
22 2 667 318 25 36 -1 -1 -1 0 
22 4 560 635 717 79 -1 -1 -1 0 
22 5 106 363 92 31 -1 -1 -1 0 
23 1 751 340 54 35 -1 -1 -1 0 
23 2 666 318 25 36 -1 -1 -1 0 
23 4 560 635 714 80 -1 -1 -1 0 
23 5 56 365 105 33 -1 -1 -1 0 
24 1 751 340 54 35 -1 -1 -1 0 
24 2 666 318 26 36 -1 -1 -1 0 
24 4 560 634 716 81 -1 -1 -1 0 
24 5 4 367 116 37 -1 -1 -1 0 
25 1 752 340 52 35 -1 -1 -1 0 
25 2 666 318 26 36 -1 -1 -1 0 
25 4 556 635 723 80 -1 -1 -1 0 
25 5 0 370 70 35 -1 -1 -1 0 
26 1 751 339 53 36 -1 -1 -1 0 
26 2 666 318 25 36 -1 -1 -1 0 
26 4 557 636 722 79 -1 -1 -1 0 
26 5 0 371 39 37 -1 -1 -1 0 
27 1 751 340 54 35 -1 -1 -1 0 
27 2 665 319 26 36 -1 -1 -1 0 
27 4 560 636 716 79 -1 -1 -1 0 
28 1 751 340 53 35 -1 -1 -1 0 
28 2 665 320 27 35 -1 -1 -1 0 
28 4 557 636 721 78 -1 -1 -1 0 
29 1 751 341 53 35 -1 -1 -1 0 
29 2 666 320 25 36 -1 -1 -1 0 
29 4 562 636 711 79 -1 -1 -1 0 
30 1 752 341 51 36 -1 -1 -1 0 
30 2 666 321 25 37 -1 -1 -1 0 
30 4 561 636 714 79 -1 -1 -1 0 
31 1 751 341 53 36 -1 -1 -1 0 
31 2 665 322 27 36 -1 -1 -1 0 
31 4 561 635 713 80 -1 -1 -1 0 
32 1 752 342 51 35 -1 -1 -1 0 
32 2 666 322 25 36 -1 -1 -1 0 
32 4 562 636 714 80 -1 -1 -1 0 
33 1 751 342 53 35 -1 -1 -1 0 
33 2 667 322 24 37 -1 -1 -1 0 
33 4 561 635 714 81 -1 -1 -1 0 
34 1 751 342 53 35 -1 -1 -1 0 
34 2 666 322 25 37 -1 -1 -1 0 
34 4 559 634 717 82 -1 -1 -1 0 
35 1 751 342 52 35 -1 -1 -1 0 
35 2 666 322 26 37 -1 -1 -1 0 
35 4 556 634 722 82 -1 -1 -1 0 
36 1 751 342 53 36 -1 -1 -1 0 
36 2 665 322 27 37 -1 -1 -1 0 
36 4 556 635 723 81 -1 -1 -1 0 
37 1 751 342 52 36 -1 -1 -1 0 
37 2 666 322 25 37 -1 -1 -1 0 
37 4 560 635 718 81 -1 -1 -1 0 
37 9 259 355 47 20 -1 -1 -1 0 
38 1 751 343 52 35 -1 -1 -1 0 
38 2 665 322 26 37 -1 -1 -1 0 
38 4 560 635 717 81 -1 -1 -1 0 
38 9 278 354 58 21 -1 -1 -1 0 
39 1 751 343 52 35 -1 -1 -1 0 
39 2 665 323 26 37 -1 -1 -1 0 
39 4 563 635 710 82 -1 -1 -1 0 
39 9 269 355 54 30 -1 -1 -1 0 
40 1 751 343 53 36 -1 -1 -1 0 
40 2 666 323 26 37 -1 -1 -1 0 
40 4 559 635 717 82 -1 -1 -1 0 
40 9 266 356 59 32 -1 -1 -1 0 
40 12 173 358 69 29 -1 -1 -1 0 
