3 1 368 350 42 21 -1 -1 -1 0 
3 2 586 336 65 52 -1 -1 -1 0 
3 3 587 335 64 52 -1 -1 -1 0 
4 1 352 353 51 20 -1 -1 -1 0 
4 2 587 336 65 52 -1 -1 -1 0 
4 3 589 336 62 51 -1 -1 -1 0 
4 4 562 636 706 79 -1 -1 -1 0 
5 1 339 353 40 22 -1 -1 -1 0 
5 3 590 337 63 50 -1 -1 -1 0 
5 4 563 637 703 78 -1 -1 -1 0 
6 1 319 354 44 23 -1 -1 -1 0 
6 3 592 337 62 50 -1 -1 -1 0 
6 4 568 636 700 80 -1 -1 -1 0 
7 1 299 355 46 25 -1 -1 -1 0 
7 3 593 337 62 50 -1 -1 -1 0 
7 4 560 636 709 80 -1 -1 -1 0 
8 1 276 355 52 27 -1 -1 -1 0 
8 3 595 336 61 51 -1 -1 -1 0 
8 4 568 637 692 79 -1 -1 -1 0 
9 1 250 356 57 27 -1 -1 -1 0 
9 3 596 336 61 50 -1 -1 -1 0 
9 4 569 637 689 79 -1 -1 -1 0 
10 1 221 356 63 28 -1 -1 -1 0 
10 3 598 336 61 49 -1 -1 -1 0 
10 4 570 637 687 79 -1 -1 -1 0 
11 1 187 357 71 30 -1 -1 -1 0 
11 3 600 336 59 49 -1 -1 -1 0 
12 1 147 359 80 31 -1 -1 -1 0 
12 3 601 336 60 48 -1 -1 -1 0 
13 1 98 360 93 34 -1 -1 -1 0 
13 2 603 336 59 49 -1 -1 -1 0 
13 3 603 336 58 48 -1 -1 -1 0 
14 1 37 361 110 37 -1 -1 -1 0 
14 2 605 334 58 50 -1 -1 -1 0 
14 3 605 334 57 50 -1 -1 -1 0 
15 1 0 364 93 37 -1 -1 -1 0 
15 2 606 334 59 49 -1 -1 -1 0 
15 3 606 334 58 49 -1 -1 -1 0 
15 4 561 635 710 81 -1 -1 -1 0 
16 1 0 365 57 38 -1 -1 -1 0 
16 2 608 333 57 49 -1 -1 -1 0 
16 3 607 333 58 49 -1 -1 -1 0 
16 4 560 635 711 81 -1 -1 -1 0 
17 2 609 333 57 48 -1 -1 -1 0 
17 3 609 333 57 48 -1 -1 -1 0 
17 4 557 636 718 80 -1 -1 -1 0 
18 2 611 333 56 48 -1 -1 -1 0 
18 3 611 333 56 48 -1 -1 -1 0 
18 4 560 636 713 80 -1 -1 -1 0 
19 2 612 333 57 48 -1 -1 -1 0 
19 4 558 636 714 79 -1 -1 -1 0 
20 2 614 333 56 47 -1 -1 -1 0 
20 4 561 636 708 79 -1 -1 -1 0 
21 2 615 333 55 47 -1 -1 -1 0 
21 4 561 636 708 79 -1 -1 -1 0 
22 2 616 333 54 47 -1 -1 -1 0 
22 4 563 636 710 79 -1 -1 -1 0 
23 2 618 333 52 47 -1 -1 -1 0 
23 4 561 636 712 79 -1 -1 -1 0 
24 2 618 333 54 47 -1 -1 -1 0 
24 4 561 636 710 79 -1 -1 -1 0 
25 2 620 333 51 46 -1 -1 -1 0 
25 4 557 636 719 78 -1 -1 -1 0 
26 2 620 333 53 46 -1 -1 -1 0 
26 4 559 636 716 78 -1 -1 -1 0 
27 2 621 333 52 46 -1 -1 -1 0 
27 4 561 636 714 78 -1 -1 -1 0 
28 2 623 333 51 45 -1 -1 -1 0 
28 4 563 636 709 78 -1 -1 -1 0 
29 2 624 333 51 45 -1 -1 -1 0 
29 4 559 636 716 78 -1 -1 -1 0 
30 2 625 333 50 44 -1 -1 -1 0 
30 4 559 636 716 78 -1 -1 -1 0 
31 2 626 332 50 44 -1 -1 -1 0 
31 4 559 636 716 78 -1 -1 -1 0 
32 2 626 333 51 43 -1 -1 -1 0 
32 4 561 635 711 79 -1 -1 -1 0 
33 2 627 334 50 42 -1 -1 -1 0 
33 4 559 636 716 78 -1 -1 -1 0 
34 2 628 334 48 42 -1 -1 -1 0 
34 4 563 636 709 79 -1 -1 -1 0 
35 2 628 334 49 43 -1 -1 -1 0 
35 4 560 636 715 79 -1 -1 -1 0 
36 2 628 334 50 43 -1 -1 -1 0 
36 4 561 636 713 79 -1 -1 -1 0 
37 2 630 334 48 43 -1 -1 -1 0 
37 4 562 635 703 80 -1 -1 -1 0 
38 2 630 335 49 43 -1 -1 -1 0 
38 4 555 636 722 79 -1 -1 -1 0 
39 2 631 335 49 43 -1 -1 -1 0 
39 4 560 636 713 79 -1 -1 -1 0 
40 2 632 335 48 43 -1 -1 -1 0 
40 4 575 636 697 78 -1 -1 -1 0 
