3 1 527 329 88 69 -1 -1 -1 0 
4 1 529 329 86 68 -1 -1 -1 0 
5 1 531 329 86 68 -1 -1 -1 0 
6 1 532 329 85 67 -1 -1 -1 0 
7 1 534 329 84 67 -1 -1 -1 0 
7 3 670 330 18 16 -1 -1 -1 0 
8 1 536 329 82 66 -1 -1 -1 0 
8 3 671 331 15 15 -1 -1 -1 0 
9 1 537 330 82 65 -1 -1 -1 0 
9 3 671 331 16 14 -1 -1 -1 0 
9 4 536 331 83 64 -1 -1 -1 0 
10 1 537 330 84 64 -1 -1 -1 0 
10 3 671 331 14 15 -1 -1 -1 0 
10 4 538 331 82 63 -1 -1 -1 0 
11 1 540 330 80 63 -1 -1 -1 0 
11 3 671 331 14 15 -1 -1 -1 0 
11 4 538 331 84 62 -1 -1 -1 0 
12 1 541 330 80 62 -1 -1 -1 0 
12 3 670 331 16 14 -1 -1 -1 0 
12 4 540 331 81 61 -1 -1 -1 0 
13 1 541 332 81 61 -1 -1 -1 0 
13 3 671 331 15 15 -1 -1 -1 0 
13 4 541 332 80 61 -1 -1 -1 0 
14 1 543 331 79 61 -1 -1 -1 0 
14 3 671 331 15 15 -1 -1 -1 0 
14 4 542 332 79 60 -1 -1 -1 0 
15 1 544 331 78 60 -1 -1 -1 0 
15 3 669 331 16 15 -1 -1 -1 0 
15 4 544 332 77 59 -1 -1 -1 0 
16 1 544 331 78 60 -1 -1 -1 0 
16 3 668 331 17 15 -1 -1 -1 0 
16 4 545 332 77 59 -1 -1 -1 0 
17 1 546 331 76 59 -1 -1 -1 0 
17 3 668 332 16 14 -1 -1 -1 0 
17 4 545 332 77 58 -1 -1 -1 0 
18 1 547 332 75 58 -1 -1 -1 0 
18 3 669 332 15 14 -1 -1 -1 0 
18 4 546 332 76 58 -1 -1 -1 0 
18 7 63 349 111 33 -1 -1 -1 0 
19 1 548 332 74 58 -1 -1 -1 0 
19 3 669 331 16 15 -1 -1 -1 0 
19 4 548 331 74 59 -1 -1 -1 0 
19 7 5 350 113 36 -1 -1 -1 0 
20 1 549 332 74 58 -1 -1 -1 0 
20 3 669 331 16 16 -1 -1 -1 0 
20 4 549 332 74 58 -1 -1 -1 0 
20 7 0 351 81 37 -1 -1 -1 0 
21 1 550 332 74 58 -1 -1 -1 0 
21 3 668 331 16 16 -1 -1 -1 0 
21 4 550 332 73 58 -1 -1 -1 0 
22 1 552 332 71 58 -1 -1 -1 0 
22 3 668 332 16 16 -1 -1 -1 0 
22 4 551 333 72 57 -1 -1 -1 0 
23 1 552 332 72 58 -1 -1 -1 0 
23 3 669 332 16 15 -1 -1 -1 0 
23 4 552 333 71 56 -1 -1 -1 0 
24 1 552 332 72 57 -1 -1 -1 0 
24 3 669 332 16 15 -1 -1 -1 0 
24 4 553 332 71 57 -1 -1 -1 0 
25 1 554 331 69 57 -1 -1 -1 0 
25 3 668 331 17 15 -1 -1 -1 0 
25 4 554 332 70 56 -1 -1 -1 0 
26 1 554 331 70 56 -1 -1 -1 0 
26 3 668 331 18 15 -1 -1 -1 0 
27 1 556 331 68 56 -1 -1 -1 0 
27 3 668 331 18 15 -1 -1 -1 0 
28 1 556 331 69 56 -1 -1 -1 0 
28 3 668 331 19 14 -1 -1 -1 0 
28 4 556 332 70 55 -1 -1 -1 0 
29 1 556 332 70 54 -1 -1 -1 0 
29 3 669 331 17 14 -1 -1 -1 0 
29 4 557 333 68 54 -1 -1 -1 0 
30 1 558 332 68 54 -1 -1 -1 0 
30 3 669 331 17 14 -1 -1 -1 0 
30 4 557 333 68 54 -1 -1 -1 0 
31 1 559 331 67 54 -1 -1 -1 0 
31 3 668 331 19 14 -1 -1 -1 0 
31 4 559 332 67 54 -1 -1 -1 0 
31 8 173 349 77 33 -1 -1 -1 0 
32 1 559 331 69 54 -1 -1 -1 0 
32 3 668 331 19 14 -1 -1 -1 0 
32 4 560 332 67 53 -1 -1 -1 0 
32 8 128 349 95 30 -1 -1 -1 0 
33 1 561 331 66 53 -1 -1 -1 0 
33 3 669 331 17 14 -1 -1 -1 0 
33 4 561 331 66 54 -1 -1 -1 0 
33 8 79 350 96 30 -1 -1 -1 0 
34 1 562 331 66 53 -1 -1 -1 0 
34 3 668 331 18 14 -1 -1 -1 0 
34 4 561 331 67 53 -1 -1 -1 0 
34 8 18 351 104 32 -1 -1 -1 0 
35 1 562 330 66 53 -1 -1 -1 0 
35 3 668 331 17 14 -1 -1 -1 0 
35 4 562 331 66 52 -1 -1 -1 0 
35 8 1 352 72 34 -1 -1 -1 0 
36 1 563 330 65 53 -1 -1 -1 0 
36 3 668 332 16 12 -1 -1 -1 0 
36 4 563 330 65 53 -1 -1 -1 0 
36 8 0 352 36 35 -1 -1 -1 0 
37 1 563 331 65 52 -1 -1 -1 0 
37 3 669 332 14 13 -1 -1 -1 0 
37 4 563 331 65 52 -1 -1 -1 0 
38 1 564 331 63 52 -1 -1 -1 0 
38 3 669 333 14 12 -1 -1 -1 0 
38 4 564 331 63 52 -1 -1 -1 0 
39 1 564 332 63 50 -1 -1 -1 0 
39 3 669 333 15 12 -1 -1 -1 0 
39 4 564 332 63 50 -1 -1 -1 0 
40 1 565 332 61 51 -1 -1 -1 0 
40 3 669 333 15 13 -1 -1 -1 0 
40 4 565 332 61 51 -1 -1 -1 0 
