3 1 0 348 451 262 -1 -1 -1 0 
3 2 790 336 126 86 -1 -1 -1 0 
3 3 494 346 35 21 -1 -1 -1 0 
3 4 714 340 23 22 -1 -1 -1 0 
3 5 434 351 46 23 -1 -1 -1 0 
3 6 639 345 20 17 -1 -1 -1 0 
4 1 0 348 455 253 -1 -1 -1 0 
4 2 788 336 125 85 -1 -1 -1 0 
4 3 481 347 40 23 -1 -1 -1 0 
4 4 712 341 26 21 -1 -1 -1 0 
4 5 422 351 46 26 -1 -1 -1 0 
4 6 638 345 20 17 -1 -1 -1 0 
5 1 0 348 459 241 -1 -1 -1 0 
5 2 786 336 125 85 -1 -1 -1 0 
5 3 467 347 44 24 -1 -1 -1 0 
5 4 712 341 26 20 -1 -1 -1 0 
5 5 408 352 51 26 -1 -1 -1 0 
5 6 638 345 21 17 -1 -1 -1 0 
5 7 517 347 21 15 -1 -1 -1 0 
6 1 1 348 461 233 -1 -1 -1 0 
6 2 786 336 122 84 -1 -1 -1 0 
6 3 450 348 49 25 -1 -1 -1 0 
6 4 712 341 25 20 -1 -1 -1 0 
6 5 399 352 33 27 -1 -1 -1 0 
6 6 637 345 21 17 -1 -1 -1 0 
6 7 512 347 23 16 -1 -1 -1 0 
7 1 22 348 440 223 -1 -1 -1 0 
7 2 784 337 122 83 -1 -1 -1 0 
7 3 435 348 48 27 -1 -1 -1 0 
7 4 712 341 24 19 -1 -1 -1 0 
7 5 388 353 33 27 -1 -1 -1 0 
7 6 638 344 20 17 -1 -1 -1 0 
7 7 541 345 20 14 -1 -1 -1 0 
8 1 46 348 419 214 -1 -1 -1 0 
8 2 782 336 120 83 -1 -1 -1 0 
8 3 409 348 61 28 -1 -1 -1 0 
8 4 712 341 25 18 -1 -1 -1 0 
8 6 639 344 19 16 -1 -1 -1 0 
8 7 515 347 21 15 -1 -1 -1 0 
9 1 71 347 398 208 -1 -1 -1 0 
9 2 780 336 119 83 -1 -1 -1 0 
9 3 398 349 50 31 -1 -1 -1 0 
9 4 713 341 22 19 -1 -1 -1 0 
9 6 639 343 19 17 -1 -1 -1 0 
9 7 500 346 23 18 -1 -1 -1 0 
10 1 94 347 379 201 -1 -1 -1 0 
10 2 778 336 119 83 -1 -1 -1 0 
10 3 383 350 53 32 -1 -1 -1 0 
10 4 712 341 24 19 -1 -1 -1 0 
10 6 639 343 19 17 -1 -1 -1 0 
10 7 529 345 21 16 -1 -1 -1 0 
10 10 1 378 48 36 -1 -1 -1 0 
10 11 667 342 21 12 -1 -1 -1 0 
11 1 116 346 361 196 -1 -1 -1 0 
11 2 777 335 118 83 -1 -1 -1 0 
11 4 713 340 22 20 -1 -1 -1 0 
11 5 474 349 27 19 -1 -1 -1 0 
11 6 638 343 21 17 -1 -1 -1 0 
11 7 537 345 20 15 -1 -1 -1 0 
11 10 0 379 29 36 -1 -1 -1 0 
11 11 666 341 23 13 -1 -1 -1 0 
12 1 136 346 346 189 -1 -1 -1 0 
12 2 776 335 116 82 -1 -1 -1 0 
12 4 712 340 23 19 -1 -1 -1 0 
12 5 475 348 26 19 -1 -1 -1 0 
12 6 639 343 19 17 -1 -1 -1 0 
12 7 538 345 20 15 -1 -1 -1 0 
12 11 666 340 23 13 -1 -1 -1 0 
12 13 499 349 26 15 -1 -1 -1 0 
13 1 154 345 332 186 -1 -1 -1 0 
13 2 773 336 118 80 -1 -1 -1 0 
13 4 712 339 23 20 -1 -1 -1 0 
13 5 470 348 27 19 -1 -1 -1 0 
13 6 587 343 23 14 -1 -1 -1 0 
13 7 534 345 21 14 -1 -1 -1 0 
13 11 647 342 20 16 -1 -1 -1 0 
13 13 491 350 28 16 -1 -1 -1 0 
14 1 170 345 320 180 -1 -1 -1 0 
14 2 773 336 114 80 -1 -1 -1 0 
14 4 711 339 24 20 -1 -1 -1 0 
14 5 463 348 26 20 -1 -1 -1 0 
14 6 566 342 20 14 -1 -1 -1 0 
14 7 531 345 21 16 -1 -1 -1 0 
14 11 640 342 20 17 -1 -1 -1 0 
14 13 482 350 31 17 -1 -1 -1 0 
15 1 187 345 306 177 -1 -1 -1 0 
15 2 770 336 115 80 -1 -1 -1 0 
15 4 710 340 24 18 -1 -1 -1 0 
15 5 453 349 27 20 -1 -1 -1 0 
15 6 558 342 19 13 -1 -1 -1 0 
15 7 526 346 21 17 -1 -1 -1 0 
15 11 637 343 21 17 -1 -1 -1 0 
15 13 473 351 30 18 -1 -1 -1 0 
15 14 4 359 134 71 -1 -1 -1 0 
16 1 200 346 297 170 -1 -1 -1 0 
16 2 769 336 113 80 -1 -1 -1 0 
16 4 710 340 23 18 -1 -1 -1 0 
16 5 495 348 26 17 -1 -1 -1 0 
16 7 541 344 24 15 -1 -1 -1 0 
16 11 636 343 22 18 -1 -1 -1 0 
16 13 462 352 33 18 -1 -1 -1 0 
16 14 7 371 169 55 -1 -1 -1 0 
17 1 215 346 286 166 -1 -1 -1 0 
17 2 767 335 111 80 -1 -1 -1 0 
17 4 709 340 24 18 -1 -1 -1 0 
17 5 507 347 25 17 -1 -1 -1 0 
17 7 544 344 25 14 -1 -1 -1 0 
17 11 636 344 22 17 -1 -1 -1 0 
17 13 454 352 34 20 -1 -1 -1 0 
17 14 11 377 100 52 -1 -1 -1 0 
18 1 227 346 277 161 -1 -1 -1 0 
18 2 765 335 111 80 -1 -1 -1 0 
18 3 198 364 68 29 -1 -1 -1 0 
18 4 708 339 24 19 -1 -1 -1 0 
18 5 508 347 25 18 -1 -1 -1 0 
18 7 542 343 24 16 -1 -1 -1 0 
18 11 637 343 21 17 -1 -1 -1 0 
18 14 0 370 111 52 -1 -1 -1 0 
19 1 240 346 266 158 -1 -1 -1 0 
19 2 763 335 110 80 -1 -1 -1 0 
19 3 161 365 80 31 -1 -1 -1 0 
19 4 708 339 24 19 -1 -1 -1 0 
19 5 526 344 28 18 -1 -1 -1 0 
19 7 514 346 24 17 -1 -1 -1 0 
19 11 638 343 20 17 -1 -1 -1 0 
19 14 0 372 99 49 -1 -1 -1 0 
20 1 251 346 260 153 -1 -1 -1 0 
20 2 762 334 107 81 -1 -1 -1 0 
20 3 116 367 89 33 -1 -1 -1 0 
20 4 708 340 25 18 -1 -1 -1 0 
20 5 527 344 29 17 -1 -1 -1 0 
20 7 498 346 25 20 -1 -1 -1 0 
20 11 638 343 20 17 -1 -1 -1 0 
21 1 263 346 251 148 -1 -1 -1 0 
21 2 759 335 109 79 -1 -1 -1 0 
21 3 54 369 109 36 -1 -1 -1 0 
21 4 709 340 23 18 -1 -1 -1 0 
21 5 524 343 30 19 -1 -1 -1 0 
21 6 661 341 23 11 -1 -1 -1 0 
21 7 487 347 26 20 -1 -1 -1 0 
21 11 638 343 21 16 -1 -1 -1 0 
22 1 272 345 245 145 -1 -1 -1 0 
22 2 757 337 108 76 -1 -1 -1 0 
22 3 4 371 103 40 -1 -1 -1 0 
22 4 708 340 25 18 -1 -1 -1 0 
22 5 517 344 32 19 -1 -1 -1 0 
22 6 669 341 20 12 -1 -1 -1 0 
22 7 477 347 28 21 -1 -1 -1 0 
22 11 639 343 19 16 -1 -1 -1 0 
23 1 285 345 234 143 -1 -1 -1 0 
23 2 756 337 106 75 -1 -1 -1 0 
23 3 0 376 39 38 -1 -1 -1 0 
23 4 709 340 23 18 -1 -1 -1 0 
23 5 508 343 35 21 -1 -1 -1 0 
23 6 675 341 20 12 -1 -1 -1 0 
23 7 472 347 29 21 -1 -1 -1 0 
23 11 639 342 20 17 -1 -1 -1 0 
24 1 294 345 229 139 -1 -1 -1 0 
24 2 754 336 105 75 -1 -1 -1 0 
24 3 0 377 0 39 -1 -1 -1 0 
24 4 708 340 24 18 -1 -1 -1 0 
24 5 498 341 38 25 -1 -1 -1 0 
24 11 639 342 20 17 -1 -1 -1 0 
25 1 305 345 220 139 -1 -1 -1 0 
25 2 752 336 105 74 -1 -1 -1 0 
25 4 708 341 23 17 -1 -1 -1 0 
25 5 487 341 43 26 -1 -1 -1 0 
25 11 639 343 21 17 -1 -1 -1 0 
26 1 313 344 216 136 -1 -1 -1 0 
26 2 750 336 103 74 -1 -1 -1 0 
26 4 708 341 23 17 -1 -1 -1 0 
26 5 481 341 39 29 -1 -1 -1 0 
26 11 639 343 21 17 -1 -1 -1 0 
26 19 206 358 106 46 -1 -1 -1 0 
27 1 322 344 210 134 -1 -1 -1 0 
27 2 747 337 104 73 -1 -1 -1 0 
27 4 707 341 23 17 -1 -1 -1 0 
27 5 481 341 39 30 -1 -1 -1 0 
27 6 557 347 18 13 -1 -1 -1 0 
27 11 640 343 20 17 -1 -1 -1 0 
27 13 806 331 42 34 -1 -1 -1 0 
27 19 151 360 119 53 -1 -1 -1 0 
28 1 330 342 203 133 -1 -1 -1 0 
28 2 746 337 102 73 -1 -1 -1 0 
28 4 707 341 23 17 -1 -1 -1 0 
28 6 541 347 18 13 -1 -1 -1 0 
28 11 640 343 20 17 -1 -1 -1 0 
28 13 820 330 42 34 -1 -1 -1 0 
28 19 61 360 159 62 -1 -1 -1 0 
29 1 337 342 200 131 -1 -1 -1 0 
29 2 744 338 101 71 -1 -1 -1 0 
29 4 707 342 23 16 -1 -1 -1 0 
29 6 535 348 17 13 -1 -1 -1 0 
29 11 639 343 22 17 -1 -1 -1 0 
29 13 823 330 43 34 -1 -1 -1 0 
29 19 0 370 152 61 -1 -1 -1 0 
30 1 345 342 194 127 -1 -1 -1 0 
30 2 743 338 99 70 -1 -1 -1 0 
30 4 707 341 21 18 -1 -1 -1 0 
30 6 639 342 24 13 -1 -1 -1 0 
30 11 639 343 21 16 -1 -1 -1 0 
30 13 824 329 41 35 -1 -1 -1 0 
30 19 0 365 90 60 -1 -1 -1 0 
31 1 350 342 193 124 -1 -1 -1 0 
31 2 741 338 98 70 -1 -1 -1 0 
31 4 707 341 21 17 -1 -1 -1 0 
31 6 659 341 24 13 -1 -1 -1 0 
31 7 251 365 29 25 -1 -1 -1 0 
31 11 639 343 21 16 -1 -1 -1 0 
31 13 820 329 45 35 -1 -1 -1 0 
31 19 0 366 51 64 -1 -1 -1 0 
32 1 359 342 185 122 -1 -1 -1 0 
32 2 740 338 95 69 -1 -1 -1 0 
32 4 707 341 21 17 -1 -1 -1 0 
32 6 666 341 24 13 -1 -1 -1 0 
32 7 204 365 36 29 -1 -1 -1 0 
32 11 638 343 22 16 -1 -1 -1 0 
32 13 817 330 46 35 -1 -1 -1 0 
33 1 363 343 184 117 -1 -1 -1 0 
33 2 737 339 95 68 -1 -1 -1 0 
33 4 706 341 21 17 -1 -1 -1 0 
33 6 669 341 23 13 -1 -1 -1 0 
33 7 150 367 43 33 -1 -1 -1 0 
33 11 638 343 21 16 -1 -1 -1 0 
33 13 817 331 43 34 -1 -1 -1 0 
34 1 373 343 175 116 -1 -1 -1 0 
34 2 734 340 95 68 -1 -1 -1 0 
34 4 704 343 23 15 -1 -1 -1 0 
34 5 516 347 28 22 -1 -1 -1 0 
34 6 670 342 23 13 -1 -1 -1 0 
34 7 120 368 44 34 -1 -1 -1 0 
34 11 638 343 21 17 -1 -1 -1 0 
34 13 817 332 42 34 -1 -1 -1 0 
34 22 194 340 164 61 -1 -1 -1 0 
35 1 379 343 171 114 -1 -1 -1 0 
35 2 732 341 95 66 -1 -1 -1 0 
35 4 705 343 20 15 -1 -1 -1 0 
35 5 517 348 26 24 -1 -1 -1 0 
35 6 670 342 22 13 -1 -1 -1 0 
35 11 638 344 21 16 -1 -1 -1 0 
35 13 815 331 42 34 -1 -1 -1 0 
35 22 96 340 211 73 -1 -1 -1 0 
36 1 384 344 169 112 -1 -1 -1 0 
36 2 731 341 93 65 -1 -1 -1 0 
36 4 705 343 20 15 -1 -1 -1 0 
36 5 519 348 26 24 -1 -1 -1 0 
36 6 670 342 21 14 -1 -1 -1 0 
36 11 638 344 23 16 -1 -1 -1 0 
36 13 814 332 41 33 -1 -1 -1 0 
36 22 10 341 224 84 -1 -1 -1 0 
37 1 391 344 163 110 -1 -1 -1 0 
37 2 729 341 92 65 -1 -1 -1 0 
37 4 704 343 22 15 -1 -1 -1 0 
37 6 670 343 21 13 -1 -1 -1 0 
37 11 638 344 22 16 -1 -1 -1 0 
37 13 811 331 43 34 -1 -1 -1 0 
37 22 0 341 160 91 -1 -1 -1 0 
38 1 396 345 160 108 -1 -1 -1 0 
38 2 728 341 90 66 -1 -1 -1 0 
38 4 705 343 20 16 -1 -1 -1 0 
38 6 669 343 22 13 -1 -1 -1 0 
38 11 639 344 21 16 -1 -1 -1 0 
38 13 809 331 43 35 -1 -1 -1 0 
38 22 0 341 117 99 -1 -1 -1 0 
39 1 402 345 156 105 -1 -1 -1 0 
39 2 726 341 90 66 -1 -1 -1 0 
39 4 704 343 21 16 -1 -1 -1 0 
39 6 669 343 22 13 -1 -1 -1 0 
39 11 638 344 22 16 -1 -1 -1 0 
39 13 807 331 44 34 -1 -1 -1 0 
40 1 408 343 152 105 -1 -1 -1 0 
40 2 725 339 88 66 -1 -1 -1 0 
40 4 704 341 20 17 -1 -1 -1 0 
40 5 399 353 32 17 -1 -1 -1 0 
40 6 669 342 19 13 -1 -1 -1 0 
40 11 637 344 25 15 -1 -1 -1 0 
40 13 805 331 45 34 -1 -1 -1 0 
