3 1 1104 374 175 181 -1 -1 -1 0 
3 2 358 343 191 121 -1 -1 -1 0 
3 3 961 337 105 53 -1 -1 -1 0 
3 4 808 340 47 36 -1 -1 -1 0 
3 5 707 346 21 15 -1 -1 -1 0 
3 6 728 346 18 13 -1 -1 -1 0 
4 1 1102 371 177 183 -1 -1 -1 0 
4 2 360 344 189 119 -1 -1 -1 0 
4 3 961 335 105 54 -1 -1 -1 0 
4 4 807 339 48 36 -1 -1 -1 0 
4 5 706 346 23 14 -1 -1 -1 0 
4 6 727 346 19 12 -1 -1 -1 0 
5 1 1099 368 180 186 -1 -1 -1 0 
5 2 362 344 186 118 -1 -1 -1 0 
5 3 961 334 107 54 -1 -1 -1 0 
5 4 806 338 48 36 -1 -1 -1 0 
5 5 707 345 22 14 -1 -1 -1 0 
5 6 728 345 17 12 -1 -1 -1 0 
6 1 1096 364 183 188 -1 -1 -1 0 
6 2 364 343 184 119 -1 -1 -1 0 
6 3 962 334 106 53 -1 -1 -1 0 
6 4 806 337 48 35 -1 -1 -1 0 
6 6 728 344 17 13 -1 -1 -1 0 
7 1 1092 362 187 188 -1 -1 -1 0 
7 2 365 343 184 118 -1 -1 -1 0 
7 3 962 333 104 53 -1 -1 -1 0 
7 4 806 336 47 35 -1 -1 -1 0 
7 7 565 628 706 88 -1 -1 -1 0 
8 1 1090 359 189 191 -1 -1 -1 0 
8 2 367 343 182 117 -1 -1 -1 0 
8 3 962 333 105 54 -1 -1 -1 0 
8 4 806 337 46 35 -1 -1 -1 0 
8 6 727 344 19 13 -1 -1 -1 0 
8 7 570 631 709 84 -1 -1 -1 0 
9 1 1088 356 191 195 -1 -1 -1 0 
9 2 368 343 183 117 -1 -1 -1 0 
9 3 961 334 107 53 -1 -1 -1 0 
9 4 805 337 47 35 -1 -1 -1 0 
9 5 706 345 21 13 -1 -1 -1 0 
9 6 727 344 18 13 -1 -1 -1 0 
9 7 570 633 709 82 -1 -1 -1 0 
10 1 1085 356 194 195 -1 -1 -1 0 
10 2 370 344 181 115 -1 -1 -1 0 
10 3 961 336 106 53 -1 -1 -1 0 
10 4 804 339 47 35 -1 -1 -1 0 
10 5 705 345 22 14 -1 -1 -1 0 
10 6 728 345 17 13 -1 -1 -1 0 
10 7 572 633 707 82 -1 -1 -1 0 
11 1 1082 355 197 196 -1 -1 -1 0 
11 2 371 344 180 115 -1 -1 -1 0 
11 3 961 337 105 54 -1 -1 -1 0 
11 4 803 340 47 35 -1 -1 -1 0 
11 5 706 347 19 14 -1 -1 -1 0 
11 6 727 345 17 14 -1 -1 -1 0 
12 1 1079 353 199 200 -1 -1 -1 0 
12 2 373 345 177 114 -1 -1 -1 0 
12 3 960 338 108 53 -1 -1 -1 0 
12 4 804 340 45 35 -1 -1 -1 0 
12 5 704 347 22 15 -1 -1 -1 0 
12 6 726 346 19 13 -1 -1 -1 0 
13 1 1076 352 203 201 -1 -1 -1 0 
13 2 374 345 177 114 -1 -1 -1 0 
13 3 961 338 106 53 -1 -1 -1 0 
13 4 802 341 47 34 -1 -1 -1 0 
13 5 704 347 22 15 -1 -1 -1 0 
13 6 726 346 18 14 -1 -1 -1 0 
14 1 1074 350 204 203 -1 -1 -1 0 
14 2 375 345 177 114 -1 -1 -1 0 
14 3 962 338 105 54 -1 -1 -1 0 
14 4 803 341 45 35 -1 -1 -1 0 
14 6 725 346 19 14 -1 -1 -1 0 
14 7 562 634 716 81 -1 -1 -1 0 
15 1 1072 349 206 205 -1 -1 -1 0 
15 2 377 344 175 114 -1 -1 -1 0 
15 3 961 337 107 54 -1 -1 -1 0 
15 4 802 340 46 35 -1 -1 -1 0 
15 5 705 347 20 14 -1 -1 -1 0 
15 6 726 345 17 14 -1 -1 -1 0 
15 7 558 634 718 81 -1 -1 -1 0 
16 1 1070 347 209 206 -1 -1 -1 0 
16 2 379 343 174 114 -1 -1 -1 0 
16 3 962 335 106 55 -1 -1 -1 0 
16 4 801 339 47 35 -1 -1 -1 0 
16 5 705 347 20 14 -1 -1 -1 0 
16 6 726 344 18 14 -1 -1 -1 0 
16 7 560 633 714 82 -1 -1 -1 0 
17 1 1068 345 211 208 -1 -1 -1 0 
17 2 380 343 174 112 -1 -1 -1 0 
17 3 962 334 106 55 -1 -1 -1 0 
17 4 801 338 46 35 -1 -1 -1 0 
17 6 726 343 17 15 -1 -1 -1 0 
17 7 559 633 715 82 -1 -1 -1 0 
18 1 1066 343 212 210 -1 -1 -1 0 
18 2 383 342 171 112 -1 -1 -1 0 
18 3 962 334 108 54 -1 -1 -1 0 
18 4 801 336 47 35 -1 -1 -1 0 
18 6 725 343 19 14 -1 -1 -1 0 
19 1 1063 342 216 211 -1 -1 -1 0 
19 2 384 342 171 112 -1 -1 -1 0 
19 3 962 333 108 55 -1 -1 -1 0 
19 4 801 336 46 35 -1 -1 -1 0 
19 6 725 342 19 15 -1 -1 -1 0 
20 1 1060 341 219 212 -1 -1 -1 0 
20 2 383 342 173 111 -1 -1 -1 0 
20 3 963 333 107 54 -1 -1 -1 0 
20 4 800 335 47 36 -1 -1 -1 0 
20 6 725 342 19 14 -1 -1 -1 0 
21 1 1058 341 221 212 -1 -1 -1 0 
21 2 385 344 172 110 -1 -1 -1 0 
21 3 963 334 107 55 -1 -1 -1 0 
21 4 800 337 47 34 -1 -1 -1 0 
21 7 559 634 718 81 -1 -1 -1 0 
22 1 1055 342 224 211 -1 -1 -1 0 
22 2 386 344 171 109 -1 -1 -1 0 
22 3 963 334 107 55 -1 -1 -1 0 
22 4 800 337 46 34 -1 -1 -1 0 
22 7 559 635 718 80 -1 -1 -1 0 
23 1 1052 342 227 214 -1 -1 -1 0 
23 2 387 344 170 109 -1 -1 -1 0 
23 3 962 334 110 55 -1 -1 -1 0 
23 4 800 338 45 34 -1 -1 -1 0 
23 5 725 344 17 14 -1 -1 -1 0 
23 6 707 344 21 15 -1 -1 -1 0 
24 1 1050 341 229 216 -1 -1 -1 0 
24 2 390 344 167 109 -1 -1 -1 0 
24 3 963 334 109 55 -1 -1 -1 0 
24 4 800 338 44 34 -1 -1 -1 0 
24 5 726 343 17 14 -1 -1 -1 0 
24 6 705 344 21 15 -1 -1 -1 0 
24 7 562 633 714 81 -1 -1 -1 0 
25 1 1047 340 232 218 -1 -1 -1 0 
25 2 392 344 164 109 -1 -1 -1 0 
25 3 963 334 107 55 -1 -1 -1 0 
25 4 799 338 45 34 -1 -1 -1 0 
25 7 558 633 720 81 -1 -1 -1 0 
26 1 1044 339 235 220 -1 -1 -1 0 
26 2 393 344 164 108 -1 -1 -1 0 
26 3 963 334 108 56 -1 -1 -1 0 
26 4 799 338 44 34 -1 -1 -1 0 
26 7 557 634 721 80 -1 -1 -1 0 
27 1 1043 338 235 222 -1 -1 -1 0 
27 2 393 343 164 107 -1 -1 -1 0 
27 3 963 334 108 56 -1 -1 -1 0 
27 4 798 339 45 33 -1 -1 -1 0 
27 7 557 634 721 80 -1 -1 -1 0 
28 1 1040 336 238 224 -1 -1 -1 0 
28 2 395 342 162 107 -1 -1 -1 0 
28 3 964 334 109 55 -1 -1 -1 0 
28 4 797 339 46 33 -1 -1 -1 0 
28 7 571 634 703 80 -1 -1 -1 0 
29 1 1038 334 240 226 -1 -1 -1 0 
29 2 396 342 162 106 -1 -1 -1 0 
29 3 965 334 109 55 -1 -1 -1 0 
29 4 797 339 46 32 -1 -1 -1 0 
29 7 569 634 708 80 -1 -1 -1 0 
30 1 1035 333 244 227 -1 -1 -1 0 
30 2 399 341 158 107 -1 -1 -1 0 
30 3 966 333 110 56 -1 -1 -1 0 
30 4 798 338 43 33 -1 -1 -1 0 
30 7 558 634 720 80 -1 -1 -1 0 
31 1 1034 330 244 230 -1 -1 -1 0 
31 2 400 341 158 106 -1 -1 -1 0 
31 3 966 333 111 55 -1 -1 -1 0 
31 4 797 338 44 32 -1 -1 -1 0 
31 7 563 633 711 82 -1 -1 -1 0 
32 1 1031 328 247 233 -1 -1 -1 0 
32 2 401 341 157 106 -1 -1 -1 0 
32 3 967 332 111 56 -1 -1 -1 0 
32 4 796 338 46 32 -1 -1 -1 0 
32 7 563 633 711 82 -1 -1 -1 0 
33 1 1030 326 247 239 -1 -1 -1 0 
33 2 401 340 159 107 -1 -1 -1 0 
33 3 968 332 110 56 -1 -1 -1 0 
33 4 797 337 43 33 -1 -1 -1 0 
33 7 556 634 722 81 -1 -1 -1 0 
34 1 1027 322 250 248 -1 -1 -1 0 
34 2 403 340 157 106 -1 -1 -1 0 
34 3 967 332 112 56 -1 -1 -1 0 
34 4 795 338 45 32 -1 -1 -1 0 
34 7 556 634 722 81 -1 -1 -1 0 
35 1 1023 320 255 253 -1 -1 -1 0 
35 2 403 342 158 104 -1 -1 -1 0 
35 3 968 332 111 57 -1 -1 -1 0 
35 4 796 338 43 33 -1 -1 -1 0 
35 7 556 634 721 80 -1 -1 -1 0 
36 1 1021 322 257 257 -1 -1 -1 0 
36 2 406 342 154 106 -1 -1 -1 0 
36 3 968 334 113 56 -1 -1 -1 0 
36 4 795 340 45 32 -1 -1 -1 0 
36 7 556 635 721 79 -1 -1 -1 0 
37 1 1021 323 255 269 -1 -1 -1 0 
37 2 407 342 154 105 -1 -1 -1 0 
37 3 969 334 113 57 -1 -1 -1 0 
37 4 796 340 42 32 -1 -1 -1 0 
37 5 705 347 19 13 -1 -1 -1 0 
38 1 1018 323 259 277 -1 -1 -1 0 
38 2 407 342 154 105 -1 -1 -1 0 
38 3 969 334 115 57 -1 -1 -1 0 
38 4 795 341 42 31 -1 -1 -1 0 
38 5 704 348 19 13 -1 -1 -1 0 
39 1 1016 326 261 281 -1 -1 -1 0 
39 2 409 342 152 104 -1 -1 -1 0 
39 3 970 335 116 57 -1 -1 -1 0 
39 4 794 341 42 32 -1 -1 -1 0 
39 5 703 347 20 13 -1 -1 -1 0 
39 7 561 634 713 81 -1 -1 -1 0 
40 1 1013 327 265 286 -1 -1 -1 0 
40 2 409 341 153 103 -1 -1 -1 0 
40 3 971 335 114 57 -1 -1 -1 0 
40 4 794 341 42 32 -1 -1 -1 0 
40 5 702 347 21 13 -1 -1 -1 0 
40 7 561 634 713 81 -1 -1 -1 0 
