3 1 822 4 456 513 -1 -1 -1 0 
3 2 97 305 171 71 -1 -1 -1 0 
3 3 292 340 61 27 -1 -1 -1 0 
3 4 5 348 78 38 -1 -1 -1 0 
3 5 663 346 31 25 -1 -1 -1 0 
3 6 585 344 43 37 -1 -1 -1 0 
3 7 438 335 23 17 -1 -1 -1 0 
4 1 824 4 455 515 -1 -1 -1 0 
4 2 33 302 202 77 -1 -1 -1 0 
4 3 260 341 67 28 -1 -1 -1 0 
4 4 0 348 53 39 -1 -1 -1 0 
4 5 663 346 30 24 -1 -1 -1 0 
4 6 586 344 41 37 -1 -1 -1 0 
4 7 430 335 27 17 -1 -1 -1 0 
4 8 475 338 21 12 -1 -1 -1 0 
4 9 559 634 716 80 -1 -1 -1 0 
5 1 827 4 451 516 -1 -1 -1 0 
5 2 2 298 192 85 -1 -1 -1 0 
5 3 223 341 77 30 -1 -1 -1 0 
5 5 662 345 31 25 -1 -1 -1 0 
5 6 586 344 43 36 -1 -1 -1 0 
5 7 422 334 31 17 -1 -1 -1 0 
5 8 471 337 21 13 -1 -1 -1 0 
5 9 561 634 715 80 -1 -1 -1 0 
6 1 830 4 447 517 -1 -1 -1 0 
6 2 0 294 150 89 -1 -1 -1 0 
6 3 179 342 90 32 -1 -1 -1 0 
6 5 662 345 31 24 -1 -1 -1 0 
6 6 586 342 41 38 -1 -1 -1 0 
6 7 417 335 28 18 -1 -1 -1 0 
6 8 466 336 20 14 -1 -1 -1 0 
6 9 558 634 720 80 -1 -1 -1 0 
6 10 493 338 19 13 -1 -1 -1 0 
7 1 834 4 444 519 -1 -1 -1 0 
7 2 0 289 95 96 -1 -1 -1 0 
7 3 125 341 104 36 -1 -1 -1 0 
7 5 662 345 31 24 -1 -1 -1 0 
7 6 586 342 43 38 -1 -1 -1 0 
7 7 408 335 30 18 -1 -1 -1 0 
7 8 461 336 22 14 -1 -1 -1 0 
7 9 559 634 715 80 -1 -1 -1 0 
7 10 488 339 22 13 -1 -1 -1 0 
7 11 244 338 53 23 -1 -1 -1 0 
8 1 840 3 437 520 -1 -1 -1 0 
8 2 0 286 64 101 -1 -1 -1 0 
8 3 52 342 131 39 -1 -1 -1 0 
8 5 662 345 31 24 -1 -1 -1 0 
8 6 587 343 42 36 -1 -1 -1 0 
8 7 400 335 31 19 -1 -1 -1 0 
8 8 455 337 24 14 -1 -1 -1 0 
8 9 558 635 719 79 -1 -1 -1 0 
8 10 482 339 25 14 -1 -1 -1 0 
8 11 215 339 61 23 -1 -1 -1 0 
9 1 845 4 433 519 -1 -1 -1 0 
9 3 2 343 119 43 -1 -1 -1 0 
9 5 663 345 31 24 -1 -1 -1 0 
9 6 588 343 42 36 -1 -1 -1 0 
9 7 391 335 32 19 -1 -1 -1 0 
9 8 450 337 24 15 -1 -1 -1 0 
9 9 559 635 718 80 -1 -1 -1 0 
9 10 478 340 26 13 -1 -1 -1 0 
9 11 185 340 66 25 -1 -1 -1 0 
10 1 850 4 427 519 -1 -1 -1 0 
10 3 0 347 42 41 -1 -1 -1 0 
10 5 664 345 31 24 -1 -1 -1 0 
10 6 589 342 41 36 -1 -1 -1 0 
10 7 381 336 36 19 -1 -1 -1 0 
10 8 445 337 25 15 -1 -1 -1 0 
10 9 560 635 714 80 -1 -1 -1 0 
10 10 473 340 28 13 -1 -1 -1 0 
10 11 151 340 74 27 -1 -1 -1 0 
11 1 856 3 421 521 -1 -1 -1 0 
11 3 0 348 -1 43 -1 -1 -1 0 
11 5 665 345 31 25 -1 -1 -1 0 
11 6 591 342 40 35 -1 -1 -1 0 
11 7 372 336 36 20 -1 -1 -1 0 
11 8 439 337 25 16 -1 -1 -1 0 
11 9 563 635 712 80 -1 -1 -1 0 
11 10 469 340 25 13 -1 -1 -1 0 
11 11 110 340 85 30 -1 -1 -1 0 
12 1 862 2 415 520 -1 -1 -1 0 
12 5 668 344 29 26 -1 -1 -1 0 
12 6 592 343 41 34 -1 -1 -1 0 
12 7 361 336 38 21 -1 -1 -1 0 
12 8 433 337 25 16 -1 -1 -1 0 
12 9 558 635 719 80 -1 -1 -1 0 
12 10 465 340 21 14 -1 -1 -1 0 
12 11 62 341 97 32 -1 -1 -1 0 
13 1 867 2 412 513 -1 -1 -1 0 
13 5 668 343 30 27 -1 -1 -1 0 
13 6 593 342 42 35 -1 -1 -1 0 
13 7 348 336 43 22 -1 -1 -1 0 
13 8 427 336 26 17 -1 -1 -1 0 
13 9 564 633 709 82 -1 -1 -1 0 
13 10 457 340 24 14 -1 -1 -1 0 
13 11 4 342 111 35 -1 -1 -1 0 
14 1 875 3 403 506 -1 -1 -1 0 
14 5 670 343 29 27 -1 -1 -1 0 
14 6 595 342 41 35 -1 -1 -1 0 
14 7 335 337 45 22 -1 -1 -1 0 
14 8 420 336 32 18 -1 -1 -1 0 
14 9 564 633 709 82 -1 -1 -1 0 
14 10 451 340 25 14 -1 -1 -1 0 
14 11 0 343 62 37 -1 -1 -1 0 
15 1 888 3 386 515 -1 -1 -1 0 
15 5 671 344 29 26 -1 -1 -1 0 
15 6 596 342 41 35 -1 -1 -1 0 
15 7 321 338 47 23 -1 -1 -1 0 
15 8 412 335 36 20 -1 -1 -1 0 
15 9 558 635 721 79 -1 -1 -1 0 
15 10 444 340 27 16 -1 -1 -1 0 
15 11 0 343 29 40 -1 -1 -1 0 
16 1 896 3 380 519 -1 -1 -1 0 
16 5 672 344 30 26 -1 -1 -1 0 
16 6 598 342 40 35 -1 -1 -1 0 
16 7 305 338 49 24 -1 -1 -1 0 
16 8 405 337 30 19 -1 -1 -1 0 
16 9 560 635 717 79 -1 -1 -1 0 
16 10 436 339 27 17 -1 -1 -1 0 
17 1 906 2 368 534 -1 -1 -1 0 
17 5 673 344 30 26 -1 -1 -1 0 
17 6 599 342 40 35 -1 -1 -1 0 
17 7 286 339 54 23 -1 -1 -1 0 
17 8 394 337 34 19 -1 -1 -1 0 
17 9 559 635 718 79 -1 -1 -1 0 
17 10 428 338 27 19 -1 -1 -1 0 
18 1 916 3 358 551 -1 -1 -1 0 
18 5 673 345 31 26 -1 -1 -1 0 
18 6 600 343 41 34 -1 -1 -1 0 
18 7 264 339 59 25 -1 -1 -1 0 
18 8 384 338 30 18 -1 -1 -1 0 
18 9 562 635 714 79 -1 -1 -1 0 
18 10 417 337 32 21 -1 -1 -1 0 
19 1 927 3 347 568 -1 -1 -1 0 
19 5 674 345 30 26 -1 -1 -1 0 
19 6 601 342 40 35 -1 -1 -1 0 
19 7 240 338 64 27 -1 -1 -1 0 
19 8 372 338 35 19 -1 -1 -1 0 
19 9 562 636 714 78 -1 -1 -1 0 
19 10 404 338 35 21 -1 -1 -1 0 
20 1 935 3 342 574 -1 -1 -1 0 
20 5 674 345 30 25 -1 -1 -1 0 
20 6 602 342 40 35 -1 -1 -1 0 
20 7 210 338 72 28 -1 -1 -1 0 
20 8 359 337 36 21 -1 -1 -1 0 
20 9 562 635 714 79 -1 -1 -1 0 
20 10 391 339 38 20 -1 -1 -1 0 
20 14 453 339 20 12 -1 -1 -1 0 
21 1 947 3 330 572 -1 -1 -1 0 
21 5 674 345 31 25 -1 -1 -1 0 
21 6 602 342 41 34 -1 -1 -1 0 
21 7 178 337 79 31 -1 -1 -1 0 
21 8 344 336 39 22 -1 -1 -1 0 
21 9 559 635 717 80 -1 -1 -1 0 
21 10 379 339 38 21 -1 -1 -1 0 
21 14 446 339 23 12 -1 -1 -1 0 
22 1 963 7 314 577 -1 -1 -1 0 
22 5 674 344 32 25 -1 -1 -1 0 
22 6 603 342 40 33 -1 -1 -1 0 
22 7 140 337 88 33 -1 -1 -1 0 
22 8 329 336 40 23 -1 -1 -1 0 
22 9 558 635 718 80 -1 -1 -1 0 
22 10 361 339 44 21 -1 -1 -1 0 
22 14 441 339 22 12 -1 -1 -1 0 
23 1 975 7 304 558 -1 -1 -1 0 
23 5 675 344 31 25 -1 -1 -1 0 
23 6 604 342 40 32 -1 -1 -1 0 
23 7 93 338 105 35 -1 -1 -1 0 
23 8 312 336 43 24 -1 -1 -1 0 
23 10 343 340 48 21 -1 -1 -1 0 
23 14 435 339 21 12 -1 -1 -1 0 
23 15 493 339 28 15 -1 -1 -1 0 
24 1 993 36 286 519 -1 -1 -1 0 
24 5 676 344 30 25 -1 -1 -1 0 
24 6 605 342 40 32 -1 -1 -1 0 
24 7 38 337 118 39 -1 -1 -1 0 
24 8 292 336 47 25 -1 -1 -1 0 
24 9 560 635 717 80 -1 -1 -1 0 
24 10 324 340 50 23 -1 -1 -1 0 
24 14 427 339 23 12 -1 -1 -1 0 
24 15 483 339 32 16 -1 -1 -1 0 
25 1 1021 19 252 535 -1 -1 -1 0 
25 5 676 344 31 25 -1 -1 -1 0 
25 6 606 344 39 30 -1 -1 -1 0 
25 7 1 339 109 41 -1 -1 -1 0 
25 8 271 336 49 27 -1 -1 -1 0 
25 9 560 634 717 81 -1 -1 -1 0 
25 10 302 340 55 24 -1 -1 -1 0 
25 14 419 338 25 14 -1 -1 -1 0 
25 15 475 339 32 16 -1 -1 -1 0 
26 1 1037 66 242 481 -1 -1 -1 0 
26 5 676 345 32 24 -1 -1 -1 0 
26 6 608 344 37 31 -1 -1 -1 0 
26 7 0 340 53 42 -1 -1 -1 0 
26 8 247 338 52 27 -1 -1 -1 0 
26 10 278 340 58 27 -1 -1 -1 0 
26 14 412 337 27 15 -1 -1 -1 0 
26 15 465 339 34 17 -1 -1 -1 0 
27 1 1065 140 214 406 -1 -1 -1 0 
27 5 677 345 31 24 -1 -1 -1 0 
27 6 608 345 38 30 -1 -1 -1 0 
27 7 0 341 20 43 -1 -1 -1 0 
27 8 219 338 57 29 -1 -1 -1 0 
27 9 559 634 717 81 -1 -1 -1 0 
27 10 250 341 63 28 -1 -1 -1 0 
27 14 403 337 32 16 -1 -1 -1 0 
27 15 452 339 41 18 -1 -1 -1 0 
28 1 1104 161 170 401 -1 -1 -1 0 
28 5 677 345 31 25 -1 -1 -1 0 
28 6 610 345 36 30 -1 -1 -1 0 
28 8 187 340 60 30 -1 -1 -1 0 
28 9 559 634 717 81 -1 -1 -1 0 
28 10 216 341 71 32 -1 -1 -1 0 
28 14 395 339 28 15 -1 -1 -1 0 
28 15 437 341 49 19 -1 -1 -1 0 
29 1 1134 263 145 313 -1 -1 -1 0 
29 5 676 345 34 25 -1 -1 -1 0 
29 6 610 345 37 30 -1 -1 -1 0 
29 8 149 340 68 33 -1 -1 -1 0 
29 10 171 342 85 34 -1 -1 -1 0 
29 14 386 341 28 15 -1 -1 -1 0 
29 15 424 342 45 20 -1 -1 -1 0 
30 1 1186 315 88 274 -1 -1 -1 0 
30 5 677 345 33 25 -1 -1 -1 0 
30 6 611 346 36 29 -1 -1 -1 0 
30 8 127 340 70 35 -1 -1 -1 0 
30 10 117 342 101 39 -1 -1 -1 0 
30 14 375 341 34 17 -1 -1 -1 0 
30 15 405 344 48 19 -1 -1 -1 0 
31 1 1204 342 72 246 -1 -1 -1 0 
31 5 678 345 31 25 -1 -1 -1 0 
31 6 611 345 37 30 -1 -1 -1 0 
31 10 52 341 121 44 -1 -1 -1 0 
31 14 366 341 24 18 -1 -1 -1 0 
31 15 432 341 28 18 -1 -1 -1 0 
32 5 678 345 32 25 -1 -1 -1 0 
32 6 611 345 37 30 -1 -1 -1 0 
32 10 6 341 106 50 -1 -1 -1 0 
32 14 411 340 29 17 -1 -1 -1 0 
32 15 466 341 26 16 -1 -1 -1 0 
33 5 678 345 32 25 -1 -1 -1 0 
33 6 611 345 38 30 -1 -1 -1 0 
33 10 0 341 54 51 -1 -1 -1 0 
33 14 421 340 31 18 -1 -1 -1 0 
33 15 475 342 26 14 -1 -1 -1 0 
33 17 328 342 71 27 -1 -1 -1 0 
34 5 678 345 32 25 -1 -1 -1 0 
34 6 612 345 37 29 -1 -1 -1 0 
34 10 0 341 16 53 -1 -1 -1 0 
34 14 417 339 34 19 -1 -1 -1 0 
34 15 475 342 23 14 -1 -1 -1 0 
34 17 294 343 79 28 -1 -1 -1 0 
35 5 678 344 32 25 -1 -1 -1 0 
35 6 613 341 36 32 -1 -1 -1 0 
35 9 559 633 718 82 -1 -1 -1 0 
35 14 410 338 34 20 -1 -1 -1 0 
35 15 468 341 27 15 -1 -1 -1 0 
35 17 249 342 96 33 -1 -1 -1 0 
36 5 678 343 32 26 -1 -1 -1 0 
36 6 613 340 36 33 -1 -1 -1 0 
36 9 556 633 721 82 -1 -1 -1 0 
36 14 398 338 39 20 -1 -1 -1 0 
36 15 460 340 27 16 -1 -1 -1 0 
36 17 193 343 112 36 -1 -1 -1 0 
37 5 678 343 31 26 -1 -1 -1 0 
37 6 612 341 37 31 -1 -1 -1 0 
37 9 556 633 721 82 -1 -1 -1 0 
37 14 396 337 41 22 -1 -1 -1 0 
37 15 452 340 27 17 -1 -1 -1 0 
37 17 118 344 137 40 -1 -1 -1 0 
38 5 677 342 32 27 -1 -1 -1 0 
38 6 613 341 36 31 -1 -1 -1 0 
38 14 372 336 45 24 -1 -1 -1 0 
38 15 441 339 30 19 -1 -1 -1 0 
38 17 13 346 181 44 -1 -1 -1 0 
39 5 677 342 31 27 -1 -1 -1 0 
39 6 613 340 36 31 -1 -1 -1 0 
39 9 555 634 723 81 -1 -1 -1 0 
39 14 356 336 49 25 -1 -1 -1 0 
39 15 429 339 32 19 -1 -1 -1 0 
39 17 0 345 104 48 -1 -1 -1 0 
39 20 221 344 53 23 -1 -1 -1 0 
40 5 676 342 32 26 -1 -1 -1 0 
40 6 612 341 36 30 -1 -1 -1 0 
40 9 559 634 717 82 -1 -1 -1 0 
40 14 341 338 49 24 -1 -1 -1 0 
40 15 415 341 39 18 -1 -1 -1 0 
40 17 0 346 54 50 -1 -1 -1 0 
40 20 192 345 60 24 -1 -1 -1 0 
