3 1 745 347 56 39 -1 -1 -1 0 
3 2 1 309 444 405 -1 -1 -1 0 
3 3 559 636 716 79 -1 -1 -1 0 
3 4 670 329 24 32 -1 -1 -1 0 
4 1 745 348 56 37 -1 -1 -1 0 
4 2 1 310 448 403 -1 -1 -1 0 
4 3 560 635 715 81 -1 -1 -1 0 
4 4 671 329 22 33 -1 -1 -1 0 
5 1 746 348 54 38 -1 -1 -1 0 
5 2 1 310 453 401 -1 -1 -1 0 
5 3 558 634 718 82 -1 -1 -1 0 
5 4 671 329 22 33 -1 -1 -1 0 
6 1 746 348 54 38 -1 -1 -1 0 
6 2 1 312 455 398 -1 -1 -1 0 
6 3 555 634 724 81 -1 -1 -1 0 
6 4 671 329 23 33 -1 -1 -1 0 
7 1 745 348 56 38 -1 -1 -1 0 
7 2 0 314 462 387 -1 -1 -1 0 
7 3 565 634 711 81 -1 -1 -1 0 
7 4 670 328 24 33 -1 -1 -1 0 
8 1 745 348 55 38 -1 -1 -1 0 
8 2 0 315 465 374 -1 -1 -1 0 
8 3 560 634 717 81 -1 -1 -1 0 
8 4 670 328 24 33 -1 -1 -1 0 
9 1 745 348 55 38 -1 -1 -1 0 
9 2 0 316 469 360 -1 -1 -1 0 
9 3 558 635 721 80 -1 -1 -1 0 
9 4 671 328 24 33 -1 -1 -1 0 
10 1 745 348 55 38 -1 -1 -1 0 
10 2 0 318 476 340 -1 -1 -1 0 
10 3 560 635 716 80 -1 -1 -1 0 
10 4 671 328 24 33 -1 -1 -1 0 
11 1 746 348 54 38 -1 -1 -1 0 
11 2 0 318 478 329 -1 -1 -1 0 
11 3 558 635 720 80 -1 -1 -1 0 
11 4 671 328 23 34 -1 -1 -1 0 
12 1 745 348 56 38 -1 -1 -1 0 
12 2 1 318 479 319 -1 -1 -1 0 
12 3 558 635 719 79 -1 -1 -1 0 
12 4 671 328 24 34 -1 -1 -1 0 
13 1 746 348 54 38 -1 -1 -1 0 
13 2 2 319 480 308 -1 -1 -1 0 
13 3 558 635 718 79 -1 -1 -1 0 
13 4 671 328 24 34 -1 -1 -1 0 
14 1 746 347 54 39 -1 -1 -1 0 
14 2 2 319 483 299 -1 -1 -1 0 
14 3 562 635 711 80 -1 -1 -1 0 
14 4 671 328 24 33 -1 -1 -1 0 
15 1 745 347 56 39 -1 -1 -1 0 
15 2 2 320 486 289 -1 -1 -1 0 
15 3 559 635 718 80 -1 -1 -1 0 
15 4 671 328 24 33 -1 -1 -1 0 
16 1 745 347 57 39 -1 -1 -1 0 
16 2 3 320 486 283 -1 -1 -1 0 
16 3 559 635 718 80 -1 -1 -1 0 
16 4 672 327 22 34 -1 -1 -1 0 
17 1 745 347 57 39 -1 -1 -1 0 
17 2 5 320 484 284 -1 -1 -1 0 
17 3 558 635 721 80 -1 -1 -1 0 
17 4 672 327 22 34 -1 -1 -1 0 
18 1 745 347 57 38 -1 -1 -1 0 
18 2 6 320 484 290 -1 -1 -1 0 
18 3 561 636 715 79 -1 -1 -1 0 
18 4 672 327 23 34 -1 -1 -1 0 
19 1 745 347 57 38 -1 -1 -1 0 
19 2 0 320 502 275 -1 -1 -1 0 
19 3 559 636 717 79 -1 -1 -1 0 
19 4 672 327 22 34 -1 -1 -1 0 
20 1 746 347 56 38 -1 -1 -1 0 
20 2 2 320 499 269 -1 -1 -1 0 
20 3 560 636 716 80 -1 -1 -1 0 
20 4 672 327 22 34 -1 -1 -1 0 
21 1 746 348 56 38 -1 -1 -1 0 
21 2 1 321 503 260 -1 -1 -1 0 
21 3 559 636 719 79 -1 -1 -1 0 
21 4 671 327 24 35 -1 -1 -1 0 
22 1 746 348 55 38 -1 -1 -1 0 
22 2 2 322 503 250 -1 -1 -1 0 
22 3 560 635 716 80 -1 -1 -1 0 
22 4 671 327 24 34 -1 -1 -1 0 
23 1 746 348 56 38 -1 -1 -1 0 
23 2 12 323 494 241 -1 -1 -1 0 
23 3 559 635 718 80 -1 -1 -1 0 
23 4 672 327 22 34 -1 -1 -1 0 
24 1 746 348 56 38 -1 -1 -1 0 
24 2 32 324 475 233 -1 -1 -1 0 
24 3 562 635 714 80 -1 -1 -1 0 
24 4 672 326 22 35 -1 -1 -1 0 
24 7 631 346 21 19 -1 -1 -1 0 
25 1 746 347 55 38 -1 -1 -1 0 
25 2 53 325 454 225 -1 -1 -1 0 
25 3 559 635 718 80 -1 -1 -1 0 
25 4 671 327 24 34 -1 -1 -1 0 
25 7 631 346 21 19 -1 -1 -1 0 
26 1 747 346 54 39 -1 -1 -1 0 
26 2 73 325 436 220 -1 -1 -1 0 
26 3 559 636 718 80 -1 -1 -1 0 
26 4 671 327 24 33 -1 -1 -1 0 
27 1 747 346 54 38 -1 -1 -1 0 
27 2 90 325 422 214 -1 -1 -1 0 
27 3 561 635 714 81 -1 -1 -1 0 
27 4 671 327 24 33 -1 -1 -1 0 
28 1 745 346 57 38 -1 -1 -1 0 
28 2 110 326 404 209 -1 -1 -1 0 
28 3 561 634 715 82 -1 -1 -1 0 
28 4 671 326 23 34 -1 -1 -1 0 
29 1 745 346 57 38 -1 -1 -1 0 
29 2 124 326 393 205 -1 -1 -1 0 
29 3 557 634 721 82 -1 -1 -1 0 
29 4 671 326 24 33 -1 -1 -1 0 
29 7 630 346 23 18 -1 -1 -1 0 
29 8 149 357 91 27 -1 -1 -1 0 
30 1 745 346 57 38 -1 -1 -1 0 
30 2 138 327 382 200 -1 -1 -1 0 
30 3 557 635 722 81 -1 -1 -1 0 
30 4 671 326 23 34 -1 -1 -1 0 
30 7 631 346 21 17 -1 -1 -1 0 
30 8 110 358 96 36 -1 -1 -1 0 
31 1 746 346 55 38 -1 -1 -1 0 
31 2 153 326 370 195 -1 -1 -1 0 
31 3 559 635 718 81 -1 -1 -1 0 
31 4 670 326 24 34 -1 -1 -1 0 
31 7 631 346 21 17 -1 -1 -1 0 
31 8 59 358 112 46 -1 -1 -1 0 
32 1 746 346 55 38 -1 -1 -1 0 
32 2 167 326 357 192 -1 -1 -1 0 
32 3 557 635 722 80 -1 -1 -1 0 
32 4 671 326 23 34 -1 -1 -1 0 
32 7 631 346 22 17 -1 -1 -1 0 
32 8 1 360 120 48 -1 -1 -1 0 
33 1 746 346 55 38 -1 -1 -1 0 
33 2 179 326 349 189 -1 -1 -1 0 
33 3 560 635 715 80 -1 -1 -1 0 
33 4 671 326 23 33 -1 -1 -1 0 
33 7 631 346 22 17 -1 -1 -1 0 
33 8 0 361 87 52 -1 -1 -1 0 
34 1 747 346 53 37 -1 -1 -1 0 
34 2 191 326 340 185 -1 -1 -1 0 
34 3 557 636 722 79 -1 -1 -1 0 
34 7 631 346 24 16 -1 -1 -1 0 
35 1 747 346 53 37 -1 -1 -1 0 
35 2 203 326 330 181 -1 -1 -1 0 
35 3 561 636 714 78 -1 -1 -1 0 
35 7 631 346 24 16 -1 -1 -1 0 
36 1 747 346 53 38 -1 -1 -1 0 
36 2 213 326 322 178 -1 -1 -1 0 
36 3 561 636 714 79 -1 -1 -1 0 
36 4 671 326 24 34 -1 -1 -1 0 
37 1 746 347 55 37 -1 -1 -1 0 
37 2 224 327 312 174 -1 -1 -1 0 
37 3 562 636 715 79 -1 -1 -1 0 
37 4 672 325 23 35 -1 -1 -1 0 
38 1 747 347 53 37 -1 -1 -1 0 
38 2 235 327 303 172 -1 -1 -1 0 
38 3 558 636 720 79 -1 -1 -1 0 
39 1 747 347 54 37 -1 -1 -1 0 
39 2 244 328 296 169 -1 -1 -1 0 
39 3 560 636 717 79 -1 -1 -1 0 
40 1 747 347 54 37 -1 -1 -1 0 
40 2 251 328 292 166 -1 -1 -1 0 
40 3 561 635 715 80 -1 -1 -1 0 
