3 1 842 343 86 52 -1 -1 -1 0 
3 2 525 334 97 73 -1 -1 -1 0 
3 3 305 339 52 28 -1 -1 -1 0 
3 4 750 342 22 19 -1 -1 -1 0 
4 1 840 342 87 53 -1 -1 -1 0 
4 2 528 334 96 72 -1 -1 -1 0 
4 3 284 340 57 29 -1 -1 -1 0 
4 4 750 341 24 19 -1 -1 -1 0 
5 1 840 342 84 53 -1 -1 -1 0 
5 2 531 335 95 70 -1 -1 -1 0 
5 3 260 340 63 31 -1 -1 -1 0 
5 4 751 340 24 20 -1 -1 -1 0 
6 1 838 342 84 53 -1 -1 -1 0 
6 2 534 335 93 70 -1 -1 -1 0 
6 3 235 341 68 32 -1 -1 -1 0 
6 4 752 340 25 20 -1 -1 -1 0 
7 1 835 342 87 52 -1 -1 -1 0 
7 2 536 335 93 69 -1 -1 -1 0 
7 3 207 342 73 34 -1 -1 -1 0 
7 4 753 339 25 21 -1 -1 -1 0 
8 1 834 342 86 52 -1 -1 -1 0 
8 2 539 335 90 68 -1 -1 -1 0 
8 3 173 342 83 37 -1 -1 -1 0 
8 4 754 339 25 20 -1 -1 -1 0 
9 1 834 341 83 53 -1 -1 -1 0 
9 2 542 335 88 67 -1 -1 -1 0 
9 3 135 343 93 38 -1 -1 -1 0 
9 4 755 338 24 21 -1 -1 -1 0 
10 1 832 341 84 53 -1 -1 -1 0 
10 2 544 335 88 67 -1 -1 -1 0 
10 3 87 344 109 41 -1 -1 -1 0 
10 4 756 338 23 21 -1 -1 -1 0 
11 1 830 341 85 53 -1 -1 -1 0 
11 2 546 335 87 66 -1 -1 -1 0 
11 3 31 345 123 44 -1 -1 -1 0 
11 4 755 337 26 22 -1 -1 -1 0 
12 1 829 341 84 53 -1 -1 -1 0 
12 2 549 334 84 66 -1 -1 -1 0 
12 3 1 345 105 47 -1 -1 -1 0 
12 4 756 338 26 21 -1 -1 -1 0 
13 1 827 341 84 52 -1 -1 -1 0 
13 2 550 334 84 65 -1 -1 -1 0 
13 3 0 345 49 48 -1 -1 -1 0 
13 4 757 338 25 20 -1 -1 -1 0 
14 1 827 341 81 52 -1 -1 -1 0 
14 2 552 334 83 64 -1 -1 -1 0 
14 3 0 346 15 50 -1 -1 -1 0 
14 4 757 338 26 20 -1 -1 -1 0 
15 1 824 341 82 52 -1 -1 -1 0 
15 2 553 333 82 64 -1 -1 -1 0 
15 4 757 337 26 21 -1 -1 -1 0 
16 1 822 341 82 52 -1 -1 -1 0 
16 2 555 333 81 64 -1 -1 -1 0 
16 4 758 337 25 21 -1 -1 -1 0 
17 1 820 341 81 52 -1 -1 -1 0 
17 2 555 332 82 64 -1 -1 -1 0 
17 4 758 337 26 21 -1 -1 -1 0 
18 1 818 341 81 52 -1 -1 -1 0 
18 2 556 332 81 64 -1 -1 -1 0 
18 4 757 337 26 21 -1 -1 -1 0 
19 1 817 341 80 52 -1 -1 -1 0 
19 2 558 332 79 63 -1 -1 -1 0 
19 4 757 336 27 22 -1 -1 -1 0 
20 1 814 341 81 52 -1 -1 -1 0 
20 2 559 333 78 62 -1 -1 -1 0 
20 4 757 337 27 22 -1 -1 -1 0 
21 1 812 341 80 52 -1 -1 -1 0 
21 2 560 333 77 61 -1 -1 -1 0 
21 4 757 337 27 22 -1 -1 -1 0 
22 1 810 341 80 52 -1 -1 -1 0 
22 2 561 333 76 60 -1 -1 -1 0 
22 4 758 337 27 22 -1 -1 -1 0 
23 1 808 341 81 52 -1 -1 -1 0 
23 2 562 333 75 60 -1 -1 -1 0 
23 4 758 337 27 22 -1 -1 -1 0 
24 1 807 341 78 52 -1 -1 -1 0 
24 2 563 332 74 60 -1 -1 -1 0 
24 4 757 336 29 23 -1 -1 -1 0 
25 1 805 341 79 51 -1 -1 -1 0 
25 2 564 332 73 60 -1 -1 -1 0 
25 4 758 336 27 23 -1 -1 -1 0 
26 1 803 340 79 52 -1 -1 -1 0 
26 2 565 332 72 59 -1 -1 -1 0 
26 4 758 336 28 22 -1 -1 -1 0 
27 1 801 340 80 52 -1 -1 -1 0 
27 2 565 333 72 58 -1 -1 -1 0 
27 4 757 335 30 23 -1 -1 -1 0 
28 1 801 340 77 52 -1 -1 -1 0 
28 2 566 333 71 58 -1 -1 -1 0 
28 4 758 335 30 23 -1 -1 -1 0 
28 14 403 343 40 20 -1 -1 -1 0 
29 1 799 340 77 52 -1 -1 -1 0 
29 2 567 334 70 56 -1 -1 -1 0 
29 4 759 336 30 23 -1 -1 -1 0 
29 14 385 346 44 19 -1 -1 -1 0 
29 15 148 353 59 26 -1 -1 -1 0 
30 1 797 340 78 52 -1 -1 -1 0 
30 2 568 334 68 56 -1 -1 -1 0 
30 4 759 336 31 23 -1 -1 -1 0 
30 14 367 347 47 19 -1 -1 -1 0 
30 15 112 354 69 28 -1 -1 -1 0 
31 1 795 341 79 51 -1 -1 -1 0 
31 2 570 334 66 56 -1 -1 -1 0 
31 4 759 336 31 23 -1 -1 -1 0 
31 14 346 347 50 22 -1 -1 -1 0 
31 15 76 356 73 30 -1 -1 -1 0 
32 1 794 341 78 51 -1 -1 -1 0 
32 2 570 334 67 56 -1 -1 -1 0 
32 4 760 336 30 24 -1 -1 -1 0 
32 14 320 349 59 22 -1 -1 -1 0 
32 15 32 358 85 31 -1 -1 -1 0 
33 1 793 341 77 51 -1 -1 -1 0 
33 2 571 334 66 56 -1 -1 -1 0 
33 4 760 337 31 23 -1 -1 -1 0 
33 14 293 350 63 25 -1 -1 -1 0 
33 15 0 360 78 32 -1 -1 -1 0 
34 1 791 340 77 52 -1 -1 -1 0 
34 2 571 334 67 56 -1 -1 -1 0 
34 4 760 337 32 23 -1 -1 -1 0 
34 14 262 351 68 27 -1 -1 -1 0 
34 15 0 362 36 33 -1 -1 -1 0 
35 1 790 340 77 52 -1 -1 -1 0 
35 2 571 334 66 56 -1 -1 -1 0 
35 4 761 337 32 23 -1 -1 -1 0 
35 14 223 352 78 30 -1 -1 -1 0 
35 15 0 364 9 33 -1 -1 -1 0 
36 1 789 339 77 52 -1 -1 -1 0 
36 2 571 334 66 55 -1 -1 -1 0 
36 4 762 337 32 23 -1 -1 -1 0 
36 14 174 352 93 34 -1 -1 -1 0 
37 1 787 339 78 52 -1 -1 -1 0 
37 2 572 334 66 55 -1 -1 -1 0 
37 4 761 336 38 25 -1 -1 -1 0 
37 14 108 354 119 37 -1 -1 -1 0 
38 1 786 339 78 52 -1 -1 -1 0 
38 2 574 334 63 54 -1 -1 -1 0 
38 4 762 336 36 25 -1 -1 -1 0 
38 14 28 356 143 41 -1 -1 -1 0 
39 1 785 338 77 53 -1 -1 -1 0 
39 2 575 332 62 55 -1 -1 -1 0 
39 4 763 336 36 25 -1 -1 -1 0 
39 14 0 358 100 43 -1 -1 -1 0 
39 20 574 332 64 55 -1 -1 -1 0 
40 1 784 338 76 52 -1 -1 -1 0 
40 2 575 332 63 55 -1 -1 -1 0 
40 4 764 336 35 25 -1 -1 -1 0 
40 14 0 360 58 44 -1 -1 -1 0 
40 20 575 333 64 54 -1 -1 -1 0 
40 21 424 348 46 16 -1 -1 -1 0 
