3 1 373 363 187 112 -1 -1 -1 0 
3 2 837 351 159 86 -1 -1 -1 0 
3 3 669 346 38 26 -1 -1 -1 0 
3 4 612 341 23 19 -1 -1 -1 0 
3 5 563 634 710 80 -1 -1 -1 0 
4 1 380 362 183 110 -1 -1 -1 0 
4 2 836 350 158 86 -1 -1 -1 0 
4 3 669 346 37 26 -1 -1 -1 0 
4 4 613 340 22 19 -1 -1 -1 0 
4 5 563 633 712 81 -1 -1 -1 0 
5 1 387 361 179 107 -1 -1 -1 0 
5 2 834 350 158 84 -1 -1 -1 0 
5 3 668 346 39 26 -1 -1 -1 0 
5 4 613 339 22 20 -1 -1 -1 0 
5 5 562 633 716 82 -1 -1 -1 0 
6 1 395 361 172 105 -1 -1 -1 0 
6 2 834 350 156 83 -1 -1 -1 0 
6 3 669 344 36 28 -1 -1 -1 0 
6 4 612 340 22 19 -1 -1 -1 0 
6 5 558 635 720 80 -1 -1 -1 0 
7 1 403 361 168 102 -1 -1 -1 0 
7 2 833 349 154 83 -1 -1 -1 0 
7 3 669 343 36 29 -1 -1 -1 0 
7 4 612 340 22 18 -1 -1 -1 0 
7 5 561 635 715 80 -1 -1 -1 0 
8 1 407 361 166 99 -1 -1 -1 0 
8 2 832 348 154 84 -1 -1 -1 0 
8 3 667 343 39 28 -1 -1 -1 0 
8 4 612 340 22 18 -1 -1 -1 0 
8 5 571 635 703 80 -1 -1 -1 0 
9 1 414 360 159 99 -1 -1 -1 0 
9 2 831 348 152 83 -1 -1 -1 0 
9 3 668 342 37 29 -1 -1 -1 0 
9 4 612 340 21 18 -1 -1 -1 0 
9 5 572 635 703 80 -1 -1 -1 0 
10 1 420 360 155 96 -1 -1 -1 0 
10 2 829 348 152 82 -1 -1 -1 0 
10 3 666 343 38 28 -1 -1 -1 0 
10 4 611 341 22 17 -1 -1 -1 0 
10 5 563 634 714 81 -1 -1 -1 0 
11 1 425 359 152 95 -1 -1 -1 0 
11 2 829 348 148 82 -1 -1 -1 0 
11 3 667 343 36 28 -1 -1 -1 0 
11 4 612 340 20 18 -1 -1 -1 0 
11 5 571 634 704 81 -1 -1 -1 0 
12 1 429 358 149 93 -1 -1 -1 0 
12 2 827 348 148 80 -1 -1 -1 0 
12 3 665 343 39 27 -1 -1 -1 0 
12 4 612 339 20 18 -1 -1 -1 0 
12 5 557 634 722 80 -1 -1 -1 0 
13 1 434 357 144 94 -1 -1 -1 0 
13 2 825 348 149 79 -1 -1 -1 0 
13 3 665 343 37 28 -1 -1 -1 0 
13 4 611 339 21 18 -1 -1 -1 0 
13 5 563 634 712 80 -1 -1 -1 0 
14 1 438 357 143 91 -1 -1 -1 0 
14 2 825 348 146 79 -1 -1 -1 0 
14 3 664 342 39 29 -1 -1 -1 0 
14 4 609 339 23 18 -1 -1 -1 0 
14 5 577 634 696 80 -1 -1 -1 0 
15 1 442 357 140 89 -1 -1 -1 0 
15 2 823 349 147 78 -1 -1 -1 0 
15 3 664 342 38 28 -1 -1 -1 0 
15 4 610 339 21 17 -1 -1 -1 0 
15 5 577 634 700 80 -1 -1 -1 0 
16 1 446 357 138 87 -1 -1 -1 0 
16 2 822 349 145 78 -1 -1 -1 0 
16 3 664 342 37 29 -1 -1 -1 0 
16 4 610 339 20 18 -1 -1 -1 0 
16 5 581 634 694 81 -1 -1 -1 0 
17 1 451 357 134 86 -1 -1 -1 0 
17 2 821 349 143 79 -1 -1 -1 0 
17 3 663 343 38 29 -1 -1 -1 0 
17 4 609 341 22 17 -1 -1 -1 0 
17 5 567 634 712 80 -1 -1 -1 0 
18 1 455 358 131 84 -1 -1 -1 0 
18 2 820 349 142 79 -1 -1 -1 0 
18 3 662 344 39 28 -1 -1 -1 0 
18 4 610 342 20 16 -1 -1 -1 0 
18 5 580 634 696 80 -1 -1 -1 0 
19 1 458 358 129 82 -1 -1 -1 0 
19 2 818 349 143 79 -1 -1 -1 0 
19 3 663 343 37 29 -1 -1 -1 0 
19 4 610 341 20 17 -1 -1 -1 0 
19 5 581 634 695 80 -1 -1 -1 0 
20 1 462 358 126 82 -1 -1 -1 0 
20 2 817 350 141 78 -1 -1 -1 0 
20 3 661 345 39 28 -1 -1 -1 0 
20 4 610 341 19 17 -1 -1 -1 0 
20 5 566 634 712 79 -1 -1 -1 0 
21 1 466 358 123 80 -1 -1 -1 0 
21 2 817 350 139 78 -1 -1 -1 0 
21 3 661 345 38 28 -1 -1 -1 0 
21 4 609 341 20 17 -1 -1 -1 0 
21 5 560 635 718 78 -1 -1 -1 0 
22 1 469 357 122 79 -1 -1 -1 0 
22 2 817 350 137 77 -1 -1 -1 0 
22 3 661 344 38 29 -1 -1 -1 0 
22 4 610 342 19 16 -1 -1 -1 0 
22 5 559 635 719 78 -1 -1 -1 0 
23 1 472 357 120 78 -1 -1 -1 0 
23 2 815 350 137 77 -1 -1 -1 0 
23 3 660 344 39 29 -1 -1 -1 0 
23 4 609 342 20 16 -1 -1 -1 0 
23 5 561 634 713 79 -1 -1 -1 0 
24 1 475 357 118 76 -1 -1 -1 0 
24 2 815 350 136 76 -1 -1 -1 0 
24 3 660 343 39 29 -1 -1 -1 0 
24 4 608 342 20 17 -1 -1 -1 0 
24 5 560 634 713 79 -1 -1 -1 0 
25 1 479 356 115 76 -1 -1 -1 0 
25 2 815 349 133 76 -1 -1 -1 0 
25 3 660 343 39 29 -1 -1 -1 0 
25 4 608 342 20 17 -1 -1 -1 0 
26 1 482 355 113 75 -1 -1 -1 0 
26 2 813 349 134 74 -1 -1 -1 0 
26 3 660 343 39 27 -1 -1 -1 0 
26 4 608 340 20 17 -1 -1 -1 0 
27 1 485 355 111 74 -1 -1 -1 0 
27 2 811 349 134 74 -1 -1 -1 0 
27 3 659 343 40 27 -1 -1 -1 0 
27 4 608 341 21 16 -1 -1 -1 0 
27 5 558 635 716 78 -1 -1 -1 0 
28 1 488 355 109 72 -1 -1 -1 0 
28 2 812 349 129 73 -1 -1 -1 0 
28 3 659 343 39 27 -1 -1 -1 0 
28 4 608 340 20 17 -1 -1 -1 0 
28 5 560 635 715 78 -1 -1 -1 0 
29 1 490 354 108 72 -1 -1 -1 0 
29 2 811 348 128 74 -1 -1 -1 0 
29 3 659 344 39 26 -1 -1 -1 0 
29 4 608 341 19 16 -1 -1 -1 0 
29 5 560 635 715 78 -1 -1 -1 0 
30 1 494 354 105 71 -1 -1 -1 0 
30 2 810 347 127 74 -1 -1 -1 0 
30 3 660 344 37 26 -1 -1 -1 0 
30 4 608 341 20 16 -1 -1 -1 0 
30 5 562 635 710 78 -1 -1 -1 0 
31 1 497 353 103 70 -1 -1 -1 0 
31 2 808 347 128 74 -1 -1 -1 0 
31 3 659 344 38 26 -1 -1 -1 0 
31 4 608 341 20 16 -1 -1 -1 0 
31 5 562 635 710 78 -1 -1 -1 0 
32 1 499 353 101 69 -1 -1 -1 0 
32 2 806 347 129 74 -1 -1 -1 0 
32 3 659 344 37 27 -1 -1 -1 0 
32 4 608 341 19 17 -1 -1 -1 0 
33 1 501 353 100 68 -1 -1 -1 0 
33 2 804 348 129 72 -1 -1 -1 0 
33 3 659 343 37 28 -1 -1 -1 0 
33 4 607 341 21 17 -1 -1 -1 0 
33 5 559 635 718 78 -1 -1 -1 0 
34 1 504 353 97 67 -1 -1 -1 0 
34 2 804 348 126 72 -1 -1 -1 0 
34 3 658 343 38 28 -1 -1 -1 0 
34 4 607 342 20 16 -1 -1 -1 0 
34 5 560 635 715 78 -1 -1 -1 0 
35 1 505 352 98 67 -1 -1 -1 0 
35 2 803 348 125 72 -1 -1 -1 0 
35 3 658 343 39 29 -1 -1 -1 0 
35 4 608 341 18 17 -1 -1 -1 0 
35 5 560 635 715 78 -1 -1 -1 0 
36 1 507 352 96 66 -1 -1 -1 0 
36 2 802 348 124 72 -1 -1 -1 0 
36 3 657 345 39 27 -1 -1 -1 0 
36 4 608 341 18 16 -1 -1 -1 0 
37 1 509 352 94 65 -1 -1 -1 0 
37 2 801 348 123 72 -1 -1 -1 0 
37 3 657 346 39 27 -1 -1 -1 0 
37 4 608 341 18 18 -1 -1 -1 0 
37 5 560 635 717 78 -1 -1 -1 0 
38 1 512 352 92 64 -1 -1 -1 0 
38 2 800 348 122 72 -1 -1 -1 0 
38 3 657 346 38 27 -1 -1 -1 0 
38 4 607 341 20 18 -1 -1 -1 0 
38 5 560 635 717 78 -1 -1 -1 0 
39 1 514 353 90 62 -1 -1 -1 0 
39 2 799 348 121 71 -1 -1 -1 0 
39 3 657 347 37 27 -1 -1 -1 0 
39 4 607 342 20 18 -1 -1 -1 0 
39 5 562 635 713 78 -1 -1 -1 0 
40 1 515 353 89 61 -1 -1 -1 0 
40 2 798 349 121 70 -1 -1 -1 0 
40 3 657 348 38 26 -1 -1 -1 0 
40 4 607 342 20 18 -1 -1 -1 0 
40 5 562 634 713 79 -1 -1 -1 0 
