3 1 0 450 223 253 -1 -1 -1 0 
3 2 481 343 67 44 -1 -1 -1 0 
3 4 799 340 47 36 -1 -1 -1 0 
3 5 684 343 32 30 -1 -1 -1 0 
4 1 1 448 222 256 -1 -1 -1 0 
4 2 481 343 68 45 -1 -1 -1 0 
4 4 800 341 47 35 -1 -1 -1 0 
4 5 684 343 33 30 -1 -1 -1 0 
5 1 0 447 225 257 -1 -1 -1 0 
5 2 482 343 67 45 -1 -1 -1 0 
5 4 800 342 49 35 -1 -1 -1 0 
5 5 683 342 34 32 -1 -1 -1 0 
5 7 573 634 698 78 -1 -1 -1 0 
6 1 1 444 225 260 -1 -1 -1 0 
6 2 482 343 67 45 -1 -1 -1 0 
6 4 801 342 47 35 -1 -1 -1 0 
6 5 683 342 35 32 -1 -1 -1 0 
6 7 561 634 715 78 -1 -1 -1 0 
7 1 0 444 228 259 -1 -1 -1 0 
7 2 483 343 65 45 -1 -1 -1 0 
7 4 801 342 48 36 -1 -1 -1 0 
7 5 683 343 34 31 -1 -1 -1 0 
7 7 560 634 716 79 -1 -1 -1 0 
8 1 0 443 229 260 -1 -1 -1 0 
8 2 483 343 66 45 -1 -1 -1 0 
8 4 801 343 49 35 -1 -1 -1 0 
8 5 683 343 34 31 -1 -1 -1 0 
9 1 0 443 230 259 -1 -1 -1 0 
9 2 482 344 68 45 -1 -1 -1 0 
9 4 801 343 49 36 -1 -1 -1 0 
9 5 684 344 33 30 -1 -1 -1 0 
10 1 1 442 229 261 -1 -1 -1 0 
10 2 482 345 68 44 -1 -1 -1 0 
10 4 800 343 51 36 -1 -1 -1 0 
10 5 684 344 33 30 -1 -1 -1 0 
10 7 562 634 712 79 -1 -1 -1 0 
11 1 1 440 230 263 -1 -1 -1 0 
11 2 482 346 68 43 -1 -1 -1 0 
11 4 801 344 50 36 -1 -1 -1 0 
11 5 684 344 33 31 -1 -1 -1 0 
11 7 561 633 714 81 -1 -1 -1 0 
12 1 0 439 233 263 -1 -1 -1 0 
12 2 483 346 66 44 -1 -1 -1 0 
12 4 802 344 50 37 -1 -1 -1 0 
12 5 683 344 34 32 -1 -1 -1 0 
13 1 0 438 235 264 -1 -1 -1 0 
13 2 482 346 68 44 -1 -1 -1 0 
13 4 801 344 52 37 -1 -1 -1 0 
13 5 682 348 37 28 -1 -1 -1 0 
14 1 1 437 235 267 -1 -1 -1 0 
14 2 483 347 66 43 -1 -1 -1 0 
14 4 802 344 53 37 -1 -1 -1 0 
14 5 683 348 35 28 -1 -1 -1 0 
15 1 0 438 238 266 -1 -1 -1 0 
15 2 483 347 67 44 -1 -1 -1 0 
15 4 802 345 53 36 -1 -1 -1 0 
15 5 683 348 36 28 -1 -1 -1 0 
15 7 563 634 712 79 -1 -1 -1 0 
16 1 1 437 238 267 -1 -1 -1 0 
16 2 484 347 66 44 -1 -1 -1 0 
16 4 802 345 54 36 -1 -1 -1 0 
16 5 684 347 34 29 -1 -1 -1 0 
16 7 559 634 716 79 -1 -1 -1 0 
17 1 0 438 240 267 -1 -1 -1 0 
17 2 483 347 68 44 -1 -1 -1 0 
17 4 804 345 51 36 -1 -1 -1 0 
17 5 683 347 36 29 -1 -1 -1 0 
17 7 559 635 717 78 -1 -1 -1 0 
18 1 1 437 239 268 -1 -1 -1 0 
18 2 484 347 67 44 -1 -1 -1 0 
18 4 803 344 54 37 -1 -1 -1 0 
18 5 684 348 34 28 -1 -1 -1 0 
19 1 1 437 240 268 -1 -1 -1 0 
19 2 483 347 68 43 -1 -1 -1 0 
19 4 804 343 52 38 -1 -1 -1 0 
19 5 683 346 35 30 -1 -1 -1 0 
19 7 574 635 700 78 -1 -1 -1 0 
20 1 0 437 242 268 -1 -1 -1 0 
20 2 484 345 66 44 -1 -1 -1 0 
20 4 803 342 55 37 -1 -1 -1 0 
20 5 683 343 34 31 -1 -1 -1 0 
20 7 567 635 710 78 -1 -1 -1 0 
21 1 1 437 241 269 -1 -1 -1 0 
21 2 484 345 66 44 -1 -1 -1 0 
21 4 803 342 56 37 -1 -1 -1 0 
21 5 683 342 34 32 -1 -1 -1 0 
21 7 575 635 698 78 -1 -1 -1 0 
22 1 0 437 243 269 -1 -1 -1 0 
22 2 484 343 65 45 -1 -1 -1 0 
22 4 804 340 54 38 -1 -1 -1 0 
22 5 682 342 36 31 -1 -1 -1 0 
22 7 566 635 711 77 -1 -1 -1 0 
23 1 1 436 242 270 -1 -1 -1 0 
23 2 483 342 67 45 -1 -1 -1 0 
23 4 805 340 53 38 -1 -1 -1 0 
23 5 683 341 34 31 -1 -1 -1 0 
23 7 566 635 711 77 -1 -1 -1 0 
24 1 0 436 244 270 -1 -1 -1 0 
24 2 484 342 66 45 -1 -1 -1 0 
24 4 805 339 54 38 -1 -1 -1 0 
24 5 682 340 36 31 -1 -1 -1 0 
25 1 0 436 245 269 -1 -1 -1 0 
25 2 483 341 67 45 -1 -1 -1 0 
25 4 804 338 56 39 -1 -1 -1 0 
25 5 683 340 35 30 -1 -1 -1 0 
26 1 0 436 246 269 -1 -1 -1 0 
26 2 483 340 68 45 -1 -1 -1 0 
26 4 803 338 57 39 -1 -1 -1 0 
26 5 683 340 35 29 -1 -1 -1 0 
27 1 0 436 247 269 -1 -1 -1 0 
27 2 483 339 68 45 -1 -1 -1 0 
27 4 803 339 57 39 -1 -1 -1 0 
27 5 683 339 35 30 -1 -1 -1 0 
28 1 1 435 246 270 -1 -1 -1 0 
28 2 484 338 66 46 -1 -1 -1 0 
28 4 804 339 57 39 -1 -1 -1 0 
28 5 682 339 36 29 -1 -1 -1 0 
28 7 558 635 717 77 -1 -1 -1 0 
29 1 1 432 247 273 -1 -1 -1 0 
29 2 484 337 66 46 -1 -1 -1 0 
29 4 804 338 57 39 -1 -1 -1 0 
29 5 683 338 34 30 -1 -1 -1 0 
29 7 557 635 718 77 -1 -1 -1 0 
30 1 0 431 250 273 -1 -1 -1 0 
30 2 483 336 68 45 -1 -1 -1 0 
30 4 803 337 59 40 -1 -1 -1 0 
30 5 683 337 34 30 -1 -1 -1 0 
30 7 558 635 717 77 -1 -1 -1 0 
31 1 0 430 251 273 -1 -1 -1 0 
31 2 484 335 66 45 -1 -1 -1 0 
31 4 804 336 58 40 -1 -1 -1 0 
31 5 683 335 34 31 -1 -1 -1 0 
31 7 558 635 717 77 -1 -1 -1 0 
32 1 1 427 251 275 -1 -1 -1 0 
32 2 483 334 67 44 -1 -1 -1 0 
32 4 804 335 59 40 -1 -1 -1 0 
32 5 683 333 34 32 -1 -1 -1 0 
32 7 557 635 718 77 -1 -1 -1 0 
33 1 1 424 252 278 -1 -1 -1 0 
33 2 484 333 66 44 -1 -1 -1 0 
33 4 805 334 59 40 -1 -1 -1 0 
33 5 682 332 35 32 -1 -1 -1 0 
34 1 0 424 255 279 -1 -1 -1 0 
34 2 484 332 66 46 -1 -1 -1 0 
34 4 805 333 58 40 -1 -1 -1 0 
34 5 682 332 36 32 -1 -1 -1 0 
35 1 1 423 254 281 -1 -1 -1 0 
35 2 483 333 68 45 -1 -1 -1 0 
35 4 804 332 60 41 -1 -1 -1 0 
35 5 682 333 36 32 -1 -1 -1 0 
36 1 0 426 257 279 -1 -1 -1 0 
36 2 484 334 66 46 -1 -1 -1 0 
36 4 805 332 59 41 -1 -1 -1 0 
36 5 682 334 36 32 -1 -1 -1 0 
37 1 0 427 258 278 -1 -1 -1 0 
37 2 484 336 66 46 -1 -1 -1 0 
37 4 805 332 60 41 -1 -1 -1 0 
37 5 682 336 37 30 -1 -1 -1 0 
38 1 0 429 259 276 -1 -1 -1 0 
38 2 484 336 66 46 -1 -1 -1 0 
38 4 806 332 59 41 -1 -1 -1 0 
38 5 683 336 35 30 -1 -1 -1 0 
39 1 1 428 259 277 -1 -1 -1 0 
39 2 484 336 67 46 -1 -1 -1 0 
39 4 806 331 59 42 -1 -1 -1 0 
39 5 682 336 36 31 -1 -1 -1 0 
39 7 579 635 695 77 -1 -1 -1 0 
40 1 1 428 259 278 -1 -1 -1 0 
40 2 484 336 66 46 -1 -1 -1 0 
40 4 806 331 61 42 -1 -1 -1 0 
40 5 679 341 41 26 -1 -1 -1 0 
40 7 563 635 715 77 -1 -1 -1 0 
