3 1 798 338 110 76 -1 -1 -1 0 
3 2 1125 258 152 170 -1 -1 -1 0 
3 3 557 635 720 79 -1 -1 -1 0 
3 4 183 343 177 61 -1 -1 -1 0 
4 1 797 341 111 76 -1 -1 -1 0 
4 2 1137 258 141 170 -1 -1 -1 0 
4 3 556 635 722 79 -1 -1 -1 0 
4 4 37 348 253 79 -1 -1 -1 0 
4 5 492 351 32 18 -1 -1 -1 0 
5 1 798 342 111 77 -1 -1 -1 0 
5 2 1150 260 128 170 -1 -1 -1 0 
5 3 557 634 720 79 -1 -1 -1 0 
5 4 1 352 189 91 -1 -1 -1 0 
5 5 480 355 35 19 -1 -1 -1 0 
6 1 799 343 111 77 -1 -1 -1 0 
6 2 1163 268 116 161 -1 -1 -1 0 
6 3 559 633 718 80 -1 -1 -1 0 
6 4 0 356 132 100 -1 -1 -1 0 
6 5 467 357 36 20 -1 -1 -1 0 
7 1 800 342 110 78 -1 -1 -1 0 
7 2 1176 284 103 145 -1 -1 -1 0 
7 3 557 633 721 79 -1 -1 -1 0 
7 5 452 357 40 21 -1 -1 -1 0 
7 8 206 351 151 66 -1 -1 -1 0 
7 9 746 347 21 15 -1 -1 -1 0 
8 1 799 342 113 77 -1 -1 -1 0 
8 2 1183 289 96 141 -1 -1 -1 0 
8 3 557 633 722 79 -1 -1 -1 0 
8 5 435 356 43 23 -1 -1 -1 0 
8 8 121 352 188 78 -1 -1 -1 0 
8 9 747 346 21 15 -1 -1 -1 0 
8 11 772 345 18 17 -1 -1 -1 0 
9 1 800 341 112 76 -1 -1 -1 0 
9 5 415 356 48 24 -1 -1 -1 0 
9 8 10 352 242 91 -1 -1 -1 0 
9 9 748 343 20 15 -1 -1 -1 0 
9 11 639 345 28 15 -1 -1 -1 0 
10 1 801 340 110 76 -1 -1 -1 0 
10 3 561 635 716 78 -1 -1 -1 0 
10 5 394 357 51 25 -1 -1 -1 0 
10 8 0 353 168 99 -1 -1 -1 0 
10 9 748 342 20 15 -1 -1 -1 0 
10 11 595 345 27 14 -1 -1 -1 0 
11 1 800 338 111 77 -1 -1 -1 0 
11 3 561 635 716 78 -1 -1 -1 0 
11 5 368 356 58 27 -1 -1 -1 0 
11 8 0 354 120 107 -1 -1 -1 0 
11 9 747 341 22 15 -1 -1 -1 0 
11 11 580 344 29 14 -1 -1 -1 0 
11 12 1239 351 39 79 -1 -1 -1 0 
12 1 800 337 111 77 -1 -1 -1 0 
12 5 340 355 63 31 -1 -1 -1 0 
12 9 748 340 20 15 -1 -1 -1 0 
12 11 572 344 31 15 -1 -1 -1 0 
12 12 1258 363 20 55 -1 -1 -1 0 
12 13 490 352 63 22 -1 -1 -1 0 
13 1 800 336 111 77 -1 -1 -1 0 
13 3 562 632 712 81 -1 -1 -1 0 
13 5 304 355 73 34 -1 -1 -1 0 
13 9 747 339 20 16 -1 -1 -1 0 
13 11 567 345 28 15 -1 -1 -1 0 
13 12 1267 372 12 42 -1 -1 -1 0 
13 13 475 352 61 25 -1 -1 -1 0 
13 15 546 344 29 18 -1 -1 -1 0 
14 1 799 335 112 77 -1 -1 -1 0 
14 3 555 634 724 80 -1 -1 -1 0 
14 5 260 356 86 36 -1 -1 -1 0 
14 9 747 337 21 17 -1 -1 -1 0 
14 11 560 345 29 15 -1 -1 -1 0 
14 13 455 352 65 26 -1 -1 -1 0 
14 15 538 344 29 18 -1 -1 -1 0 
15 1 799 334 112 77 -1 -1 -1 0 
15 3 555 635 724 79 -1 -1 -1 0 
15 5 208 358 101 40 -1 -1 -1 0 
15 9 747 337 22 17 -1 -1 -1 0 
15 11 553 345 32 16 -1 -1 -1 0 
15 13 432 355 70 27 -1 -1 -1 0 
15 15 529 346 27 16 -1 -1 -1 0 
16 1 799 333 111 77 -1 -1 -1 0 
16 3 558 635 719 79 -1 -1 -1 0 
16 5 140 360 121 47 -1 -1 -1 0 
16 9 748 336 22 17 -1 -1 -1 0 
16 11 545 345 33 17 -1 -1 -1 0 
16 13 400 357 79 29 -1 -1 -1 0 
16 15 518 346 32 17 -1 -1 -1 0 
17 1 800 332 111 76 -1 -1 -1 0 
17 3 560 635 715 79 -1 -1 -1 0 
17 5 44 364 157 54 -1 -1 -1 0 
17 9 749 337 21 15 -1 -1 -1 0 
17 11 537 343 37 20 -1 -1 -1 0 
17 13 357 359 92 33 -1 -1 -1 0 
17 15 509 344 32 20 -1 -1 -1 0 
18 1 800 331 112 77 -1 -1 -1 0 
18 3 561 635 713 79 -1 -1 -1 0 
18 5 3 370 113 59 -1 -1 -1 0 
18 9 751 337 19 15 -1 -1 -1 0 
18 11 526 343 43 22 -1 -1 -1 0 
18 13 297 363 126 38 -1 -1 -1 0 
18 15 498 347 33 20 -1 -1 -1 0 
19 1 801 331 111 76 -1 -1 -1 0 
19 3 557 635 721 79 -1 -1 -1 0 
19 5 0 372 104 52 -1 -1 -1 0 
19 9 752 336 18 15 -1 -1 -1 0 
19 11 512 347 41 21 -1 -1 -1 0 
19 13 215 368 173 47 -1 -1 -1 0 
19 15 486 349 31 20 -1 -1 -1 0 
20 1 802 331 111 76 -1 -1 -1 0 
20 3 559 635 718 79 -1 -1 -1 0 
20 5 0 373 77 55 -1 -1 -1 0 
20 9 752 336 19 15 -1 -1 -1 0 
20 11 494 350 47 20 -1 -1 -1 0 
20 12 791 338 18 17 -1 -1 -1 0 
20 13 247 367 102 43 -1 -1 -1 0 
20 15 472 352 31 19 -1 -1 -1 0 
21 1 802 332 112 75 -1 -1 -1 0 
21 3 559 635 718 79 -1 -1 -1 0 
21 9 753 336 19 16 -1 -1 -1 0 
21 11 471 353 62 20 -1 -1 -1 0 
21 12 774 337 18 16 -1 -1 -1 0 
21 13 180 370 132 45 -1 -1 -1 0 
21 15 463 353 31 19 -1 -1 -1 0 
22 1 803 333 110 75 -1 -1 -1 0 
22 3 563 632 709 82 -1 -1 -1 0 
22 9 754 336 18 17 -1 -1 -1 0 
22 11 445 354 67 23 -1 -1 -1 0 
22 12 736 336 12 11 -1 -1 -1 0 
22 13 144 372 142 47 -1 -1 -1 0 
22 21 45 376 187 58 -1 -1 -1 0 
23 1 804 333 110 75 -1 -1 -1 0 
23 3 554 633 725 81 -1 -1 -1 0 
23 9 754 336 18 16 -1 -1 -1 0 
23 11 459 349 48 25 -1 -1 -1 0 
23 21 26 377 145 63 -1 -1 -1 0 
24 1 804 333 110 77 -1 -1 -1 0 
24 3 555 634 724 80 -1 -1 -1 0 
24 9 753 337 20 16 -1 -1 -1 0 
24 11 481 346 34 23 -1 -1 -1 0 
24 21 14 376 149 65 -1 -1 -1 0 
24 23 779 338 20 17 -1 -1 -1 0 
25 1 803 333 110 78 -1 -1 -1 0 
25 3 555 634 724 80 -1 -1 -1 0 
25 9 754 337 16 16 -1 -1 -1 0 
25 11 477 344 36 24 -1 -1 -1 0 
25 15 565 347 27 15 -1 -1 -1 0 
25 23 780 338 18 18 -1 -1 -1 0 
25 24 320 357 109 39 -1 -1 -1 0 
26 1 803 333 111 78 -1 -1 -1 0 
26 3 560 634 716 80 -1 -1 -1 0 
26 9 753 337 17 16 -1 -1 -1 0 
26 11 461 345 45 24 -1 -1 -1 0 
26 15 605 342 23 14 -1 -1 -1 0 
26 23 779 338 20 18 -1 -1 -1 0 
26 24 243 361 136 46 -1 -1 -1 0 
26 26 396 347 70 35 -1 -1 -1 0 
27 1 803 334 110 78 -1 -1 -1 0 
27 3 559 635 720 79 -1 -1 -1 0 
27 9 753 337 17 16 -1 -1 -1 0 
27 11 447 345 45 26 -1 -1 -1 0 
27 13 100 368 212 61 -1 -1 -1 0 
27 15 615 342 26 13 -1 -1 -1 0 
27 23 780 338 18 18 -1 -1 -1 0 
27 24 200 364 147 49 -1 -1 -1 0 
27 26 362 347 80 41 -1 -1 -1 0 
28 1 802 334 111 76 -1 -1 -1 0 
28 3 563 634 712 80 -1 -1 -1 0 
28 9 752 336 19 17 -1 -1 -1 0 
28 11 430 345 48 28 -1 -1 -1 0 
28 13 81 369 225 63 -1 -1 -1 0 
28 15 615 342 26 14 -1 -1 -1 0 
28 21 0 375 216 72 -1 -1 -1 0 
28 23 780 338 18 18 -1 -1 -1 0 
28 26 321 348 93 46 -1 -1 -1 0 
29 1 802 334 111 76 -1 -1 -1 0 
29 3 563 634 713 80 -1 -1 -1 0 
29 9 752 337 18 16 -1 -1 -1 0 
29 11 409 346 53 30 -1 -1 -1 0 
29 15 610 344 27 13 -1 -1 -1 0 
29 21 0 374 220 74 -1 -1 -1 0 
29 23 778 338 20 17 -1 -1 -1 0 
29 26 271 351 110 52 -1 -1 -1 0 
30 1 802 334 111 76 -1 -1 -1 0 
30 3 567 634 709 80 -1 -1 -1 0 
30 9 751 337 20 16 -1 -1 -1 0 
30 11 384 350 59 31 -1 -1 -1 0 
30 15 604 344 27 14 -1 -1 -1 0 
30 23 778 337 20 18 -1 -1 -1 0 
30 26 201 355 140 59 -1 -1 -1 0 
30 31 568 343 29 19 -1 -1 -1 0 
31 1 803 334 110 76 -1 -1 -1 0 
31 3 561 634 718 80 -1 -1 -1 0 
31 9 752 337 18 16 -1 -1 -1 0 
31 11 357 353 66 32 -1 -1 -1 0 
31 15 610 343 27 15 -1 -1 -1 0 
31 23 779 337 19 18 -1 -1 -1 0 
31 26 109 359 179 69 -1 -1 -1 0 
31 31 561 344 28 20 -1 -1 -1 0 
31 33 491 351 52 23 -1 -1 -1 0 
32 1 804 334 109 76 -1 -1 -1 0 
32 3 560 634 718 79 -1 -1 -1 0 
32 9 752 337 19 17 -1 -1 -1 0 
32 11 324 354 79 35 -1 -1 -1 0 
32 21 1 363 209 87 -1 -1 -1 0 
32 23 779 337 20 18 -1 -1 -1 0 
32 26 58 361 192 74 -1 -1 -1 0 
32 31 553 344 28 22 -1 -1 -1 0 
32 33 467 352 60 27 -1 -1 -1 0 
33 1 804 335 109 77 -1 -1 -1 0 
33 3 564 635 713 78 -1 -1 -1 0 
33 9 753 337 18 17 -1 -1 -1 0 
33 11 287 355 91 39 -1 -1 -1 0 
33 21 14 365 111 87 -1 -1 -1 0 
33 23 779 339 21 18 -1 -1 -1 0 
33 31 545 345 27 22 -1 -1 -1 0 
33 33 439 353 69 31 -1 -1 -1 0 
34 1 803 337 111 76 -1 -1 -1 0 
34 3 564 635 713 78 -1 -1 -1 0 
34 9 773 339 21 17 -1 -1 -1 0 
34 11 241 354 92 46 -1 -1 -1 0 
34 15 568 351 28 15 -1 -1 -1 0 
34 21 15 364 102 89 -1 -1 -1 0 
34 23 762 339 18 17 -1 -1 -1 0 
34 31 571 343 24 20 -1 -1 -1 0 
34 33 405 353 81 35 -1 -1 -1 0 
35 1 803 338 111 76 -1 -1 -1 0 
35 9 761 339 18 17 -1 -1 -1 0 
35 11 178 357 116 50 -1 -1 -1 0 
35 15 554 352 31 17 -1 -1 -1 0 
35 23 773 340 21 17 -1 -1 -1 0 
35 31 576 344 24 18 -1 -1 -1 0 
35 33 363 355 94 40 -1 -1 -1 0 
36 1 803 338 112 76 -1 -1 -1 0 
36 3 561 634 715 80 -1 -1 -1 0 
36 9 755 337 19 18 -1 -1 -1 0 
36 11 97 358 142 57 -1 -1 -1 0 
36 15 553 353 31 16 -1 -1 -1 0 
36 23 778 339 21 18 -1 -1 -1 0 
36 31 572 343 25 18 -1 -1 -1 0 
36 33 308 355 115 48 -1 -1 -1 0 
36 37 626 339 21 13 -1 -1 -1 0 
36 38 514 344 51 27 -1 -1 -1 0 
37 1 804 337 111 75 -1 -1 -1 0 
37 3 556 634 723 80 -1 -1 -1 0 
37 9 753 337 20 16 -1 -1 -1 0 
37 11 14 360 153 65 -1 -1 -1 0 
37 23 780 339 21 16 -1 -1 -1 0 
37 31 566 342 25 18 -1 -1 -1 0 
37 33 226 356 153 58 -1 -1 -1 0 
37 37 624 338 22 14 -1 -1 -1 0 
37 38 510 348 52 25 -1 -1 -1 0 
38 1 804 336 111 75 -1 -1 -1 0 
38 3 556 634 723 80 -1 -1 -1 0 
38 9 752 336 19 16 -1 -1 -1 0 
38 11 0 362 70 67 -1 -1 -1 0 
38 23 781 337 20 17 -1 -1 -1 0 
38 31 559 341 26 18 -1 -1 -1 0 
38 33 102 358 213 72 -1 -1 -1 0 
38 38 502 351 47 22 -1 -1 -1 0 
39 1 805 335 110 75 -1 -1 -1 0 
39 9 751 334 20 16 -1 -1 -1 0 
39 11 0 363 20 70 -1 -1 -1 0 
39 23 782 335 20 17 -1 -1 -1 0 
39 31 549 339 28 18 -1 -1 -1 0 
39 33 17 360 193 86 -1 -1 -1 0 
39 38 483 349 53 26 -1 -1 -1 0 
40 1 804 334 111 74 -1 -1 -1 0 
40 9 750 333 20 16 -1 -1 -1 0 
40 23 783 334 19 17 -1 -1 -1 0 
40 31 539 338 29 19 -1 -1 -1 0 
40 33 0 363 154 90 -1 -1 -1 0 
40 38 461 348 56 29 -1 -1 -1 0 
