3 1 346 352 128 64 -1 -1 -1 0 
3 3 687 344 39 33 -1 -1 -1 0 
3 4 599 344 50 36 -1 -1 -1 0 
4 1 349 352 127 64 -1 -1 -1 0 
4 3 686 344 41 33 -1 -1 -1 0 
4 4 600 341 49 39 -1 -1 -1 0 
5 1 353 352 125 65 -1 -1 -1 0 
5 3 687 345 40 33 -1 -1 -1 0 
5 4 601 339 49 41 -1 -1 -1 0 
5 5 304 351 54 22 -1 -1 -1 0 
6 1 356 353 124 63 -1 -1 -1 0 
6 3 688 345 39 33 -1 -1 -1 0 
6 4 601 340 50 40 -1 -1 -1 0 
6 5 276 352 59 23 -1 -1 -1 0 
7 1 360 352 122 64 -1 -1 -1 0 
7 3 688 346 40 33 -1 -1 -1 0 
7 4 601 340 50 41 -1 -1 -1 0 
7 5 245 353 65 25 -1 -1 -1 0 
8 1 361 353 124 63 -1 -1 -1 0 
8 3 689 346 40 33 -1 -1 -1 0 
8 4 602 342 50 39 -1 -1 -1 0 
8 5 211 354 71 27 -1 -1 -1 0 
9 1 366 353 120 63 -1 -1 -1 0 
9 3 689 345 41 33 -1 -1 -1 0 
9 4 603 341 49 39 -1 -1 -1 0 
9 5 169 355 82 30 -1 -1 -1 0 
10 1 368 353 120 63 -1 -1 -1 0 
10 3 689 345 42 33 -1 -1 -1 0 
10 4 603 341 49 39 -1 -1 -1 0 
10 5 122 357 93 32 -1 -1 -1 0 
11 1 371 353 120 62 -1 -1 -1 0 
11 3 690 344 41 33 -1 -1 -1 0 
11 4 603 340 50 39 -1 -1 -1 0 
11 5 62 359 112 35 -1 -1 -1 0 
11 8 734 338 18 14 -1 -1 -1 0 
12 1 374 353 118 61 -1 -1 -1 0 
12 3 690 343 41 34 -1 -1 -1 0 
12 4 605 340 49 39 -1 -1 -1 0 
12 5 4 361 117 38 -1 -1 -1 0 
12 8 734 338 18 13 -1 -1 -1 0 
12 9 316 348 51 22 -1 -1 -1 0 
13 1 377 352 116 61 -1 -1 -1 0 
13 3 690 342 41 35 -1 -1 -1 0 
13 4 606 339 48 39 -1 -1 -1 0 
13 5 0 362 55 39 -1 -1 -1 0 
13 8 734 337 18 14 -1 -1 -1 0 
13 9 293 347 61 24 -1 -1 -1 0 
14 1 381 350 114 62 -1 -1 -1 0 
14 3 690 342 42 34 -1 -1 -1 0 
14 4 607 339 48 39 -1 -1 -1 0 
14 5 0 364 16 40 -1 -1 -1 0 
14 8 735 337 17 14 -1 -1 -1 0 
14 9 268 347 63 25 -1 -1 -1 0 
15 1 383 350 115 61 -1 -1 -1 0 
15 3 690 343 42 33 -1 -1 -1 0 
15 4 607 339 49 39 -1 -1 -1 0 
15 8 735 337 18 14 -1 -1 -1 0 
15 9 241 348 66 27 -1 -1 -1 0 
16 1 386 350 113 61 -1 -1 -1 0 
16 3 691 343 41 33 -1 -1 -1 0 
16 4 608 340 48 37 -1 -1 -1 0 
16 9 210 348 73 28 -1 -1 -1 0 
17 1 388 350 113 60 -1 -1 -1 0 
17 3 691 344 41 33 -1 -1 -1 0 
17 4 609 341 47 37 -1 -1 -1 0 
17 9 175 348 82 30 -1 -1 -1 0 
18 1 391 350 112 59 -1 -1 -1 0 
18 3 690 344 42 33 -1 -1 -1 0 
18 4 610 341 46 37 -1 -1 -1 0 
18 8 417 347 34 17 -1 -1 -1 0 
18 9 136 348 92 32 -1 -1 -1 0 
19 1 394 351 111 57 -1 -1 -1 0 
19 3 691 344 41 34 -1 -1 -1 0 
19 4 610 341 46 37 -1 -1 -1 0 
19 8 373 349 37 17 -1 -1 -1 0 
19 9 90 348 103 36 -1 -1 -1 0 
20 1 398 351 109 57 -1 -1 -1 0 
20 3 690 345 43 33 -1 -1 -1 0 
20 4 610 341 47 36 -1 -1 -1 0 
20 8 350 349 40 17 -1 -1 -1 0 
20 9 32 349 122 38 -1 -1 -1 0 
21 1 401 351 108 56 -1 -1 -1 0 
21 3 691 344 42 33 -1 -1 -1 0 
21 4 610 341 47 36 -1 -1 -1 0 
21 8 332 349 42 18 -1 -1 -1 0 
21 9 0 350 105 40 -1 -1 -1 0 
22 1 405 350 105 57 -1 -1 -1 0 
22 3 691 344 42 33 -1 -1 -1 0 
22 4 611 342 47 35 -1 -1 -1 0 
22 8 314 350 44 19 -1 -1 -1 0 
22 9 0 351 71 41 -1 -1 -1 0 
22 12 737 340 16 13 -1 -1 -1 0 
23 1 408 350 105 57 -1 -1 -1 0 
23 3 693 344 40 33 -1 -1 -1 0 
23 4 612 342 47 35 -1 -1 -1 0 
23 8 294 351 47 19 -1 -1 -1 0 
23 12 737 339 16 14 -1 -1 -1 0 
24 1 411 350 103 57 -1 -1 -1 0 
24 3 693 344 41 33 -1 -1 -1 0 
24 4 613 341 46 35 -1 -1 -1 0 
24 8 271 352 51 21 -1 -1 -1 0 
24 12 738 338 16 15 -1 -1 -1 0 
25 1 412 350 105 56 -1 -1 -1 0 
25 3 692 344 43 34 -1 -1 -1 0 
25 4 614 341 46 35 -1 -1 -1 0 
25 8 245 353 57 22 -1 -1 -1 0 
25 12 737 337 16 16 -1 -1 -1 0 
26 1 416 350 103 56 -1 -1 -1 0 
26 3 693 344 42 34 -1 -1 -1 0 
26 4 615 341 45 35 -1 -1 -1 0 
26 8 216 352 62 25 -1 -1 -1 0 
26 12 736 337 17 17 -1 -1 -1 0 
27 1 420 348 100 57 -1 -1 -1 0 
27 3 693 344 42 33 -1 -1 -1 0 
27 4 615 340 47 36 -1 -1 -1 0 
27 8 182 353 69 25 -1 -1 -1 0 
27 12 736 337 17 17 -1 -1 -1 0 
28 1 421 348 101 56 -1 -1 -1 0 
28 3 693 344 43 33 -1 -1 -1 0 
28 4 616 340 47 36 -1 -1 -1 0 
28 8 146 352 72 27 -1 -1 -1 0 
28 12 736 339 17 15 -1 -1 -1 0 
29 1 424 349 99 54 -1 -1 -1 0 
29 3 693 343 43 34 -1 -1 -1 0 
29 4 617 340 46 35 -1 -1 -1 0 
29 8 98 353 87 29 -1 -1 -1 0 
29 12 736 339 17 15 -1 -1 -1 0 
30 1 427 349 98 53 -1 -1 -1 0 
30 3 692 342 43 34 -1 -1 -1 0 
30 4 617 339 46 35 -1 -1 -1 0 
30 8 42 354 100 31 -1 -1 -1 0 
30 12 737 335 16 17 -1 -1 -1 0 
31 1 429 349 98 53 -1 -1 -1 0 
31 3 692 342 44 34 -1 -1 -1 0 
31 4 617 339 46 36 -1 -1 -1 0 
31 8 2 356 88 34 -1 -1 -1 0 
31 12 736 335 17 17 -1 -1 -1 0 
32 1 431 349 97 53 -1 -1 -1 0 
32 3 692 342 44 34 -1 -1 -1 0 
32 4 618 339 45 36 -1 -1 -1 0 
32 8 0 359 31 33 -1 -1 -1 0 
33 1 435 351 94 51 -1 -1 -1 0 
33 3 692 344 43 34 -1 -1 -1 0 
33 4 618 340 46 36 -1 -1 -1 0 
33 8 0 361 -4 33 -1 -1 -1 0 
34 1 438 352 91 51 -1 -1 -1 0 
34 3 693 345 42 34 -1 -1 -1 0 
34 4 619 341 45 35 -1 -1 -1 0 
34 12 432 350 33 17 -1 -1 -1 0 
35 1 439 352 93 51 -1 -1 -1 0 
35 3 693 345 43 34 -1 -1 -1 0 
35 4 619 341 46 35 -1 -1 -1 0 
35 12 380 351 39 17 -1 -1 -1 0 
35 13 324 355 56 24 -1 -1 -1 0 
36 1 441 351 91 51 -1 -1 -1 0 
36 3 694 345 42 34 -1 -1 -1 0 
36 4 620 342 46 34 -1 -1 -1 0 
36 12 354 351 42 19 -1 -1 -1 0 
36 13 287 356 73 25 -1 -1 -1 0 
37 1 443 351 90 50 -1 -1 -1 0 
37 3 694 345 42 34 -1 -1 -1 0 
37 4 621 344 45 31 -1 -1 -1 0 
37 12 332 351 46 20 -1 -1 -1 0 
37 13 247 357 77 27 -1 -1 -1 0 
38 1 445 349 90 52 -1 -1 -1 0 
38 3 695 345 40 33 -1 -1 -1 0 
38 4 623 342 43 33 -1 -1 -1 0 
38 12 309 350 52 23 -1 -1 -1 0 
38 13 197 357 90 29 -1 -1 -1 0 
39 1 447 349 90 51 -1 -1 -1 0 
39 3 695 345 41 33 -1 -1 -1 0 
39 4 624 342 42 33 -1 -1 -1 0 
39 12 284 351 58 23 -1 -1 -1 0 
39 13 135 358 107 33 -1 -1 -1 0 
40 1 449 349 89 51 -1 -1 -1 0 
40 3 694 344 42 34 -1 -1 -1 0 
40 4 624 341 42 33 -1 -1 -1 0 
40 12 259 352 60 24 -1 -1 -1 0 
40 13 52 360 138 36 -1 -1 -1 0 
40 14 406 344 48 24 -1 -1 -1 0 
