3 1 248 345 58 28 -1 -1 -1 0 
3 2 801 333 61 44 -1 -1 -1 0 
3 3 472 339 30 19 -1 -1 -1 0 
3 4 532 342 28 18 -1 -1 -1 0 
4 1 213 348 67 29 -1 -1 -1 0 
4 2 801 333 61 44 -1 -1 -1 0 
4 3 462 339 37 21 -1 -1 -1 0 
4 4 522 343 31 18 -1 -1 -1 0 
5 1 174 349 74 32 -1 -1 -1 0 
5 2 800 333 61 44 -1 -1 -1 0 
5 3 452 339 41 22 -1 -1 -1 0 
5 4 512 343 33 20 -1 -1 -1 0 
6 1 127 350 87 35 -1 -1 -1 0 
6 2 800 333 61 44 -1 -1 -1 0 
6 3 441 340 45 23 -1 -1 -1 0 
6 4 501 343 35 22 -1 -1 -1 0 
6 6 376 352 36 20 -1 -1 -1 0 
7 1 71 352 102 37 -1 -1 -1 0 
7 2 801 332 60 45 -1 -1 -1 0 
7 3 432 340 42 23 -1 -1 -1 0 
7 4 486 343 45 23 -1 -1 -1 0 
7 6 357 350 35 24 -1 -1 -1 0 
8 1 5 353 115 41 -1 -1 -1 0 
8 2 800 331 61 46 -1 -1 -1 0 
8 3 420 342 39 22 -1 -1 -1 0 
8 4 473 344 45 23 -1 -1 -1 0 
8 6 344 349 37 27 -1 -1 -1 0 
8 7 550 345 22 12 -1 -1 -1 0 
9 1 0 355 56 43 -1 -1 -1 0 
9 2 799 329 62 47 -1 -1 -1 0 
9 3 406 342 42 24 -1 -1 -1 0 
9 4 456 345 50 24 -1 -1 -1 0 
9 7 543 345 22 13 -1 -1 -1 0 
10 1 0 356 17 45 -1 -1 -1 0 
10 2 797 328 64 48 -1 -1 -1 0 
10 3 392 343 41 24 -1 -1 -1 0 
10 4 438 345 53 27 -1 -1 -1 0 
10 7 534 346 24 13 -1 -1 -1 0 
11 2 797 329 64 47 -1 -1 -1 0 
11 3 376 343 46 25 -1 -1 -1 0 
11 4 416 346 59 30 -1 -1 -1 0 
11 6 243 359 44 30 -1 -1 -1 0 
11 7 523 345 28 16 -1 -1 -1 0 
12 2 796 329 65 46 -1 -1 -1 0 
12 3 360 343 43 27 -1 -1 -1 0 
12 4 390 347 66 32 -1 -1 -1 0 
12 6 220 360 46 32 -1 -1 -1 0 
12 7 482 345 28 17 -1 -1 -1 0 
13 2 797 330 63 45 -1 -1 -1 0 
13 3 340 344 44 27 -1 -1 -1 0 
13 4 359 348 75 35 -1 -1 -1 0 
13 6 149 362 56 37 -1 -1 -1 0 
13 7 494 345 31 18 -1 -1 -1 0 
14 2 796 331 64 45 -1 -1 -1 0 
14 3 327 344 45 29 -1 -1 -1 0 
14 4 319 349 90 38 -1 -1 -1 0 
14 6 118 363 57 40 -1 -1 -1 0 
14 7 460 346 30 19 -1 -1 -1 0 
15 2 797 331 61 45 -1 -1 -1 0 
15 4 270 349 104 44 -1 -1 -1 0 
15 7 466 346 42 21 -1 -1 -1 0 
16 2 796 330 62 46 -1 -1 -1 0 
16 4 202 350 133 50 -1 -1 -1 0 
16 7 436 347 35 20 -1 -1 -1 0 
16 13 529 346 28 14 -1 -1 -1 0 
16 14 691 341 19 12 -1 -1 -1 0 
17 2 796 330 62 46 -1 -1 -1 0 
17 4 107 353 173 58 -1 -1 -1 0 
17 7 414 347 38 21 -1 -1 -1 0 
17 13 520 346 31 15 -1 -1 -1 0 
17 14 691 341 18 12 -1 -1 -1 0 
18 2 796 329 62 47 -1 -1 -1 0 
18 3 410 350 43 25 -1 -1 -1 0 
18 4 17 355 182 68 -1 -1 -1 0 
18 7 399 347 32 22 -1 -1 -1 0 
18 13 508 346 34 16 -1 -1 -1 0 
18 14 691 341 18 12 -1 -1 -1 0 
18 18 464 347 36 21 -1 -1 -1 0 
19 2 795 329 63 47 -1 -1 -1 0 
19 3 393 348 35 21 -1 -1 -1 0 
19 4 0 358 87 71 -1 -1 -1 0 
19 7 388 349 58 25 -1 -1 -1 0 
19 13 495 346 38 17 -1 -1 -1 0 
19 14 691 340 17 12 -1 -1 -1 0 
19 18 451 347 38 22 -1 -1 -1 0 
20 2 795 329 63 47 -1 -1 -1 0 
20 3 394 348 34 22 -1 -1 -1 0 
20 4 0 359 32 75 -1 -1 -1 0 
20 7 366 349 66 30 -1 -1 -1 0 
20 13 484 346 40 19 -1 -1 -1 0 
20 14 691 340 18 12 -1 -1 -1 0 
20 18 433 347 43 24 -1 -1 -1 0 
21 2 795 328 62 48 -1 -1 -1 0 
21 7 334 350 80 33 -1 -1 -1 0 
21 13 471 347 42 20 -1 -1 -1 0 
21 14 690 339 18 12 -1 -1 -1 0 
21 18 412 348 48 25 -1 -1 -1 0 
22 2 793 331 66 45 -1 -1 -1 0 
22 7 292 352 93 37 -1 -1 -1 0 
22 13 450 348 53 21 -1 -1 -1 0 
22 18 390 349 56 27 -1 -1 -1 0 
23 2 794 332 64 44 -1 -1 -1 0 
23 3 324 350 42 22 -1 -1 -1 0 
23 7 235 355 112 42 -1 -1 -1 0 
23 13 431 348 56 24 -1 -1 -1 0 
23 14 557 344 22 14 -1 -1 -1 0 
23 18 367 350 62 29 -1 -1 -1 0 
24 2 794 333 64 43 -1 -1 -1 0 
24 3 299 351 43 24 -1 -1 -1 0 
24 7 156 358 143 49 -1 -1 -1 0 
24 13 409 349 61 26 -1 -1 -1 0 
24 14 539 344 23 14 -1 -1 -1 0 
24 18 341 351 67 32 -1 -1 -1 0 
25 2 795 333 61 43 -1 -1 -1 0 
25 3 272 352 45 26 -1 -1 -1 0 
25 7 36 361 199 58 -1 -1 -1 0 
25 13 380 349 71 30 -1 -1 -1 0 
25 14 519 345 28 16 -1 -1 -1 0 
25 18 308 352 75 35 -1 -1 -1 0 
26 2 794 333 61 44 -1 -1 -1 0 
26 3 238 352 52 28 -1 -1 -1 0 
26 7 2 367 134 60 -1 -1 -1 0 
26 13 346 351 82 32 -1 -1 -1 0 
26 14 510 344 27 18 -1 -1 -1 0 
26 18 269 353 87 38 -1 -1 -1 0 
27 2 793 333 62 44 -1 -1 -1 0 
27 3 195 353 58 30 -1 -1 -1 0 
27 7 0 369 92 63 -1 -1 -1 0 
27 13 300 353 103 34 -1 -1 -1 0 
27 14 521 345 27 16 -1 -1 -1 0 
27 18 220 354 99 42 -1 -1 -1 0 
28 2 793 333 62 44 -1 -1 -1 0 
28 3 177 354 59 30 -1 -1 -1 0 
28 13 248 355 117 40 -1 -1 -1 0 
28 14 518 346 29 16 -1 -1 -1 0 
28 18 161 356 113 47 -1 -1 -1 0 
28 20 371 348 41 26 -1 -1 -1 0 
29 2 793 333 62 44 -1 -1 -1 0 
29 13 221 356 124 42 -1 -1 -1 0 
29 14 494 347 27 17 -1 -1 -1 0 
29 18 150 358 146 50 -1 -1 -1 0 
29 20 362 349 43 27 -1 -1 -1 0 
30 2 792 333 62 43 -1 -1 -1 0 
30 14 496 347 32 17 -1 -1 -1 0 
30 18 58 359 203 59 -1 -1 -1 0 
30 20 318 350 65 28 -1 -1 -1 0 
31 2 793 333 60 43 -1 -1 -1 0 
31 14 470 347 32 20 -1 -1 -1 0 
31 18 8 363 168 63 -1 -1 -1 0 
31 20 320 351 44 27 -1 -1 -1 0 
31 27 687 338 23 15 -1 -1 -1 0 
32 2 793 333 60 43 -1 -1 -1 0 
32 14 451 346 36 23 -1 -1 -1 0 
32 18 0 365 141 66 -1 -1 -1 0 
32 20 306 352 46 27 -1 -1 -1 0 
32 27 687 338 23 15 -1 -1 -1 0 
33 2 792 333 61 43 -1 -1 -1 0 
33 14 434 347 37 24 -1 -1 -1 0 
33 20 292 352 37 22 -1 -1 -1 0 
33 27 577 344 24 11 -1 -1 -1 0 
33 31 468 347 39 20 -1 -1 -1 0 
34 2 793 333 59 43 -1 -1 -1 0 
34 3 235 357 39 30 -1 -1 -1 0 
34 14 386 350 24 24 -1 -1 -1 0 
34 20 266 352 44 22 -1 -1 -1 0 
34 27 554 345 25 12 -1 -1 -1 0 
34 31 454 347 39 22 -1 -1 -1 0 
34 33 792 333 60 44 -1 -1 -1 0 
35 2 793 332 59 44 -1 -1 -1 0 
35 3 211 359 45 31 -1 -1 -1 0 
35 14 368 351 23 24 -1 -1 -1 0 
35 20 235 353 54 24 -1 -1 -1 0 
35 27 545 344 26 14 -1 -1 -1 0 
35 31 442 347 37 23 -1 -1 -1 0 
35 33 793 332 59 45 -1 -1 -1 0 
36 2 792 332 61 44 -1 -1 -1 0 
36 3 208 360 46 31 -1 -1 -1 0 
36 13 143 362 57 35 -1 -1 -1 0 
36 14 327 351 25 28 -1 -1 -1 0 
36 20 197 354 64 25 -1 -1 -1 0 
36 27 535 345 32 15 -1 -1 -1 0 
36 31 410 349 51 25 -1 -1 -1 0 
36 33 792 332 61 45 -1 -1 -1 0 
36 34 374 346 50 33 -1 -1 -1 0 
37 2 792 332 60 45 -1 -1 -1 0 
37 13 93 365 65 36 -1 -1 -1 0 
37 14 305 352 25 28 -1 -1 -1 0 
37 20 154 355 77 27 -1 -1 -1 0 
37 27 529 344 34 17 -1 -1 -1 0 
37 31 417 347 43 23 -1 -1 -1 0 
37 33 792 332 61 45 -1 -1 -1 0 
37 34 346 347 56 36 -1 -1 -1 0 
38 2 790 334 62 43 -1 -1 -1 0 
38 13 69 366 67 36 -1 -1 -1 0 
38 14 262 354 33 32 -1 -1 -1 0 
38 20 106 356 88 30 -1 -1 -1 0 
38 27 517 345 40 17 -1 -1 -1 0 
38 31 411 347 41 22 -1 -1 -1 0 
38 33 791 334 61 43 -1 -1 -1 0 
38 34 333 352 82 33 -1 -1 -1 0 
39 2 790 334 62 43 -1 -1 -1 0 
39 14 223 354 37 36 -1 -1 -1 0 
39 20 47 357 105 32 -1 -1 -1 0 
39 27 512 346 30 17 -1 -1 -1 0 
39 31 402 347 39 22 -1 -1 -1 0 
39 33 790 334 62 43 -1 -1 -1 0 
39 34 301 354 89 36 -1 -1 -1 0 
40 2 790 334 62 44 -1 -1 -1 0 
40 14 174 357 44 39 -1 -1 -1 0 
40 20 2 360 97 34 -1 -1 -1 0 
40 27 523 347 22 17 -1 -1 -1 0 
40 31 390 348 41 23 -1 -1 -1 0 
40 33 789 335 63 43 -1 -1 -1 0 
40 34 246 356 112 40 -1 -1 -1 0 
