3 1 706 339 19 15 -1 -1 -1 0 
3 2 676 339 17 16 -1 -1 -1 0 
3 3 786 333 50 39 -1 -1 -1 0 
4 1 705 340 21 15 -1 -1 -1 0 
4 2 676 339 17 16 -1 -1 -1 0 
4 3 786 334 50 38 -1 -1 -1 0 
5 1 705 340 21 15 -1 -1 -1 0 
5 2 676 340 17 15 -1 -1 -1 0 
5 3 786 335 51 37 -1 -1 -1 0 
6 1 705 340 21 14 -1 -1 -1 0 
6 2 676 339 16 16 -1 -1 -1 0 
6 3 788 333 50 39 -1 -1 -1 0 
7 1 704 340 22 14 -1 -1 -1 0 
7 2 676 339 16 16 -1 -1 -1 0 
7 3 788 333 50 39 -1 -1 -1 0 
8 1 703 340 22 14 -1 -1 -1 0 
8 2 675 339 16 16 -1 -1 -1 0 
8 3 787 333 52 39 -1 -1 -1 0 
8 6 528 346 25 15 -1 -1 -1 0 
9 1 704 340 20 14 -1 -1 -1 0 
9 2 675 339 16 16 -1 -1 -1 0 
9 3 788 332 51 40 -1 -1 -1 0 
9 6 522 347 25 14 -1 -1 -1 0 
10 1 703 339 21 15 -1 -1 -1 0 
10 2 675 338 16 17 -1 -1 -1 0 
10 3 789 332 51 40 -1 -1 -1 0 
10 6 519 348 25 14 -1 -1 -1 0 
11 1 703 339 20 15 -1 -1 -1 0 
11 2 675 338 16 17 -1 -1 -1 0 
11 3 789 332 52 40 -1 -1 -1 0 
11 6 508 348 25 14 -1 -1 -1 0 
12 1 702 339 21 15 -1 -1 -1 0 
12 2 675 338 16 17 -1 -1 -1 0 
12 3 789 332 52 41 -1 -1 -1 0 
12 6 500 347 26 16 -1 -1 -1 0 
13 1 702 339 21 14 -1 -1 -1 0 
13 2 675 338 15 17 -1 -1 -1 0 
13 3 789 332 52 41 -1 -1 -1 0 
13 6 489 347 29 18 -1 -1 -1 0 
13 9 523 344 34 17 -1 -1 -1 0 
14 1 629 341 18 12 -1 -1 -1 0 
14 2 691 339 23 15 -1 -1 -1 0 
14 3 788 333 54 40 -1 -1 -1 0 
14 6 507 346 33 18 -1 -1 -1 0 
14 9 640 339 17 18 -1 -1 -1 0 
15 1 598 341 17 13 -1 -1 -1 0 
15 2 699 339 22 15 -1 -1 -1 0 
15 3 789 333 53 40 -1 -1 -1 0 
15 6 509 345 34 19 -1 -1 -1 0 
15 9 674 337 18 18 -1 -1 -1 0 
16 1 586 341 18 13 -1 -1 -1 0 
16 2 701 339 22 14 -1 -1 -1 0 
16 3 789 333 53 41 -1 -1 -1 0 
16 6 502 345 35 19 -1 -1 -1 0 
16 9 685 338 18 16 -1 -1 -1 0 
17 1 581 342 17 12 -1 -1 -1 0 
17 2 703 340 21 13 -1 -1 -1 0 
17 3 789 332 54 41 -1 -1 -1 0 
17 6 461 347 36 22 -1 -1 -1 0 
17 9 688 338 16 16 -1 -1 -1 0 
18 1 577 342 19 13 -1 -1 -1 0 
18 2 703 340 20 12 -1 -1 -1 0 
18 3 791 332 51 41 -1 -1 -1 0 
18 6 435 348 42 23 -1 -1 -1 0 
18 9 686 338 17 16 -1 -1 -1 0 
19 1 574 342 20 13 -1 -1 -1 0 
19 2 702 340 21 12 -1 -1 -1 0 
19 3 791 332 52 42 -1 -1 -1 0 
19 6 415 349 43 25 -1 -1 -1 0 
19 9 685 338 17 16 -1 -1 -1 0 
19 12 462 346 49 23 -1 -1 -1 0 
20 1 572 342 20 13 -1 -1 -1 0 
20 2 702 340 21 12 -1 -1 -1 0 
20 3 791 332 53 42 -1 -1 -1 0 
20 6 392 350 53 27 -1 -1 -1 0 
20 9 683 337 17 17 -1 -1 -1 0 
20 12 446 346 50 25 -1 -1 -1 0 
21 1 569 343 22 12 -1 -1 -1 0 
21 2 702 340 20 12 -1 -1 -1 0 
21 3 791 333 54 41 -1 -1 -1 0 
21 6 373 345 46 34 -1 -1 -1 0 
21 9 681 338 18 16 -1 -1 -1 0 
21 12 428 348 54 26 -1 -1 -1 0 
22 1 570 343 18 12 -1 -1 -1 0 
22 2 702 340 18 13 -1 -1 -1 0 
22 3 791 333 55 41 -1 -1 -1 0 
22 6 343 345 62 39 -1 -1 -1 0 
22 9 680 338 17 16 -1 -1 -1 0 
22 12 403 349 63 28 -1 -1 -1 0 
23 1 566 344 20 11 -1 -1 -1 0 
23 2 701 339 19 14 -1 -1 -1 0 
23 3 792 333 53 42 -1 -1 -1 0 
23 6 311 347 73 40 -1 -1 -1 0 
23 9 678 338 17 16 -1 -1 -1 0 
23 12 381 350 66 29 -1 -1 -1 0 
24 1 564 344 18 12 -1 -1 -1 0 
24 2 701 339 18 14 -1 -1 -1 0 
24 3 792 333 54 42 -1 -1 -1 0 
24 6 270 352 88 40 -1 -1 -1 0 
24 9 677 339 18 15 -1 -1 -1 0 
24 12 349 351 75 32 -1 -1 -1 0 
25 1 562 344 18 13 -1 -1 -1 0 
25 2 701 339 20 14 -1 -1 -1 0 
25 3 791 332 55 43 -1 -1 -1 0 
25 6 225 355 95 43 -1 -1 -1 0 
25 9 677 339 17 15 -1 -1 -1 0 
25 12 311 350 86 37 -1 -1 -1 0 
26 1 559 345 19 12 -1 -1 -1 0 
26 2 700 339 20 14 -1 -1 -1 0 
26 3 791 332 56 43 -1 -1 -1 0 
26 6 164 357 110 47 -1 -1 -1 0 
26 9 675 338 17 16 -1 -1 -1 0 
26 12 256 350 110 44 -1 -1 -1 0 
27 1 556 344 18 13 -1 -1 -1 0 
27 2 700 339 21 13 -1 -1 -1 0 
27 3 791 331 56 44 -1 -1 -1 0 
27 6 79 359 136 55 -1 -1 -1 0 
27 9 675 338 16 16 -1 -1 -1 0 
27 12 188 352 137 49 -1 -1 -1 0 
28 1 552 344 19 13 -1 -1 -1 0 
28 2 699 338 20 14 -1 -1 -1 0 
28 3 791 331 56 44 -1 -1 -1 0 
28 6 8 362 119 60 -1 -1 -1 0 
28 9 674 338 17 16 -1 -1 -1 0 
28 12 109 355 159 56 -1 -1 -1 0 
29 1 547 344 21 13 -1 -1 -1 0 
29 2 699 337 19 15 -1 -1 -1 0 
29 3 791 331 57 43 -1 -1 -1 0 
29 6 0 364 81 62 -1 -1 -1 0 
29 9 673 338 18 15 -1 -1 -1 0 
29 12 15 357 173 65 -1 -1 -1 0 
29 17 438 348 25 16 -1 -1 -1 0 
30 1 543 344 22 14 -1 -1 -1 0 
30 2 698 337 22 15 -1 -1 -1 0 
30 3 791 331 57 43 -1 -1 -1 0 
30 9 672 337 17 16 -1 -1 -1 0 
30 12 0 359 70 67 -1 -1 -1 0 
30 17 429 348 26 16 -1 -1 -1 0 
31 1 540 343 21 15 -1 -1 -1 0 
31 2 698 337 21 15 -1 -1 -1 0 
31 3 792 331 56 43 -1 -1 -1 0 
31 9 671 337 18 16 -1 -1 -1 0 
31 12 0 361 12 70 -1 -1 -1 0 
31 17 421 349 27 16 -1 -1 -1 0 
31 19 33 323 208 83 -1 -1 -1 0 
32 1 534 343 23 16 -1 -1 -1 0 
32 2 698 337 20 15 -1 -1 -1 0 
32 3 793 331 55 44 -1 -1 -1 0 
32 9 670 338 19 15 -1 -1 -1 0 
32 17 412 349 28 18 -1 -1 -1 0 
32 19 2 324 189 87 -1 -1 -1 0 
33 1 527 345 25 15 -1 -1 -1 0 
33 2 697 338 18 15 -1 -1 -1 0 
33 3 793 331 56 44 -1 -1 -1 0 
33 9 670 339 18 14 -1 -1 -1 0 
33 17 402 350 31 18 -1 -1 -1 0 
33 19 0 319 143 94 -1 -1 -1 0 
34 1 522 345 26 16 -1 -1 -1 0 
34 2 697 338 18 15 -1 -1 -1 0 
34 3 793 331 56 45 -1 -1 -1 0 
34 9 671 339 16 15 -1 -1 -1 0 
34 17 393 351 30 19 -1 -1 -1 0 
34 19 0 314 85 103 -1 -1 -1 0 
35 1 516 345 27 17 -1 -1 -1 0 
35 3 792 331 58 45 -1 -1 -1 0 
35 9 670 339 18 15 -1 -1 -1 0 
35 17 385 352 32 19 -1 -1 -1 0 
35 19 0 313 53 108 -1 -1 -1 0 
36 1 510 345 28 18 -1 -1 -1 0 
36 3 792 331 59 45 -1 -1 -1 0 
36 9 670 338 17 16 -1 -1 -1 0 
36 17 368 353 37 19 -1 -1 -1 0 
37 1 503 345 30 19 -1 -1 -1 0 
37 2 697 337 20 15 -1 -1 -1 0 
37 3 792 331 58 45 -1 -1 -1 0 
37 9 670 338 17 16 -1 -1 -1 0 
37 17 356 354 37 20 -1 -1 -1 0 
38 1 495 346 34 19 -1 -1 -1 0 
38 2 697 337 21 15 -1 -1 -1 0 
38 3 792 331 58 45 -1 -1 -1 0 
38 9 669 338 18 15 -1 -1 -1 0 
38 17 342 353 40 22 -1 -1 -1 0 
39 1 487 345 34 21 -1 -1 -1 0 
39 2 697 336 21 15 -1 -1 -1 0 
39 3 792 331 58 45 -1 -1 -1 0 
39 9 670 337 17 16 -1 -1 -1 0 
39 17 326 353 44 23 -1 -1 -1 0 
40 1 477 345 36 21 -1 -1 -1 0 
40 2 697 335 21 16 -1 -1 -1 0 
40 3 793 331 58 45 -1 -1 -1 0 
40 9 670 337 17 16 -1 -1 -1 0 
40 17 309 353 49 24 -1 -1 -1 0 
