3 1 483 354 108 74 -1 -1 -1 0 
3 2 889 345 75 41 -1 -1 -1 0 
3 3 1253 381 24 66 -1 -1 -1 0 
3 4 796 343 30 21 -1 -1 -1 0 
4 1 483 353 108 74 -1 -1 -1 0 
4 2 893 345 79 42 -1 -1 -1 0 
4 3 1262 387 17 59 -1 -1 -1 0 
4 4 798 342 31 23 -1 -1 -1 0 
4 7 561 635 714 80 -1 -1 -1 0 
5 1 484 353 107 74 -1 -1 -1 0 
5 2 899 345 80 43 -1 -1 -1 0 
5 4 800 342 31 23 -1 -1 -1 0 
5 7 561 635 711 80 -1 -1 -1 0 
5 8 770 343 23 15 -1 -1 -1 0 
6 1 486 353 105 73 -1 -1 -1 0 
6 2 904 344 83 45 -1 -1 -1 0 
6 4 803 342 30 23 -1 -1 -1 0 
6 7 559 635 716 80 -1 -1 -1 0 
6 8 773 343 21 15 -1 -1 -1 0 
7 1 487 353 105 73 -1 -1 -1 0 
7 2 909 344 86 45 -1 -1 -1 0 
7 4 804 342 32 23 -1 -1 -1 0 
7 7 559 636 716 79 -1 -1 -1 0 
7 8 775 343 20 15 -1 -1 -1 0 
8 1 488 353 103 73 -1 -1 -1 0 
8 2 914 344 89 46 -1 -1 -1 0 
8 4 807 341 31 24 -1 -1 -1 0 
8 7 559 634 716 81 -1 -1 -1 0 
8 8 777 342 19 16 -1 -1 -1 0 
9 1 488 353 104 72 -1 -1 -1 0 
9 2 919 344 93 46 -1 -1 -1 0 
9 4 809 341 32 24 -1 -1 -1 0 
9 7 558 634 719 81 -1 -1 -1 0 
9 8 778 342 19 15 -1 -1 -1 0 
10 1 489 353 102 72 -1 -1 -1 0 
10 2 926 344 93 48 -1 -1 -1 0 
10 4 810 342 35 24 -1 -1 -1 0 
10 7 559 634 717 81 -1 -1 -1 0 
10 8 779 341 20 16 -1 -1 -1 0 
11 1 489 353 103 72 -1 -1 -1 0 
11 2 932 344 97 49 -1 -1 -1 0 
11 4 813 342 33 24 -1 -1 -1 0 
11 7 563 635 713 79 -1 -1 -1 0 
11 8 780 341 21 18 -1 -1 -1 0 
12 1 491 353 100 71 -1 -1 -1 0 
12 2 938 344 100 50 -1 -1 -1 0 
12 4 815 342 34 25 -1 -1 -1 0 
12 7 566 635 707 80 -1 -1 -1 0 
12 8 780 340 23 19 -1 -1 -1 0 
12 10 639 352 20 13 -1 -1 -1 0 
13 1 491 353 101 71 -1 -1 -1 0 
13 2 945 344 105 51 -1 -1 -1 0 
13 4 817 342 35 25 -1 -1 -1 0 
13 7 558 635 721 79 -1 -1 -1 0 
13 8 782 340 23 18 -1 -1 -1 0 
13 10 640 351 17 14 -1 -1 -1 0 
14 1 493 353 100 71 -1 -1 -1 0 
14 2 950 344 111 52 -1 -1 -1 0 
14 4 819 342 35 25 -1 -1 -1 0 
14 7 562 635 715 79 -1 -1 -1 0 
14 8 784 340 22 18 -1 -1 -1 0 
14 10 638 351 20 14 -1 -1 -1 0 
15 1 493 353 100 71 -1 -1 -1 0 
15 2 958 344 114 54 -1 -1 -1 0 
15 4 823 341 34 27 -1 -1 -1 0 
15 7 568 634 705 80 -1 -1 -1 0 
15 8 784 341 23 18 -1 -1 -1 0 
15 10 638 351 20 14 -1 -1 -1 0 
16 1 494 353 100 70 -1 -1 -1 0 
16 2 967 344 117 56 -1 -1 -1 0 
16 4 826 343 35 26 -1 -1 -1 0 
16 7 561 635 716 80 -1 -1 -1 0 
16 8 784 342 25 18 -1 -1 -1 0 
17 1 495 353 100 70 -1 -1 -1 0 
17 2 975 345 123 57 -1 -1 -1 0 
17 4 828 343 36 27 -1 -1 -1 0 
17 7 561 635 716 80 -1 -1 -1 0 
17 8 787 342 22 19 -1 -1 -1 0 
18 1 496 353 98 70 -1 -1 -1 0 
18 2 983 345 129 59 -1 -1 -1 0 
18 4 830 342 38 28 -1 -1 -1 0 
18 7 561 635 716 80 -1 -1 -1 0 
18 8 787 342 25 19 -1 -1 -1 0 
19 1 496 354 99 69 -1 -1 -1 0 
19 2 992 345 136 60 -1 -1 -1 0 
19 4 832 342 39 28 -1 -1 -1 0 
19 8 788 342 24 20 -1 -1 -1 0 
20 1 497 354 98 68 -1 -1 -1 0 
20 2 1002 345 143 62 -1 -1 -1 0 
20 4 835 341 39 30 -1 -1 -1 0 
20 8 789 343 25 19 -1 -1 -1 0 
21 1 497 354 99 68 -1 -1 -1 0 
21 2 1012 344 149 65 -1 -1 -1 0 
21 4 837 340 42 31 -1 -1 -1 0 
21 8 791 341 24 20 -1 -1 -1 0 
22 1 498 354 98 67 -1 -1 -1 0 
22 2 1022 344 157 67 -1 -1 -1 0 
22 4 839 340 43 31 -1 -1 -1 0 
22 8 792 341 24 20 -1 -1 -1 0 
23 1 499 354 96 67 -1 -1 -1 0 
23 2 1034 343 165 70 -1 -1 -1 0 
23 4 843 340 43 31 -1 -1 -1 0 
23 7 561 635 716 80 -1 -1 -1 0 
23 8 793 341 24 21 -1 -1 -1 0 
24 1 499 354 97 67 -1 -1 -1 0 
24 2 1045 343 178 73 -1 -1 -1 0 
24 4 846 340 45 31 -1 -1 -1 0 
24 7 562 635 713 81 -1 -1 -1 0 
24 8 795 340 24 22 -1 -1 -1 0 
25 1 500 354 95 67 -1 -1 -1 0 
25 2 1057 343 190 75 -1 -1 -1 0 
25 4 848 341 47 31 -1 -1 -1 0 
25 7 558 634 718 82 -1 -1 -1 0 
25 8 797 340 23 23 -1 -1 -1 0 
26 1 500 355 96 66 -1 -1 -1 0 
26 2 1070 344 204 78 -1 -1 -1 0 
26 4 851 341 48 32 -1 -1 -1 0 
26 7 560 635 719 80 -1 -1 -1 0 
26 8 798 341 25 23 -1 -1 -1 0 
27 1 501 355 95 66 -1 -1 -1 0 
27 2 1090 344 188 81 -1 -1 -1 0 
27 4 854 343 50 30 -1 -1 -1 0 
27 7 558 635 721 80 -1 -1 -1 0 
27 8 800 341 26 23 -1 -1 -1 0 
28 1 502 354 93 66 -1 -1 -1 0 
28 2 1105 345 174 83 -1 -1 -1 0 
28 4 858 342 49 32 -1 -1 -1 0 
28 7 558 635 721 80 -1 -1 -1 0 
28 8 800 341 28 21 -1 -1 -1 0 
29 1 503 353 92 66 -1 -1 -1 0 
29 2 1123 345 156 86 -1 -1 -1 0 
29 4 862 342 49 32 -1 -1 -1 0 
29 7 559 635 718 80 -1 -1 -1 0 
29 8 802 341 27 21 -1 -1 -1 0 
29 10 638 350 19 15 -1 -1 -1 0 
30 1 504 353 91 65 -1 -1 -1 0 
30 2 1138 346 141 87 -1 -1 -1 0 
30 4 866 341 49 33 -1 -1 -1 0 
30 7 562 635 713 79 -1 -1 -1 0 
30 8 804 341 26 21 -1 -1 -1 0 
30 10 638 349 19 17 -1 -1 -1 0 
31 1 504 353 92 65 -1 -1 -1 0 
31 2 1156 346 123 86 -1 -1 -1 0 
31 4 869 341 51 33 -1 -1 -1 0 
31 7 561 635 716 79 -1 -1 -1 0 
31 10 637 350 20 15 -1 -1 -1 0 
32 1 504 352 91 66 -1 -1 -1 0 
32 2 1176 346 103 85 -1 -1 -1 0 
32 4 873 341 53 34 -1 -1 -1 0 
32 7 557 635 722 79 -1 -1 -1 0 
32 10 637 350 20 15 -1 -1 -1 0 
33 1 504 352 92 66 -1 -1 -1 0 
33 2 1198 351 81 78 -1 -1 -1 0 
33 4 876 341 54 34 -1 -1 -1 0 
33 7 560 635 717 79 -1 -1 -1 0 
33 10 637 350 19 15 -1 -1 -1 0 
34 1 505 352 91 65 -1 -1 -1 0 
34 2 1222 364 57 66 -1 -1 -1 0 
34 4 881 341 55 34 -1 -1 -1 0 
34 7 560 635 717 78 -1 -1 -1 0 
34 10 637 350 18 14 -1 -1 -1 0 
35 1 505 352 91 65 -1 -1 -1 0 
35 2 1251 375 28 55 -1 -1 -1 0 
35 4 884 340 58 35 -1 -1 -1 0 
35 10 637 350 18 14 -1 -1 -1 0 
36 1 505 352 91 65 -1 -1 -1 0 
36 2 1269 378 10 53 -1 -1 -1 0 
36 4 889 339 58 37 -1 -1 -1 0 
36 10 635 351 21 13 -1 -1 -1 0 
37 1 505 352 91 65 -1 -1 -1 0 
37 4 893 338 61 38 -1 -1 -1 0 
37 7 558 635 718 79 -1 -1 -1 0 
37 10 636 349 20 16 -1 -1 -1 0 
38 1 506 352 89 65 -1 -1 -1 0 
38 4 897 340 63 37 -1 -1 -1 0 
38 7 559 636 720 78 -1 -1 -1 0 
38 10 636 351 20 14 -1 -1 -1 0 
39 1 506 352 89 65 -1 -1 -1 0 
39 4 903 339 63 38 -1 -1 -1 0 
39 7 559 636 720 78 -1 -1 -1 0 
39 10 636 350 20 15 -1 -1 -1 0 
40 1 506 353 90 63 -1 -1 -1 0 
40 4 907 339 67 39 -1 -1 -1 0 
40 7 569 635 705 79 -1 -1 -1 0 
40 10 636 351 20 14 -1 -1 -1 0 
