3 1 707 330 24 31 -1 -1 -1 0 
3 2 728 346 27 21 -1 -1 -1 0 
4 1 707 330 24 31 -1 -1 -1 0 
4 2 728 344 27 23 -1 -1 -1 0 
5 1 706 330 25 32 -1 -1 -1 0 
5 2 728 343 27 25 -1 -1 -1 0 
6 1 707 330 25 33 -1 -1 -1 0 
6 2 727 346 29 22 -1 -1 -1 0 
7 1 707 330 26 32 -1 -1 -1 0 
7 2 728 346 28 22 -1 -1 -1 0 
8 1 707 330 26 32 -1 -1 -1 0 
8 2 728 346 28 22 -1 -1 -1 0 
9 1 707 330 25 32 -1 -1 -1 0 
9 2 729 345 27 23 -1 -1 -1 0 
10 1 707 330 26 32 -1 -1 -1 0 
10 2 730 345 27 23 -1 -1 -1 0 
11 1 708 330 25 32 -1 -1 -1 0 
11 2 729 345 29 23 -1 -1 -1 0 
11 6 561 635 714 79 -1 -1 -1 0 
12 1 707 329 27 32 -1 -1 -1 0 
12 2 729 344 29 24 -1 -1 -1 0 
12 6 562 634 712 81 -1 -1 -1 0 
13 1 708 329 25 32 -1 -1 -1 0 
13 6 571 634 705 80 -1 -1 -1 0 
14 1 709 329 24 32 -1 -1 -1 0 
14 2 729 345 29 22 -1 -1 -1 0 
14 6 561 635 718 79 -1 -1 -1 0 
15 1 709 329 25 32 -1 -1 -1 0 
15 2 729 345 29 22 -1 -1 -1 0 
15 6 576 635 697 79 -1 -1 -1 0 
16 1 708 329 26 32 -1 -1 -1 0 
16 6 564 635 712 79 -1 -1 -1 0 
17 1 710 329 23 33 -1 -1 -1 0 
17 2 681 345 20 17 -1 -1 -1 0 
17 6 563 634 711 81 -1 -1 -1 0 
18 1 709 329 25 33 -1 -1 -1 0 
18 2 676 345 19 17 -1 -1 -1 0 
18 6 557 635 722 80 -1 -1 -1 0 
19 1 709 329 26 32 -1 -1 -1 0 
19 6 556 635 723 80 -1 -1 -1 0 
20 1 710 329 24 32 -1 -1 -1 0 
20 7 730 344 30 23 -1 -1 -1 0 
21 1 711 329 23 32 -1 -1 -1 0 
21 7 730 345 31 22 -1 -1 -1 0 
22 1 711 330 25 31 -1 -1 -1 0 
22 7 731 346 30 21 -1 -1 -1 0 
23 1 711 330 25 31 -1 -1 -1 0 
23 2 674 346 17 14 -1 -1 -1 0 
23 7 732 345 30 22 -1 -1 -1 0 
24 1 711 330 26 30 -1 -1 -1 0 
24 2 671 347 17 13 -1 -1 -1 0 
24 7 732 343 30 24 -1 -1 -1 0 
25 1 712 330 25 30 -1 -1 -1 0 
25 2 674 346 18 15 -1 -1 -1 0 
25 7 733 343 29 24 -1 -1 -1 0 
26 1 713 331 25 29 -1 -1 -1 0 
26 2 674 347 19 14 -1 -1 -1 0 
26 7 733 343 30 24 -1 -1 -1 0 
27 1 712 331 26 31 -1 -1 -1 0 
27 2 672 347 19 14 -1 -1 -1 0 
27 7 732 344 32 24 -1 -1 -1 0 
28 1 712 331 26 31 -1 -1 -1 0 
28 7 733 345 31 23 -1 -1 -1 0 
28 8 417 356 31 17 -1 -1 -1 0 
29 2 674 345 19 16 -1 -1 -1 0 
29 7 733 345 31 24 -1 -1 -1 0 
29 8 402 356 35 17 -1 -1 -1 0 
30 2 674 343 19 17 -1 -1 -1 0 
30 7 733 344 30 25 -1 -1 -1 0 
30 8 387 356 35 18 -1 -1 -1 0 
31 1 714 330 24 31 -1 -1 -1 0 
31 2 674 342 20 18 -1 -1 -1 0 
31 7 733 343 31 25 -1 -1 -1 0 
31 8 370 355 38 20 -1 -1 -1 0 
32 1 714 330 25 31 -1 -1 -1 0 
32 2 674 341 20 19 -1 -1 -1 0 
32 7 732 343 32 25 -1 -1 -1 0 
32 8 351 355 41 22 -1 -1 -1 0 
33 1 714 329 25 31 -1 -1 -1 0 
33 2 673 341 20 19 -1 -1 -1 0 
33 7 733 343 31 25 -1 -1 -1 0 
33 8 329 355 46 24 -1 -1 -1 0 
34 1 715 330 25 31 -1 -1 -1 0 
34 8 303 357 52 24 -1 -1 -1 0 
35 1 715 329 25 32 -1 -1 -1 0 
35 8 276 358 55 26 -1 -1 -1 0 
36 1 715 329 26 32 -1 -1 -1 0 
36 8 241 359 64 28 -1 -1 -1 0 
37 1 715 328 26 32 -1 -1 -1 0 
37 7 734 345 32 23 -1 -1 -1 0 
37 8 200 360 73 32 -1 -1 -1 0 
38 1 715 328 27 32 -1 -1 -1 0 
38 7 735 345 31 22 -1 -1 -1 0 
38 8 149 363 87 34 -1 -1 -1 0 
39 1 715 328 28 31 -1 -1 -1 0 
39 7 735 346 31 22 -1 -1 -1 0 
39 8 85 366 105 37 -1 -1 -1 0 
40 1 716 328 27 31 -1 -1 -1 0 
40 7 734 346 33 22 -1 -1 -1 0 
40 8 8 368 122 42 -1 -1 -1 0 
