3 1 673 340 35 30 -1 -1 -1 0 
3 2 594 343 30 21 -1 -1 -1 0 
3 3 4 294 435 399 -1 -1 -1 0 
3 4 957 383 70 36 -1 -1 -1 0 
4 1 672 340 37 30 -1 -1 -1 0 
4 2 596 343 28 21 -1 -1 -1 0 
4 3 0 298 454 411 -1 -1 -1 0 
4 4 956 383 73 35 -1 -1 -1 0 
4 5 559 637 717 79 -1 -1 -1 0 
5 1 673 339 35 30 -1 -1 -1 0 
5 2 596 342 29 22 -1 -1 -1 0 
5 3 0 301 467 409 -1 -1 -1 0 
5 4 954 382 75 35 -1 -1 -1 0 
5 5 559 636 715 80 -1 -1 -1 0 
6 1 673 339 35 30 -1 -1 -1 0 
6 2 596 342 29 21 -1 -1 -1 0 
6 3 0 304 484 392 -1 -1 -1 0 
6 4 955 381 74 38 -1 -1 -1 0 
6 5 557 636 719 80 -1 -1 -1 0 
7 1 673 338 35 31 -1 -1 -1 0 
7 2 598 342 26 21 -1 -1 -1 0 
7 3 0 307 496 359 -1 -1 -1 0 
7 4 947 382 84 38 -1 -1 -1 0 
7 5 560 636 714 80 -1 -1 -1 0 
8 1 673 338 35 32 -1 -1 -1 0 
8 2 598 343 27 21 -1 -1 -1 0 
8 3 0 310 505 324 -1 -1 -1 0 
8 4 948 382 84 34 -1 -1 -1 0 
8 5 561 636 714 80 -1 -1 -1 0 
9 1 673 338 34 32 -1 -1 -1 0 
9 2 598 343 27 21 -1 -1 -1 0 
9 3 0 312 508 298 -1 -1 -1 0 
9 4 950 383 81 31 -1 -1 -1 0 
9 5 568 631 699 85 -1 -1 -1 0 
10 1 672 338 37 32 -1 -1 -1 0 
10 2 599 343 26 21 -1 -1 -1 0 
10 3 0 313 514 277 -1 -1 -1 0 
10 4 953 383 76 33 -1 -1 -1 0 
10 5 548 634 731 82 -1 -1 -1 0 
10 8 7 358 85 24 -1 -1 -1 0 
11 1 672 338 37 32 -1 -1 -1 0 
11 2 598 343 29 21 -1 -1 -1 0 
11 3 0 315 520 254 -1 -1 -1 0 
11 4 950 383 82 29 -1 -1 -1 0 
11 5 555 635 724 81 -1 -1 -1 0 
11 8 0 360 44 22 -1 -1 -1 0 
12 1 672 338 36 32 -1 -1 -1 0 
12 2 600 344 26 20 -1 -1 -1 0 
12 3 30 315 488 239 -1 -1 -1 0 
12 4 952 381 77 32 -1 -1 -1 0 
12 5 553 636 726 80 -1 -1 -1 0 
12 8 0 361 18 21 -1 -1 -1 0 
13 1 672 338 36 32 -1 -1 -1 0 
13 2 600 344 27 20 -1 -1 -1 0 
13 3 78 315 440 224 -1 -1 -1 0 
13 4 953 381 76 32 -1 -1 -1 0 
13 5 559 636 714 81 -1 -1 -1 0 
14 1 672 338 35 32 -1 -1 -1 0 
14 2 602 344 24 19 -1 -1 -1 0 
14 3 124 317 399 211 -1 -1 -1 0 
14 4 953 381 74 33 -1 -1 -1 0 
14 5 555 636 722 80 -1 -1 -1 0 
15 1 671 338 36 32 -1 -1 -1 0 
15 2 602 342 24 21 -1 -1 -1 0 
15 3 165 316 364 201 -1 -1 -1 0 
15 4 950 380 78 34 -1 -1 -1 0 
15 5 558 635 718 81 -1 -1 -1 0 
16 1 671 338 36 32 -1 -1 -1 0 
16 2 601 344 26 19 -1 -1 -1 0 
16 3 198 318 340 188 -1 -1 -1 0 
16 4 951 379 76 36 -1 -1 -1 0 
16 5 559 635 717 81 -1 -1 -1 0 
17 1 671 338 35 32 -1 -1 -1 0 
17 2 602 344 25 19 -1 -1 -1 0 
17 3 229 319 314 178 -1 -1 -1 0 
17 4 951 379 77 35 -1 -1 -1 0 
17 5 555 634 721 81 -1 -1 -1 0 
17 10 15 361 86 33 -1 -1 -1 0 
18 1 670 338 35 32 -1 -1 -1 0 
18 2 602 343 25 20 -1 -1 -1 0 
18 3 255 319 292 171 -1 -1 -1 0 
18 4 946 378 83 35 -1 -1 -1 0 
18 5 556 635 721 80 -1 -1 -1 0 
18 10 15 360 90 35 -1 -1 -1 0 
19 1 670 338 35 32 -1 -1 -1 0 
19 2 601 342 26 21 -1 -1 -1 0 
19 3 279 319 272 164 -1 -1 -1 0 
19 4 946 377 82 34 -1 -1 -1 0 
19 5 557 635 719 80 -1 -1 -1 0 
20 1 669 337 36 33 -1 -1 -1 0 
20 2 600 344 27 18 -1 -1 -1 0 
20 3 298 320 259 155 -1 -1 -1 0 
20 4 945 375 82 32 -1 -1 -1 0 
20 5 557 635 719 80 -1 -1 -1 0 
21 1 669 338 35 31 -1 -1 -1 0 
21 2 601 344 24 18 -1 -1 -1 0 
21 3 317 320 243 149 -1 -1 -1 0 
21 4 942 376 86 27 -1 -1 -1 0 
21 5 558 635 718 80 -1 -1 -1 0 
21 11 193 355 64 28 -1 -1 -1 0 
22 1 669 338 34 31 -1 -1 -1 0 
22 2 602 342 23 20 -1 -1 -1 0 
22 3 335 320 227 144 -1 -1 -1 0 
22 4 943 374 80 28 -1 -1 -1 0 
22 5 559 635 715 80 -1 -1 -1 0 
22 11 167 355 62 29 -1 -1 -1 0 
22 12 229 349 69 28 -1 -1 -1 0 
23 1 668 338 34 31 -1 -1 -1 0 
23 2 601 342 25 20 -1 -1 -1 0 
23 3 348 322 218 137 -1 -1 -1 0 
23 4 947 372 73 37 -1 -1 -1 0 
23 5 560 635 712 80 -1 -1 -1 0 
23 11 137 355 68 31 -1 -1 -1 0 
23 12 195 349 76 29 -1 -1 -1 0 
24 1 668 338 35 31 -1 -1 -1 0 
24 2 601 344 24 18 -1 -1 -1 0 
24 3 363 323 204 132 -1 -1 -1 0 
24 4 945 371 77 38 -1 -1 -1 0 
24 5 560 635 714 80 -1 -1 -1 0 
24 11 101 351 95 37 -1 -1 -1 0 
24 12 192 351 56 27 -1 -1 -1 0 
25 1 668 338 34 31 -1 -1 -1 0 
25 2 602 342 23 20 -1 -1 -1 0 
25 3 374 323 195 128 -1 -1 -1 0 
25 4 942 370 81 39 -1 -1 -1 0 
25 5 565 635 709 80 -1 -1 -1 0 
25 11 65 353 87 37 -1 -1 -1 0 
25 12 194 355 43 26 -1 -1 -1 0 
26 1 667 338 34 31 -1 -1 -1 0 
26 2 601 342 25 20 -1 -1 -1 0 
26 3 385 324 187 124 -1 -1 -1 0 
26 4 948 370 74 39 -1 -1 -1 0 
26 5 558 635 718 80 -1 -1 -1 0 
26 11 17 357 74 35 -1 -1 -1 0 
26 12 168 357 73 25 -1 -1 -1 0 
27 1 666 339 36 30 -1 -1 -1 0 
27 2 599 342 27 20 -1 -1 -1 0 
27 3 395 325 178 118 -1 -1 -1 0 
27 4 955 369 64 42 -1 -1 -1 0 
27 5 559 635 716 80 -1 -1 -1 0 
27 11 0 358 57 35 -1 -1 -1 0 
27 12 155 358 74 24 -1 -1 -1 0 
28 1 667 339 34 30 -1 -1 -1 0 
28 2 601 342 24 19 -1 -1 -1 0 
28 3 404 325 170 116 -1 -1 -1 0 
28 4 956 369 62 42 -1 -1 -1 0 
28 5 556 635 721 80 -1 -1 -1 0 
29 1 666 339 35 30 -1 -1 -1 0 
29 2 600 343 26 18 -1 -1 -1 0 
29 3 412 326 164 111 -1 -1 -1 0 
29 5 558 635 717 81 -1 -1 -1 0 
29 12 153 360 30 19 -1 -1 -1 0 
30 1 666 340 34 29 -1 -1 -1 0 
30 2 601 343 23 18 -1 -1 -1 0 
30 3 420 326 157 110 -1 -1 -1 0 
30 5 557 635 720 81 -1 -1 -1 0 
30 12 141 361 29 18 -1 -1 -1 0 
31 1 666 340 33 29 -1 -1 -1 0 
31 2 602 342 22 19 -1 -1 -1 0 
31 3 427 326 151 106 -1 -1 -1 0 
31 4 939 368 81 45 -1 -1 -1 0 
31 5 559 635 717 81 -1 -1 -1 0 
32 1 665 340 35 29 -1 -1 -1 0 
32 2 601 342 23 19 -1 -1 -1 0 
32 3 434 327 144 102 -1 -1 -1 0 
32 4 933 369 88 41 -1 -1 -1 0 
32 5 559 635 715 81 -1 -1 -1 0 
32 16 381 348 29 15 -1 -1 -1 0 
33 1 665 340 34 29 -1 -1 -1 0 
33 2 601 342 22 19 -1 -1 -1 0 
33 3 439 327 138 101 -1 -1 -1 0 
33 4 933 369 85 40 -1 -1 -1 0 
33 5 561 636 715 80 -1 -1 -1 0 
33 12 35 365 78 21 -1 -1 -1 0 
33 16 375 349 29 14 -1 -1 -1 0 
34 1 664 340 34 30 -1 -1 -1 0 
34 2 600 343 24 19 -1 -1 -1 0 
34 3 443 329 136 97 -1 -1 -1 0 
34 4 933 369 83 42 -1 -1 -1 0 
34 5 561 635 714 81 -1 -1 -1 0 
34 12 14 366 77 22 -1 -1 -1 0 
34 16 370 350 29 14 -1 -1 -1 0 
34 17 258 349 69 30 -1 -1 -1 0 
35 1 664 340 34 30 -1 -1 -1 0 
35 2 600 343 24 19 -1 -1 -1 0 
35 3 447 329 133 95 -1 -1 -1 0 
35 4 931 369 86 40 -1 -1 -1 0 
35 5 557 635 721 81 -1 -1 -1 0 
35 12 2 365 63 25 -1 -1 -1 0 
35 16 363 351 31 14 -1 -1 -1 0 
35 17 230 349 74 30 -1 -1 -1 0 
36 1 664 340 33 31 -1 -1 -1 0 
36 2 601 343 23 19 -1 -1 -1 0 
36 3 452 330 127 92 -1 -1 -1 0 
36 4 930 369 88 40 -1 -1 -1 0 
36 5 552 635 726 81 -1 -1 -1 0 
36 12 0 366 49 25 -1 -1 -1 0 
36 16 358 350 30 15 -1 -1 -1 0 
36 17 199 349 77 32 -1 -1 -1 0 
37 1 663 340 34 31 -1 -1 -1 0 
37 2 601 344 23 18 -1 -1 -1 0 
37 3 457 330 121 91 -1 -1 -1 0 
37 4 932 369 81 41 -1 -1 -1 0 
37 5 555 636 721 80 -1 -1 -1 0 
37 16 352 350 32 15 -1 -1 -1 0 
37 17 159 351 88 33 -1 -1 -1 0 
38 1 663 340 34 30 -1 -1 -1 0 
38 2 601 344 23 18 -1 -1 -1 0 
38 3 460 330 118 89 -1 -1 -1 0 
38 4 930 369 82 41 -1 -1 -1 0 
38 5 558 635 717 81 -1 -1 -1 0 
38 16 384 350 34 15 -1 -1 -1 0 
38 17 111 353 102 34 -1 -1 -1 0 
39 1 662 340 34 30 -1 -1 -1 0 
39 2 602 342 21 20 -1 -1 -1 0 
39 3 464 330 115 87 -1 -1 -1 0 
39 4 922 368 94 41 -1 -1 -1 0 
39 5 557 635 719 81 -1 -1 -1 0 
39 10 217 355 45 22 -1 -1 -1 0 
39 16 355 350 33 16 -1 -1 -1 0 
39 17 48 358 122 34 -1 -1 -1 0 
40 1 662 340 34 30 -1 -1 -1 0 
40 2 602 342 21 20 -1 -1 -1 0 
40 3 466 330 114 84 -1 -1 -1 0 
40 4 926 368 83 39 -1 -1 -1 0 
40 5 557 635 720 81 -1 -1 -1 0 
40 10 213 356 49 19 -1 -1 -1 0 
40 16 340 350 33 16 -1 -1 -1 0 
40 17 0 361 120 35 -1 -1 -1 0 
