3 1 811 336 105 70 -1 -1 -1 0 
3 2 597 325 49 50 -1 -1 -1 0 
3 3 679 339 20 16 -1 -1 -1 0 
4 1 813 336 108 71 -1 -1 -1 0 
4 2 597 324 49 51 -1 -1 -1 0 
4 3 679 339 20 16 -1 -1 -1 0 
5 1 816 335 109 73 -1 -1 -1 0 
5 2 598 324 48 51 -1 -1 -1 0 
5 3 680 339 19 16 -1 -1 -1 0 
6 1 819 335 112 75 -1 -1 -1 0 
6 2 597 324 50 51 -1 -1 -1 0 
6 3 680 339 20 17 -1 -1 -1 0 
7 1 821 335 116 77 -1 -1 -1 0 
7 2 597 324 50 52 -1 -1 -1 0 
7 3 680 340 20 16 -1 -1 -1 0 
8 1 824 336 119 78 -1 -1 -1 0 
8 2 597 325 51 51 -1 -1 -1 0 
8 3 680 341 21 16 -1 -1 -1 0 
9 1 827 336 122 80 -1 -1 -1 0 
9 2 598 325 49 51 -1 -1 -1 0 
9 3 680 341 21 16 -1 -1 -1 0 
10 1 830 336 126 81 -1 -1 -1 0 
10 2 599 325 48 51 -1 -1 -1 0 
10 3 679 341 22 15 -1 -1 -1 0 
11 1 833 336 131 82 -1 -1 -1 0 
11 2 599 324 49 52 -1 -1 -1 0 
11 3 680 341 20 15 -1 -1 -1 0 
12 1 837 336 132 83 -1 -1 -1 0 
12 2 599 324 50 52 -1 -1 -1 0 
12 3 681 341 18 15 -1 -1 -1 0 
13 1 840 336 137 85 -1 -1 -1 0 
13 2 600 325 49 51 -1 -1 -1 0 
13 3 681 341 19 15 -1 -1 -1 0 
14 1 843 335 141 87 -1 -1 -1 0 
14 2 600 325 49 51 -1 -1 -1 0 
14 3 681 341 20 16 -1 -1 -1 0 
15 1 847 335 145 90 -1 -1 -1 0 
15 2 599 325 51 51 -1 -1 -1 0 
15 3 682 341 19 16 -1 -1 -1 0 
16 1 851 335 151 91 -1 -1 -1 0 
16 2 600 325 50 51 -1 -1 -1 0 
16 3 682 341 19 16 -1 -1 -1 0 
17 1 855 334 154 95 -1 -1 -1 0 
17 2 600 325 50 51 -1 -1 -1 0 
17 3 681 341 20 17 -1 -1 -1 0 
18 1 859 334 161 97 -1 -1 -1 0 
18 2 600 326 49 50 -1 -1 -1 0 
18 3 681 342 20 16 -1 -1 -1 0 
19 1 862 334 168 100 -1 -1 -1 0 
19 2 600 326 49 50 -1 -1 -1 0 
19 3 682 342 19 17 -1 -1 -1 0 
19 9 561 634 713 79 -1 -1 -1 0 
20 1 867 334 175 102 -1 -1 -1 0 
20 2 600 326 49 51 -1 -1 -1 0 
20 3 682 343 20 17 -1 -1 -1 0 
20 9 567 634 708 79 -1 -1 -1 0 
21 1 873 334 180 105 -1 -1 -1 0 
21 2 600 326 50 51 -1 -1 -1 0 
21 3 682 343 20 17 -1 -1 -1 0 
21 9 561 634 717 80 -1 -1 -1 0 
22 1 877 335 188 107 -1 -1 -1 0 
22 2 601 326 49 51 -1 -1 -1 0 
22 3 682 343 19 18 -1 -1 -1 0 
22 9 560 635 718 79 -1 -1 -1 0 
23 1 881 334 197 110 -1 -1 -1 0 
23 2 601 327 48 50 -1 -1 -1 0 
23 3 681 343 21 18 -1 -1 -1 0 
23 9 564 635 710 79 -1 -1 -1 0 
24 1 887 335 205 113 -1 -1 -1 0 
24 2 601 327 49 50 -1 -1 -1 0 
24 3 681 344 21 17 -1 -1 -1 0 
24 9 565 635 710 79 -1 -1 -1 0 
25 1 894 335 212 118 -1 -1 -1 0 
25 2 601 327 49 51 -1 -1 -1 0 
25 3 681 345 22 17 -1 -1 -1 0 
25 9 564 635 713 79 -1 -1 -1 0 
26 1 898 335 225 122 -1 -1 -1 0 
26 2 601 327 49 51 -1 -1 -1 0 
26 3 681 347 21 15 -1 -1 -1 0 
26 9 564 635 713 79 -1 -1 -1 0 
27 1 903 335 238 125 -1 -1 -1 0 
27 2 601 327 49 51 -1 -1 -1 0 
27 3 682 345 20 17 -1 -1 -1 0 
28 1 910 335 249 130 -1 -1 -1 0 
28 2 601 327 49 51 -1 -1 -1 0 
28 3 681 347 21 15 -1 -1 -1 0 
29 1 916 335 264 133 -1 -1 -1 0 
29 2 601 327 49 51 -1 -1 -1 0 
29 3 681 347 21 14 -1 -1 -1 0 
29 9 567 635 709 79 -1 -1 -1 0 
30 1 924 335 278 138 -1 -1 -1 0 
30 2 601 327 49 51 -1 -1 -1 0 
30 3 683 347 18 14 -1 -1 -1 0 
30 9 565 635 713 79 -1 -1 -1 0 
31 1 931 335 296 144 -1 -1 -1 0 
31 2 600 327 50 51 -1 -1 -1 0 
31 3 682 347 20 15 -1 -1 -1 0 
31 9 571 635 704 79 -1 -1 -1 0 
32 1 938 334 316 151 -1 -1 -1 0 
32 2 600 328 50 51 -1 -1 -1 0 
32 3 682 348 20 13 -1 -1 -1 0 
32 9 571 634 704 80 -1 -1 -1 0 
33 1 949 334 326 157 -1 -1 -1 0 
33 2 601 328 50 50 -1 -1 -1 0 
33 3 683 348 18 13 -1 -1 -1 0 
33 9 569 634 707 80 -1 -1 -1 0 
34 1 961 333 318 164 -1 -1 -1 0 
34 2 601 328 50 50 -1 -1 -1 0 
34 3 683 348 18 13 -1 -1 -1 0 
34 9 561 634 718 80 -1 -1 -1 0 
35 1 970 333 309 169 -1 -1 -1 0 
35 2 602 327 48 51 -1 -1 -1 0 
35 3 683 346 20 16 -1 -1 -1 0 
35 9 560 634 719 80 -1 -1 -1 0 
36 1 981 333 298 177 -1 -1 -1 0 
36 2 602 327 48 51 -1 -1 -1 0 
36 3 682 347 21 15 -1 -1 -1 0 
37 1 991 332 288 185 -1 -1 -1 0 
37 2 601 327 51 51 -1 -1 -1 0 
37 3 682 347 21 15 -1 -1 -1 0 
38 1 1001 332 278 194 -1 -1 -1 0 
38 2 603 328 47 50 -1 -1 -1 0 
38 3 683 347 19 15 -1 -1 -1 0 
39 1 1015 331 263 206 -1 -1 -1 0 
39 2 602 328 49 50 -1 -1 -1 0 
39 3 682 348 20 14 -1 -1 -1 0 
39 9 570 634 706 80 -1 -1 -1 0 
40 1 1027 331 250 219 -1 -1 -1 0 
40 2 602 328 49 50 -1 -1 -1 0 
40 3 682 348 20 14 -1 -1 -1 0 
40 9 576 634 699 81 -1 -1 -1 0 
