3 1 942 345 153 68 -1 -1 -1 0 
3 3 775 341 40 28 -1 -1 -1 0 
3 4 669 340 33 32 -1 -1 -1 0 
4 1 941 346 153 67 -1 -1 -1 0 
4 3 775 340 39 29 -1 -1 -1 0 
4 4 668 344 35 28 -1 -1 -1 0 
5 1 940 345 152 68 -1 -1 -1 0 
5 3 774 340 40 28 -1 -1 -1 0 
5 4 669 343 32 29 -1 -1 -1 0 
6 1 939 345 151 68 -1 -1 -1 0 
6 3 774 340 39 28 -1 -1 -1 0 
6 4 668 344 34 28 -1 -1 -1 0 
7 1 937 346 153 67 -1 -1 -1 0 
7 3 774 340 38 28 -1 -1 -1 0 
7 4 669 342 32 30 -1 -1 -1 0 
8 1 937 346 151 67 -1 -1 -1 0 
8 3 774 340 38 28 -1 -1 -1 0 
8 4 669 342 32 30 -1 -1 -1 0 
8 7 234 364 51 19 -1 -1 -1 0 
9 1 937 346 149 67 -1 -1 -1 0 
9 3 773 340 38 28 -1 -1 -1 0 
9 4 669 342 32 30 -1 -1 -1 0 
9 7 212 365 52 21 -1 -1 -1 0 
9 8 377 355 39 16 -1 -1 -1 0 
10 1 936 347 148 66 -1 -1 -1 0 
10 3 772 340 39 28 -1 -1 -1 0 
10 4 669 342 32 29 -1 -1 -1 0 
10 7 185 366 58 21 -1 -1 -1 0 
10 8 362 356 39 16 -1 -1 -1 0 
11 1 936 347 146 66 -1 -1 -1 0 
11 3 772 340 39 28 -1 -1 -1 0 
11 4 669 341 31 30 -1 -1 -1 0 
11 7 158 367 62 22 -1 -1 -1 0 
11 8 347 359 39 15 -1 -1 -1 0 
12 1 935 347 145 65 -1 -1 -1 0 
12 3 772 340 38 27 -1 -1 -1 0 
12 4 668 341 33 30 -1 -1 -1 0 
12 7 124 368 71 24 -1 -1 -1 0 
12 8 330 359 42 16 -1 -1 -1 0 
13 1 933 347 146 65 -1 -1 -1 0 
13 3 772 340 38 27 -1 -1 -1 0 
13 4 668 341 33 30 -1 -1 -1 0 
13 7 88 370 81 26 -1 -1 -1 0 
13 8 312 360 45 18 -1 -1 -1 0 
13 9 385 358 28 13 -1 -1 -1 0 
14 1 933 347 144 65 -1 -1 -1 0 
14 3 772 340 38 27 -1 -1 -1 0 
14 4 668 342 35 29 -1 -1 -1 0 
14 7 46 371 91 27 -1 -1 -1 0 
14 8 292 361 48 19 -1 -1 -1 0 
14 9 376 359 29 13 -1 -1 -1 0 
15 1 933 348 143 64 -1 -1 -1 0 
15 3 772 341 38 27 -1 -1 -1 0 
15 4 669 344 33 27 -1 -1 -1 0 
15 7 17 373 80 28 -1 -1 -1 0 
15 8 267 363 56 19 -1 -1 -1 0 
15 9 366 359 31 14 -1 -1 -1 0 
16 1 932 348 142 64 -1 -1 -1 0 
16 3 772 341 37 27 -1 -1 -1 0 
16 4 670 343 31 28 -1 -1 -1 0 
16 7 0 374 69 29 -1 -1 -1 0 
16 8 241 363 60 21 -1 -1 -1 0 
16 9 356 358 30 16 -1 -1 -1 0 
17 1 931 347 142 65 -1 -1 -1 0 
17 3 771 341 37 27 -1 -1 -1 0 
17 4 669 343 33 27 -1 -1 -1 0 
17 8 223 364 63 21 -1 -1 -1 0 
17 9 343 359 35 15 -1 -1 -1 0 
18 1 930 347 141 64 -1 -1 -1 0 
18 3 772 340 36 27 -1 -1 -1 0 
18 4 670 341 31 29 -1 -1 -1 0 
18 8 177 364 74 24 -1 -1 -1 0 
18 9 332 359 34 15 -1 -1 -1 0 
19 1 930 347 139 64 -1 -1 -1 0 
19 3 771 340 36 27 -1 -1 -1 0 
19 4 670 341 31 28 -1 -1 -1 0 
19 8 136 365 85 26 -1 -1 -1 0 
19 9 319 360 35 14 -1 -1 -1 0 
20 1 928 346 140 64 -1 -1 -1 0 
20 3 771 339 37 27 -1 -1 -1 0 
20 4 670 341 31 28 -1 -1 -1 0 
20 8 88 366 96 29 -1 -1 -1 0 
20 9 305 359 36 16 -1 -1 -1 0 
20 10 343 356 40 16 -1 -1 -1 0 
20 11 563 633 711 81 -1 -1 -1 0 
21 1 928 346 138 64 -1 -1 -1 0 
21 3 770 339 37 27 -1 -1 -1 0 
21 4 671 342 31 27 -1 -1 -1 0 
21 8 25 367 116 32 -1 -1 -1 0 
21 9 291 359 34 16 -1 -1 -1 0 
21 10 325 356 44 17 -1 -1 -1 0 
21 11 560 633 715 82 -1 -1 -1 0 
22 1 926 345 139 64 -1 -1 -1 0 
22 3 770 338 37 27 -1 -1 -1 0 
22 4 671 342 31 26 -1 -1 -1 0 
22 8 0 369 90 31 -1 -1 -1 0 
22 9 273 360 34 16 -1 -1 -1 0 
22 10 304 357 48 17 -1 -1 -1 0 
22 12 0 549 116 166 -1 -1 -1 0 
23 1 926 345 136 64 -1 -1 -1 0 
23 3 769 338 38 27 -1 -1 -1 0 
23 4 672 342 29 26 -1 -1 -1 0 
23 8 0 370 56 32 -1 -1 -1 0 
23 9 260 360 35 17 -1 -1 -1 0 
23 10 283 357 50 19 -1 -1 -1 0 
23 12 0 532 149 182 -1 -1 -1 0 
24 1 924 345 138 63 -1 -1 -1 0 
24 3 769 339 37 26 -1 -1 -1 0 
24 4 672 342 29 26 -1 -1 -1 0 
24 10 257 360 58 18 -1 -1 -1 0 
24 12 0 519 179 194 -1 -1 -1 0 
25 1 924 345 137 63 -1 -1 -1 0 
25 3 770 339 36 26 -1 -1 -1 0 
25 4 672 341 29 28 -1 -1 -1 0 
25 10 218 361 74 21 -1 -1 -1 0 
25 11 560 633 717 82 -1 -1 -1 0 
25 12 0 509 205 204 -1 -1 -1 0 
26 1 924 345 135 62 -1 -1 -1 0 
26 3 769 340 36 26 -1 -1 -1 0 
26 4 672 340 30 29 -1 -1 -1 0 
26 10 190 363 78 23 -1 -1 -1 0 
26 11 557 634 721 80 -1 -1 -1 0 
26 12 0 501 230 212 -1 -1 -1 0 
27 1 923 345 134 62 -1 -1 -1 0 
27 3 768 340 38 26 -1 -1 -1 0 
27 4 672 340 30 29 -1 -1 -1 0 
27 9 340 360 40 14 -1 -1 -1 0 
27 10 158 366 79 24 -1 -1 -1 0 
27 11 561 634 714 80 -1 -1 -1 0 
27 12 0 492 252 220 -1 -1 -1 0 
28 1 921 345 135 62 -1 -1 -1 0 
28 3 769 340 36 26 -1 -1 -1 0 
28 4 672 340 30 29 -1 -1 -1 0 
28 9 339 360 38 15 -1 -1 -1 0 
28 10 116 369 89 25 -1 -1 -1 0 
28 11 564 634 711 80 -1 -1 -1 0 
28 12 0 485 273 226 -1 -1 -1 0 
29 1 921 345 133 62 -1 -1 -1 0 
29 3 769 341 36 25 -1 -1 -1 0 
29 4 672 340 30 29 -1 -1 -1 0 
29 9 330 361 39 15 -1 -1 -1 0 
29 10 61 371 107 28 -1 -1 -1 0 
29 11 567 634 708 80 -1 -1 -1 0 
29 12 4 469 282 241 -1 -1 -1 0 
30 1 920 345 133 61 -1 -1 -1 0 
30 3 769 341 35 25 -1 -1 -1 0 
30 4 673 339 30 30 -1 -1 -1 0 
30 9 331 361 40 15 -1 -1 -1 0 
30 10 6 375 111 31 -1 -1 -1 0 
30 11 567 634 707 80 -1 -1 -1 0 
30 12 4 453 297 256 -1 -1 -1 0 
31 1 920 345 131 61 -1 -1 -1 0 
31 3 768 340 36 26 -1 -1 -1 0 
31 4 673 339 29 30 -1 -1 -1 0 
31 10 0 380 61 28 -1 -1 -1 0 
31 11 559 634 719 80 -1 -1 -1 0 
31 12 3 440 315 268 -1 -1 -1 0 
32 1 920 343 129 62 -1 -1 -1 0 
32 3 768 339 36 26 -1 -1 -1 0 
32 4 673 338 30 31 -1 -1 -1 0 
32 10 0 382 26 30 -1 -1 -1 0 
32 11 559 634 719 79 -1 -1 -1 0 
32 12 3 428 328 279 -1 -1 -1 0 
32 15 285 358 48 23 -1 -1 -1 0 
33 1 919 343 129 61 -1 -1 -1 0 
33 3 768 339 36 26 -1 -1 -1 0 
33 4 673 338 30 31 -1 -1 -1 0 
33 9 363 358 36 17 -1 -1 -1 0 
33 11 562 634 713 79 -1 -1 -1 0 
33 12 2 419 342 288 -1 -1 -1 0 
33 15 268 360 51 22 -1 -1 -1 0 
34 1 917 343 129 61 -1 -1 -1 0 
34 3 767 338 36 26 -1 -1 -1 0 
34 4 673 337 30 31 -1 -1 -1 0 
34 9 360 357 34 18 -1 -1 -1 0 
34 11 560 634 716 79 -1 -1 -1 0 
34 12 2 411 354 297 -1 -1 -1 0 
34 15 251 360 53 23 -1 -1 -1 0 
35 1 916 344 128 60 -1 -1 -1 0 
35 3 768 339 35 26 -1 -1 -1 0 
35 4 672 339 31 30 -1 -1 -1 0 
35 9 350 356 32 20 -1 -1 -1 0 
35 11 559 634 719 79 -1 -1 -1 0 
35 12 1 405 366 303 -1 -1 -1 0 
35 15 230 360 58 26 -1 -1 -1 0 
35 19 377 357 35 15 -1 -1 -1 0 
36 1 915 344 127 60 -1 -1 -1 0 
36 3 767 339 35 26 -1 -1 -1 0 
36 4 672 340 31 29 -1 -1 -1 0 
36 9 334 358 36 20 -1 -1 -1 0 
36 11 560 634 716 80 -1 -1 -1 0 
36 12 1 401 377 308 -1 -1 -1 0 
36 15 216 361 60 26 -1 -1 -1 0 
36 19 395 358 32 14 -1 -1 -1 0 
37 1 915 345 125 60 -1 -1 -1 0 
37 3 767 340 35 26 -1 -1 -1 0 
37 4 672 342 31 28 -1 -1 -1 0 
37 9 319 363 31 18 -1 -1 -1 0 
37 11 561 634 714 80 -1 -1 -1 0 
37 12 2 399 385 313 -1 -1 -1 0 
37 15 182 363 69 28 -1 -1 -1 0 
37 19 394 359 30 14 -1 -1 -1 0 
38 1 914 345 125 60 -1 -1 -1 0 
38 3 767 340 35 26 -1 -1 -1 0 
38 4 672 342 31 28 -1 -1 -1 0 
38 9 315 359 50 22 -1 -1 -1 0 
38 11 559 634 718 79 -1 -1 -1 0 
38 12 1 397 395 315 -1 -1 -1 0 
38 15 155 366 74 28 -1 -1 -1 0 
38 19 384 360 33 14 -1 -1 -1 0 
39 1 913 345 124 60 -1 -1 -1 0 
39 3 767 340 34 26 -1 -1 -1 0 
39 4 673 343 30 27 -1 -1 -1 0 
39 9 302 359 55 24 -1 -1 -1 0 
39 11 561 634 713 79 -1 -1 -1 0 
39 12 1 396 403 316 -1 -1 -1 0 
39 15 127 367 77 31 -1 -1 -1 0 
39 19 371 361 37 14 -1 -1 -1 0 
40 1 912 345 125 59 -1 -1 -1 0 
40 3 767 341 34 25 -1 -1 -1 0 
40 4 673 342 29 28 -1 -1 -1 0 
40 9 268 359 60 27 -1 -1 -1 0 
40 11 562 633 712 80 -1 -1 -1 0 
40 12 1 396 412 317 -1 -1 -1 0 
40 15 90 366 91 33 -1 -1 -1 0 
40 19 356 361 42 16 -1 -1 -1 0 
40 23 465 353 42 14 -1 -1 -1 0 
