3 1 1068 392 210 226 -1 -1 -1 0 
3 2 737 341 48 33 -1 -1 -1 0 
3 3 667 342 33 25 -1 -1 -1 0 
3 4 593 345 40 29 -1 -1 -1 0 
3 5 714 339 24 19 -1 -1 -1 0 
3 6 969 326 104 48 -1 -1 -1 0 
3 7 639 338 16 12 -1 -1 -1 0 
4 1 1064 390 214 231 -1 -1 -1 0 
4 2 737 341 47 33 -1 -1 -1 0 
4 3 667 342 32 26 -1 -1 -1 0 
4 4 594 345 38 29 -1 -1 -1 0 
4 5 713 340 25 19 -1 -1 -1 0 
4 6 971 326 102 48 -1 -1 -1 0 
4 7 639 338 16 12 -1 -1 -1 0 
4 8 560 635 716 79 -1 -1 -1 0 
5 1 1060 388 219 234 -1 -1 -1 0 
5 2 737 341 48 33 -1 -1 -1 0 
5 3 666 341 34 27 -1 -1 -1 0 
5 4 594 345 38 29 -1 -1 -1 0 
5 5 712 340 26 19 -1 -1 -1 0 
5 6 971 326 105 49 -1 -1 -1 0 
5 8 559 635 718 79 -1 -1 -1 0 
6 1 1058 386 220 237 -1 -1 -1 0 
6 2 736 341 49 33 -1 -1 -1 0 
6 3 666 341 34 27 -1 -1 -1 0 
6 4 595 344 37 30 -1 -1 -1 0 
6 5 713 340 24 19 -1 -1 -1 0 
6 6 972 326 104 49 -1 -1 -1 0 
6 8 561 635 715 79 -1 -1 -1 0 
7 1 1055 384 223 241 -1 -1 -1 0 
7 2 738 341 46 33 -1 -1 -1 0 
7 3 665 342 35 26 -1 -1 -1 0 
7 4 595 344 37 29 -1 -1 -1 0 
7 5 714 340 23 19 -1 -1 -1 0 
7 6 973 327 104 48 -1 -1 -1 0 
7 8 559 635 718 79 -1 -1 -1 0 
8 1 1052 383 227 244 -1 -1 -1 0 
8 2 737 341 46 33 -1 -1 -1 0 
8 3 665 342 34 26 -1 -1 -1 0 
8 4 595 344 38 29 -1 -1 -1 0 
8 5 713 339 24 20 -1 -1 -1 0 
8 6 974 327 105 48 -1 -1 -1 0 
8 8 557 635 720 79 -1 -1 -1 0 
9 1 1050 383 229 245 -1 -1 -1 0 
9 2 737 341 47 34 -1 -1 -1 0 
9 3 665 342 35 26 -1 -1 -1 0 
9 4 596 344 37 29 -1 -1 -1 0 
9 5 712 339 25 20 -1 -1 -1 0 
9 6 975 326 106 49 -1 -1 -1 0 
9 8 561 635 714 79 -1 -1 -1 0 
10 1 1046 383 233 245 -1 -1 -1 0 
10 2 737 341 47 34 -1 -1 -1 0 
10 3 665 342 34 26 -1 -1 -1 0 
10 4 596 344 36 28 -1 -1 -1 0 
10 5 712 338 26 21 -1 -1 -1 0 
10 6 975 326 107 49 -1 -1 -1 0 
10 8 561 635 715 79 -1 -1 -1 0 
11 1 1046 382 233 245 -1 -1 -1 0 
11 2 737 340 48 33 -1 -1 -1 0 
11 3 665 342 33 25 -1 -1 -1 0 
11 4 596 344 37 28 -1 -1 -1 0 
11 5 712 339 27 19 -1 -1 -1 0 
11 6 977 325 106 50 -1 -1 -1 0 
11 8 561 635 714 79 -1 -1 -1 0 
12 1 1045 381 234 246 -1 -1 -1 0 
12 2 738 340 46 33 -1 -1 -1 0 
12 3 665 342 33 25 -1 -1 -1 0 
12 4 597 344 37 27 -1 -1 -1 0 
12 5 712 339 27 19 -1 -1 -1 0 
12 6 976 325 109 49 -1 -1 -1 0 
12 8 561 635 714 79 -1 -1 -1 0 
13 1 1041 380 238 247 -1 -1 -1 0 
13 2 738 339 47 33 -1 -1 -1 0 
13 3 666 340 31 26 -1 -1 -1 0 
13 4 597 343 37 28 -1 -1 -1 0 
13 5 713 338 24 20 -1 -1 -1 0 
13 6 978 324 108 50 -1 -1 -1 0 
13 8 560 635 716 79 -1 -1 -1 0 
14 1 1041 379 238 248 -1 -1 -1 0 
14 2 739 339 45 33 -1 -1 -1 0 
14 3 666 340 31 26 -1 -1 -1 0 
14 4 598 342 36 29 -1 -1 -1 0 
14 5 712 339 26 18 -1 -1 -1 0 
14 6 978 324 110 50 -1 -1 -1 0 
14 8 561 635 716 79 -1 -1 -1 0 
15 1 1040 378 239 249 -1 -1 -1 0 
15 2 739 338 45 34 -1 -1 -1 0 
15 3 665 339 33 27 -1 -1 -1 0 
15 4 598 342 37 28 -1 -1 -1 0 
15 5 713 338 24 19 -1 -1 -1 0 
15 6 979 323 109 50 -1 -1 -1 0 
15 8 563 635 712 79 -1 -1 -1 0 
16 1 1038 378 241 249 -1 -1 -1 0 
16 2 738 339 47 34 -1 -1 -1 0 
16 3 665 340 32 25 -1 -1 -1 0 
16 4 598 343 37 27 -1 -1 -1 0 
16 5 712 338 25 19 -1 -1 -1 0 
16 6 980 322 109 51 -1 -1 -1 0 
16 8 564 635 710 79 -1 -1 -1 0 
17 1 1038 378 240 250 -1 -1 -1 0 
17 2 739 339 46 34 -1 -1 -1 0 
17 3 665 340 32 25 -1 -1 -1 0 
17 4 599 343 36 27 -1 -1 -1 0 
17 5 713 338 24 20 -1 -1 -1 0 
17 6 980 323 111 50 -1 -1 -1 0 
17 7 4 374 45 10 -1 -1 -1 0 
17 8 562 634 713 80 -1 -1 -1 0 
18 1 1037 378 242 251 -1 -1 -1 0 
18 2 739 339 46 34 -1 -1 -1 0 
18 3 664 342 34 24 -1 -1 -1 0 
18 4 600 343 35 27 -1 -1 -1 0 
18 5 712 340 26 18 -1 -1 -1 0 
18 6 982 323 109 51 -1 -1 -1 0 
18 7 0 377 8 10 -1 -1 -1 0 
18 8 557 634 720 81 -1 -1 -1 0 
19 1 1036 377 242 252 -1 -1 -1 0 
19 2 738 339 48 34 -1 -1 -1 0 
19 3 665 341 31 25 -1 -1 -1 0 
19 4 600 343 36 27 -1 -1 -1 0 
19 5 712 340 26 18 -1 -1 -1 0 
19 6 982 323 111 51 -1 -1 -1 0 
19 8 556 634 721 81 -1 -1 -1 0 
20 1 1035 377 243 252 -1 -1 -1 0 
20 2 739 339 46 34 -1 -1 -1 0 
20 3 664 342 33 25 -1 -1 -1 0 
20 4 601 342 35 27 -1 -1 -1 0 
20 5 712 340 26 18 -1 -1 -1 0 
20 6 982 323 112 51 -1 -1 -1 0 
20 8 561 634 714 81 -1 -1 -1 0 
21 1 1034 378 245 252 -1 -1 -1 0 
21 2 738 339 47 35 -1 -1 -1 0 
21 3 664 342 32 25 -1 -1 -1 0 
21 4 601 343 35 27 -1 -1 -1 0 
21 5 713 340 24 19 -1 -1 -1 0 
21 6 984 324 112 51 -1 -1 -1 0 
21 8 561 635 716 80 -1 -1 -1 0 
22 1 1033 377 246 252 -1 -1 -1 0 
22 2 737 340 48 34 -1 -1 -1 0 
22 3 664 343 32 24 -1 -1 -1 0 
22 4 601 343 35 27 -1 -1 -1 0 
22 5 713 340 24 19 -1 -1 -1 0 
22 6 986 324 111 51 -1 -1 -1 0 
22 8 559 635 718 79 -1 -1 -1 0 
23 1 1033 377 245 252 -1 -1 -1 0 
23 2 738 340 47 35 -1 -1 -1 0 
23 3 665 343 30 24 -1 -1 -1 0 
23 4 602 343 34 27 -1 -1 -1 0 
23 5 713 339 23 20 -1 -1 -1 0 
23 6 986 324 113 52 -1 -1 -1 0 
23 8 565 635 711 79 -1 -1 -1 0 
24 1 1033 377 245 253 -1 -1 -1 0 
24 2 738 340 47 35 -1 -1 -1 0 
24 3 665 343 30 24 -1 -1 -1 0 
24 4 602 344 35 26 -1 -1 -1 0 
24 5 712 339 25 20 -1 -1 -1 0 
24 6 986 324 114 52 -1 -1 -1 0 
24 8 564 635 711 79 -1 -1 -1 0 
25 1 1033 377 245 253 -1 -1 -1 0 
25 2 738 341 48 34 -1 -1 -1 0 
25 3 665 343 31 25 -1 -1 -1 0 
25 4 603 344 34 26 -1 -1 -1 0 
25 5 712 339 25 20 -1 -1 -1 0 
25 6 984 324 121 53 -1 -1 -1 0 
25 8 563 636 713 78 -1 -1 -1 0 
26 1 1033 377 245 253 -1 -1 -1 0 
26 2 738 340 48 34 -1 -1 -1 0 
26 3 665 343 31 24 -1 -1 -1 0 
26 4 603 344 33 26 -1 -1 -1 0 
26 5 712 339 26 20 -1 -1 -1 0 
26 6 987 324 116 53 -1 -1 -1 0 
26 8 560 636 716 78 -1 -1 -1 0 
27 1 1033 377 246 252 -1 -1 -1 0 
27 2 738 340 49 34 -1 -1 -1 0 
27 3 665 344 31 23 -1 -1 -1 0 
27 4 603 344 34 25 -1 -1 -1 0 
27 5 713 339 24 20 -1 -1 -1 0 
27 6 989 324 116 53 -1 -1 -1 0 
27 8 561 636 714 78 -1 -1 -1 0 
28 1 1032 377 246 252 -1 -1 -1 0 
28 2 738 340 49 34 -1 -1 -1 0 
28 3 665 344 31 23 -1 -1 -1 0 
28 4 604 344 33 25 -1 -1 -1 0 
28 5 713 339 23 20 -1 -1 -1 0 
28 6 989 324 116 53 -1 -1 -1 0 
28 8 562 636 712 78 -1 -1 -1 0 
29 1 1032 377 247 252 -1 -1 -1 0 
29 2 738 340 48 34 -1 -1 -1 0 
29 3 665 342 29 24 -1 -1 -1 0 
29 4 603 344 34 24 -1 -1 -1 0 
29 5 712 339 25 19 -1 -1 -1 0 
29 6 989 325 118 52 -1 -1 -1 0 
29 8 560 636 716 78 -1 -1 -1 0 
30 1 1032 377 246 252 -1 -1 -1 0 
30 2 739 340 47 34 -1 -1 -1 0 
30 3 665 342 30 24 -1 -1 -1 0 
30 4 605 343 31 25 -1 -1 -1 0 
30 5 712 339 25 19 -1 -1 -1 0 
30 6 992 324 115 53 -1 -1 -1 0 
30 8 559 636 717 78 -1 -1 -1 0 
31 1 1032 377 246 252 -1 -1 -1 0 
31 2 739 340 48 34 -1 -1 -1 0 
31 3 664 343 31 23 -1 -1 -1 0 
31 4 604 343 33 25 -1 -1 -1 0 
31 5 712 339 24 19 -1 -1 -1 0 
31 6 990 324 120 53 -1 -1 -1 0 
31 8 562 635 712 80 -1 -1 -1 0 
32 1 1032 377 246 253 -1 -1 -1 0 
32 2 739 340 48 34 -1 -1 -1 0 
32 3 664 343 31 23 -1 -1 -1 0 
32 4 605 343 32 24 -1 -1 -1 0 
32 5 713 339 23 19 -1 -1 -1 0 
32 6 992 324 119 53 -1 -1 -1 0 
32 8 565 633 708 81 -1 -1 -1 0 
33 1 1032 377 246 253 -1 -1 -1 0 
33 2 739 340 48 34 -1 -1 -1 0 
33 3 664 344 30 22 -1 -1 -1 0 
33 4 605 343 31 24 -1 -1 -1 0 
33 5 713 339 23 20 -1 -1 -1 0 
33 6 992 324 120 54 -1 -1 -1 0 
33 8 556 634 723 80 -1 -1 -1 0 
34 1 1032 377 246 253 -1 -1 -1 0 
34 2 738 340 49 34 -1 -1 -1 0 
34 3 665 344 28 22 -1 -1 -1 0 
34 4 605 344 33 23 -1 -1 -1 0 
34 5 712 339 25 20 -1 -1 -1 0 
34 6 993 325 120 54 -1 -1 -1 0 
34 8 558 635 720 79 -1 -1 -1 0 
35 1 1032 378 246 252 -1 -1 -1 0 
35 2 739 341 48 34 -1 -1 -1 0 
35 3 664 344 30 22 -1 -1 -1 0 
35 4 606 345 32 23 -1 -1 -1 0 
35 5 712 340 26 20 -1 -1 -1 0 
35 6 994 325 121 54 -1 -1 -1 0 
35 8 565 635 710 78 -1 -1 -1 0 
36 1 1032 378 246 252 -1 -1 -1 0 
36 2 739 341 48 34 -1 -1 -1 0 
36 3 665 344 28 23 -1 -1 -1 0 
36 4 607 345 30 23 -1 -1 -1 0 
36 5 712 340 26 20 -1 -1 -1 0 
36 6 995 326 122 54 -1 -1 -1 0 
36 8 564 635 711 78 -1 -1 -1 0 
37 1 1032 379 247 252 -1 -1 -1 0 
37 2 739 341 48 35 -1 -1 -1 0 
37 3 665 344 28 22 -1 -1 -1 0 
37 4 607 345 30 23 -1 -1 -1 0 
37 5 713 341 24 20 -1 -1 -1 0 
37 6 996 326 122 55 -1 -1 -1 0 
37 8 559 635 717 78 -1 -1 -1 0 
38 1 1032 379 246 252 -1 -1 -1 0 
38 2 738 341 50 35 -1 -1 -1 0 
38 3 664 344 30 22 -1 -1 -1 0 
38 5 712 341 25 20 -1 -1 -1 0 
38 6 996 325 122 56 -1 -1 -1 0 
38 8 561 635 713 79 -1 -1 -1 0 
39 1 1032 379 247 253 -1 -1 -1 0 
39 2 739 340 50 35 -1 -1 -1 0 
39 3 664 344 30 22 -1 -1 -1 0 
39 5 712 341 26 19 -1 -1 -1 0 
39 6 997 323 123 57 -1 -1 -1 0 
39 8 559 635 716 79 -1 -1 -1 0 
40 1 1032 379 246 254 -1 -1 -1 0 
40 2 739 340 49 35 -1 -1 -1 0 
40 3 664 345 29 21 -1 -1 -1 0 
40 5 713 341 24 19 -1 -1 -1 0 
40 6 997 325 128 55 -1 -1 -1 0 
40 8 560 634 714 80 -1 -1 -1 0 
