3 1 688 344 44 34 -1 -1 -1 0 
3 2 559 636 718 79 -1 -1 -1 0 
3 3 742 338 27 22 -1 -1 -1 0 
3 4 488 344 36 31 -1 -1 -1 0 
3 5 188 348 107 39 -1 -1 -1 0 
3 6 513 348 55 37 -1 -1 -1 0 
3 7 5 322 161 76 -1 -1 -1 0 
4 1 686 343 45 34 -1 -1 -1 0 
4 2 561 636 714 79 -1 -1 -1 0 
4 3 740 339 29 21 -1 -1 -1 0 
4 4 488 344 34 31 -1 -1 -1 0 
4 5 154 350 107 40 -1 -1 -1 0 
4 6 513 348 55 37 -1 -1 -1 0 
4 7 0 321 155 80 -1 -1 -1 0 
5 1 686 343 44 34 -1 -1 -1 0 
5 2 558 636 719 79 -1 -1 -1 0 
5 3 741 339 26 21 -1 -1 -1 0 
5 4 488 344 33 30 -1 -1 -1 0 
5 5 113 351 127 42 -1 -1 -1 0 
5 6 513 346 55 39 -1 -1 -1 0 
5 9 333 354 27 15 -1 -1 -1 0 
5 10 407 349 29 16 -1 -1 -1 0 
5 11 357 347 48 22 -1 -1 -1 0 
6 1 684 344 46 33 -1 -1 -1 0 
6 2 561 636 715 79 -1 -1 -1 0 
6 3 739 339 28 21 -1 -1 -1 0 
6 4 487 344 35 30 -1 -1 -1 0 
6 5 67 352 117 44 -1 -1 -1 0 
6 6 511 347 57 38 -1 -1 -1 0 
6 9 329 353 27 16 -1 -1 -1 0 
6 10 397 348 30 16 -1 -1 -1 0 
6 11 332 347 62 22 -1 -1 -1 0 
7 1 684 344 44 34 -1 -1 -1 0 
7 2 563 636 712 80 -1 -1 -1 0 
7 3 739 339 27 21 -1 -1 -1 0 
7 4 487 345 34 28 -1 -1 -1 0 
7 5 33 353 121 46 -1 -1 -1 0 
7 6 511 348 57 36 -1 -1 -1 0 
7 10 388 348 30 16 -1 -1 -1 0 
7 11 319 347 58 22 -1 -1 -1 0 
8 1 683 344 44 34 -1 -1 -1 0 
8 2 562 636 713 80 -1 -1 -1 0 
8 3 738 340 27 20 -1 -1 -1 0 
8 4 485 347 36 25 -1 -1 -1 0 
8 6 512 348 55 36 -1 -1 -1 0 
8 7 0 333 116 68 -1 -1 -1 0 
8 10 375 348 35 16 -1 -1 -1 0 
8 11 302 347 60 24 -1 -1 -1 0 
9 1 681 344 45 35 -1 -1 -1 0 
9 2 562 635 712 81 -1 -1 -1 0 
9 3 737 340 27 20 -1 -1 -1 0 
9 4 487 347 36 25 -1 -1 -1 0 
9 6 511 349 56 34 -1 -1 -1 0 
9 7 5 326 78 73 -1 -1 -1 0 
9 10 362 348 39 16 -1 -1 -1 0 
9 11 281 347 64 27 -1 -1 -1 0 
10 1 681 344 43 35 -1 -1 -1 0 
10 2 559 636 719 80 -1 -1 -1 0 
10 3 735 342 28 18 -1 -1 -1 0 
10 4 488 347 34 25 -1 -1 -1 0 
10 6 512 349 54 34 -1 -1 -1 0 
10 7 0 353 111 46 -1 -1 -1 0 
10 9 467 344 23 16 -1 -1 -1 0 
10 10 353 348 36 18 -1 -1 -1 0 
10 11 255 347 73 29 -1 -1 -1 0 
11 1 680 344 44 35 -1 -1 -1 0 
11 2 561 636 715 80 -1 -1 -1 0 
11 3 735 342 27 19 -1 -1 -1 0 
11 4 487 348 36 24 -1 -1 -1 0 
11 6 512 349 55 34 -1 -1 -1 0 
11 7 0 358 106 41 -1 -1 -1 0 
11 9 474 343 26 16 -1 -1 -1 0 
11 10 340 349 40 19 -1 -1 -1 0 
11 11 227 347 81 31 -1 -1 -1 0 
12 1 678 343 45 35 -1 -1 -1 0 
12 2 565 634 708 81 -1 -1 -1 0 
12 3 733 341 29 19 -1 -1 -1 0 
12 4 488 347 34 24 -1 -1 -1 0 
12 6 513 347 52 35 -1 -1 -1 0 
12 9 472 343 29 16 -1 -1 -1 0 
12 10 325 349 44 19 -1 -1 -1 0 
12 11 195 347 102 33 -1 -1 -1 0 
13 1 677 342 45 36 -1 -1 -1 0 
13 2 560 634 717 81 -1 -1 -1 0 
13 3 733 339 27 21 -1 -1 -1 0 
13 4 489 347 33 24 -1 -1 -1 0 
13 6 513 348 52 34 -1 -1 -1 0 
13 9 468 343 29 17 -1 -1 -1 0 
13 10 309 349 46 21 -1 -1 -1 0 
13 11 158 348 104 35 -1 -1 -1 0 
14 1 676 343 46 36 -1 -1 -1 0 
14 2 560 635 717 80 -1 -1 -1 0 
14 3 733 339 26 22 -1 -1 -1 0 
14 4 489 347 33 24 -1 -1 -1 0 
14 6 514 348 51 33 -1 -1 -1 0 
14 9 463 343 29 21 -1 -1 -1 0 
14 10 293 349 48 22 -1 -1 -1 0 
14 11 112 350 118 37 -1 -1 -1 0 
15 1 675 343 45 36 -1 -1 -1 0 
15 2 563 634 710 81 -1 -1 -1 0 
15 3 732 339 27 21 -1 -1 -1 0 
15 4 488 346 34 24 -1 -1 -1 0 
15 6 515 346 49 34 -1 -1 -1 0 
15 9 476 342 29 21 -1 -1 -1 0 
15 10 273 349 56 23 -1 -1 -1 0 
15 11 55 349 136 40 -1 -1 -1 0 
16 1 674 342 46 36 -1 -1 -1 0 
16 2 560 634 716 80 -1 -1 -1 0 
16 3 731 339 27 21 -1 -1 -1 0 
16 4 489 346 33 23 -1 -1 -1 0 
16 6 516 344 47 36 -1 -1 -1 0 
16 9 449 341 33 20 -1 -1 -1 0 
16 10 252 349 58 24 -1 -1 -1 0 
16 11 5 349 141 44 -1 -1 -1 0 
16 18 191 358 57 21 -1 -1 -1 0 
17 1 673 342 46 36 -1 -1 -1 0 
17 2 558 636 721 78 -1 -1 -1 0 
17 3 730 339 28 22 -1 -1 -1 0 
17 4 488 346 35 22 -1 -1 -1 0 
17 6 515 343 49 37 -1 -1 -1 0 
17 9 439 342 39 23 -1 -1 -1 0 
17 10 226 351 65 24 -1 -1 -1 0 
17 11 0 349 94 45 -1 -1 -1 0 
17 18 168 358 56 24 -1 -1 -1 0 
17 19 370 346 60 20 -1 -1 -1 0 
18 1 672 342 46 36 -1 -1 -1 0 
18 2 561 635 714 79 -1 -1 -1 0 
18 3 729 339 29 21 -1 -1 -1 0 
18 4 490 346 31 22 -1 -1 -1 0 
18 6 515 343 49 37 -1 -1 -1 0 
18 9 432 341 38 25 -1 -1 -1 0 
18 10 200 351 68 25 -1 -1 -1 0 
18 11 0 349 63 47 -1 -1 -1 0 
18 18 142 358 61 25 -1 -1 -1 0 
18 19 366 346 61 21 -1 -1 -1 0 
19 1 672 341 44 37 -1 -1 -1 0 
19 2 561 635 713 80 -1 -1 -1 0 
19 3 729 339 27 21 -1 -1 -1 0 
19 4 490 345 32 23 -1 -1 -1 0 
19 6 515 343 50 36 -1 -1 -1 0 
19 9 437 340 40 26 -1 -1 -1 0 
19 10 172 351 72 27 -1 -1 -1 0 
19 18 113 358 60 26 -1 -1 -1 0 
20 1 670 342 46 36 -1 -1 -1 0 
20 2 559 635 717 80 -1 -1 -1 0 
20 3 729 339 26 22 -1 -1 -1 0 
20 4 490 345 32 23 -1 -1 -1 0 
20 6 516 343 48 36 -1 -1 -1 0 
20 10 137 352 80 29 -1 -1 -1 0 
20 18 79 360 57 28 -1 -1 -1 0 
20 19 333 347 45 21 -1 -1 -1 0 
21 1 670 342 44 36 -1 -1 -1 0 
21 2 565 635 710 80 -1 -1 -1 0 
21 3 728 339 27 22 -1 -1 -1 0 
21 4 491 345 30 23 -1 -1 -1 0 
21 6 516 343 49 36 -1 -1 -1 0 
21 10 95 352 92 32 -1 -1 -1 0 
21 18 37 362 64 27 -1 -1 -1 0 
21 19 315 348 53 20 -1 -1 -1 0 
22 1 669 342 44 36 -1 -1 -1 0 
22 2 561 635 715 80 -1 -1 -1 0 
22 3 727 339 28 22 -1 -1 -1 0 
22 4 492 343 33 26 -1 -1 -1 0 
22 6 516 343 48 36 -1 -1 -1 0 
22 10 44 354 109 33 -1 -1 -1 0 
22 18 1 363 62 29 -1 -1 -1 0 
22 19 297 348 55 20 -1 -1 -1 0 
23 1 668 342 45 37 -1 -1 -1 0 
23 2 561 635 716 80 -1 -1 -1 0 
23 3 725 339 31 22 -1 -1 -1 0 
23 4 494 343 31 27 -1 -1 -1 0 
23 6 516 343 48 35 -1 -1 -1 0 
23 10 3 356 106 35 -1 -1 -1 0 
23 18 0 363 31 31 -1 -1 -1 0 
23 19 277 348 59 23 -1 -1 -1 0 
24 1 667 343 46 36 -1 -1 -1 0 
24 2 559 635 718 80 -1 -1 -1 0 
24 3 726 339 29 22 -1 -1 -1 0 
24 4 493 343 36 27 -1 -1 -1 0 
24 6 517 343 47 35 -1 -1 -1 0 
24 9 353 347 32 20 -1 -1 -1 0 
24 10 0 357 57 36 -1 -1 -1 0 
24 19 254 349 63 24 -1 -1 -1 0 
25 1 667 342 44 38 -1 -1 -1 0 
25 2 561 635 714 80 -1 -1 -1 0 
25 3 725 338 29 23 -1 -1 -1 0 
25 4 494 342 36 28 -1 -1 -1 0 
25 6 517 343 47 35 -1 -1 -1 0 
25 9 348 348 33 19 -1 -1 -1 0 
25 10 0 358 26 37 -1 -1 -1 0 
25 19 228 350 67 26 -1 -1 -1 0 
26 1 666 343 45 37 -1 -1 -1 0 
26 2 562 635 714 80 -1 -1 -1 0 
26 3 724 339 31 22 -1 -1 -1 0 
26 4 494 343 35 27 -1 -1 -1 0 
26 6 518 343 46 35 -1 -1 -1 0 
26 9 345 347 41 20 -1 -1 -1 0 
26 19 197 351 75 28 -1 -1 -1 0 
27 1 665 343 45 37 -1 -1 -1 0 
27 2 560 636 716 79 -1 -1 -1 0 
27 3 724 339 30 22 -1 -1 -1 0 
27 4 496 342 32 28 -1 -1 -1 0 
27 6 518 344 46 33 -1 -1 -1 0 
27 9 341 347 42 21 -1 -1 -1 0 
27 19 161 350 84 32 -1 -1 -1 0 
28 1 665 342 44 38 -1 -1 -1 0 
28 2 562 636 714 79 -1 -1 -1 0 
28 3 725 339 29 22 -1 -1 -1 0 
28 4 495 342 35 28 -1 -1 -1 0 
28 6 518 346 46 31 -1 -1 -1 0 
28 19 117 351 102 34 -1 -1 -1 0 
29 1 664 342 45 38 -1 -1 -1 0 
29 2 572 636 702 78 -1 -1 -1 0 
29 3 723 339 32 22 -1 -1 -1 0 
29 4 497 342 32 27 -1 -1 -1 0 
29 6 519 346 44 31 -1 -1 -1 0 
29 9 297 345 62 26 -1 -1 -1 0 
29 19 66 351 115 37 -1 -1 -1 0 
29 24 180 355 63 27 -1 -1 -1 0 
30 1 662 341 47 39 -1 -1 -1 0 
30 2 565 636 712 78 -1 -1 -1 0 
30 3 723 338 31 23 -1 -1 -1 0 
30 4 497 342 31 27 -1 -1 -1 0 
30 6 520 346 43 31 -1 -1 -1 0 
30 9 281 345 65 27 -1 -1 -1 0 
30 19 14 352 125 39 -1 -1 -1 0 
30 24 139 356 80 29 -1 -1 -1 0 
31 1 662 341 46 39 -1 -1 -1 0 
31 2 565 636 710 79 -1 -1 -1 0 
31 3 723 338 31 23 -1 -1 -1 0 
31 4 497 343 31 25 -1 -1 -1 0 
31 6 520 346 46 30 -1 -1 -1 0 
31 9 268 344 63 28 -1 -1 -1 0 
31 19 0 355 84 38 -1 -1 -1 0 
31 24 101 358 90 29 -1 -1 -1 0 
32 1 661 341 46 39 -1 -1 -1 0 
32 2 562 635 715 80 -1 -1 -1 0 
32 3 723 337 31 24 -1 -1 -1 0 
32 4 497 343 32 25 -1 -1 -1 0 
32 6 521 346 45 30 -1 -1 -1 0 
32 9 249 344 66 30 -1 -1 -1 0 
32 19 0 355 51 40 -1 -1 -1 0 
32 24 60 359 97 31 -1 -1 -1 0 
33 1 661 343 46 37 -1 -1 -1 0 
33 2 564 635 713 80 -1 -1 -1 0 
33 3 722 338 33 23 -1 -1 -1 0 
33 4 498 345 29 23 -1 -1 -1 0 
33 6 522 347 43 29 -1 -1 -1 0 
33 9 226 345 69 31 -1 -1 -1 0 
33 24 4 362 120 33 -1 -1 -1 0 
34 1 661 343 45 38 -1 -1 -1 0 
34 2 561 635 716 80 -1 -1 -1 0 
34 3 722 339 34 22 -1 -1 -1 0 
34 4 498 345 29 23 -1 -1 -1 0 
34 6 522 347 46 29 -1 -1 -1 0 
34 9 212 345 73 32 -1 -1 -1 0 
34 24 0 363 83 34 -1 -1 -1 0 
35 1 661 345 45 37 -1 -1 -1 0 
35 2 563 635 711 80 -1 -1 -1 0 
35 3 723 341 32 21 -1 -1 -1 0 
35 4 500 346 30 22 -1 -1 -1 0 
35 6 523 348 47 29 -1 -1 -1 0 
35 24 0 365 55 35 -1 -1 -1 0 
36 1 660 345 46 37 -1 -1 -1 0 
36 2 563 636 711 79 -1 -1 -1 0 
36 3 723 341 31 21 -1 -1 -1 0 
36 4 501 346 29 22 -1 -1 -1 0 
36 6 525 347 44 29 -1 -1 -1 0 
36 9 133 346 110 37 -1 -1 -1 0 
37 1 660 345 45 37 -1 -1 -1 0 
37 2 561 636 716 79 -1 -1 -1 0 
37 3 723 342 31 21 -1 -1 -1 0 
37 4 502 346 29 22 -1 -1 -1 0 
37 6 526 347 44 29 -1 -1 -1 0 
37 9 93 346 124 41 -1 -1 -1 0 
38 1 660 346 46 37 -1 -1 -1 0 
38 2 561 636 715 79 -1 -1 -1 0 
38 3 723 342 30 21 -1 -1 -1 0 
38 4 394 350 46 18 -1 -1 -1 0 
38 6 526 347 45 28 -1 -1 -1 0 
38 9 45 349 113 41 -1 -1 -1 0 
39 1 660 346 46 37 -1 -1 -1 0 
39 2 562 636 714 79 -1 -1 -1 0 
39 3 723 343 30 20 -1 -1 -1 0 
39 4 360 352 56 16 -1 -1 -1 0 
39 6 527 347 43 28 -1 -1 -1 0 
39 9 2 351 108 41 -1 -1 -1 0 
40 1 660 346 46 37 -1 -1 -1 0 
40 2 560 636 718 79 -1 -1 -1 0 
40 4 348 353 55 15 -1 -1 -1 0 
40 6 528 347 43 28 -1 -1 -1 0 
40 9 0 352 81 42 -1 -1 -1 0 
