3 1 946 339 60 37 -1 -1 -1 0 
3 2 343 356 42 22 -1 -1 -1 0 
3 3 860 349 26 16 -1 -1 -1 0 
3 4 668 344 29 27 -1 -1 -1 0 
4 1 952 340 63 37 -1 -1 -1 0 
4 2 321 357 46 24 -1 -1 -1 0 
4 3 863 351 27 15 -1 -1 -1 0 
4 4 669 347 29 25 -1 -1 -1 0 
5 1 961 339 63 39 -1 -1 -1 0 
5 2 294 358 54 25 -1 -1 -1 0 
5 3 866 350 27 16 -1 -1 -1 0 
5 4 670 345 27 26 -1 -1 -1 0 
6 1 968 339 66 40 -1 -1 -1 0 
6 2 264 360 61 26 -1 -1 -1 0 
6 3 870 351 26 15 -1 -1 -1 0 
6 4 670 345 27 26 -1 -1 -1 0 
7 1 975 339 71 40 -1 -1 -1 0 
7 2 232 361 66 27 -1 -1 -1 0 
7 3 872 352 27 15 -1 -1 -1 0 
8 1 984 339 73 41 -1 -1 -1 0 
8 2 192 362 74 30 -1 -1 -1 0 
9 1 992 339 76 41 -1 -1 -1 0 
9 2 142 363 89 32 -1 -1 -1 0 
9 4 672 344 26 27 -1 -1 -1 0 
10 1 1002 339 78 41 -1 -1 -1 0 
10 2 81 365 105 36 -1 -1 -1 0 
10 4 672 344 27 27 -1 -1 -1 0 
11 1 1012 339 78 43 -1 -1 -1 0 
11 2 8 367 120 39 -1 -1 -1 0 
11 4 672 344 27 27 -1 -1 -1 0 
12 1 1021 339 83 44 -1 -1 -1 0 
12 2 0 370 53 40 -1 -1 -1 0 
13 1 1030 340 91 45 -1 -1 -1 0 
13 2 0 371 11 42 -1 -1 -1 0 
13 3 499 350 25 17 -1 -1 -1 0 
13 4 671 343 28 28 -1 -1 -1 0 
14 1 1042 340 95 47 -1 -1 -1 0 
14 3 464 350 25 17 -1 -1 -1 0 
14 4 671 343 28 28 -1 -1 -1 0 
15 1 1053 341 102 48 -1 -1 -1 0 
15 3 468 349 26 17 -1 -1 -1 0 
15 4 671 343 29 28 -1 -1 -1 0 
16 1 1067 341 102 49 -1 -1 -1 0 
16 3 456 348 27 18 -1 -1 -1 0 
16 10 907 354 31 18 -1 -1 -1 0 
17 1 1079 341 111 51 -1 -1 -1 0 
17 3 447 348 30 18 -1 -1 -1 0 
17 10 910 354 33 18 -1 -1 -1 0 
18 1 1093 341 120 52 -1 -1 -1 0 
18 3 440 348 30 19 -1 -1 -1 0 
18 4 672 343 28 28 -1 -1 -1 0 
18 10 913 353 35 19 -1 -1 -1 0 
19 1 1108 341 129 54 -1 -1 -1 0 
19 3 430 348 33 21 -1 -1 -1 0 
19 4 672 343 28 28 -1 -1 -1 0 
19 10 918 354 34 18 -1 -1 -1 0 
20 1 1123 341 140 55 -1 -1 -1 0 
20 3 421 348 35 21 -1 -1 -1 0 
20 4 672 343 29 28 -1 -1 -1 0 
20 10 920 354 38 19 -1 -1 -1 0 
21 1 1142 341 136 57 -1 -1 -1 0 
21 3 404 348 37 22 -1 -1 -1 0 
21 4 673 343 27 28 -1 -1 -1 0 
21 10 924 354 38 19 -1 -1 -1 0 
22 1 1188 341 87 58 -1 -1 -1 0 
22 3 398 348 39 23 -1 -1 -1 0 
22 4 673 343 28 28 -1 -1 -1 0 
23 1 1203 341 76 60 -1 -1 -1 0 
23 3 385 348 42 24 -1 -1 -1 0 
23 4 673 343 29 29 -1 -1 -1 0 
24 1 1210 344 69 57 -1 -1 -1 0 
24 3 371 348 44 27 -1 -1 -1 0 
24 4 515 341 44 25 -1 -1 -1 0 
25 1 1230 348 49 53 -1 -1 -1 0 
25 3 353 348 50 28 -1 -1 -1 0 
25 4 499 341 45 25 -1 -1 -1 0 
26 1 1255 361 24 41 -1 -1 -1 0 
26 3 336 349 51 28 -1 -1 -1 0 
26 4 465 340 45 25 -1 -1 -1 0 
27 1 1272 363 7 40 -1 -1 -1 0 
27 3 313 350 59 29 -1 -1 -1 0 
27 4 453 339 46 26 -1 -1 -1 0 
27 10 685 343 30 29 -1 -1 -1 0 
28 3 291 350 61 32 -1 -1 -1 0 
28 4 435 339 48 26 -1 -1 -1 0 
28 10 664 342 29 30 -1 -1 -1 0 
29 3 260 350 71 34 -1 -1 -1 0 
30 3 230 351 77 36 -1 -1 -1 0 
30 4 428 338 54 28 -1 -1 -1 0 
31 3 191 351 88 39 -1 -1 -1 0 
31 4 421 338 57 28 -1 -1 -1 0 
32 3 145 352 100 42 -1 -1 -1 0 
32 4 413 338 56 29 -1 -1 -1 0 
33 3 88 352 117 47 -1 -1 -1 0 
33 4 403 337 59 32 -1 -1 -1 0 
33 10 669 342 33 30 -1 -1 -1 0 
34 3 11 352 148 53 -1 -1 -1 0 
34 4 392 336 63 33 -1 -1 -1 0 
34 10 660 341 33 31 -1 -1 -1 0 
35 3 0 352 93 55 -1 -1 -1 0 
35 4 381 335 64 34 -1 -1 -1 0 
35 21 560 634 716 80 -1 -1 -1 0 
36 3 0 352 57 57 -1 -1 -1 0 
36 4 368 334 68 35 -1 -1 -1 0 
36 10 669 342 32 29 -1 -1 -1 0 
36 21 564 635 711 79 -1 -1 -1 0 
37 4 354 333 74 37 -1 -1 -1 0 
37 10 670 342 32 28 -1 -1 -1 0 
37 21 563 635 714 80 -1 -1 -1 0 
38 4 341 332 75 40 -1 -1 -1 0 
38 10 670 343 33 27 -1 -1 -1 0 
39 4 324 332 79 42 -1 -1 -1 0 
39 10 671 343 33 27 -1 -1 -1 0 
40 1 1050 364 61 27 -1 -1 -1 0 
40 4 306 332 86 44 -1 -1 -1 0 
40 10 672 343 32 27 -1 -1 -1 0 
