3 1 747 344 61 44 -1 -1 -1 0 
3 3 590 355 39 24 -1 -1 -1 0 
3 5 359 342 121 73 -1 -1 -1 0 
4 1 747 345 60 43 -1 -1 -1 0 
4 3 591 355 39 24 -1 -1 -1 0 
4 5 359 343 124 72 -1 -1 -1 0 
5 1 747 346 60 42 -1 -1 -1 0 
5 3 591 355 38 24 -1 -1 -1 0 
5 5 367 343 118 71 -1 -1 -1 0 
5 10 640 344 22 15 -1 -1 -1 0 
6 1 748 346 57 42 -1 -1 -1 0 
6 3 592 355 38 24 -1 -1 -1 0 
6 5 370 343 118 70 -1 -1 -1 0 
6 10 640 344 22 15 -1 -1 -1 0 
6 11 13 367 63 44 -1 -1 -1 0 
7 1 747 346 58 42 -1 -1 -1 0 
7 3 592 354 37 24 -1 -1 -1 0 
7 5 374 344 116 68 -1 -1 -1 0 
7 10 641 344 21 15 -1 -1 -1 0 
7 11 9 367 63 43 -1 -1 -1 0 
7 12 293 350 63 30 -1 -1 -1 0 
8 1 747 346 57 41 -1 -1 -1 0 
8 3 592 354 38 24 -1 -1 -1 0 
8 5 379 343 112 68 -1 -1 -1 0 
8 10 640 344 23 15 -1 -1 -1 0 
8 12 272 350 63 32 -1 -1 -1 0 
9 1 747 346 56 41 -1 -1 -1 0 
9 3 593 353 38 24 -1 -1 -1 0 
9 5 379 343 115 67 -1 -1 -1 0 
9 10 639 344 24 14 -1 -1 -1 0 
9 12 225 352 80 34 -1 -1 -1 0 
10 1 745 346 58 41 -1 -1 -1 0 
10 3 593 353 37 24 -1 -1 -1 0 
10 5 386 343 109 67 -1 -1 -1 0 
10 10 695 342 20 16 -1 -1 -1 0 
10 12 160 353 107 39 -1 -1 -1 0 
11 1 743 346 60 41 -1 -1 -1 0 
11 3 594 353 37 24 -1 -1 -1 0 
11 5 389 343 108 66 -1 -1 -1 0 
11 10 714 342 20 16 -1 -1 -1 0 
11 12 130 353 113 41 -1 -1 -1 0 
11 21 36 354 175 48 -1 -1 -1 0 
12 1 744 346 57 41 -1 -1 -1 0 
12 3 595 353 37 24 -1 -1 -1 0 
12 5 393 343 106 65 -1 -1 -1 0 
12 10 721 341 20 16 -1 -1 -1 0 
12 21 21 356 145 52 -1 -1 -1 0 
12 22 307 357 58 22 -1 -1 -1 0 
13 1 743 346 57 41 -1 -1 -1 0 
13 3 594 353 39 24 -1 -1 -1 0 
13 5 397 343 104 64 -1 -1 -1 0 
13 10 723 340 20 17 -1 -1 -1 0 
13 12 3 364 84 44 -1 -1 -1 0 
13 21 17 357 144 52 -1 -1 -1 0 
13 22 271 359 69 23 -1 -1 -1 0 
14 1 742 346 58 41 -1 -1 -1 0 
14 3 596 353 36 23 -1 -1 -1 0 
14 5 400 343 103 63 -1 -1 -1 0 
14 10 724 340 19 17 -1 -1 -1 0 
14 12 0 366 43 46 -1 -1 -1 0 
14 22 234 360 74 26 -1 -1 -1 0 
14 26 346 353 42 21 -1 -1 -1 0 
15 1 742 346 57 41 -1 -1 -1 0 
15 3 596 353 37 23 -1 -1 -1 0 
15 5 405 344 99 61 -1 -1 -1 0 
15 10 723 340 19 16 -1 -1 -1 0 
15 22 181 362 94 29 -1 -1 -1 0 
15 26 328 354 45 23 -1 -1 -1 0 
16 1 743 346 55 40 -1 -1 -1 0 
16 3 596 352 38 24 -1 -1 -1 0 
16 5 408 344 98 61 -1 -1 -1 0 
16 10 723 340 18 16 -1 -1 -1 0 
16 22 120 364 119 32 -1 -1 -1 0 
16 26 307 354 49 25 -1 -1 -1 0 
17 1 740 346 59 41 -1 -1 -1 0 
17 3 598 352 36 25 -1 -1 -1 0 
17 5 412 344 95 60 -1 -1 -1 0 
17 10 721 340 19 16 -1 -1 -1 0 
17 22 43 367 138 36 -1 -1 -1 0 
17 26 282 356 55 25 -1 -1 -1 0 
18 1 741 346 56 41 -1 -1 -1 0 
18 3 597 353 38 24 -1 -1 -1 0 
18 5 414 344 96 60 -1 -1 -1 0 
18 10 721 339 18 17 -1 -1 -1 0 
18 22 0 371 109 36 -1 -1 -1 0 
18 26 255 356 62 28 -1 -1 -1 0 
19 1 740 345 57 40 -1 -1 -1 0 
19 3 598 351 37 25 -1 -1 -1 0 
19 5 417 343 94 60 -1 -1 -1 0 
19 10 726 339 17 17 -1 -1 -1 0 
19 22 0 373 63 37 -1 -1 -1 0 
19 26 226 357 65 30 -1 -1 -1 0 
20 1 739 345 57 40 -1 -1 -1 0 
20 3 598 352 38 24 -1 -1 -1 0 
20 5 420 343 93 59 -1 -1 -1 0 
20 26 190 357 74 34 -1 -1 -1 0 
21 1 740 344 55 40 -1 -1 -1 0 
21 3 599 352 38 23 -1 -1 -1 0 
21 5 423 343 91 58 -1 -1 -1 0 
21 26 143 358 90 36 -1 -1 -1 0 
22 1 739 344 56 41 -1 -1 -1 0 
22 3 600 353 38 22 -1 -1 -1 0 
22 5 425 342 91 58 -1 -1 -1 0 
22 26 91 361 105 38 -1 -1 -1 0 
23 1 738 344 57 41 -1 -1 -1 0 
23 3 600 353 39 22 -1 -1 -1 0 
23 5 427 343 90 57 -1 -1 -1 0 
23 10 718 339 18 17 -1 -1 -1 0 
23 26 21 363 125 41 -1 -1 -1 0 
24 1 738 344 56 40 -1 -1 -1 0 
24 3 602 353 36 22 -1 -1 -1 0 
24 5 430 343 89 56 -1 -1 -1 0 
24 10 717 339 17 16 -1 -1 -1 0 
24 26 0 364 93 43 -1 -1 -1 0 
24 32 584 342 28 24 -1 -1 -1 0 
25 1 736 345 59 39 -1 -1 -1 0 
25 3 604 352 35 23 -1 -1 -1 0 
25 5 433 343 87 56 -1 -1 -1 0 
25 10 716 339 19 16 -1 -1 -1 0 
25 26 0 366 58 44 -1 -1 -1 0 
25 32 584 341 28 25 -1 -1 -1 0 
26 1 736 345 57 39 -1 -1 -1 0 
26 3 603 352 38 23 -1 -1 -1 0 
26 5 436 344 85 54 -1 -1 -1 0 
26 10 716 339 18 16 -1 -1 -1 0 
26 32 584 340 28 25 -1 -1 -1 0 
27 1 736 345 57 39 -1 -1 -1 0 
27 3 604 352 37 23 -1 -1 -1 0 
27 5 437 344 86 54 -1 -1 -1 0 
27 10 714 339 20 16 -1 -1 -1 0 
27 32 584 340 29 26 -1 -1 -1 0 
28 1 736 346 55 38 -1 -1 -1 0 
28 3 605 352 36 23 -1 -1 -1 0 
28 5 441 344 82 54 -1 -1 -1 0 
28 10 714 340 20 15 -1 -1 -1 0 
28 32 584 341 30 25 -1 -1 -1 0 
29 1 735 346 56 38 -1 -1 -1 0 
29 3 607 352 34 22 -1 -1 -1 0 
29 5 442 344 82 53 -1 -1 -1 0 
29 10 714 340 20 15 -1 -1 -1 0 
29 32 584 341 30 25 -1 -1 -1 0 
30 1 736 345 53 39 -1 -1 -1 0 
30 3 607 351 35 23 -1 -1 -1 0 
30 5 444 344 82 52 -1 -1 -1 0 
30 10 713 339 21 16 -1 -1 -1 0 
30 34 403 350 42 19 -1 -1 -1 0 
30 35 644 341 20 15 -1 -1 -1 0 
31 1 735 345 54 38 -1 -1 -1 0 
31 3 608 351 35 23 -1 -1 -1 0 
31 5 447 344 80 51 -1 -1 -1 0 
31 10 713 339 20 16 -1 -1 -1 0 
31 32 587 342 25 22 -1 -1 -1 0 
31 34 391 350 43 20 -1 -1 -1 0 
31 35 646 341 17 15 -1 -1 -1 0 
32 1 736 345 52 38 -1 -1 -1 0 
32 3 610 351 33 23 -1 -1 -1 0 
32 5 449 344 79 51 -1 -1 -1 0 
32 10 714 339 19 15 -1 -1 -1 0 
32 32 588 342 24 21 -1 -1 -1 0 
32 34 375 351 47 20 -1 -1 -1 0 
32 35 646 341 18 15 -1 -1 -1 0 
33 1 735 345 53 38 -1 -1 -1 0 
33 3 610 351 34 23 -1 -1 -1 0 
33 5 452 344 78 50 -1 -1 -1 0 
33 32 588 342 24 21 -1 -1 -1 0 
33 34 358 351 51 22 -1 -1 -1 0 
33 35 693 341 19 14 -1 -1 -1 0 
34 1 735 345 53 38 -1 -1 -1 0 
34 3 611 351 33 23 -1 -1 -1 0 
34 5 454 344 77 50 -1 -1 -1 0 
34 32 588 342 24 21 -1 -1 -1 0 
34 34 340 351 53 24 -1 -1 -1 0 
34 35 709 340 19 15 -1 -1 -1 0 
35 1 735 345 53 38 -1 -1 -1 0 
35 3 611 351 34 23 -1 -1 -1 0 
35 5 455 344 77 50 -1 -1 -1 0 
35 32 588 342 26 21 -1 -1 -1 0 
35 34 318 351 59 26 -1 -1 -1 0 
35 35 715 340 18 14 -1 -1 -1 0 
36 1 735 346 52 37 -1 -1 -1 0 
36 3 611 351 35 23 -1 -1 -1 0 
36 5 457 344 76 49 -1 -1 -1 0 
36 32 589 342 25 21 -1 -1 -1 0 
36 34 292 351 68 29 -1 -1 -1 0 
36 35 715 341 20 13 -1 -1 -1 0 
37 1 734 346 53 37 -1 -1 -1 0 
37 3 612 352 33 22 -1 -1 -1 0 
37 5 458 343 75 50 -1 -1 -1 0 
37 32 589 342 26 21 -1 -1 -1 0 
37 34 264 352 75 30 -1 -1 -1 0 
37 35 716 341 17 13 -1 -1 -1 0 
38 1 734 346 52 37 -1 -1 -1 0 
38 3 613 352 32 21 -1 -1 -1 0 
38 5 459 343 76 49 -1 -1 -1 0 
38 34 231 352 84 33 -1 -1 -1 0 
38 35 714 341 17 13 -1 -1 -1 0 
39 1 733 346 52 37 -1 -1 -1 0 
39 3 615 352 30 21 -1 -1 -1 0 
39 5 463 343 72 48 -1 -1 -1 0 
39 32 590 342 25 22 -1 -1 -1 0 
39 34 192 353 94 35 -1 -1 -1 0 
39 35 713 342 18 12 -1 -1 -1 0 
40 1 734 346 50 36 -1 -1 -1 0 
40 3 615 352 32 20 -1 -1 -1 0 
40 5 464 342 73 49 -1 -1 -1 0 
40 32 590 343 26 21 -1 -1 -1 0 
40 34 144 353 110 40 -1 -1 -1 0 
40 35 713 342 16 12 -1 -1 -1 0 
