3 1 184 360 210 92 -1 -1 -1 0 
3 2 561 342 67 51 -1 -1 -1 0 
3 3 679 347 42 31 -1 -1 -1 0 
3 4 221 328 127 50 -1 -1 -1 0 
3 5 732 341 16 12 -1 -1 -1 0 
4 1 190 360 206 90 -1 -1 -1 0 
4 2 562 342 67 50 -1 -1 -1 0 
4 3 680 346 40 31 -1 -1 -1 0 
4 4 200 326 115 58 -1 -1 -1 0 
4 5 732 340 17 13 -1 -1 -1 0 
4 6 490 343 35 18 -1 -1 -1 0 
4 8 557 635 718 80 -1 -1 -1 0 
5 1 195 359 203 89 -1 -1 -1 0 
5 2 563 342 67 49 -1 -1 -1 0 
5 3 680 346 40 31 -1 -1 -1 0 
5 4 159 325 126 62 -1 -1 -1 0 
5 5 732 340 17 13 -1 -1 -1 0 
5 6 478 343 40 18 -1 -1 -1 0 
5 8 561 635 715 79 -1 -1 -1 0 
6 1 199 359 200 88 -1 -1 -1 0 
6 2 565 342 66 49 -1 -1 -1 0 
6 3 679 345 42 32 -1 -1 -1 0 
6 4 102 324 152 68 -1 -1 -1 0 
6 5 733 338 16 14 -1 -1 -1 0 
6 6 467 343 43 19 -1 -1 -1 0 
6 8 560 635 716 79 -1 -1 -1 0 
7 1 203 358 198 87 -1 -1 -1 0 
7 2 565 341 67 49 -1 -1 -1 0 
7 3 680 345 40 31 -1 -1 -1 0 
7 4 32 322 179 74 -1 -1 -1 0 
7 5 732 337 17 14 -1 -1 -1 0 
7 6 459 343 45 20 -1 -1 -1 0 
7 8 567 634 706 81 -1 -1 -1 0 
8 1 208 357 196 87 -1 -1 -1 0 
8 2 567 340 66 49 -1 -1 -1 0 
8 3 680 344 41 31 -1 -1 -1 0 
8 4 1 321 146 80 -1 -1 -1 0 
8 5 732 336 17 15 -1 -1 -1 0 
8 8 566 634 711 81 -1 -1 -1 0 
9 1 211 357 199 86 -1 -1 -1 0 
9 2 568 340 66 49 -1 -1 -1 0 
9 3 681 345 40 31 -1 -1 -1 0 
9 4 0 319 102 82 -1 -1 -1 0 
9 6 465 344 34 19 -1 -1 -1 0 
9 8 558 634 719 81 -1 -1 -1 0 
10 1 218 357 192 86 -1 -1 -1 0 
10 2 569 341 66 49 -1 -1 -1 0 
10 3 682 345 40 32 -1 -1 -1 0 
10 4 0 318 69 87 -1 -1 -1 0 
10 6 460 344 35 19 -1 -1 -1 0 
10 8 569 634 706 80 -1 -1 -1 0 
11 1 222 357 190 85 -1 -1 -1 0 
11 2 571 341 65 49 -1 -1 -1 0 
11 3 682 345 40 32 -1 -1 -1 0 
11 5 733 338 18 13 -1 -1 -1 0 
11 6 442 345 37 21 -1 -1 -1 0 
11 8 561 634 715 81 -1 -1 -1 0 
12 1 226 358 189 83 -1 -1 -1 0 
12 2 573 341 62 48 -1 -1 -1 0 
12 3 682 345 40 32 -1 -1 -1 0 
12 5 734 338 17 14 -1 -1 -1 0 
12 6 425 345 41 22 -1 -1 -1 0 
12 8 559 634 716 82 -1 -1 -1 0 
13 1 229 358 191 82 -1 -1 -1 0 
13 2 573 341 64 48 -1 -1 -1 0 
13 3 681 345 42 32 -1 -1 -1 0 
13 5 734 337 17 15 -1 -1 -1 0 
13 6 408 348 44 20 -1 -1 -1 0 
13 8 558 633 718 83 -1 -1 -1 0 
14 1 234 356 187 84 -1 -1 -1 0 
14 2 574 342 64 47 -1 -1 -1 0 
14 3 682 345 41 33 -1 -1 -1 0 
14 5 734 336 17 16 -1 -1 -1 0 
14 6 390 348 49 21 -1 -1 -1 0 
15 1 239 356 182 83 -1 -1 -1 0 
15 2 576 342 62 46 -1 -1 -1 0 
15 3 683 345 40 33 -1 -1 -1 0 
15 5 734 336 17 16 -1 -1 -1 0 
15 6 375 348 38 23 -1 -1 -1 0 
15 8 558 633 719 83 -1 -1 -1 0 
16 1 242 357 182 82 -1 -1 -1 0 
16 2 577 342 62 46 -1 -1 -1 0 
16 3 684 345 38 33 -1 -1 -1 0 
16 5 735 336 17 16 -1 -1 -1 0 
16 6 364 349 38 23 -1 -1 -1 0 
16 8 558 632 719 84 -1 -1 -1 0 
17 1 247 357 179 81 -1 -1 -1 0 
17 2 577 344 62 44 -1 -1 -1 0 
17 3 683 345 40 33 -1 -1 -1 0 
17 5 735 336 17 15 -1 -1 -1 0 
17 8 560 635 719 81 -1 -1 -1 0 
18 1 250 357 178 80 -1 -1 -1 0 
18 2 579 342 60 46 -1 -1 -1 0 
18 3 683 344 41 34 -1 -1 -1 0 
18 5 734 336 18 15 -1 -1 -1 0 
18 6 274 350 65 29 -1 -1 -1 0 
18 8 557 635 721 81 -1 -1 -1 0 
19 1 255 357 175 79 -1 -1 -1 0 
19 2 580 341 59 46 -1 -1 -1 0 
19 3 684 344 39 34 -1 -1 -1 0 
19 5 734 336 17 15 -1 -1 -1 0 
19 6 233 351 72 31 -1 -1 -1 0 
19 8 557 635 722 81 -1 -1 -1 0 
19 13 150 357 93 31 -1 -1 -1 0 
20 1 258 357 172 78 -1 -1 -1 0 
20 2 581 341 59 45 -1 -1 -1 0 
20 3 683 345 40 33 -1 -1 -1 0 
20 5 733 336 18 15 -1 -1 -1 0 
20 6 182 353 89 33 -1 -1 -1 0 
20 13 88 358 101 34 -1 -1 -1 0 
21 1 261 356 171 78 -1 -1 -1 0 
21 2 580 342 60 44 -1 -1 -1 0 
21 3 683 345 40 33 -1 -1 -1 0 
21 5 732 336 19 15 -1 -1 -1 0 
21 6 119 355 105 36 -1 -1 -1 0 
21 13 6 360 124 38 -1 -1 -1 0 
22 1 265 356 168 78 -1 -1 -1 0 
22 2 582 341 57 45 -1 -1 -1 0 
22 3 683 345 40 33 -1 -1 -1 0 
22 5 732 336 19 15 -1 -1 -1 0 
22 6 32 356 131 40 -1 -1 -1 0 
22 13 0 361 55 39 -1 -1 -1 0 
22 16 487 345 25 14 -1 -1 -1 0 
23 1 267 356 167 77 -1 -1 -1 0 
23 2 583 341 57 45 -1 -1 -1 0 
23 3 683 345 40 34 -1 -1 -1 0 
23 6 0 359 84 41 -1 -1 -1 0 
23 13 0 362 10 41 -1 -1 -1 0 
23 16 482 345 26 15 -1 -1 -1 0 
23 18 229 349 60 26 -1 -1 -1 0 
24 1 270 356 165 76 -1 -1 -1 0 
24 2 583 340 57 46 -1 -1 -1 0 
24 3 682 346 41 32 -1 -1 -1 0 
24 5 732 337 17 14 -1 -1 -1 0 
24 6 0 361 40 42 -1 -1 -1 0 
24 18 196 350 68 26 -1 -1 -1 0 
25 1 273 356 164 76 -1 -1 -1 0 
25 2 583 339 58 46 -1 -1 -1 0 
25 3 682 346 41 32 -1 -1 -1 0 
25 5 731 337 18 14 -1 -1 -1 0 
25 8 557 634 719 82 -1 -1 -1 0 
25 16 453 345 52 18 -1 -1 -1 0 
25 18 159 349 75 29 -1 -1 -1 0 
26 1 276 356 162 76 -1 -1 -1 0 
26 2 584 339 57 46 -1 -1 -1 0 
26 3 682 346 41 31 -1 -1 -1 0 
26 5 731 337 18 14 -1 -1 -1 0 
26 8 557 634 719 82 -1 -1 -1 0 
26 16 442 345 53 19 -1 -1 -1 0 
26 18 115 349 85 32 -1 -1 -1 0 
27 1 280 355 159 75 -1 -1 -1 0 
27 2 584 339 58 45 -1 -1 -1 0 
27 3 682 345 41 31 -1 -1 -1 0 
27 5 731 338 17 13 -1 -1 -1 0 
27 16 431 345 50 19 -1 -1 -1 0 
27 18 65 350 96 34 -1 -1 -1 0 
27 21 500 343 27 15 -1 -1 -1 0 
27 22 530 342 27 14 -1 -1 -1 0 
28 1 282 355 159 75 -1 -1 -1 0 
28 2 585 339 57 45 -1 -1 -1 0 
28 3 682 345 40 31 -1 -1 -1 0 
28 5 731 338 16 13 -1 -1 -1 0 
28 16 422 346 53 19 -1 -1 -1 0 
28 18 4 351 114 37 -1 -1 -1 0 
28 21 490 343 30 15 -1 -1 -1 0 
28 22 519 342 30 14 -1 -1 -1 0 
29 1 284 355 158 74 -1 -1 -1 0 
29 2 585 339 57 45 -1 -1 -1 0 
29 3 681 344 42 32 -1 -1 -1 0 
29 5 731 338 16 12 -1 -1 -1 0 
29 8 565 633 710 83 -1 -1 -1 0 
29 18 0 352 64 38 -1 -1 -1 0 
29 21 481 342 29 16 -1 -1 -1 0 
29 22 510 342 29 15 -1 -1 -1 0 
30 1 286 353 156 75 -1 -1 -1 0 
30 2 585 339 57 44 -1 -1 -1 0 
30 3 681 344 41 32 -1 -1 -1 0 
30 5 731 336 16 14 -1 -1 -1 0 
30 8 558 633 720 82 -1 -1 -1 0 
30 18 0 352 29 40 -1 -1 -1 0 
30 21 469 343 31 15 -1 -1 -1 0 
30 22 499 342 32 14 -1 -1 -1 0 
31 1 290 352 153 75 -1 -1 -1 0 
31 2 586 339 56 43 -1 -1 -1 0 
31 3 679 343 44 32 -1 -1 -1 0 
31 5 730 335 18 14 -1 -1 -1 0 
31 8 564 633 712 82 -1 -1 -1 0 
31 21 459 343 30 15 -1 -1 -1 0 
31 22 488 342 31 15 -1 -1 -1 0 
32 1 292 352 153 74 -1 -1 -1 0 
32 2 587 339 55 44 -1 -1 -1 0 
32 3 680 343 42 32 -1 -1 -1 0 
32 5 730 335 17 14 -1 -1 -1 0 
32 8 564 633 711 82 -1 -1 -1 0 
32 21 449 344 28 16 -1 -1 -1 0 
32 22 477 343 31 15 -1 -1 -1 0 
33 1 294 353 153 72 -1 -1 -1 0 
33 2 587 340 56 43 -1 -1 -1 0 
33 3 679 343 44 32 -1 -1 -1 0 
33 5 730 336 18 13 -1 -1 -1 0 
33 8 557 633 720 82 -1 -1 -1 0 
33 21 436 344 32 17 -1 -1 -1 0 
33 22 467 343 30 16 -1 -1 -1 0 
34 1 299 353 148 73 -1 -1 -1 0 
34 2 588 341 55 42 -1 -1 -1 0 
34 3 679 345 44 31 -1 -1 -1 0 
34 5 730 337 17 14 -1 -1 -1 0 
34 8 557 633 721 82 -1 -1 -1 0 
34 21 424 346 33 18 -1 -1 -1 0 
34 22 451 345 35 17 -1 -1 -1 0 
35 1 301 353 148 72 -1 -1 -1 0 
35 2 589 341 54 42 -1 -1 -1 0 
35 3 681 345 41 31 -1 -1 -1 0 
35 5 730 337 18 14 -1 -1 -1 0 
35 8 555 635 724 80 -1 -1 -1 0 
35 16 206 356 95 29 -1 -1 -1 0 
35 21 407 346 62 18 -1 -1 -1 0 
35 22 440 345 37 17 -1 -1 -1 0 
36 1 305 353 145 72 -1 -1 -1 0 
36 2 590 342 53 41 -1 -1 -1 0 
36 3 682 345 40 31 -1 -1 -1 0 
36 5 729 337 19 14 -1 -1 -1 0 
36 8 561 635 716 80 -1 -1 -1 0 
36 16 151 358 107 32 -1 -1 -1 0 
36 21 413 347 43 17 -1 -1 -1 0 
36 22 510 344 23 14 -1 -1 -1 0 
37 1 307 353 145 72 -1 -1 -1 0 
37 2 591 341 51 42 -1 -1 -1 0 
37 3 682 346 40 31 -1 -1 -1 0 
37 5 730 338 18 14 -1 -1 -1 0 
37 8 578 636 694 78 -1 -1 -1 0 
37 16 80 360 132 35 -1 -1 -1 0 
37 21 404 347 45 18 -1 -1 -1 0 
37 22 516 344 22 13 -1 -1 -1 0 
38 1 309 351 145 72 -1 -1 -1 0 
38 2 590 340 54 42 -1 -1 -1 0 
38 3 683 344 39 32 -1 -1 -1 0 
38 5 730 339 19 13 -1 -1 -1 0 
38 8 570 635 705 79 -1 -1 -1 0 
38 16 7 362 141 37 -1 -1 -1 0 
38 22 513 343 22 14 -1 -1 -1 0 
38 28 208 352 74 27 -1 -1 -1 0 
39 1 312 350 144 72 -1 -1 -1 0 
39 2 592 340 51 42 -1 -1 -1 0 
39 3 683 343 39 33 -1 -1 -1 0 
39 5 731 339 16 13 -1 -1 -1 0 
39 8 565 633 709 81 -1 -1 -1 0 
39 16 0 365 63 36 -1 -1 -1 0 
39 22 506 343 24 14 -1 -1 -1 0 
39 28 169 353 83 28 -1 -1 -1 0 
40 1 313 350 145 71 -1 -1 -1 0 
40 2 592 340 53 40 -1 -1 -1 0 
40 3 683 343 40 32 -1 -1 -1 0 
40 5 731 338 16 12 -1 -1 -1 0 
40 8 565 633 709 81 -1 -1 -1 0 
40 16 0 367 18 37 -1 -1 -1 0 
40 21 325 348 53 25 -1 -1 -1 0 
40 22 499 343 23 14 -1 -1 -1 0 
40 28 126 353 90 31 -1 -1 -1 0 
