3 1 518 352 85 61 -1 -1 -1 0 
3 2 960 336 55 26 -1 -1 -1 0 
3 3 646 349 25 17 -1 -1 -1 0 
3 4 848 336 32 20 -1 -1 -1 0 
4 1 520 352 84 60 -1 -1 -1 0 
4 2 962 336 56 26 -1 -1 -1 0 
4 3 646 349 25 16 -1 -1 -1 0 
4 4 849 336 33 19 -1 -1 -1 0 
5 1 523 351 81 59 -1 -1 -1 0 
5 2 969 336 51 26 -1 -1 -1 0 
5 3 647 349 24 16 -1 -1 -1 0 
5 4 851 335 32 20 -1 -1 -1 0 
6 1 525 351 80 58 -1 -1 -1 0 
6 2 968 336 57 26 -1 -1 -1 0 
6 3 647 348 24 18 -1 -1 -1 0 
6 4 852 336 33 19 -1 -1 -1 0 
7 1 527 351 80 57 -1 -1 -1 0 
7 2 968 336 59 24 -1 -1 -1 0 
7 3 647 348 25 18 -1 -1 -1 0 
7 4 854 335 32 20 -1 -1 -1 0 
8 1 530 351 77 56 -1 -1 -1 0 
8 2 972 336 57 24 -1 -1 -1 0 
8 3 648 348 23 18 -1 -1 -1 0 
8 4 856 335 32 20 -1 -1 -1 0 
9 1 533 351 75 56 -1 -1 -1 0 
9 2 974 336 58 25 -1 -1 -1 0 
9 3 648 348 24 18 -1 -1 -1 0 
9 4 857 335 32 20 -1 -1 -1 0 
10 1 535 352 75 54 -1 -1 -1 0 
10 2 974 337 61 25 -1 -1 -1 0 
10 3 649 350 24 17 -1 -1 -1 0 
10 4 859 336 33 19 -1 -1 -1 0 
10 9 954 336 38 20 -1 -1 -1 0 
11 1 538 352 72 54 -1 -1 -1 0 
11 2 980 337 58 25 -1 -1 -1 0 
11 3 649 350 24 17 -1 -1 -1 0 
11 4 860 336 33 19 -1 -1 -1 0 
11 9 956 335 41 22 -1 -1 -1 0 
12 1 540 352 71 53 -1 -1 -1 0 
12 2 982 336 59 26 -1 -1 -1 0 
12 3 649 350 25 17 -1 -1 -1 0 
12 4 862 337 33 18 -1 -1 -1 0 
12 9 960 335 38 22 -1 -1 -1 0 
13 1 542 352 70 52 -1 -1 -1 0 
13 2 984 336 60 27 -1 -1 -1 0 
13 3 650 348 23 19 -1 -1 -1 0 
13 4 864 337 31 19 -1 -1 -1 0 
13 9 962 334 38 24 -1 -1 -1 0 
14 1 544 351 69 52 -1 -1 -1 0 
14 2 986 336 61 27 -1 -1 -1 0 
14 3 650 348 24 18 -1 -1 -1 0 
14 4 868 337 29 19 -1 -1 -1 0 
14 9 963 334 41 24 -1 -1 -1 0 
15 1 545 351 69 51 -1 -1 -1 0 
15 2 988 338 63 26 -1 -1 -1 0 
15 3 650 348 23 18 -1 -1 -1 0 
15 4 869 337 30 19 -1 -1 -1 0 
15 9 964 335 42 23 -1 -1 -1 0 
16 1 547 350 67 51 -1 -1 -1 0 
16 2 992 338 60 26 -1 -1 -1 0 
16 3 650 347 24 19 -1 -1 -1 0 
16 4 868 337 33 19 -1 -1 -1 0 
16 9 966 336 41 23 -1 -1 -1 0 
17 1 549 350 65 50 -1 -1 -1 0 
17 2 995 338 60 26 -1 -1 -1 0 
17 3 650 347 24 19 -1 -1 -1 0 
17 4 868 337 32 19 -1 -1 -1 0 
17 9 968 336 43 23 -1 -1 -1 0 
18 1 550 350 66 50 -1 -1 -1 0 
18 2 996 338 62 27 -1 -1 -1 0 
18 3 650 347 25 19 -1 -1 -1 0 
18 4 870 337 30 19 -1 -1 -1 0 
18 9 970 337 41 22 -1 -1 -1 0 
19 1 552 349 64 50 -1 -1 -1 0 
19 2 997 337 64 28 -1 -1 -1 0 
19 3 651 347 23 18 -1 -1 -1 0 
19 4 870 337 33 19 -1 -1 -1 0 
19 9 972 337 38 21 -1 -1 -1 0 
19 17 557 633 719 81 -1 -1 -1 0 
20 1 553 349 64 49 -1 -1 -1 0 
20 2 999 337 65 28 -1 -1 -1 0 
20 3 651 347 24 18 -1 -1 -1 0 
20 4 872 337 32 18 -1 -1 -1 0 
20 9 974 337 37 21 -1 -1 -1 0 
20 17 556 633 720 81 -1 -1 -1 0 
21 1 554 349 63 49 -1 -1 -1 0 
21 2 1002 337 64 29 -1 -1 -1 0 
21 3 651 347 24 19 -1 -1 -1 0 
21 4 873 338 34 17 -1 -1 -1 0 
21 9 975 336 41 23 -1 -1 -1 0 
22 1 555 349 64 48 -1 -1 -1 0 
22 2 1002 338 68 28 -1 -1 -1 0 
22 3 650 348 24 18 -1 -1 -1 0 
22 4 874 338 33 18 -1 -1 -1 0 
22 9 977 336 42 23 -1 -1 -1 0 
23 1 557 349 62 48 -1 -1 -1 0 
23 2 1007 338 65 27 -1 -1 -1 0 
23 3 651 348 23 18 -1 -1 -1 0 
23 4 875 338 34 18 -1 -1 -1 0 
23 9 986 337 33 21 -1 -1 -1 0 
24 1 558 349 62 47 -1 -1 -1 0 
24 2 1011 338 63 27 -1 -1 -1 0 
24 3 651 348 23 18 -1 -1 -1 0 
24 4 876 338 34 18 -1 -1 -1 0 
24 9 983 337 41 22 -1 -1 -1 0 
25 1 559 349 61 46 -1 -1 -1 0 
25 2 1014 338 64 28 -1 -1 -1 0 
25 3 650 347 25 19 -1 -1 -1 0 
25 4 876 338 35 19 -1 -1 -1 0 
25 9 984 335 41 23 -1 -1 -1 0 
26 1 560 349 60 45 -1 -1 -1 0 
26 2 1016 338 65 27 -1 -1 -1 0 
26 3 650 347 24 19 -1 -1 -1 0 
26 4 878 338 34 19 -1 -1 -1 0 
26 9 986 334 42 23 -1 -1 -1 0 
27 1 560 348 61 45 -1 -1 -1 0 
27 2 1018 336 61 29 -1 -1 -1 0 
27 3 651 346 23 20 -1 -1 -1 0 
27 4 880 337 33 19 -1 -1 -1 0 
27 9 987 334 45 23 -1 -1 -1 0 
27 17 559 634 718 80 -1 -1 -1 0 
28 1 562 348 59 44 -1 -1 -1 0 
28 2 1019 336 67 29 -1 -1 -1 0 
28 3 650 346 25 19 -1 -1 -1 0 
28 4 880 336 34 20 -1 -1 -1 0 
28 9 989 333 46 24 -1 -1 -1 0 
28 17 559 635 718 80 -1 -1 -1 0 
29 1 563 348 58 44 -1 -1 -1 0 
29 2 1021 336 69 29 -1 -1 -1 0 
29 3 650 346 25 19 -1 -1 -1 0 
29 4 881 336 35 20 -1 -1 -1 0 
29 9 991 333 46 24 -1 -1 -1 0 
29 17 563 635 715 79 -1 -1 -1 0 
30 1 563 348 58 43 -1 -1 -1 0 
30 2 1024 335 69 30 -1 -1 -1 0 
30 3 651 346 23 19 -1 -1 -1 0 
30 4 882 335 35 21 -1 -1 -1 0 
30 9 994 333 44 24 -1 -1 -1 0 
30 17 564 635 714 79 -1 -1 -1 0 
31 1 564 348 57 43 -1 -1 -1 0 
31 2 1027 335 68 30 -1 -1 -1 0 
31 3 651 346 23 19 -1 -1 -1 0 
31 4 883 335 36 21 -1 -1 -1 0 
31 9 996 332 44 25 -1 -1 -1 0 
31 17 568 635 706 79 -1 -1 -1 0 
32 1 565 348 57 42 -1 -1 -1 0 
32 2 1029 335 70 30 -1 -1 -1 0 
32 3 650 346 25 19 -1 -1 -1 0 
32 4 884 335 36 21 -1 -1 -1 0 
32 9 998 332 44 25 -1 -1 -1 0 
32 17 564 635 711 79 -1 -1 -1 0 
33 1 566 348 56 42 -1 -1 -1 0 
33 2 1030 335 72 29 -1 -1 -1 0 
33 3 650 346 25 19 -1 -1 -1 0 
33 4 885 335 36 21 -1 -1 -1 0 
33 9 1000 332 46 25 -1 -1 -1 0 
33 17 564 635 711 78 -1 -1 -1 0 
34 1 566 349 56 41 -1 -1 -1 0 
34 2 1034 335 70 29 -1 -1 -1 0 
34 3 650 347 25 19 -1 -1 -1 0 
34 4 886 334 35 22 -1 -1 -1 0 
34 9 1002 333 46 25 -1 -1 -1 0 
35 1 567 349 54 41 -1 -1 -1 0 
35 2 1034 335 74 29 -1 -1 -1 0 
35 3 650 347 25 19 -1 -1 -1 0 
35 4 887 334 35 22 -1 -1 -1 0 
35 9 1004 334 48 24 -1 -1 -1 0 
36 1 568 349 53 41 -1 -1 -1 0 
36 2 1036 335 75 29 -1 -1 -1 0 
36 3 651 347 24 19 -1 -1 -1 0 
36 4 887 333 37 23 -1 -1 -1 0 
36 9 1006 334 48 24 -1 -1 -1 0 
37 1 568 349 54 40 -1 -1 -1 0 
37 2 1042 335 71 29 -1 -1 -1 0 
37 3 650 348 25 18 -1 -1 -1 0 
37 4 888 334 38 22 -1 -1 -1 0 
37 9 1009 333 46 25 -1 -1 -1 0 
38 1 569 349 53 39 -1 -1 -1 0 
38 2 1045 335 71 30 -1 -1 -1 0 
38 3 651 347 23 19 -1 -1 -1 0 
38 4 888 335 39 21 -1 -1 -1 0 
38 9 1011 332 47 26 -1 -1 -1 0 
39 1 569 349 52 38 -1 -1 -1 0 
39 2 1046 335 74 30 -1 -1 -1 0 
39 3 650 347 25 19 -1 -1 -1 0 
39 4 889 336 39 19 -1 -1 -1 0 
39 9 1012 332 48 26 -1 -1 -1 0 
40 1 569 348 52 38 -1 -1 -1 0 
40 2 1049 334 74 30 -1 -1 -1 0 
40 3 650 347 25 18 -1 -1 -1 0 
40 4 890 336 38 19 -1 -1 -1 0 
40 9 1015 332 47 25 -1 -1 -1 0 
