3 1 485 353 122 80 -1 -1 -1 0 
3 2 801 270 261 164 -1 -1 -1 0 
3 3 620 343 37 32 -1 -1 -1 0 
3 4 203 359 61 21 -1 -1 -1 0 
4 1 489 353 120 80 -1 -1 -1 0 
4 2 804 270 261 164 -1 -1 -1 0 
4 3 622 344 36 31 -1 -1 -1 0 
4 4 176 362 62 21 -1 -1 -1 0 
5 1 495 354 116 79 -1 -1 -1 0 
5 2 804 270 263 165 -1 -1 -1 0 
5 3 623 345 36 31 -1 -1 -1 0 
5 4 143 364 69 22 -1 -1 -1 0 
5 7 381 354 48 13 -1 -1 -1 0 
6 1 498 354 115 76 -1 -1 -1 0 
6 2 799 271 271 165 -1 -1 -1 0 
6 3 625 345 34 31 -1 -1 -1 0 
6 4 105 366 77 25 -1 -1 -1 0 
6 7 357 356 55 13 -1 -1 -1 0 
6 8 564 633 710 81 -1 -1 -1 0 
7 1 503 354 111 75 -1 -1 -1 0 
7 2 801 271 269 166 -1 -1 -1 0 
7 3 625 344 36 32 -1 -1 -1 0 
7 4 59 367 91 26 -1 -1 -1 0 
7 7 332 357 59 14 -1 -1 -1 0 
7 8 560 632 717 83 -1 -1 -1 0 
8 1 507 353 109 75 -1 -1 -1 0 
8 2 801 271 271 167 -1 -1 -1 0 
8 3 625 344 36 32 -1 -1 -1 0 
8 4 3 369 109 28 -1 -1 -1 0 
8 7 302 358 67 15 -1 -1 -1 0 
8 8 562 633 715 82 -1 -1 -1 0 
9 1 511 352 106 73 -1 -1 -1 0 
9 2 802 271 271 167 -1 -1 -1 0 
9 3 625 344 36 31 -1 -1 -1 0 
9 4 0 370 66 28 -1 -1 -1 0 
9 7 266 358 77 17 -1 -1 -1 0 
9 8 567 634 708 82 -1 -1 -1 0 
10 1 514 352 105 72 -1 -1 -1 0 
10 2 800 271 274 167 -1 -1 -1 0 
10 3 626 344 36 31 -1 -1 -1 0 
10 4 0 372 35 29 -1 -1 -1 0 
10 7 220 359 93 18 -1 -1 -1 0 
10 8 577 634 696 83 -1 -1 -1 0 
11 1 517 352 103 70 -1 -1 -1 0 
11 2 783 270 294 170 -1 -1 -1 0 
11 3 627 344 36 31 -1 -1 -1 0 
11 7 168 360 107 21 -1 -1 -1 0 
11 8 577 633 698 83 -1 -1 -1 0 
12 1 521 351 100 69 -1 -1 -1 0 
12 2 775 270 303 171 -1 -1 -1 0 
12 3 627 344 36 30 -1 -1 -1 0 
12 7 101 362 123 23 -1 -1 -1 0 
12 8 562 633 717 83 -1 -1 -1 0 
13 1 524 351 98 68 -1 -1 -1 0 
13 2 773 271 305 171 -1 -1 -1 0 
13 3 628 344 35 30 -1 -1 -1 0 
13 7 15 364 157 29 -1 -1 -1 0 
13 8 556 632 723 83 -1 -1 -1 0 
14 1 526 352 98 65 -1 -1 -1 0 
14 2 772 271 307 171 -1 -1 -1 0 
14 3 629 344 34 30 -1 -1 -1 0 
14 7 0 367 97 28 -1 -1 -1 0 
14 8 556 633 723 82 -1 -1 -1 0 
15 1 530 351 93 65 -1 -1 -1 0 
15 2 774 271 306 171 -1 -1 -1 0 
15 3 629 345 34 29 -1 -1 -1 0 
15 7 0 369 53 29 -1 -1 -1 0 
15 8 557 634 721 81 -1 -1 -1 0 
16 1 532 351 94 64 -1 -1 -1 0 
16 2 783 270 296 173 -1 -1 -1 0 
16 3 629 345 35 29 -1 -1 -1 0 
16 8 562 634 713 81 -1 -1 -1 0 
17 1 535 350 91 64 -1 -1 -1 0 
17 2 791 269 290 173 -1 -1 -1 0 
17 3 629 344 35 30 -1 -1 -1 0 
17 8 564 634 713 81 -1 -1 -1 0 
18 1 537 350 89 62 -1 -1 -1 0 
18 2 790 269 292 174 -1 -1 -1 0 
18 3 627 344 36 30 -1 -1 -1 0 
18 8 564 634 713 81 -1 -1 -1 0 
19 1 539 350 87 60 -1 -1 -1 0 
19 2 791 268 290 175 -1 -1 -1 0 
19 3 628 344 34 30 -1 -1 -1 0 
19 8 560 635 719 80 -1 -1 -1 0 
19 19 252 358 53 18 -1 -1 -1 0 
20 1 541 349 85 60 -1 -1 -1 0 
20 2 792 268 287 175 -1 -1 -1 0 
20 3 628 343 34 30 -1 -1 -1 0 
20 8 559 634 717 80 -1 -1 -1 0 
20 19 216 358 62 20 -1 -1 -1 0 
21 1 542 349 85 58 -1 -1 -1 0 
21 2 790 267 291 177 -1 -1 -1 0 
21 3 627 343 34 30 -1 -1 -1 0 
21 8 561 634 713 80 -1 -1 -1 0 
21 19 177 360 70 22 -1 -1 -1 0 
21 20 395 344 35 21 -1 -1 -1 0 
21 21 429 344 40 18 -1 -1 -1 0 
22 1 544 349 83 57 -1 -1 -1 0 
22 2 788 267 294 177 -1 -1 -1 0 
22 3 626 342 35 30 -1 -1 -1 0 
22 8 559 634 718 80 -1 -1 -1 0 
22 19 133 362 82 22 -1 -1 -1 0 
22 20 378 345 41 20 -1 -1 -1 0 
22 21 423 344 41 18 -1 -1 -1 0 
23 1 545 349 82 56 -1 -1 -1 0 
23 2 780 268 305 176 -1 -1 -1 0 
23 3 626 342 34 30 -1 -1 -1 0 
23 8 561 634 713 80 -1 -1 -1 0 
23 19 73 364 99 25 -1 -1 -1 0 
23 20 362 345 45 21 -1 -1 -1 0 
24 1 546 349 81 55 -1 -1 -1 0 
24 2 779 267 305 178 -1 -1 -1 0 
24 3 626 341 33 30 -1 -1 -1 0 
24 8 557 633 719 81 -1 -1 -1 0 
24 19 5 365 117 28 -1 -1 -1 0 
24 20 347 345 46 22 -1 -1 -1 0 
24 21 395 345 41 18 -1 -1 -1 0 
25 1 547 349 80 54 -1 -1 -1 0 
25 2 773 267 313 178 -1 -1 -1 0 
25 3 625 341 33 30 -1 -1 -1 0 
25 8 561 633 712 81 -1 -1 -1 0 
25 19 0 367 63 26 -1 -1 -1 0 
25 20 329 345 48 23 -1 -1 -1 0 
25 21 382 345 41 20 -1 -1 -1 0 
26 1 549 349 77 54 -1 -1 -1 0 
26 2 782 266 301 179 -1 -1 -1 0 
26 3 625 341 32 29 -1 -1 -1 0 
26 8 555 635 724 80 -1 -1 -1 0 
26 19 0 369 25 26 -1 -1 -1 0 
26 20 308 346 53 23 -1 -1 -1 0 
26 21 363 346 45 20 -1 -1 -1 0 
27 1 549 348 78 54 -1 -1 -1 0 
27 2 780 267 306 178 -1 -1 -1 0 
27 3 624 341 32 29 -1 -1 -1 0 
27 8 562 634 712 81 -1 -1 -1 0 
27 20 288 346 55 25 -1 -1 -1 0 
27 21 351 346 47 21 -1 -1 -1 0 
27 22 535 340 20 11 -1 -1 -1 0 
28 1 551 348 75 53 -1 -1 -1 0 
28 2 791 267 293 177 -1 -1 -1 0 
28 3 624 341 31 28 -1 -1 -1 0 
28 8 561 633 714 81 -1 -1 -1 0 
28 20 263 347 61 25 -1 -1 -1 0 
28 21 326 348 48 21 -1 -1 -1 0 
28 22 529 340 23 12 -1 -1 -1 0 
29 1 552 349 73 52 -1 -1 -1 0 
29 2 785 266 300 179 -1 -1 -1 0 
29 3 624 341 32 28 -1 -1 -1 0 
29 8 561 634 716 80 -1 -1 -1 0 
29 20 237 349 68 26 -1 -1 -1 0 
29 21 301 350 57 20 -1 -1 -1 0 
29 22 525 341 22 11 -1 -1 -1 0 
30 1 553 350 73 51 -1 -1 -1 0 
30 2 795 266 287 181 -1 -1 -1 0 
30 3 623 341 32 29 -1 -1 -1 0 
30 8 561 634 715 80 -1 -1 -1 0 
30 20 207 350 71 28 -1 -1 -1 0 
30 21 280 351 55 22 -1 -1 -1 0 
30 22 522 343 19 10 -1 -1 -1 0 
31 1 554 350 71 50 -1 -1 -1 0 
31 2 789 268 295 180 -1 -1 -1 0 
31 3 623 341 31 29 -1 -1 -1 0 
31 8 560 634 717 80 -1 -1 -1 0 
31 20 170 352 81 29 -1 -1 -1 0 
31 21 246 353 66 23 -1 -1 -1 0 
31 22 516 342 21 12 -1 -1 -1 0 
32 1 555 350 70 50 -1 -1 -1 0 
32 2 771 267 315 182 -1 -1 -1 0 
32 3 622 341 32 29 -1 -1 -1 0 
32 8 560 633 715 81 -1 -1 -1 0 
32 20 128 353 86 31 -1 -1 -1 0 
32 21 208 354 79 25 -1 -1 -1 0 
32 22 509 342 24 13 -1 -1 -1 0 
33 1 555 350 71 49 -1 -1 -1 0 
33 2 790 267 290 183 -1 -1 -1 0 
33 3 622 341 31 29 -1 -1 -1 0 
33 8 572 633 703 81 -1 -1 -1 0 
33 20 77 355 95 33 -1 -1 -1 0 
33 21 173 356 78 26 -1 -1 -1 0 
33 22 504 343 23 12 -1 -1 -1 0 
34 1 556 349 70 50 -1 -1 -1 0 
34 2 767 267 320 183 -1 -1 -1 0 
34 3 621 341 32 28 -1 -1 -1 0 
34 8 561 634 718 79 -1 -1 -1 0 
34 20 9 356 118 36 -1 -1 -1 0 
34 21 123 357 89 28 -1 -1 -1 0 
34 22 498 343 24 12 -1 -1 -1 0 
35 1 557 349 68 49 -1 -1 -1 0 
35 2 761 267 327 184 -1 -1 -1 0 
35 3 621 341 31 28 -1 -1 -1 0 
35 8 564 634 711 80 -1 -1 -1 0 
35 20 0 358 61 37 -1 -1 -1 0 
35 21 63 359 99 30 -1 -1 -1 0 
35 22 491 343 25 12 -1 -1 -1 0 
36 1 558 348 67 49 -1 -1 -1 0 
36 2 759 267 330 183 -1 -1 -1 0 
36 3 621 341 31 26 -1 -1 -1 0 
36 8 562 634 714 80 -1 -1 -1 0 
36 20 0 359 24 38 -1 -1 -1 0 
36 21 27 360 104 31 -1 -1 -1 0 
36 22 483 343 27 13 -1 -1 -1 0 
37 1 558 346 67 49 -1 -1 -1 0 
37 2 758 266 330 184 -1 -1 -1 0 
37 3 621 341 30 25 -1 -1 -1 0 
37 8 565 634 709 80 -1 -1 -1 0 
37 22 477 341 27 14 -1 -1 -1 0 
38 1 559 345 65 49 -1 -1 -1 0 
38 2 756 266 333 184 -1 -1 -1 0 
38 3 621 341 29 25 -1 -1 -1 0 
38 8 560 634 718 80 -1 -1 -1 0 
38 22 442 342 29 15 -1 -1 -1 0 
39 1 559 344 65 48 -1 -1 -1 0 
39 2 756 266 334 185 -1 -1 -1 0 
39 3 620 340 30 25 -1 -1 -1 0 
39 8 562 633 713 81 -1 -1 -1 0 
39 22 387 347 28 14 -1 -1 -1 0 
40 1 560 344 63 47 -1 -1 -1 0 
40 2 763 265 325 186 -1 -1 -1 0 
40 3 621 340 27 25 -1 -1 -1 0 
40 8 563 633 712 81 -1 -1 -1 0 
40 22 371 347 29 15 -1 -1 -1 0 
