3 1 807 346 106 68 -1 -1 -1 0 
3 2 273 353 95 38 -1 -1 -1 0 
3 3 11 355 154 66 -1 -1 -1 0 
4 1 806 346 106 69 -1 -1 -1 0 
4 2 298 354 45 32 -1 -1 -1 0 
4 3 0 356 87 69 -1 -1 -1 0 
4 5 435 356 23 13 -1 -1 -1 0 
5 1 805 347 109 69 -1 -1 -1 0 
5 2 297 358 60 28 -1 -1 -1 0 
5 3 0 358 46 72 -1 -1 -1 0 
5 5 426 357 26 13 -1 -1 -1 0 
5 9 522 350 21 12 -1 -1 -1 0 
6 1 806 347 107 68 -1 -1 -1 0 
6 2 277 360 67 28 -1 -1 -1 0 
6 5 418 357 25 14 -1 -1 -1 0 
6 9 519 351 21 11 -1 -1 -1 0 
6 11 243 353 65 37 -1 -1 -1 0 
7 1 805 347 109 68 -1 -1 -1 0 
7 2 245 362 70 31 -1 -1 -1 0 
7 5 409 357 26 14 -1 -1 -1 0 
7 9 510 350 20 12 -1 -1 -1 0 
7 11 212 353 66 41 -1 -1 -1 0 
8 1 806 348 108 68 -1 -1 -1 0 
8 2 201 362 83 35 -1 -1 -1 0 
8 5 399 357 27 15 -1 -1 -1 0 
8 9 500 350 25 13 -1 -1 -1 0 
8 11 200 353 68 42 -1 -1 -1 0 
9 1 806 348 108 68 -1 -1 -1 0 
9 2 181 364 86 35 -1 -1 -1 0 
9 5 386 357 31 15 -1 -1 -1 0 
9 9 484 350 34 14 -1 -1 -1 0 
9 16 422 353 39 18 -1 -1 -1 0 
10 1 805 348 109 68 -1 -1 -1 0 
10 5 374 357 32 15 -1 -1 -1 0 
10 9 475 350 33 15 -1 -1 -1 0 
10 11 53 353 148 55 -1 -1 -1 0 
10 16 411 353 39 19 -1 -1 -1 0 
11 1 806 348 108 68 -1 -1 -1 0 
11 5 361 357 34 17 -1 -1 -1 0 
11 9 469 350 28 16 -1 -1 -1 0 
11 11 2 360 131 56 -1 -1 -1 0 
11 16 398 352 48 21 -1 -1 -1 0 
12 1 806 348 109 68 -1 -1 -1 0 
12 5 348 358 34 17 -1 -1 -1 0 
12 9 457 350 31 18 -1 -1 -1 0 
12 11 0 356 99 56 -1 -1 -1 0 
12 16 384 351 61 24 -1 -1 -1 0 
12 18 517 352 23 13 -1 -1 -1 0 
12 19 722 347 19 13 -1 -1 -1 0 
13 1 807 348 107 70 -1 -1 -1 0 
13 5 330 360 41 18 -1 -1 -1 0 
13 9 442 352 37 20 -1 -1 -1 0 
13 11 0 357 73 58 -1 -1 -1 0 
13 16 373 351 59 27 -1 -1 -1 0 
13 18 511 353 24 13 -1 -1 -1 0 
13 19 723 347 19 13 -1 -1 -1 0 
14 1 807 348 108 70 -1 -1 -1 0 
14 5 310 360 46 19 -1 -1 -1 0 
14 9 426 352 42 22 -1 -1 -1 0 
14 16 357 351 63 29 -1 -1 -1 0 
14 18 503 353 26 14 -1 -1 -1 0 
14 19 552 351 27 12 -1 -1 -1 0 
15 1 807 349 109 69 -1 -1 -1 0 
15 5 293 361 45 21 -1 -1 -1 0 
15 9 409 353 52 23 -1 -1 -1 0 
15 16 339 351 66 32 -1 -1 -1 0 
15 18 496 353 27 15 -1 -1 -1 0 
15 19 521 352 27 12 -1 -1 -1 0 
16 1 808 348 107 70 -1 -1 -1 0 
16 5 271 362 48 22 -1 -1 -1 0 
16 9 387 353 66 26 -1 -1 -1 0 
16 16 318 352 70 33 -1 -1 -1 0 
16 18 488 354 28 15 -1 -1 -1 0 
16 19 509 353 22 12 -1 -1 -1 0 
17 1 807 348 109 70 -1 -1 -1 0 
17 5 247 362 48 24 -1 -1 -1 0 
17 9 368 353 53 27 -1 -1 -1 0 
17 16 293 352 74 35 -1 -1 -1 0 
17 18 478 353 30 16 -1 -1 -1 0 
17 19 503 353 21 12 -1 -1 -1 0 
18 1 807 347 110 70 -1 -1 -1 0 
18 5 221 363 46 26 -1 -1 -1 0 
18 9 335 353 65 28 -1 -1 -1 0 
18 16 259 352 83 38 -1 -1 -1 0 
18 18 467 353 35 16 -1 -1 -1 0 
18 19 498 353 23 11 -1 -1 -1 0 
19 1 807 347 111 70 -1 -1 -1 0 
19 5 203 364 47 26 -1 -1 -1 0 
19 9 301 353 72 32 -1 -1 -1 0 
19 16 218 353 90 40 -1 -1 -1 0 
19 18 457 353 35 16 -1 -1 -1 0 
19 19 493 353 26 11 -1 -1 -1 0 
19 21 388 356 37 18 -1 -1 -1 0 
20 1 807 347 111 70 -1 -1 -1 0 
20 9 262 354 80 36 -1 -1 -1 0 
20 16 168 354 98 45 -1 -1 -1 0 
20 18 444 353 38 18 -1 -1 -1 0 
20 19 488 352 27 12 -1 -1 -1 0 
20 21 375 356 37 19 -1 -1 -1 0 
21 1 808 347 110 70 -1 -1 -1 0 
21 9 209 355 96 40 -1 -1 -1 0 
21 16 105 353 110 52 -1 -1 -1 0 
21 18 430 353 40 20 -1 -1 -1 0 
21 19 482 353 29 12 -1 -1 -1 0 
21 21 355 357 45 20 -1 -1 -1 0 
22 1 807 347 112 70 -1 -1 -1 0 
22 9 140 357 120 44 -1 -1 -1 0 
22 16 15 354 143 59 -1 -1 -1 0 
22 18 415 354 43 21 -1 -1 -1 0 
22 19 476 353 29 14 -1 -1 -1 0 
22 21 339 357 45 21 -1 -1 -1 0 
23 1 808 347 111 71 -1 -1 -1 0 
23 9 41 358 156 52 -1 -1 -1 0 
23 16 0 356 75 56 -1 -1 -1 0 
23 18 396 354 49 23 -1 -1 -1 0 
23 19 469 353 27 15 -1 -1 -1 0 
23 21 321 358 47 23 -1 -1 -1 0 
23 22 727 348 18 12 -1 -1 -1 0 
24 1 808 348 110 70 -1 -1 -1 0 
24 9 3 361 108 56 -1 -1 -1 0 
24 16 0 357 31 57 -1 -1 -1 0 
24 18 375 355 54 24 -1 -1 -1 0 
24 19 462 354 24 16 -1 -1 -1 0 
24 21 300 359 50 25 -1 -1 -1 0 
24 22 727 348 17 12 -1 -1 -1 0 
25 1 808 348 110 71 -1 -1 -1 0 
25 9 0 365 46 51 -1 -1 -1 0 
25 18 352 356 58 26 -1 -1 -1 0 
25 19 451 355 28 16 -1 -1 -1 0 
25 21 276 361 55 26 -1 -1 -1 0 
25 22 726 348 19 13 -1 -1 -1 0 
26 1 808 348 111 71 -1 -1 -1 0 
26 9 0 366 2 53 -1 -1 -1 0 
26 18 323 357 67 28 -1 -1 -1 0 
26 19 441 355 29 17 -1 -1 -1 0 
26 21 246 362 62 28 -1 -1 -1 0 
27 1 809 348 110 72 -1 -1 -1 0 
27 18 290 358 74 31 -1 -1 -1 0 
27 19 430 356 31 18 -1 -1 -1 0 
27 21 214 363 70 30 -1 -1 -1 0 
28 1 809 348 111 72 -1 -1 -1 0 
28 18 248 359 87 34 -1 -1 -1 0 
28 19 418 355 33 20 -1 -1 -1 0 
28 21 175 364 78 32 -1 -1 -1 0 
28 22 727 347 18 14 -1 -1 -1 0 
29 1 808 349 112 71 -1 -1 -1 0 
29 18 194 360 106 37 -1 -1 -1 0 
29 19 404 354 35 22 -1 -1 -1 0 
29 21 129 365 84 34 -1 -1 -1 0 
29 22 728 346 16 14 -1 -1 -1 0 
30 1 808 349 113 71 -1 -1 -1 0 
30 18 125 361 128 42 -1 -1 -1 0 
30 19 388 355 40 21 -1 -1 -1 0 
30 21 70 366 82 37 -1 -1 -1 0 
30 22 726 346 19 14 -1 -1 -1 0 
30 25 456 349 49 20 -1 -1 -1 0 
31 1 809 349 111 71 -1 -1 -1 0 
31 18 35 363 159 48 -1 -1 -1 0 
31 19 370 355 43 22 -1 -1 -1 0 
31 21 34 367 86 38 -1 -1 -1 0 
31 22 727 346 18 14 -1 -1 -1 0 
31 25 444 349 55 20 -1 -1 -1 0 
32 1 809 349 112 72 -1 -1 -1 0 
32 18 2 366 108 51 -1 -1 -1 0 
32 19 351 354 46 25 -1 -1 -1 0 
32 22 728 346 16 14 -1 -1 -1 0 
32 25 432 349 43 21 -1 -1 -1 0 
33 1 808 349 113 72 -1 -1 -1 0 
33 18 0 367 67 53 -1 -1 -1 0 
33 19 328 355 51 27 -1 -1 -1 0 
33 22 727 346 18 14 -1 -1 -1 0 
33 25 444 351 33 18 -1 -1 -1 0 
34 1 809 349 112 72 -1 -1 -1 0 
34 19 302 357 56 29 -1 -1 -1 0 
34 22 728 347 17 13 -1 -1 -1 0 
34 25 439 351 34 20 -1 -1 -1 0 
34 26 500 351 19 13 -1 -1 -1 0 
35 1 809 349 112 73 -1 -1 -1 0 
35 2 369 351 51 29 -1 -1 -1 0 
35 19 271 358 65 31 -1 -1 -1 0 
35 22 602 348 24 14 -1 -1 -1 0 
35 25 428 351 38 21 -1 -1 -1 0 
35 26 494 351 20 14 -1 -1 -1 0 
36 1 808 349 114 73 -1 -1 -1 0 
36 2 356 351 61 33 -1 -1 -1 0 
36 19 237 360 70 35 -1 -1 -1 0 
36 22 689 348 18 13 -1 -1 -1 0 
36 25 416 353 40 22 -1 -1 -1 0 
36 26 488 351 21 15 -1 -1 -1 0 
37 1 809 349 114 73 -1 -1 -1 0 
37 2 332 352 71 35 -1 -1 -1 0 
37 19 192 362 85 36 -1 -1 -1 0 
37 22 604 347 21 14 -1 -1 -1 0 
37 25 400 353 45 24 -1 -1 -1 0 
37 26 482 352 22 14 -1 -1 -1 0 
37 28 505 352 21 13 -1 -1 -1 0 
38 1 809 349 114 72 -1 -1 -1 0 
38 2 301 352 81 39 -1 -1 -1 0 
38 19 139 363 98 41 -1 -1 -1 0 
38 22 688 346 19 13 -1 -1 -1 0 
38 25 386 354 46 24 -1 -1 -1 0 
38 26 475 351 23 15 -1 -1 -1 0 
38 28 499 351 22 14 -1 -1 -1 0 
38 29 530 349 25 14 -1 -1 -1 0 
39 1 809 348 114 72 -1 -1 -1 0 
39 2 260 352 94 43 -1 -1 -1 0 
39 19 68 365 119 45 -1 -1 -1 0 
39 22 689 346 20 13 -1 -1 -1 0 
39 25 372 353 45 26 -1 -1 -1 0 
39 26 469 351 23 15 -1 -1 -1 0 
39 28 493 351 24 14 -1 -1 -1 0 
39 29 528 347 22 16 -1 -1 -1 0 
40 1 809 348 114 72 -1 -1 -1 0 
40 2 206 352 114 49 -1 -1 -1 0 
40 19 7 367 113 50 -1 -1 -1 0 
40 25 355 353 48 28 -1 -1 -1 0 
40 26 518 347 26 16 -1 -1 -1 0 
40 28 514 348 21 15 -1 -1 -1 0 
40 29 477 349 24 16 -1 -1 -1 0 
