3 1 751 308 45 57 -1 -1 -1 0 
3 2 699 347 54 45 -1 -1 -1 0 
4 1 751 308 44 58 -1 -1 -1 0 
4 2 698 347 56 45 -1 -1 -1 0 
5 1 750 308 46 58 -1 -1 -1 0 
5 2 698 346 55 47 -1 -1 -1 0 
6 1 751 308 44 57 -1 -1 -1 0 
6 2 697 346 56 47 -1 -1 -1 0 
7 1 752 308 43 57 -1 -1 -1 0 
7 2 697 347 57 46 -1 -1 -1 0 
8 1 752 308 43 57 -1 -1 -1 0 
8 2 697 347 58 46 -1 -1 -1 0 
9 1 752 307 44 58 -1 -1 -1 0 
9 2 697 347 57 46 -1 -1 -1 0 
10 1 752 307 44 58 -1 -1 -1 0 
10 2 698 348 56 45 -1 -1 -1 0 
11 1 753 307 44 58 -1 -1 -1 0 
11 2 698 348 57 45 -1 -1 -1 0 
12 1 753 307 43 57 -1 -1 -1 0 
12 2 698 347 57 45 -1 -1 -1 0 
13 1 754 307 43 58 -1 -1 -1 0 
13 2 699 348 56 45 -1 -1 -1 0 
14 1 753 306 45 59 -1 -1 -1 0 
14 2 699 348 56 45 -1 -1 -1 0 
15 1 754 306 44 59 -1 -1 -1 0 
15 2 699 348 56 45 -1 -1 -1 0 
16 1 755 306 44 60 -1 -1 -1 0 
16 2 700 348 55 46 -1 -1 -1 0 
17 1 754 306 46 59 -1 -1 -1 0 
17 2 699 347 57 46 -1 -1 -1 0 
18 1 755 306 45 59 -1 -1 -1 0 
18 2 700 347 56 46 -1 -1 -1 0 
19 1 754 307 46 58 -1 -1 -1 0 
19 2 699 347 58 46 -1 -1 -1 0 
20 1 755 307 44 57 -1 -1 -1 0 
20 2 700 346 56 47 -1 -1 -1 0 
21 1 756 307 44 57 -1 -1 -1 0 
21 2 699 346 58 47 -1 -1 -1 0 
22 1 756 307 43 56 -1 -1 -1 0 
22 2 700 346 57 47 -1 -1 -1 0 
23 1 757 306 43 57 -1 -1 -1 0 
23 2 700 346 57 46 -1 -1 -1 0 
24 1 757 307 42 57 -1 -1 -1 0 
24 2 701 346 57 48 -1 -1 -1 0 
25 1 758 307 41 58 -1 -1 -1 0 
25 2 700 347 59 48 -1 -1 -1 0 
26 1 758 309 42 57 -1 -1 -1 0 
26 2 701 348 58 48 -1 -1 -1 0 
27 1 758 310 42 57 -1 -1 -1 0 
27 2 701 348 58 48 -1 -1 -1 0 
28 1 757 310 43 57 -1 -1 -1 0 
28 2 700 349 59 48 -1 -1 -1 0 
29 1 757 311 43 57 -1 -1 -1 0 
29 2 700 349 60 49 -1 -1 -1 0 
30 1 756 310 43 58 -1 -1 -1 0 
30 2 699 349 60 48 -1 -1 -1 0 
31 1 755 310 44 58 -1 -1 -1 0 
31 2 699 349 58 48 -1 -1 -1 0 
32 1 754 309 44 59 -1 -1 -1 0 
32 2 698 349 58 48 -1 -1 -1 0 
33 1 754 308 43 59 -1 -1 -1 0 
33 2 698 348 57 49 -1 -1 -1 0 
33 3 522 355 31 15 -1 -1 -1 0 
34 1 753 308 44 59 -1 -1 -1 0 
34 2 697 348 58 49 -1 -1 -1 0 
34 3 514 355 34 16 -1 -1 -1 0 
35 1 752 308 44 59 -1 -1 -1 0 
35 2 696 348 59 49 -1 -1 -1 0 
35 3 507 357 34 16 -1 -1 -1 0 
36 1 751 307 45 60 -1 -1 -1 0 
36 2 695 347 60 50 -1 -1 -1 0 
36 3 500 358 33 16 -1 -1 -1 0 
37 1 751 307 44 60 -1 -1 -1 0 
37 2 695 347 59 50 -1 -1 -1 0 
37 3 492 358 35 16 -1 -1 -1 0 
38 1 751 307 43 60 -1 -1 -1 0 
38 2 695 347 59 50 -1 -1 -1 0 
38 3 486 358 33 15 -1 -1 -1 0 
39 1 750 307 43 60 -1 -1 -1 0 
39 2 694 347 60 50 -1 -1 -1 0 
39 3 477 358 36 16 -1 -1 -1 0 
40 1 749 307 43 59 -1 -1 -1 0 
40 2 693 346 61 51 -1 -1 -1 0 
40 3 471 358 34 16 -1 -1 -1 0 
