3 1 327 360 48 23 -1 -1 -1 0 
3 2 468 355 23 11 -1 -1 -1 0 
3 3 736 341 37 32 -1 -1 -1 0 
3 5 372 356 32 20 -1 -1 -1 0 
3 6 706 349 17 12 -1 -1 -1 0 
4 1 307 361 52 24 -1 -1 -1 0 
4 2 461 356 25 12 -1 -1 -1 0 
4 3 737 342 36 32 -1 -1 -1 0 
4 5 358 356 34 22 -1 -1 -1 0 
4 6 706 349 17 13 -1 -1 -1 0 
5 1 285 362 56 24 -1 -1 -1 0 
5 2 453 356 28 13 -1 -1 -1 0 
5 3 737 342 37 33 -1 -1 -1 0 
5 5 341 357 38 22 -1 -1 -1 0 
5 6 706 349 18 14 -1 -1 -1 0 
6 1 259 364 64 26 -1 -1 -1 0 
6 2 447 356 27 13 -1 -1 -1 0 
6 3 738 342 37 33 -1 -1 -1 0 
6 5 323 357 43 23 -1 -1 -1 0 
6 6 707 349 18 14 -1 -1 -1 0 
6 9 502 352 25 12 -1 -1 -1 0 
7 1 232 365 68 28 -1 -1 -1 0 
7 2 439 356 28 14 -1 -1 -1 0 
7 3 738 342 37 33 -1 -1 -1 0 
7 5 305 358 45 24 -1 -1 -1 0 
7 6 706 350 20 13 -1 -1 -1 0 
7 9 498 352 25 12 -1 -1 -1 0 
7 12 1 379 41 34 -1 -1 -1 0 
8 1 199 366 76 30 -1 -1 -1 0 
8 2 430 356 29 16 -1 -1 -1 0 
8 3 738 343 37 32 -1 -1 -1 0 
8 5 283 359 50 26 -1 -1 -1 0 
8 6 707 350 19 13 -1 -1 -1 0 
8 9 493 351 28 14 -1 -1 -1 0 
8 12 0 379 20 35 -1 -1 -1 0 
9 1 160 367 87 32 -1 -1 -1 0 
9 2 420 357 32 16 -1 -1 -1 0 
9 3 739 342 35 32 -1 -1 -1 0 
9 5 259 359 55 27 -1 -1 -1 0 
9 6 708 349 18 14 -1 -1 -1 0 
9 9 488 352 28 13 -1 -1 -1 0 
10 1 115 369 99 34 -1 -1 -1 0 
10 2 410 357 32 17 -1 -1 -1 0 
10 3 739 342 36 32 -1 -1 -1 0 
10 5 231 360 62 28 -1 -1 -1 0 
10 6 708 349 19 14 -1 -1 -1 0 
10 9 482 352 29 14 -1 -1 -1 0 
11 1 55 370 118 38 -1 -1 -1 0 
11 2 398 357 36 17 -1 -1 -1 0 
11 3 739 342 36 32 -1 -1 -1 0 
11 5 201 359 67 32 -1 -1 -1 0 
11 6 708 348 18 15 -1 -1 -1 0 
11 9 475 351 32 16 -1 -1 -1 0 
12 1 5 371 114 43 -1 -1 -1 0 
12 2 386 356 35 19 -1 -1 -1 0 
12 3 738 342 37 32 -1 -1 -1 0 
12 5 166 359 73 34 -1 -1 -1 0 
12 6 708 348 18 14 -1 -1 -1 0 
12 9 466 350 37 16 -1 -1 -1 0 
13 1 0 373 61 43 -1 -1 -1 0 
13 2 370 357 40 18 -1 -1 -1 0 
13 3 737 342 37 31 -1 -1 -1 0 
13 5 120 360 90 36 -1 -1 -1 0 
13 6 707 349 18 13 -1 -1 -1 0 
13 9 458 350 39 16 -1 -1 -1 0 
14 1 0 374 25 45 -1 -1 -1 0 
14 2 354 358 42 19 -1 -1 -1 0 
14 3 736 342 38 31 -1 -1 -1 0 
14 5 69 361 100 40 -1 -1 -1 0 
14 6 707 349 16 13 -1 -1 -1 0 
14 9 449 349 43 18 -1 -1 -1 0 
15 2 336 359 46 20 -1 -1 -1 0 
15 3 736 342 37 31 -1 -1 -1 0 
15 5 7 363 116 42 -1 -1 -1 0 
15 6 707 349 16 13 -1 -1 -1 0 
15 9 440 350 43 18 -1 -1 -1 0 
16 2 317 360 49 21 -1 -1 -1 0 
16 3 736 342 37 31 -1 -1 -1 0 
16 5 0 365 65 43 -1 -1 -1 0 
16 9 432 350 43 18 -1 -1 -1 0 
17 2 296 360 55 23 -1 -1 -1 0 
17 3 735 342 37 32 -1 -1 -1 0 
17 5 0 366 30 44 -1 -1 -1 0 
17 6 524 352 20 11 -1 -1 -1 0 
17 9 425 352 28 19 -1 -1 -1 0 
18 2 272 361 62 24 -1 -1 -1 0 
18 3 735 342 37 32 -1 -1 -1 0 
18 6 492 352 18 12 -1 -1 -1 0 
18 9 411 352 32 19 -1 -1 -1 0 
18 15 564 635 711 80 -1 -1 -1 0 
18 17 440 351 26 15 -1 -1 -1 0 
19 2 246 362 67 26 -1 -1 -1 0 
19 3 736 341 36 33 -1 -1 -1 0 
19 6 478 352 20 12 -1 -1 -1 0 
19 9 400 352 33 20 -1 -1 -1 0 
19 15 559 635 718 80 -1 -1 -1 0 
19 17 432 350 26 16 -1 -1 -1 0 
20 2 214 364 79 28 -1 -1 -1 0 
20 3 735 341 37 33 -1 -1 -1 0 
20 6 468 352 24 13 -1 -1 -1 0 
20 9 387 352 35 22 -1 -1 -1 0 
20 15 560 635 716 80 -1 -1 -1 0 
20 17 421 350 28 18 -1 -1 -1 0 
20 19 1123 339 58 15 -1 -1 -1 0 
21 2 178 366 83 30 -1 -1 -1 0 
21 3 735 341 37 32 -1 -1 -1 0 
21 6 462 352 24 14 -1 -1 -1 0 
21 9 373 353 38 22 -1 -1 -1 0 
21 15 572 635 701 80 -1 -1 -1 0 
21 17 410 350 32 19 -1 -1 -1 0 
21 19 1132 339 56 14 -1 -1 -1 0 
22 2 135 368 93 31 -1 -1 -1 0 
22 3 734 341 37 32 -1 -1 -1 0 
22 6 456 352 23 15 -1 -1 -1 0 
22 9 358 353 40 23 -1 -1 -1 0 
22 15 562 634 716 81 -1 -1 -1 0 
22 17 399 351 34 19 -1 -1 -1 0 
23 2 147 367 58 29 -1 -1 -1 0 
23 3 734 340 37 32 -1 -1 -1 0 
23 6 448 352 27 15 -1 -1 -1 0 
23 9 340 353 46 25 -1 -1 -1 0 
23 15 558 634 721 81 -1 -1 -1 0 
23 17 389 351 34 20 -1 -1 -1 0 
24 2 108 369 73 28 -1 -1 -1 0 
24 3 735 340 36 33 -1 -1 -1 0 
24 6 439 352 30 16 -1 -1 -1 0 
24 9 322 354 48 26 -1 -1 -1 0 
24 15 558 634 719 81 -1 -1 -1 0 
24 17 378 352 35 21 -1 -1 -1 0 
25 2 57 372 78 28 -1 -1 -1 0 
25 3 734 340 38 33 -1 -1 -1 0 
25 6 431 352 30 17 -1 -1 -1 0 
25 9 301 355 51 27 -1 -1 -1 0 
25 15 563 634 712 81 -1 -1 -1 0 
25 17 363 352 39 22 -1 -1 -1 0 
25 19 722 345 16 13 -1 -1 -1 0 
26 2 27 373 83 29 -1 -1 -1 0 
26 3 735 340 37 33 -1 -1 -1 0 
26 6 421 352 31 18 -1 -1 -1 0 
26 9 277 355 58 30 -1 -1 -1 0 
26 15 563 635 712 80 -1 -1 -1 0 
26 17 349 352 41 23 -1 -1 -1 0 
26 19 698 345 17 14 -1 -1 -1 0 
26 22 0 376 76 34 -1 -1 -1 0 
27 3 736 340 36 33 -1 -1 -1 0 
27 6 411 353 33 18 -1 -1 -1 0 
27 9 249 356 64 30 -1 -1 -1 0 
27 15 558 634 719 81 -1 -1 -1 0 
27 17 334 353 42 23 -1 -1 -1 0 
27 19 689 345 17 14 -1 -1 -1 0 
27 22 0 376 69 32 -1 -1 -1 0 
28 3 735 340 37 32 -1 -1 -1 0 
28 6 398 353 36 19 -1 -1 -1 0 
28 9 220 356 69 33 -1 -1 -1 0 
28 15 560 634 716 81 -1 -1 -1 0 
28 17 316 353 47 24 -1 -1 -1 0 
28 19 688 345 17 14 -1 -1 -1 0 
29 3 735 340 36 32 -1 -1 -1 0 
29 6 385 353 38 20 -1 -1 -1 0 
29 9 183 357 77 35 -1 -1 -1 0 
29 15 560 633 716 82 -1 -1 -1 0 
29 17 297 353 50 25 -1 -1 -1 0 
29 19 691 343 15 15 -1 -1 -1 0 
30 3 735 340 36 33 -1 -1 -1 0 
30 6 370 353 41 21 -1 -1 -1 0 
30 9 141 357 88 38 -1 -1 -1 0 
30 17 276 353 53 26 -1 -1 -1 0 
30 19 692 344 17 14 -1 -1 -1 0 
31 3 735 340 37 33 -1 -1 -1 0 
31 6 354 353 43 22 -1 -1 -1 0 
31 9 88 358 103 42 -1 -1 -1 0 
31 17 252 353 59 27 -1 -1 -1 0 
31 19 694 343 17 15 -1 -1 -1 0 
32 3 735 340 38 33 -1 -1 -1 0 
32 6 336 353 47 25 -1 -1 -1 0 
32 9 22 360 123 46 -1 -1 -1 0 
32 15 557 634 721 81 -1 -1 -1 0 
32 17 225 353 64 30 -1 -1 -1 0 
32 19 696 343 16 15 -1 -1 -1 0 
33 3 736 340 36 33 -1 -1 -1 0 
33 6 314 354 52 25 -1 -1 -1 0 
33 9 0 361 86 48 -1 -1 -1 0 
33 15 557 634 721 81 -1 -1 -1 0 
33 17 193 354 71 32 -1 -1 -1 0 
33 19 697 343 17 15 -1 -1 -1 0 
34 3 736 339 36 33 -1 -1 -1 0 
34 6 290 354 57 27 -1 -1 -1 0 
34 9 0 366 17 44 -1 -1 -1 0 
34 15 559 635 718 80 -1 -1 -1 0 
34 17 157 354 79 35 -1 -1 -1 0 
34 19 699 343 16 14 -1 -1 -1 0 
35 3 735 339 38 33 -1 -1 -1 0 
35 6 262 354 64 30 -1 -1 -1 0 
35 9 0 367 -21 45 -1 -1 -1 0 
35 15 561 635 714 80 -1 -1 -1 0 
35 17 113 354 91 38 -1 -1 -1 0 
35 19 701 342 14 14 -1 -1 -1 0 
36 3 735 338 39 34 -1 -1 -1 0 
36 6 229 355 72 32 -1 -1 -1 0 
36 15 562 634 712 81 -1 -1 -1 0 
36 17 59 354 108 42 -1 -1 -1 0 
36 19 701 342 16 14 -1 -1 -1 0 
36 24 457 349 25 13 -1 -1 -1 0 
37 3 735 338 39 33 -1 -1 -1 0 
37 6 189 356 83 34 -1 -1 -1 0 
37 15 559 634 719 80 -1 -1 -1 0 
37 17 4 357 118 43 -1 -1 -1 0 
37 19 702 341 16 15 -1 -1 -1 0 
37 24 449 349 29 14 -1 -1 -1 0 
37 25 0 500 79 204 -1 -1 -1 0 
38 3 736 337 38 34 -1 -1 -1 0 
38 6 140 358 97 36 -1 -1 -1 0 
38 15 559 634 719 80 -1 -1 -1 0 
38 17 0 359 65 43 -1 -1 -1 0 
38 19 702 341 17 14 -1 -1 -1 0 
38 24 440 349 26 15 -1 -1 -1 0 
38 25 0 488 102 223 -1 -1 -1 0 
39 3 736 338 39 33 -1 -1 -1 0 
39 6 80 361 116 39 -1 -1 -1 0 
39 15 560 634 715 81 -1 -1 -1 0 
39 17 0 359 33 46 -1 -1 -1 0 
39 19 703 340 16 15 -1 -1 -1 0 
39 24 434 349 27 15 -1 -1 -1 0 
39 25 0 479 122 236 -1 -1 -1 0 
40 3 737 338 37 33 -1 -1 -1 0 
40 6 8 364 133 41 -1 -1 -1 0 
40 15 560 634 715 81 -1 -1 -1 0 
40 19 704 340 15 15 -1 -1 -1 0 
40 25 0 474 140 242 -1 -1 -1 0 
