3 1 1063 340 120 45 -1 -1 -1 0 
3 2 583 347 27 19 -1 -1 -1 0 
3 3 841 338 39 25 -1 -1 -1 0 
3 4 672 339 30 29 -1 -1 -1 0 
4 1 1067 340 117 45 -1 -1 -1 0 
4 2 584 347 25 19 -1 -1 -1 0 
4 3 840 338 41 25 -1 -1 -1 0 
4 4 671 339 31 29 -1 -1 -1 0 
4 5 324 354 43 17 -1 -1 -1 0 
4 6 503 345 30 12 -1 -1 -1 0 
5 1 1067 339 121 47 -1 -1 -1 0 
5 2 584 347 25 19 -1 -1 -1 0 
5 3 840 338 41 26 -1 -1 -1 0 
5 4 670 340 32 28 -1 -1 -1 0 
5 5 298 355 49 18 -1 -1 -1 0 
5 6 494 345 32 12 -1 -1 -1 0 
5 7 781 338 28 20 -1 -1 -1 0 
6 1 1067 341 124 45 -1 -1 -1 0 
6 2 584 347 26 19 -1 -1 -1 0 
6 3 840 337 41 27 -1 -1 -1 0 
6 4 671 340 30 29 -1 -1 -1 0 
6 5 270 356 55 19 -1 -1 -1 0 
6 6 489 345 33 12 -1 -1 -1 0 
6 7 779 338 31 20 -1 -1 -1 0 
7 1 1067 341 124 46 -1 -1 -1 0 
7 2 584 347 26 19 -1 -1 -1 0 
7 3 840 338 42 26 -1 -1 -1 0 
7 4 670 340 31 29 -1 -1 -1 0 
7 5 237 357 63 20 -1 -1 -1 0 
7 7 778 337 32 21 -1 -1 -1 0 
8 1 1067 344 129 43 -1 -1 -1 0 
8 2 584 348 25 18 -1 -1 -1 0 
8 3 839 338 43 26 -1 -1 -1 0 
8 4 670 340 31 29 -1 -1 -1 0 
8 5 200 359 70 21 -1 -1 -1 0 
8 6 465 346 32 12 -1 -1 -1 0 
8 7 779 337 30 21 -1 -1 -1 0 
9 1 1069 343 129 45 -1 -1 -1 0 
9 2 584 347 25 19 -1 -1 -1 0 
9 3 840 338 41 26 -1 -1 -1 0 
9 4 670 340 32 29 -1 -1 -1 0 
9 5 152 361 83 22 -1 -1 -1 0 
9 6 452 347 36 12 -1 -1 -1 0 
9 7 778 337 31 21 -1 -1 -1 0 
10 1 1070 343 131 44 -1 -1 -1 0 
10 2 584 347 25 19 -1 -1 -1 0 
10 3 840 338 42 26 -1 -1 -1 0 
10 4 670 340 31 28 -1 -1 -1 0 
10 5 94 363 100 25 -1 -1 -1 0 
10 6 438 347 39 13 -1 -1 -1 0 
10 7 667 341 20 17 -1 -1 -1 0 
11 1 1071 343 134 44 -1 -1 -1 0 
11 2 584 347 25 18 -1 -1 -1 0 
11 3 841 338 41 26 -1 -1 -1 0 
11 4 671 340 30 28 -1 -1 -1 0 
11 5 19 365 122 27 -1 -1 -1 0 
11 6 421 347 48 14 -1 -1 -1 0 
11 7 644 341 19 17 -1 -1 -1 0 
11 9 472 346 29 13 -1 -1 -1 0 
12 1 1074 344 130 44 -1 -1 -1 0 
12 2 584 346 25 19 -1 -1 -1 0 
12 3 841 338 41 26 -1 -1 -1 0 
12 4 671 340 30 28 -1 -1 -1 0 
12 5 0 366 102 29 -1 -1 -1 0 
12 6 405 347 51 15 -1 -1 -1 0 
12 7 637 341 19 17 -1 -1 -1 0 
12 9 462 346 33 13 -1 -1 -1 0 
13 1 1074 344 134 45 -1 -1 -1 0 
13 2 584 348 26 18 -1 -1 -1 0 
13 3 841 337 42 27 -1 -1 -1 0 
13 4 670 340 31 28 -1 -1 -1 0 
13 6 385 347 54 17 -1 -1 -1 0 
13 7 619 341 18 17 -1 -1 -1 0 
13 9 446 346 39 14 -1 -1 -1 0 
14 1 1075 345 136 45 -1 -1 -1 0 
14 2 585 348 25 18 -1 -1 -1 0 
14 3 841 338 42 26 -1 -1 -1 0 
14 4 669 341 33 27 -1 -1 -1 0 
14 6 361 348 62 17 -1 -1 -1 0 
14 7 744 338 29 19 -1 -1 -1 0 
14 9 431 347 46 15 -1 -1 -1 0 
14 10 506 349 20 11 -1 -1 -1 0 
15 1 1077 345 137 45 -1 -1 -1 0 
15 2 584 348 27 18 -1 -1 -1 0 
15 3 842 338 40 26 -1 -1 -1 0 
15 4 669 341 33 27 -1 -1 -1 0 
15 6 336 347 68 19 -1 -1 -1 0 
15 7 681 340 21 17 -1 -1 -1 0 
15 9 420 347 49 15 -1 -1 -1 0 
15 10 500 348 20 11 -1 -1 -1 0 
16 1 1078 345 140 46 -1 -1 -1 0 
16 2 585 348 26 18 -1 -1 -1 0 
16 3 841 338 42 26 -1 -1 -1 0 
16 4 669 342 32 26 -1 -1 -1 0 
16 6 304 347 77 21 -1 -1 -1 0 
16 7 677 341 20 16 -1 -1 -1 0 
16 9 406 347 53 16 -1 -1 -1 0 
16 10 493 348 22 11 -1 -1 -1 0 
17 1 1080 346 141 46 -1 -1 -1 0 
17 2 585 348 26 18 -1 -1 -1 0 
17 3 841 338 42 26 -1 -1 -1 0 
17 4 670 342 31 26 -1 -1 -1 0 
17 6 266 347 86 25 -1 -1 -1 0 
17 9 393 347 61 16 -1 -1 -1 0 
17 10 486 348 22 11 -1 -1 -1 0 
17 12 773 336 31 22 -1 -1 -1 0 
18 1 1082 346 142 47 -1 -1 -1 0 
18 2 585 348 26 17 -1 -1 -1 0 
18 3 845 339 37 25 -1 -1 -1 0 
18 4 670 342 31 26 -1 -1 -1 0 
18 6 217 348 103 28 -1 -1 -1 0 
18 9 377 347 68 16 -1 -1 -1 0 
18 10 478 348 23 12 -1 -1 -1 0 
18 12 773 337 30 21 -1 -1 -1 0 
19 1 1085 346 142 48 -1 -1 -1 0 
19 2 585 348 25 17 -1 -1 -1 0 
19 3 843 339 39 27 -1 -1 -1 0 
19 4 669 342 32 26 -1 -1 -1 0 
19 6 151 350 133 29 -1 -1 -1 0 
19 7 439 349 23 12 -1 -1 -1 0 
19 9 366 348 58 17 -1 -1 -1 0 
19 10 467 349 28 12 -1 -1 -1 0 
19 12 772 337 31 22 -1 -1 -1 0 
20 1 1084 347 148 48 -1 -1 -1 0 
20 2 586 347 24 18 -1 -1 -1 0 
20 3 842 339 42 26 -1 -1 -1 0 
20 4 669 341 32 27 -1 -1 -1 0 
20 6 66 351 162 34 -1 -1 -1 0 
20 7 405 350 26 12 -1 -1 -1 0 
20 9 347 347 58 19 -1 -1 -1 0 
20 10 459 349 27 12 -1 -1 -1 0 
21 1 1084 349 151 47 -1 -1 -1 0 
21 2 585 347 25 18 -1 -1 -1 0 
21 3 840 338 44 27 -1 -1 -1 0 
21 4 668 341 33 28 -1 -1 -1 0 
21 6 2 352 160 34 -1 -1 -1 0 
21 7 388 351 28 12 -1 -1 -1 0 
21 9 326 347 62 21 -1 -1 -1 0 
21 10 450 349 28 13 -1 -1 -1 0 
22 1 1085 350 153 47 -1 -1 -1 0 
22 2 585 347 25 18 -1 -1 -1 0 
22 3 838 338 45 27 -1 -1 -1 0 
22 4 668 341 33 28 -1 -1 -1 0 
22 6 0 353 60 37 -1 -1 -1 0 
22 7 378 352 27 12 -1 -1 -1 0 
22 9 299 348 72 22 -1 -1 -1 0 
22 10 438 350 31 14 -1 -1 -1 0 
23 1 1087 351 154 48 -1 -1 -1 0 
23 2 585 347 25 19 -1 -1 -1 0 
23 3 837 338 46 28 -1 -1 -1 0 
23 4 668 342 33 28 -1 -1 -1 0 
23 6 0 353 12 39 -1 -1 -1 0 
23 7 368 352 28 13 -1 -1 -1 0 
23 9 269 349 82 23 -1 -1 -1 0 
23 10 425 350 35 14 -1 -1 -1 0 
24 1 1088 352 156 48 -1 -1 -1 0 
24 2 584 347 26 19 -1 -1 -1 0 
24 3 836 338 47 28 -1 -1 -1 0 
24 4 667 342 34 28 -1 -1 -1 0 
24 7 357 353 29 12 -1 -1 -1 0 
24 9 235 349 89 26 -1 -1 -1 0 
24 10 412 350 35 16 -1 -1 -1 0 
24 12 767 337 29 22 -1 -1 -1 0 
25 1 1090 352 157 48 -1 -1 -1 0 
25 2 584 348 26 18 -1 -1 -1 0 
25 3 837 338 45 28 -1 -1 -1 0 
25 4 668 342 31 28 -1 -1 -1 0 
25 7 345 354 30 12 -1 -1 -1 0 
25 9 192 349 104 29 -1 -1 -1 0 
25 10 396 351 41 15 -1 -1 -1 0 
25 12 767 337 30 22 -1 -1 -1 0 
26 1 1091 352 159 49 -1 -1 -1 0 
26 2 584 348 25 18 -1 -1 -1 0 
26 3 835 338 47 28 -1 -1 -1 0 
26 4 668 340 31 30 -1 -1 -1 0 
26 7 332 354 32 13 -1 -1 -1 0 
26 9 137 349 122 32 -1 -1 -1 0 
26 10 379 351 44 16 -1 -1 -1 0 
26 12 766 337 30 22 -1 -1 -1 0 
27 1 1092 352 160 50 -1 -1 -1 0 
27 2 583 348 27 18 -1 -1 -1 0 
27 3 834 338 47 27 -1 -1 -1 0 
27 4 667 340 33 30 -1 -1 -1 0 
27 7 319 355 32 13 -1 -1 -1 0 
27 9 66 350 148 35 -1 -1 -1 0 
27 10 362 350 44 17 -1 -1 -1 0 
28 1 1090 353 164 49 -1 -1 -1 0 
28 2 583 348 26 18 -1 -1 -1 0 
28 3 834 338 46 27 -1 -1 -1 0 
28 4 665 340 35 30 -1 -1 -1 0 
28 7 304 355 32 14 -1 -1 -1 0 
28 9 6 351 153 38 -1 -1 -1 0 
28 10 341 350 49 19 -1 -1 -1 0 
29 1 1092 351 166 50 -1 -1 -1 0 
29 2 584 347 25 18 -1 -1 -1 0 
29 3 833 338 47 27 -1 -1 -1 0 
29 4 666 340 33 29 -1 -1 -1 0 
29 7 285 354 35 16 -1 -1 -1 0 
29 9 0 352 124 38 -1 -1 -1 0 
29 10 318 351 53 19 -1 -1 -1 0 
30 1 1098 351 162 51 -1 -1 -1 0 
30 2 584 346 24 19 -1 -1 -1 0 
30 3 832 337 48 28 -1 -1 -1 0 
30 4 665 340 34 29 -1 -1 -1 0 
30 7 269 355 36 16 -1 -1 -1 0 
30 10 289 351 59 22 -1 -1 -1 0 
31 1 1097 349 168 54 -1 -1 -1 0 
31 2 583 346 26 19 -1 -1 -1 0 
31 3 832 338 48 27 -1 -1 -1 0 
31 4 665 340 33 29 -1 -1 -1 0 
31 10 253 352 70 24 -1 -1 -1 0 
31 12 762 336 28 20 -1 -1 -1 0 
32 1 1099 349 159 54 -1 -1 -1 0 
32 2 584 345 24 20 -1 -1 -1 0 
32 3 831 338 48 27 -1 -1 -1 0 
32 4 666 340 32 29 -1 -1 -1 0 
32 10 213 354 80 26 -1 -1 -1 0 
32 12 762 335 27 21 -1 -1 -1 0 
33 1 1097 350 174 53 -1 -1 -1 0 
33 2 584 345 24 20 -1 -1 -1 0 
33 3 833 338 46 28 -1 -1 -1 0 
33 4 665 340 33 29 -1 -1 -1 0 
33 10 161 356 97 27 -1 -1 -1 0 
34 1 1099 350 177 54 -1 -1 -1 0 
34 2 584 346 25 20 -1 -1 -1 0 
34 3 832 336 47 31 -1 -1 -1 0 
34 4 665 341 33 29 -1 -1 -1 0 
34 10 98 358 114 31 -1 -1 -1 0 
34 12 760 335 29 20 -1 -1 -1 0 
35 1 1103 349 173 56 -1 -1 -1 0 
35 2 584 346 26 20 -1 -1 -1 0 
35 3 832 336 48 32 -1 -1 -1 0 
35 4 666 341 33 29 -1 -1 -1 0 
35 7 145 363 55 20 -1 -1 -1 0 
35 10 14 359 141 35 -1 -1 -1 0 
35 12 760 335 28 20 -1 -1 -1 0 
36 1 1105 347 173 59 -1 -1 -1 0 
36 2 584 346 26 20 -1 -1 -1 0 
36 3 832 336 48 32 -1 -1 -1 0 
36 4 666 341 33 30 -1 -1 -1 0 
36 7 98 364 68 23 -1 -1 -1 0 
36 10 0 361 76 35 -1 -1 -1 0 
36 12 758 336 31 19 -1 -1 -1 0 
37 1 1107 346 171 61 -1 -1 -1 0 
37 2 584 347 26 19 -1 -1 -1 0 
37 3 831 337 50 32 -1 -1 -1 0 
37 4 665 342 35 29 -1 -1 -1 0 
37 7 50 366 80 25 -1 -1 -1 0 
37 10 0 362 35 36 -1 -1 -1 0 
37 12 758 336 30 20 -1 -1 -1 0 
38 1 1106 346 173 62 -1 -1 -1 0 
38 2 585 347 25 19 -1 -1 -1 0 
38 3 829 337 52 32 -1 -1 -1 0 
38 4 666 342 33 29 -1 -1 -1 0 
38 7 4 367 82 27 -1 -1 -1 0 
38 12 757 336 32 20 -1 -1 -1 0 
39 1 1109 347 170 61 -1 -1 -1 0 
39 2 585 347 25 19 -1 -1 -1 0 
39 3 831 337 48 32 -1 -1 -1 0 
39 4 665 342 34 29 -1 -1 -1 0 
39 7 0 368 55 28 -1 -1 -1 0 
39 12 756 337 33 20 -1 -1 -1 0 
40 1 1111 347 168 62 -1 -1 -1 0 
40 2 586 347 24 19 -1 -1 -1 0 
40 3 830 337 50 31 -1 -1 -1 0 
40 4 666 341 34 30 -1 -1 -1 0 
40 12 755 337 32 20 -1 -1 -1 0 
