3 1 853 219 358 245 -1 -1 -1 0 
4 1 856 215 367 252 -1 -1 -1 0 
5 1 859 210 380 259 -1 -1 -1 0 
6 1 860 205 402 268 -1 -1 -1 0 
7 1 866 202 404 275 -1 -1 -1 0 
8 1 869 198 410 282 -1 -1 -1 0 
9 1 876 192 403 293 -1 -1 -1 0 
9 6 391 352 35 15 -1 -1 -1 0 
9 7 688 346 24 18 -1 -1 -1 0 
10 1 878 188 401 301 -1 -1 -1 0 
10 6 374 352 38 17 -1 -1 -1 0 
10 7 689 346 24 18 -1 -1 -1 0 
10 8 499 350 23 15 -1 -1 -1 0 
11 1 882 182 397 312 -1 -1 -1 0 
11 6 356 353 42 18 -1 -1 -1 0 
11 7 689 346 25 19 -1 -1 -1 0 
11 8 488 351 26 14 -1 -1 -1 0 
12 1 885 176 393 324 -1 -1 -1 0 
12 6 334 354 46 19 -1 -1 -1 0 
12 7 689 347 26 19 -1 -1 -1 0 
12 8 478 352 27 15 -1 -1 -1 0 
13 1 889 170 389 335 -1 -1 -1 0 
13 6 313 354 46 21 -1 -1 -1 0 
13 7 690 346 26 20 -1 -1 -1 0 
13 8 466 353 29 13 -1 -1 -1 0 
14 1 892 164 386 348 -1 -1 -1 0 
14 6 287 355 53 22 -1 -1 -1 0 
14 7 690 346 26 20 -1 -1 -1 0 
14 8 550 346 21 14 -1 -1 -1 0 
15 1 897 158 379 365 -1 -1 -1 0 
15 6 259 355 58 24 -1 -1 -1 0 
15 7 690 345 26 21 -1 -1 -1 0 
15 8 573 344 23 13 -1 -1 -1 0 
16 1 901 150 376 382 -1 -1 -1 0 
16 6 227 355 63 26 -1 -1 -1 0 
16 7 690 344 26 22 -1 -1 -1 0 
16 8 579 343 24 13 -1 -1 -1 0 
16 10 429 353 34 15 -1 -1 -1 0 
17 1 904 142 374 399 -1 -1 -1 0 
17 6 189 354 71 29 -1 -1 -1 0 
17 7 690 344 25 21 -1 -1 -1 0 
17 8 577 343 25 12 -1 -1 -1 0 
17 10 413 354 37 14 -1 -1 -1 0 
18 1 910 133 366 418 -1 -1 -1 0 
18 6 142 355 85 30 -1 -1 -1 0 
18 7 690 343 25 22 -1 -1 -1 0 
18 8 573 342 24 13 -1 -1 -1 0 
18 10 397 353 37 16 -1 -1 -1 0 
19 1 916 121 359 443 -1 -1 -1 0 
19 6 86 357 100 32 -1 -1 -1 0 
19 7 688 343 28 22 -1 -1 -1 0 
19 8 567 343 26 13 -1 -1 -1 0 
19 10 378 353 41 17 -1 -1 -1 0 
20 1 919 109 359 459 -1 -1 -1 0 
20 6 16 358 116 35 -1 -1 -1 0 
20 7 689 343 25 22 -1 -1 -1 0 
20 8 560 343 28 13 -1 -1 -1 0 
20 10 356 354 46 18 -1 -1 -1 0 
21 1 923 103 356 469 -1 -1 -1 0 
21 6 0 358 95 37 -1 -1 -1 0 
21 7 688 344 26 21 -1 -1 -1 0 
21 8 554 343 28 14 -1 -1 -1 0 
21 10 413 348 35 19 -1 -1 -1 0 
22 1 925 102 354 470 -1 -1 -1 0 
22 7 689 344 25 21 -1 -1 -1 0 
22 8 546 344 31 14 -1 -1 -1 0 
22 10 421 346 38 20 -1 -1 -1 0 
23 1 932 104 347 472 -1 -1 -1 0 
23 7 687 345 28 20 -1 -1 -1 0 
23 8 539 345 32 14 -1 -1 -1 0 
23 10 416 347 39 19 -1 -1 -1 0 
23 13 276 358 62 23 -1 -1 -1 0 
24 1 939 106 340 477 -1 -1 -1 0 
24 7 688 345 26 21 -1 -1 -1 0 
24 8 532 345 33 15 -1 -1 -1 0 
24 10 404 346 41 21 -1 -1 -1 0 
24 13 239 359 69 25 -1 -1 -1 0 
25 1 946 109 332 486 -1 -1 -1 0 
25 7 688 345 27 21 -1 -1 -1 0 
25 8 532 344 34 16 -1 -1 -1 0 
25 10 389 346 45 23 -1 -1 -1 0 
25 13 195 359 80 28 -1 -1 -1 0 
26 1 953 110 325 494 -1 -1 -1 0 
26 7 688 345 27 19 -1 -1 -1 0 
26 10 371 345 49 24 -1 -1 -1 0 
26 13 142 360 95 29 -1 -1 -1 0 
27 1 960 110 317 505 -1 -1 -1 0 
27 7 689 344 25 20 -1 -1 -1 0 
27 10 352 344 51 26 -1 -1 -1 0 
27 13 77 363 112 31 -1 -1 -1 0 
28 1 967 108 310 516 -1 -1 -1 0 
28 7 689 344 25 20 -1 -1 -1 0 
28 8 520 344 22 15 -1 -1 -1 0 
28 10 330 344 57 27 -1 -1 -1 0 
28 13 5 364 124 35 -1 -1 -1 0 
29 1 972 106 307 513 -1 -1 -1 0 
29 7 689 344 26 20 -1 -1 -1 0 
29 8 513 343 23 15 -1 -1 -1 0 
29 10 310 344 57 29 -1 -1 -1 0 
29 13 0 369 51 34 -1 -1 -1 0 
30 1 978 108 301 490 -1 -1 -1 0 
30 7 689 344 26 20 -1 -1 -1 0 
30 8 505 343 23 15 -1 -1 -1 0 
30 10 280 344 68 30 -1 -1 -1 0 
30 13 0 370 5 36 -1 -1 -1 0 
30 17 476 344 29 18 -1 -1 -1 0 
31 1 987 107 292 476 -1 -1 -1 0 
31 7 690 344 24 20 -1 -1 -1 0 
31 8 497 343 25 15 -1 -1 -1 0 
31 10 251 344 74 33 -1 -1 -1 0 
31 17 465 344 28 19 -1 -1 -1 0 
32 1 998 109 281 471 -1 -1 -1 0 
32 7 690 344 25 21 -1 -1 -1 0 
32 8 488 344 26 16 -1 -1 -1 0 
32 10 218 344 81 35 -1 -1 -1 0 
32 17 451 345 33 20 -1 -1 -1 0 
33 1 1009 112 270 468 -1 -1 -1 0 
33 7 689 344 27 21 -1 -1 -1 0 
33 8 477 345 29 16 -1 -1 -1 0 
33 10 179 345 93 37 -1 -1 -1 0 
33 17 437 345 39 21 -1 -1 -1 0 
34 1 1020 115 257 468 -1 -1 -1 0 
34 7 691 344 25 21 -1 -1 -1 0 
34 8 468 345 30 16 -1 -1 -1 0 
34 10 134 345 103 39 -1 -1 -1 0 
34 17 424 346 39 21 -1 -1 -1 0 
35 1 1030 116 248 469 -1 -1 -1 0 
35 7 691 344 25 22 -1 -1 -1 0 
35 8 457 345 32 16 -1 -1 -1 0 
35 10 74 344 125 43 -1 -1 -1 0 
35 17 408 345 45 22 -1 -1 -1 0 
36 1 1042 117 236 469 -1 -1 -1 0 
36 7 691 344 25 22 -1 -1 -1 0 
36 8 445 345 35 16 -1 -1 -1 0 
36 10 42 344 132 45 -1 -1 -1 0 
36 17 392 344 47 25 -1 -1 -1 0 
37 1 1059 115 217 478 -1 -1 -1 0 
37 7 692 344 24 22 -1 -1 -1 0 
37 8 491 345 27 15 -1 -1 -1 0 
37 10 3 344 85 49 -1 -1 -1 0 
37 17 417 343 41 22 -1 -1 -1 0 
38 1 1070 116 208 472 -1 -1 -1 0 
38 8 502 345 26 15 -1 -1 -1 0 
38 10 0 344 53 50 -1 -1 -1 0 
38 17 417 344 40 20 -1 -1 -1 0 
39 1 1086 117 192 469 -1 -1 -1 0 
39 8 500 345 26 17 -1 -1 -1 0 
39 17 408 345 41 19 -1 -1 -1 0 
39 21 329 344 63 31 -1 -1 -1 0 
40 1 1101 117 176 472 -1 -1 -1 0 
40 7 692 344 25 21 -1 -1 -1 0 
40 8 493 346 28 16 -1 -1 -1 0 
40 17 395 345 42 20 -1 -1 -1 0 
40 21 301 345 68 32 -1 -1 -1 0 
