3 1 318 345 48 25 -1 -1 -1 0 
3 2 454 340 32 21 -1 -1 -1 0 
3 4 707 341 23 19 -1 -1 -1 0 
4 1 295 346 51 26 -1 -1 -1 0 
4 2 443 340 36 22 -1 -1 -1 0 
4 4 706 340 26 19 -1 -1 -1 0 
5 1 268 345 57 29 -1 -1 -1 0 
5 2 431 340 40 22 -1 -1 -1 0 
5 4 707 338 23 21 -1 -1 -1 0 
5 6 615 340 35 28 -1 -1 -1 0 
6 1 238 346 64 31 -1 -1 -1 0 
6 2 423 340 41 22 -1 -1 -1 0 
6 4 706 338 25 21 -1 -1 -1 0 
6 6 615 340 36 27 -1 -1 -1 0 
7 1 203 347 72 32 -1 -1 -1 0 
7 2 406 341 44 23 -1 -1 -1 0 
7 4 706 338 26 21 -1 -1 -1 0 
7 6 616 339 35 28 -1 -1 -1 0 
8 1 163 348 80 35 -1 -1 -1 0 
8 2 391 341 47 25 -1 -1 -1 0 
8 4 707 339 25 21 -1 -1 -1 0 
8 6 616 339 36 29 -1 -1 -1 0 
9 1 113 350 95 37 -1 -1 -1 0 
9 2 375 341 51 27 -1 -1 -1 0 
9 4 708 340 25 20 -1 -1 -1 0 
9 6 616 340 36 28 -1 -1 -1 0 
10 1 53 351 110 42 -1 -1 -1 0 
10 2 357 342 55 28 -1 -1 -1 0 
10 4 709 340 24 20 -1 -1 -1 0 
10 6 617 340 35 28 -1 -1 -1 0 
11 1 2 352 108 45 -1 -1 -1 0 
11 2 338 342 59 31 -1 -1 -1 0 
11 4 709 342 24 18 -1 -1 -1 0 
11 6 617 340 36 29 -1 -1 -1 0 
12 1 0 354 41 46 -1 -1 -1 0 
12 2 315 342 67 32 -1 -1 -1 0 
12 4 711 342 21 17 -1 -1 -1 0 
12 6 618 339 35 30 -1 -1 -1 0 
13 1 0 355 1 48 -1 -1 -1 0 
13 2 290 342 72 34 -1 -1 -1 0 
13 4 710 342 23 17 -1 -1 -1 0 
13 6 617 339 37 30 -1 -1 -1 0 
14 2 258 342 83 37 -1 -1 -1 0 
14 4 711 343 22 16 -1 -1 -1 0 
14 6 618 339 35 30 -1 -1 -1 0 
14 9 560 635 717 79 -1 -1 -1 0 
15 2 224 342 91 40 -1 -1 -1 0 
15 4 712 343 21 16 -1 -1 -1 0 
15 6 618 339 35 30 -1 -1 -1 0 
15 9 560 635 716 79 -1 -1 -1 0 
16 2 180 343 107 43 -1 -1 -1 0 
16 4 712 342 21 17 -1 -1 -1 0 
16 6 619 339 35 30 -1 -1 -1 0 
16 9 561 635 714 79 -1 -1 -1 0 
17 2 128 344 126 46 -1 -1 -1 0 
17 4 712 341 22 19 -1 -1 -1 0 
17 6 620 339 33 30 -1 -1 -1 0 
18 2 59 344 153 52 -1 -1 -1 0 
18 4 712 341 23 19 -1 -1 -1 0 
18 6 619 339 36 30 -1 -1 -1 0 
18 9 561 635 714 79 -1 -1 -1 0 
19 2 5 345 151 55 -1 -1 -1 0 
19 4 712 340 23 20 -1 -1 -1 0 
19 6 620 339 35 29 -1 -1 -1 0 
19 9 561 635 714 80 -1 -1 -1 0 
20 2 0 346 90 56 -1 -1 -1 0 
20 4 711 340 24 19 -1 -1 -1 0 
20 6 620 339 36 29 -1 -1 -1 0 
21 2 0 347 54 58 -1 -1 -1 0 
21 4 712 340 23 19 -1 -1 -1 0 
21 6 621 339 35 29 -1 -1 -1 0 
21 9 560 635 717 79 -1 -1 -1 0 
22 4 713 340 23 19 -1 -1 -1 0 
22 6 622 339 34 29 -1 -1 -1 0 
22 9 560 634 715 80 -1 -1 -1 0 
23 4 713 340 24 19 -1 -1 -1 0 
23 6 622 339 35 28 -1 -1 -1 0 
23 9 560 634 715 79 -1 -1 -1 0 
24 4 714 339 22 19 -1 -1 -1 0 
24 6 623 338 33 29 -1 -1 -1 0 
24 11 548 340 17 12 -1 -1 -1 0 
25 4 714 339 22 19 -1 -1 -1 0 
25 6 623 338 34 29 -1 -1 -1 0 
25 11 543 340 18 12 -1 -1 -1 0 
26 4 714 340 22 18 -1 -1 -1 0 
26 6 625 338 32 29 -1 -1 -1 0 
26 11 538 340 18 12 -1 -1 -1 0 
27 4 714 340 22 18 -1 -1 -1 0 
27 6 625 338 33 29 -1 -1 -1 0 
27 11 533 341 18 12 -1 -1 -1 0 
28 4 715 340 21 18 -1 -1 -1 0 
28 6 624 338 35 29 -1 -1 -1 0 
28 11 527 341 19 13 -1 -1 -1 0 
29 4 715 340 22 18 -1 -1 -1 0 
29 6 625 338 34 29 -1 -1 -1 0 
29 11 521 342 20 12 -1 -1 -1 0 
30 4 715 340 23 18 -1 -1 -1 0 
30 6 625 338 35 29 -1 -1 -1 0 
30 11 515 343 21 12 -1 -1 -1 0 
31 4 716 340 21 18 -1 -1 -1 0 
31 6 626 339 34 28 -1 -1 -1 0 
31 11 508 343 23 13 -1 -1 -1 0 
32 4 716 338 22 19 -1 -1 -1 0 
32 6 626 339 35 27 -1 -1 -1 0 
32 11 501 343 23 13 -1 -1 -1 0 
33 4 716 338 23 19 -1 -1 -1 0 
33 6 627 338 33 28 -1 -1 -1 0 
33 11 494 342 23 15 -1 -1 -1 0 
34 4 717 338 23 19 -1 -1 -1 0 
34 6 627 338 34 27 -1 -1 -1 0 
34 11 486 342 26 16 -1 -1 -1 0 
35 4 717 337 23 20 -1 -1 -1 0 
35 6 627 337 34 28 -1 -1 -1 0 
35 11 477 343 26 16 -1 -1 -1 0 
36 4 717 337 23 20 -1 -1 -1 0 
36 6 628 337 34 28 -1 -1 -1 0 
36 9 561 634 715 80 -1 -1 -1 0 
36 11 466 344 29 16 -1 -1 -1 0 
37 4 718 337 23 20 -1 -1 -1 0 
37 6 628 337 34 28 -1 -1 -1 0 
37 9 561 635 715 80 -1 -1 -1 0 
37 11 455 344 30 17 -1 -1 -1 0 
38 4 719 337 22 21 -1 -1 -1 0 
38 6 628 337 34 29 -1 -1 -1 0 
38 11 444 345 31 18 -1 -1 -1 0 
39 4 719 337 22 21 -1 -1 -1 0 
39 6 629 336 34 30 -1 -1 -1 0 
39 11 432 345 32 20 -1 -1 -1 0 
40 4 717 339 24 19 -1 -1 -1 0 
40 6 629 339 34 28 -1 -1 -1 0 
40 11 418 346 35 21 -1 -1 -1 0 
