3 1 987 327 113 57 -1 -1 -1 0 
3 3 321 361 44 18 -1 -1 -1 0 
3 4 400 355 34 18 -1 -1 -1 0 
3 5 928 319 75 40 -1 -1 -1 0 
3 6 775 334 40 28 -1 -1 -1 0 
3 7 754 331 22 17 -1 -1 -1 0 
4 1 986 327 116 57 -1 -1 -1 0 
4 3 300 361 47 20 -1 -1 -1 0 
4 4 386 356 36 18 -1 -1 -1 0 
4 5 930 318 73 42 -1 -1 -1 0 
4 6 775 334 40 28 -1 -1 -1 0 
4 7 755 331 20 17 -1 -1 -1 0 
4 8 13 362 173 53 -1 -1 -1 0 
5 1 987 326 115 58 -1 -1 -1 0 
5 3 275 361 54 22 -1 -1 -1 0 
5 4 371 356 38 20 -1 -1 -1 0 
5 5 930 319 75 41 -1 -1 -1 0 
5 6 775 335 41 27 -1 -1 -1 0 
5 7 754 331 21 17 -1 -1 -1 0 
5 8 0 366 100 51 -1 -1 -1 0 
5 10 566 636 713 79 -1 -1 -1 0 
5 11 708 339 23 19 -1 -1 -1 0 
6 1 987 326 115 58 -1 -1 -1 0 
6 3 247 361 59 24 -1 -1 -1 0 
6 4 353 356 43 21 -1 -1 -1 0 
6 5 931 319 76 41 -1 -1 -1 0 
6 6 776 335 40 27 -1 -1 -1 0 
6 7 753 330 21 17 -1 -1 -1 0 
6 8 0 367 56 54 -1 -1 -1 0 
6 10 565 636 711 78 -1 -1 -1 0 
6 11 708 339 23 19 -1 -1 -1 0 
7 1 987 327 117 57 -1 -1 -1 0 
7 3 215 362 66 26 -1 -1 -1 0 
7 4 334 356 48 22 -1 -1 -1 0 
7 5 933 319 74 42 -1 -1 -1 0 
7 6 777 335 40 27 -1 -1 -1 0 
7 7 753 329 21 18 -1 -1 -1 0 
7 10 562 635 713 79 -1 -1 -1 0 
7 11 707 339 24 19 -1 -1 -1 0 
8 1 987 327 118 57 -1 -1 -1 0 
8 3 179 363 75 28 -1 -1 -1 0 
8 4 315 357 50 22 -1 -1 -1 0 
8 5 935 318 69 43 -1 -1 -1 0 
8 6 777 335 41 27 -1 -1 -1 0 
8 7 751 329 24 18 -1 -1 -1 0 
8 10 558 635 718 79 -1 -1 -1 0 
8 11 706 339 24 20 -1 -1 -1 0 
9 1 988 327 116 57 -1 -1 -1 0 
9 3 133 364 87 31 -1 -1 -1 0 
9 4 292 357 55 24 -1 -1 -1 0 
9 5 937 319 66 42 -1 -1 -1 0 
9 6 777 335 41 28 -1 -1 -1 0 
9 7 750 330 26 18 -1 -1 -1 0 
9 10 556 635 722 79 -1 -1 -1 0 
9 14 369 351 55 26 -1 -1 -1 0 
10 1 988 328 117 56 -1 -1 -1 0 
10 3 80 364 100 34 -1 -1 -1 0 
10 4 267 357 59 25 -1 -1 -1 0 
10 5 938 319 65 42 -1 -1 -1 0 
10 6 776 334 43 29 -1 -1 -1 0 
10 7 749 330 26 18 -1 -1 -1 0 
10 10 571 634 700 81 -1 -1 -1 0 
10 14 344 350 59 29 -1 -1 -1 0 
11 1 989 328 117 56 -1 -1 -1 0 
11 3 7 367 128 36 -1 -1 -1 0 
11 4 238 357 65 29 -1 -1 -1 0 
11 5 938 319 66 42 -1 -1 -1 0 
11 6 776 335 43 28 -1 -1 -1 0 
11 7 750 330 23 19 -1 -1 -1 0 
11 10 561 635 718 80 -1 -1 -1 0 
11 14 315 350 66 33 -1 -1 -1 0 
12 1 990 328 117 56 -1 -1 -1 0 
12 3 0 367 70 38 -1 -1 -1 0 
12 4 203 358 75 29 -1 -1 -1 0 
12 5 939 319 66 43 -1 -1 -1 0 
12 6 777 335 42 28 -1 -1 -1 0 
12 7 749 331 22 18 -1 -1 -1 0 
12 10 563 635 714 80 -1 -1 -1 0 
12 11 407 358 35 15 -1 -1 -1 0 
12 14 282 350 75 35 -1 -1 -1 0 
13 1 990 329 117 56 -1 -1 -1 0 
13 3 0 368 33 40 -1 -1 -1 0 
13 4 165 358 79 33 -1 -1 -1 0 
13 5 941 319 66 43 -1 -1 -1 0 
13 6 777 335 42 29 -1 -1 -1 0 
13 7 749 333 19 16 -1 -1 -1 0 
13 10 562 634 715 82 -1 -1 -1 0 
13 11 378 360 36 15 -1 -1 -1 0 
13 14 239 351 91 39 -1 -1 -1 0 
14 1 990 329 118 56 -1 -1 -1 0 
14 4 117 358 87 36 -1 -1 -1 0 
14 5 942 319 66 43 -1 -1 -1 0 
14 6 777 335 43 30 -1 -1 -1 0 
14 7 747 333 21 16 -1 -1 -1 0 
14 10 568 635 710 80 -1 -1 -1 0 
14 11 360 360 38 17 -1 -1 -1 0 
14 14 188 351 105 43 -1 -1 -1 0 
15 1 991 329 118 56 -1 -1 -1 0 
15 4 56 358 101 40 -1 -1 -1 0 
15 5 944 320 66 43 -1 -1 -1 0 
15 6 778 336 42 29 -1 -1 -1 0 
15 7 747 333 20 16 -1 -1 -1 0 
15 10 562 635 715 80 -1 -1 -1 0 
15 11 344 361 41 17 -1 -1 -1 0 
15 14 118 351 132 50 -1 -1 -1 0 
15 15 706 338 24 21 -1 -1 -1 0 
16 1 991 330 119 55 -1 -1 -1 0 
16 4 2 359 75 38 -1 -1 -1 0 
16 5 945 320 67 43 -1 -1 -1 0 
16 6 779 336 42 29 -1 -1 -1 0 
16 7 674 337 17 14 -1 -1 -1 0 
16 10 558 635 720 80 -1 -1 -1 0 
16 11 331 361 41 18 -1 -1 -1 0 
16 14 24 352 168 56 -1 -1 -1 0 
16 15 705 339 25 20 -1 -1 -1 0 
17 1 992 328 118 58 -1 -1 -1 0 
17 4 0 360 34 39 -1 -1 -1 0 
17 5 946 320 68 43 -1 -1 -1 0 
17 6 780 335 41 30 -1 -1 -1 0 
17 7 645 338 16 14 -1 -1 -1 0 
17 10 560 635 715 80 -1 -1 -1 0 
17 11 312 361 47 19 -1 -1 -1 0 
17 14 0 353 110 60 -1 -1 -1 0 
17 15 706 338 23 21 -1 -1 -1 0 
18 1 992 328 119 58 -1 -1 -1 0 
18 5 946 320 70 43 -1 -1 -1 0 
18 6 779 335 45 30 -1 -1 -1 0 
18 7 710 335 19 15 -1 -1 -1 0 
18 10 560 635 716 81 -1 -1 -1 0 
18 11 294 361 49 21 -1 -1 -1 0 
18 14 0 353 64 64 -1 -1 -1 0 
18 15 705 339 26 20 -1 -1 -1 0 
18 17 411 358 27 15 -1 -1 -1 0 
19 1 991 328 121 57 -1 -1 -1 0 
19 5 949 320 69 43 -1 -1 -1 0 
19 6 781 335 42 30 -1 -1 -1 0 
19 7 732 334 20 15 -1 -1 -1 0 
19 10 559 635 717 81 -1 -1 -1 0 
19 11 271 362 56 21 -1 -1 -1 0 
19 15 706 338 24 21 -1 -1 -1 0 
19 17 405 358 24 15 -1 -1 -1 0 
20 1 992 328 121 57 -1 -1 -1 0 
20 5 950 320 70 43 -1 -1 -1 0 
20 6 782 335 43 30 -1 -1 -1 0 
20 7 740 334 21 15 -1 -1 -1 0 
20 10 562 635 715 81 -1 -1 -1 0 
20 11 249 361 58 24 -1 -1 -1 0 
20 15 675 336 19 21 -1 -1 -1 0 
20 17 395 359 27 14 -1 -1 -1 0 
21 1 993 327 121 58 -1 -1 -1 0 
21 5 952 319 70 44 -1 -1 -1 0 
21 6 783 334 43 31 -1 -1 -1 0 
21 7 743 333 21 16 -1 -1 -1 0 
21 10 564 635 712 81 -1 -1 -1 0 
21 11 220 362 66 25 -1 -1 -1 0 
21 15 693 337 26 21 -1 -1 -1 0 
21 17 385 359 30 15 -1 -1 -1 0 
22 1 993 327 122 58 -1 -1 -1 0 
22 5 954 319 70 44 -1 -1 -1 0 
22 6 782 334 45 31 -1 -1 -1 0 
22 7 743 332 21 17 -1 -1 -1 0 
22 10 561 635 716 81 -1 -1 -1 0 
22 11 187 362 72 28 -1 -1 -1 0 
22 15 700 338 26 20 -1 -1 -1 0 
22 17 375 359 27 16 -1 -1 -1 0 
23 1 994 327 122 58 -1 -1 -1 0 
23 5 955 319 73 43 -1 -1 -1 0 
23 6 782 333 46 32 -1 -1 -1 0 
23 7 742 332 22 16 -1 -1 -1 0 
23 10 560 634 718 81 -1 -1 -1 0 
23 11 145 363 87 29 -1 -1 -1 0 
23 15 673 336 20 21 -1 -1 -1 0 
23 17 362 359 32 17 -1 -1 -1 0 
24 1 995 327 120 58 -1 -1 -1 0 
24 5 956 318 74 44 -1 -1 -1 0 
24 6 782 333 46 32 -1 -1 -1 0 
24 7 742 332 21 16 -1 -1 -1 0 
24 10 556 635 723 80 -1 -1 -1 0 
24 11 100 363 96 33 -1 -1 -1 0 
24 15 692 338 25 20 -1 -1 -1 0 
24 17 350 360 33 17 -1 -1 -1 0 
25 1 995 327 121 58 -1 -1 -1 0 
25 5 959 318 71 44 -1 -1 -1 0 
25 6 783 333 46 32 -1 -1 -1 0 
25 7 741 332 20 16 -1 -1 -1 0 
25 10 567 635 709 80 -1 -1 -1 0 
25 11 39 364 119 35 -1 -1 -1 0 
25 15 669 337 20 20 -1 -1 -1 0 
25 17 335 360 37 17 -1 -1 -1 0 
25 22 415 354 24 15 -1 -1 -1 0 
26 1 996 327 120 58 -1 -1 -1 0 
26 5 961 318 69 44 -1 -1 -1 0 
26 6 783 333 48 32 -1 -1 -1 0 
26 7 739 333 21 15 -1 -1 -1 0 
26 10 564 635 713 79 -1 -1 -1 0 
26 11 2 365 101 38 -1 -1 -1 0 
26 15 658 337 22 20 -1 -1 -1 0 
26 17 319 360 41 18 -1 -1 -1 0 
26 22 408 354 22 16 -1 -1 -1 0 
26 25 435 353 23 15 -1 -1 -1 0 
26 26 0 430 150 283 -1 -1 -1 0 
27 1 995 328 121 58 -1 -1 -1 0 
27 5 962 318 71 45 -1 -1 -1 0 
27 6 783 331 48 34 -1 -1 -1 0 
27 7 738 333 21 16 -1 -1 -1 0 
27 10 560 635 717 79 -1 -1 -1 0 
27 11 0 366 41 38 -1 -1 -1 0 
27 15 654 337 21 20 -1 -1 -1 0 
27 17 303 360 43 20 -1 -1 -1 0 
27 22 398 355 27 16 -1 -1 -1 0 
27 25 459 351 32 16 -1 -1 -1 0 
27 26 0 424 185 289 -1 -1 -1 0 
27 27 703 338 25 22 -1 -1 -1 0 
28 1 996 328 120 58 -1 -1 -1 0 
28 5 962 318 74 45 -1 -1 -1 0 
28 6 785 327 45 39 -1 -1 -1 0 
28 7 736 334 22 15 -1 -1 -1 0 
28 10 562 636 713 78 -1 -1 -1 0 
28 11 0 367 5 39 -1 -1 -1 0 
28 15 652 337 20 20 -1 -1 -1 0 
28 17 284 361 47 20 -1 -1 -1 0 
28 22 390 356 27 15 -1 -1 -1 0 
28 25 431 353 26 16 -1 -1 -1 0 
28 26 0 417 216 296 -1 -1 -1 0 
28 27 702 338 25 22 -1 -1 -1 0 
29 1 996 328 121 58 -1 -1 -1 0 
29 5 963 318 74 46 -1 -1 -1 0 
29 6 784 324 48 42 -1 -1 -1 0 
29 7 735 334 21 15 -1 -1 -1 0 
29 10 558 636 720 78 -1 -1 -1 0 
29 15 651 337 20 20 -1 -1 -1 0 
29 17 263 361 50 21 -1 -1 -1 0 
29 22 381 356 27 15 -1 -1 -1 0 
29 25 412 355 26 15 -1 -1 -1 0 
29 26 5 410 225 303 -1 -1 -1 0 
29 27 701 338 26 22 -1 -1 -1 0 
30 1 996 328 121 58 -1 -1 -1 0 
30 5 964 318 74 46 -1 -1 -1 0 
30 6 783 325 50 42 -1 -1 -1 0 
30 7 733 335 23 15 -1 -1 -1 0 
30 10 562 636 713 78 -1 -1 -1 0 
30 15 650 338 21 19 -1 -1 -1 0 
30 17 240 361 54 23 -1 -1 -1 0 
30 22 371 357 27 15 -1 -1 -1 0 
30 25 400 356 28 15 -1 -1 -1 0 
30 27 701 337 25 23 -1 -1 -1 0 
30 29 428 348 45 20 -1 -1 -1 0 
31 1 996 328 121 58 -1 -1 -1 0 
31 5 966 318 73 46 -1 -1 -1 0 
31 6 783 324 50 43 -1 -1 -1 0 
31 7 732 335 21 15 -1 -1 -1 0 
31 10 559 635 716 79 -1 -1 -1 0 
31 15 649 338 21 19 -1 -1 -1 0 
31 17 212 361 61 24 -1 -1 -1 0 
31 22 360 356 29 17 -1 -1 -1 0 
31 25 398 352 38 19 -1 -1 -1 0 
31 27 699 337 28 24 -1 -1 -1 0 
31 29 421 347 46 21 -1 -1 -1 0 
32 1 996 329 121 58 -1 -1 -1 0 
32 5 966 319 78 46 -1 -1 -1 0 
32 6 781 328 54 39 -1 -1 -1 0 
32 7 730 336 23 14 -1 -1 -1 0 
32 10 559 635 717 79 -1 -1 -1 0 
32 15 649 338 19 19 -1 -1 -1 0 
32 17 181 361 68 26 -1 -1 -1 0 
32 22 348 356 33 18 -1 -1 -1 0 
32 25 380 352 57 21 -1 -1 -1 0 
32 27 699 336 27 25 -1 -1 -1 0 
32 32 0 329 309 365 -1 -1 -1 0 
33 1 996 329 120 58 -1 -1 -1 0 
33 5 968 318 75 47 -1 -1 -1 0 
33 6 782 330 52 37 -1 -1 -1 0 
33 7 729 336 22 14 -1 -1 -1 0 
33 10 558 635 718 79 -1 -1 -1 0 
33 15 647 338 21 19 -1 -1 -1 0 
33 17 153 361 68 26 -1 -1 -1 0 
33 22 336 357 28 18 -1 -1 -1 0 
33 25 353 352 67 22 -1 -1 -1 0 
33 27 698 336 28 25 -1 -1 -1 0 
33 32 1 313 326 380 -1 -1 -1 0 
34 1 996 329 120 58 -1 -1 -1 0 
34 5 968 319 78 47 -1 -1 -1 0 
34 6 782 333 52 34 -1 -1 -1 0 
34 7 728 336 22 14 -1 -1 -1 0 
34 10 558 634 717 81 -1 -1 -1 0 
34 15 646 338 21 19 -1 -1 -1 0 
34 17 132 361 71 27 -1 -1 -1 0 
34 22 326 357 29 18 -1 -1 -1 0 
34 25 317 352 78 26 -1 -1 -1 0 
34 27 697 335 29 26 -1 -1 -1 0 
34 32 0 307 344 383 -1 -1 -1 0 
35 1 995 328 120 59 -1 -1 -1 0 
35 5 970 319 79 46 -1 -1 -1 0 
35 6 783 333 50 34 -1 -1 -1 0 
35 7 728 335 20 15 -1 -1 -1 0 
35 10 555 634 723 81 -1 -1 -1 0 
35 15 645 339 21 18 -1 -1 -1 0 
35 22 332 354 35 22 -1 -1 -1 0 
35 25 270 352 87 29 -1 -1 -1 0 
35 27 697 335 28 25 -1 -1 -1 0 
35 32 0 303 359 388 -1 -1 -1 0 
36 1 994 328 122 59 -1 -1 -1 0 
36 5 971 319 82 46 -1 -1 -1 0 
36 6 783 333 50 34 -1 -1 -1 0 
36 7 726 335 21 15 -1 -1 -1 0 
36 10 557 635 720 80 -1 -1 -1 0 
36 15 643 339 22 19 -1 -1 -1 0 
36 22 311 355 49 22 -1 -1 -1 0 
36 25 238 354 82 28 -1 -1 -1 0 
36 27 695 335 29 25 -1 -1 -1 0 
36 29 605 339 21 13 -1 -1 -1 0 
36 32 0 303 372 392 -1 -1 -1 0 
37 1 993 328 124 58 -1 -1 -1 0 
37 5 974 318 82 47 -1 -1 -1 0 
37 6 784 332 49 35 -1 -1 -1 0 
37 7 725 334 20 16 -1 -1 -1 0 
37 10 554 635 725 79 -1 -1 -1 0 
37 15 642 339 22 19 -1 -1 -1 0 
37 22 290 355 54 23 -1 -1 -1 0 
37 25 216 354 86 29 -1 -1 -1 0 
37 27 695 336 29 24 -1 -1 -1 0 
37 29 616 336 19 15 -1 -1 -1 0 
37 32 0 302 386 393 -1 -1 -1 0 
38 1 994 328 122 58 -1 -1 -1 0 
38 5 976 318 81 47 -1 -1 -1 0 
38 6 784 332 50 35 -1 -1 -1 0 
38 7 723 334 22 16 -1 -1 -1 0 
38 10 559 635 715 79 -1 -1 -1 0 
38 15 642 339 21 19 -1 -1 -1 0 
38 22 279 355 45 26 -1 -1 -1 0 
38 27 694 338 29 22 -1 -1 -1 0 
38 29 617 335 21 16 -1 -1 -1 0 
38 32 1 304 395 398 -1 -1 -1 0 
38 34 394 348 37 18 -1 -1 -1 0 
39 1 994 328 123 58 -1 -1 -1 0 
39 5 978 318 80 47 -1 -1 -1 0 
39 6 784 333 51 35 -1 -1 -1 0 
39 7 722 334 22 17 -1 -1 -1 0 
39 10 556 635 721 79 -1 -1 -1 0 
39 15 641 339 22 19 -1 -1 -1 0 
39 22 267 355 48 27 -1 -1 -1 0 
39 27 693 338 29 22 -1 -1 -1 0 
39 29 616 335 21 15 -1 -1 -1 0 
39 32 0 304 410 393 -1 -1 -1 0 
39 34 390 348 38 19 -1 -1 -1 0 
40 1 994 328 123 59 -1 -1 -1 0 
40 5 979 318 81 48 -1 -1 -1 0 
40 6 783 333 52 35 -1 -1 -1 0 
40 7 721 336 22 15 -1 -1 -1 0 
40 10 554 635 724 79 -1 -1 -1 0 
40 15 641 339 21 20 -1 -1 -1 0 
40 27 692 338 30 22 -1 -1 -1 0 
40 29 615 335 21 15 -1 -1 -1 0 
40 32 2 306 416 397 -1 -1 -1 0 
40 34 377 349 41 18 -1 -1 -1 0 
