3 1 1 370 45 32 -1 -1 -1 0 
3 2 0 437 154 189 -1 -1 -1 0 
3 3 646 347 39 31 -1 -1 -1 0 
3 4 258 358 58 25 -1 -1 -1 0 
3 5 617 346 21 18 -1 -1 -1 0 
4 1 0 371 27 32 -1 -1 -1 0 
4 2 0 424 172 188 -1 -1 -1 0 
4 3 647 346 37 32 -1 -1 -1 0 
4 4 227 360 64 26 -1 -1 -1 0 
4 5 616 346 22 18 -1 -1 -1 0 
5 2 0 408 191 190 -1 -1 -1 0 
5 3 647 346 39 31 -1 -1 -1 0 
5 4 191 363 72 26 -1 -1 -1 0 
5 5 617 346 23 18 -1 -1 -1 0 
6 2 1 393 207 197 -1 -1 -1 0 
6 3 649 345 36 32 -1 -1 -1 0 
6 4 151 363 79 32 -1 -1 -1 0 
6 5 618 346 23 18 -1 -1 -1 0 
6 6 451 347 20 13 -1 -1 -1 0 
7 2 1 379 225 202 -1 -1 -1 0 
7 3 649 345 37 32 -1 -1 -1 0 
7 4 96 367 100 32 -1 -1 -1 0 
7 5 619 346 23 18 -1 -1 -1 0 
7 6 444 347 22 14 -1 -1 -1 0 
8 2 2 370 237 209 -1 -1 -1 0 
8 3 649 345 37 32 -1 -1 -1 0 
8 4 59 368 90 32 -1 -1 -1 0 
8 5 620 346 23 18 -1 -1 -1 0 
8 6 439 348 20 14 -1 -1 -1 0 
9 2 0 359 256 213 -1 -1 -1 0 
9 3 649 344 38 33 -1 -1 -1 0 
9 4 22 370 95 33 -1 -1 -1 0 
9 5 620 346 25 17 -1 -1 -1 0 
9 6 432 348 22 15 -1 -1 -1 0 
10 2 0 355 270 212 -1 -1 -1 0 
10 3 649 344 39 33 -1 -1 -1 0 
10 5 621 346 24 17 -1 -1 -1 0 
10 6 424 348 24 15 -1 -1 -1 0 
11 2 2 350 280 216 -1 -1 -1 0 
11 3 650 344 39 33 -1 -1 -1 0 
11 5 624 345 21 19 -1 -1 -1 0 
11 6 417 348 26 17 -1 -1 -1 0 
12 2 5 348 286 230 -1 -1 -1 0 
12 3 651 344 39 33 -1 -1 -1 0 
12 5 624 345 23 19 -1 -1 -1 0 
12 6 408 349 28 17 -1 -1 -1 0 
13 2 13 348 281 274 -1 -1 -1 0 
13 3 651 344 39 33 -1 -1 -1 0 
13 5 624 343 23 20 -1 -1 -1 0 
13 6 401 350 25 16 -1 -1 -1 0 
14 2 6 348 306 295 -1 -1 -1 0 
14 3 651 344 39 33 -1 -1 -1 0 
14 5 624 343 23 20 -1 -1 -1 0 
14 6 391 350 27 17 -1 -1 -1 0 
15 2 0 348 329 298 -1 -1 -1 0 
15 3 651 343 39 34 -1 -1 -1 0 
15 5 626 343 22 20 -1 -1 -1 0 
15 6 381 350 28 17 -1 -1 -1 0 
15 7 556 636 720 79 -1 -1 -1 0 
16 2 0 348 341 289 -1 -1 -1 0 
16 3 651 343 40 34 -1 -1 -1 0 
16 5 626 343 22 20 -1 -1 -1 0 
16 6 369 350 33 18 -1 -1 -1 0 
16 7 556 636 720 79 -1 -1 -1 0 
17 2 0 348 352 275 -1 -1 -1 0 
17 3 652 343 38 34 -1 -1 -1 0 
17 6 356 352 34 18 -1 -1 -1 0 
18 2 0 348 361 261 -1 -1 -1 0 
18 3 653 343 38 34 -1 -1 -1 0 
18 6 345 353 33 18 -1 -1 -1 0 
18 7 558 635 718 80 -1 -1 -1 0 
19 2 0 348 370 247 -1 -1 -1 0 
19 3 654 343 38 34 -1 -1 -1 0 
19 6 330 353 37 19 -1 -1 -1 0 
19 7 555 635 722 80 -1 -1 -1 0 
20 2 0 348 376 237 -1 -1 -1 0 
20 3 656 343 37 33 -1 -1 -1 0 
20 6 315 353 39 22 -1 -1 -1 0 
20 7 557 635 718 80 -1 -1 -1 0 
21 2 0 349 385 227 -1 -1 -1 0 
21 3 657 343 37 33 -1 -1 -1 0 
21 6 298 354 43 22 -1 -1 -1 0 
21 7 554 635 725 79 -1 -1 -1 0 
22 2 0 351 391 217 -1 -1 -1 0 
22 3 657 345 38 31 -1 -1 -1 0 
22 6 287 355 44 22 -1 -1 -1 0 
22 7 559 635 717 79 -1 -1 -1 0 
23 2 0 350 397 209 -1 -1 -1 0 
23 3 658 345 37 31 -1 -1 -1 0 
23 5 632 344 23 17 -1 -1 -1 0 
23 7 559 635 717 79 -1 -1 -1 0 
24 2 1 350 401 206 -1 -1 -1 0 
24 3 659 345 37 32 -1 -1 -1 0 
24 5 633 344 22 16 -1 -1 -1 0 
25 2 0 349 410 200 -1 -1 -1 0 
25 3 658 346 39 31 -1 -1 -1 0 
25 5 634 345 22 16 -1 -1 -1 0 
25 7 558 635 717 79 -1 -1 -1 0 
26 2 15 349 397 194 -1 -1 -1 0 
26 3 659 346 38 31 -1 -1 -1 0 
26 5 634 345 23 16 -1 -1 -1 0 
26 7 557 636 718 78 -1 -1 -1 0 
27 2 42 348 373 190 -1 -1 -1 0 
27 3 660 346 38 31 -1 -1 -1 0 
27 5 635 344 22 17 -1 -1 -1 0 
27 7 557 635 717 79 -1 -1 -1 0 
28 2 63 348 361 183 -1 -1 -1 0 
28 3 661 346 38 31 -1 -1 -1 0 
28 5 636 343 21 18 -1 -1 -1 0 
28 7 558 635 718 80 -1 -1 -1 0 
29 2 85 348 345 177 -1 -1 -1 0 
29 3 661 346 38 31 -1 -1 -1 0 
29 5 636 343 22 18 -1 -1 -1 0 
29 7 560 635 715 80 -1 -1 -1 0 
30 2 107 347 328 173 -1 -1 -1 0 
30 3 662 344 37 33 -1 -1 -1 0 
30 5 636 343 23 18 -1 -1 -1 0 
30 7 558 634 719 81 -1 -1 -1 0 
31 2 125 347 316 168 -1 -1 -1 0 
31 3 663 343 37 34 -1 -1 -1 0 
31 5 638 343 21 18 -1 -1 -1 0 
31 7 560 634 715 81 -1 -1 -1 0 
31 8 1 366 45 36 -1 -1 -1 0 
32 2 144 346 303 165 -1 -1 -1 0 
32 3 663 343 38 34 -1 -1 -1 0 
32 5 638 343 21 18 -1 -1 -1 0 
32 7 559 634 718 81 -1 -1 -1 0 
32 8 0 366 25 37 -1 -1 -1 0 
33 2 161 346 292 161 -1 -1 -1 0 
33 3 664 342 38 34 -1 -1 -1 0 
33 5 637 341 25 20 -1 -1 -1 0 
33 7 557 634 721 81 -1 -1 -1 0 
34 2 175 345 283 159 -1 -1 -1 0 
34 3 665 342 38 34 -1 -1 -1 0 
34 5 637 341 26 19 -1 -1 -1 0 
34 7 558 634 718 81 -1 -1 -1 0 
35 2 189 345 275 154 -1 -1 -1 0 
35 3 665 341 39 35 -1 -1 -1 0 
35 5 637 340 27 20 -1 -1 -1 0 
35 7 556 634 720 80 -1 -1 -1 0 
36 2 204 345 264 150 -1 -1 -1 0 
36 3 666 342 38 34 -1 -1 -1 0 
36 5 637 339 28 21 -1 -1 -1 0 
36 7 558 634 716 80 -1 -1 -1 0 
36 9 1091 209 159 71 -1 -1 -1 0 
37 2 216 344 257 148 -1 -1 -1 0 
37 3 664 343 41 33 -1 -1 -1 0 
37 5 640 341 24 19 -1 -1 -1 0 
37 7 559 634 716 80 -1 -1 -1 0 
37 9 1106 196 169 82 -1 -1 -1 0 
38 2 227 344 251 145 -1 -1 -1 0 
38 3 665 343 40 33 -1 -1 -1 0 
38 5 641 341 23 19 -1 -1 -1 0 
38 7 558 634 718 80 -1 -1 -1 0 
38 9 1118 188 161 88 -1 -1 -1 0 
39 2 239 344 242 142 -1 -1 -1 0 
39 3 665 343 39 33 -1 -1 -1 0 
39 5 640 342 23 18 -1 -1 -1 0 
39 7 559 634 716 80 -1 -1 -1 0 
40 2 249 344 236 139 -1 -1 -1 0 
40 3 665 343 39 33 -1 -1 -1 0 
40 5 640 342 24 18 -1 -1 -1 0 
40 7 559 634 716 80 -1 -1 -1 0 
