3 1 316 362 223 132 -1 -1 -1 0 
3 2 920 317 172 92 -1 -1 -1 0 
3 3 591 344 50 41 -1 -1 -1 0 
3 5 690 325 69 45 -1 -1 -1 0 
3 6 553 635 723 79 -1 -1 -1 0 
3 8 3 343 49 42 -1 -1 -1 0 
4 1 327 361 216 128 -1 -1 -1 0 
4 2 915 319 173 89 -1 -1 -1 0 
4 3 594 344 46 40 -1 -1 -1 0 
4 5 691 324 67 46 -1 -1 -1 0 
4 6 560 635 715 79 -1 -1 -1 0 
4 8 0 343 30 42 -1 -1 -1 0 
4 9 6 344 130 40 -1 -1 -1 0 
5 1 337 360 209 124 -1 -1 -1 0 
5 2 912 320 170 86 -1 -1 -1 0 
5 3 595 344 45 40 -1 -1 -1 0 
5 5 691 324 67 46 -1 -1 -1 0 
5 6 580 633 690 81 -1 -1 -1 0 
5 9 0 346 45 41 -1 -1 -1 0 
6 1 348 360 200 120 -1 -1 -1 0 
6 2 911 319 163 86 -1 -1 -1 0 
6 3 596 344 46 39 -1 -1 -1 0 
6 5 690 323 69 47 -1 -1 -1 0 
6 6 566 635 713 79 -1 -1 -1 0 
6 9 0 347 2 42 -1 -1 -1 0 
7 1 358 359 193 116 -1 -1 -1 0 
7 2 909 318 160 86 -1 -1 -1 0 
7 3 597 344 45 38 -1 -1 -1 0 
7 5 691 323 67 46 -1 -1 -1 0 
7 6 562 635 716 79 -1 -1 -1 0 
8 1 367 358 187 114 -1 -1 -1 0 
8 2 906 319 160 84 -1 -1 -1 0 
8 3 598 343 44 38 -1 -1 -1 0 
8 5 691 322 68 47 -1 -1 -1 0 
8 6 560 635 719 79 -1 -1 -1 0 
8 11 0 399 100 125 -1 -1 -1 0 
9 1 374 358 183 110 -1 -1 -1 0 
9 2 905 319 155 83 -1 -1 -1 0 
9 3 600 343 41 38 -1 -1 -1 0 
9 5 691 322 68 47 -1 -1 -1 0 
9 6 562 635 714 79 -1 -1 -1 0 
9 11 0 389 121 127 -1 -1 -1 0 
10 1 383 358 176 107 -1 -1 -1 0 
10 2 903 319 154 82 -1 -1 -1 0 
10 3 600 342 42 38 -1 -1 -1 0 
10 5 690 322 69 47 -1 -1 -1 0 
10 6 566 635 711 79 -1 -1 -1 0 
10 11 0 364 137 143 -1 -1 -1 0 
11 1 390 359 172 104 -1 -1 -1 0 
11 2 902 320 150 82 -1 -1 -1 0 
11 3 602 344 40 38 -1 -1 -1 0 
11 5 690 324 69 46 -1 -1 -1 0 
11 6 561 635 716 79 -1 -1 -1 0 
11 11 0 349 161 151 -1 -1 -1 0 
12 1 398 358 165 101 -1 -1 -1 0 
12 2 899 321 149 81 -1 -1 -1 0 
12 3 601 344 43 37 -1 -1 -1 0 
12 5 690 324 69 46 -1 -1 -1 0 
12 6 564 635 712 79 -1 -1 -1 0 
12 11 0 341 182 156 -1 -1 -1 0 
13 1 406 360 159 100 -1 -1 -1 0 
13 2 898 321 144 81 -1 -1 -1 0 
13 3 602 346 43 36 -1 -1 -1 0 
13 5 691 326 68 46 -1 -1 -1 0 
13 6 562 636 714 78 -1 -1 -1 0 
13 11 0 337 201 157 -1 -1 -1 0 
14 1 411 359 156 98 -1 -1 -1 0 
14 2 895 321 143 81 -1 -1 -1 0 
14 3 604 345 40 37 -1 -1 -1 0 
14 5 690 326 69 45 -1 -1 -1 0 
14 6 564 634 708 80 -1 -1 -1 0 
14 11 0 334 215 160 -1 -1 -1 0 
15 1 417 358 153 96 -1 -1 -1 0 
15 2 893 322 141 79 -1 -1 -1 0 
15 3 603 346 43 35 -1 -1 -1 0 
15 5 690 326 69 45 -1 -1 -1 0 
15 6 556 635 723 80 -1 -1 -1 0 
15 11 6 334 217 185 -1 -1 -1 0 
16 1 424 358 148 94 -1 -1 -1 0 
16 2 891 322 141 79 -1 -1 -1 0 
16 3 605 346 41 35 -1 -1 -1 0 
16 6 560 634 714 81 -1 -1 -1 0 
16 11 0 334 243 192 -1 -1 -1 0 
17 1 429 357 146 92 -1 -1 -1 0 
17 2 889 323 138 77 -1 -1 -1 0 
17 3 605 346 41 34 -1 -1 -1 0 
17 6 570 635 705 80 -1 -1 -1 0 
17 11 0 335 263 188 -1 -1 -1 0 
18 1 434 357 143 90 -1 -1 -1 0 
18 2 888 323 134 76 -1 -1 -1 0 
18 3 606 345 39 35 -1 -1 -1 0 
18 5 691 325 67 46 -1 -1 -1 0 
18 6 563 635 713 79 -1 -1 -1 0 
18 11 0 335 276 181 -1 -1 -1 0 
19 1 439 357 140 89 -1 -1 -1 0 
19 2 885 323 133 75 -1 -1 -1 0 
19 3 607 344 39 36 -1 -1 -1 0 
19 5 691 325 67 46 -1 -1 -1 0 
19 6 560 635 717 79 -1 -1 -1 0 
19 11 0 334 286 175 -1 -1 -1 0 
20 1 443 357 137 86 -1 -1 -1 0 
20 2 883 323 131 75 -1 -1 -1 0 
20 3 607 344 40 36 -1 -1 -1 0 
20 5 690 325 69 46 -1 -1 -1 0 
20 6 567 635 709 79 -1 -1 -1 0 
20 11 0 334 296 168 -1 -1 -1 0 
21 1 449 357 131 84 -1 -1 -1 0 
21 2 881 324 131 73 -1 -1 -1 0 
21 3 607 344 40 36 -1 -1 -1 0 
21 5 690 325 69 46 -1 -1 -1 0 
21 6 563 635 711 80 -1 -1 -1 0 
21 11 0 334 307 161 -1 -1 -1 0 
22 1 453 356 128 85 -1 -1 -1 0 
22 2 880 324 128 73 -1 -1 -1 0 
22 3 608 345 39 34 -1 -1 -1 0 
22 5 689 325 70 46 -1 -1 -1 0 
22 6 564 635 711 80 -1 -1 -1 0 
22 11 0 334 315 157 -1 -1 -1 0 
23 1 457 355 126 83 -1 -1 -1 0 
23 2 877 324 126 71 -1 -1 -1 0 
23 3 608 345 39 34 -1 -1 -1 0 
23 5 689 325 70 46 -1 -1 -1 0 
23 6 558 635 719 81 -1 -1 -1 0 
23 11 0 333 323 153 -1 -1 -1 0 
24 1 461 355 123 82 -1 -1 -1 0 
24 2 875 324 124 71 -1 -1 -1 0 
24 3 608 344 39 34 -1 -1 -1 0 
24 5 690 325 68 45 -1 -1 -1 0 
24 6 558 635 718 81 -1 -1 -1 0 
24 11 0 333 332 148 -1 -1 -1 0 
25 1 465 354 120 81 -1 -1 -1 0 
25 2 872 324 125 70 -1 -1 -1 0 
25 3 608 344 40 34 -1 -1 -1 0 
25 5 690 325 68 45 -1 -1 -1 0 
25 6 557 635 720 80 -1 -1 -1 0 
25 11 14 333 323 141 -1 -1 -1 0 
26 1 468 353 118 79 -1 -1 -1 0 
26 2 872 323 121 71 -1 -1 -1 0 
26 3 610 343 37 34 -1 -1 -1 0 
26 5 690 323 67 46 -1 -1 -1 0 
26 6 564 635 711 80 -1 -1 -1 0 
26 11 38 333 302 136 -1 -1 -1 0 
27 1 471 352 116 78 -1 -1 -1 0 
27 2 869 323 121 71 -1 -1 -1 0 
27 3 609 343 38 34 -1 -1 -1 0 
27 5 688 323 69 46 -1 -1 -1 0 
27 6 568 635 707 80 -1 -1 -1 0 
27 11 59 334 290 131 -1 -1 -1 0 
28 1 476 352 111 78 -1 -1 -1 0 
28 2 866 324 119 70 -1 -1 -1 0 
28 3 609 344 38 33 -1 -1 -1 0 
28 5 688 323 69 46 -1 -1 -1 0 
28 6 560 634 717 81 -1 -1 -1 0 
28 11 82 335 274 126 -1 -1 -1 0 
29 1 478 353 111 77 -1 -1 -1 0 
29 2 864 324 118 69 -1 -1 -1 0 
29 3 609 345 38 33 -1 -1 -1 0 
29 5 688 325 69 45 -1 -1 -1 0 
29 6 560 634 715 81 -1 -1 -1 0 
29 11 102 336 261 121 -1 -1 -1 0 
30 1 481 353 110 77 -1 -1 -1 0 
30 2 862 326 118 67 -1 -1 -1 0 
30 3 610 345 37 33 -1 -1 -1 0 
30 5 688 325 68 45 -1 -1 -1 0 
30 6 561 634 714 81 -1 -1 -1 0 
30 11 121 336 249 118 -1 -1 -1 0 
31 1 484 354 108 75 -1 -1 -1 0 
31 2 860 326 117 67 -1 -1 -1 0 
31 3 610 346 38 32 -1 -1 -1 0 
31 5 687 325 70 45 -1 -1 -1 0 
31 6 564 634 710 81 -1 -1 -1 0 
31 11 139 337 238 115 -1 -1 -1 0 
31 21 4 353 82 31 -1 -1 -1 0 
31 22 142 338 233 118 -1 -1 -1 0 
32 1 487 354 105 74 -1 -1 -1 0 
32 2 860 327 114 67 -1 -1 -1 0 
32 3 612 346 35 32 -1 -1 -1 0 
32 5 688 325 68 46 -1 -1 -1 0 
32 6 565 634 710 81 -1 -1 -1 0 
32 11 155 338 228 112 -1 -1 -1 0 
32 21 0 355 37 30 -1 -1 -1 0 
32 22 158 338 225 114 -1 -1 -1 0 
33 1 489 354 105 71 -1 -1 -1 0 
33 2 859 327 113 67 -1 -1 -1 0 
33 3 612 346 36 32 -1 -1 -1 0 
33 5 688 326 68 45 -1 -1 -1 0 
33 6 570 634 705 81 -1 -1 -1 0 
33 11 170 337 219 109 -1 -1 -1 0 
33 21 0 356 14 31 -1 -1 -1 0 
33 22 169 339 222 110 -1 -1 -1 0 
34 1 493 354 102 70 -1 -1 -1 0 
34 2 857 327 112 66 -1 -1 -1 0 
34 3 611 346 38 32 -1 -1 -1 0 
34 5 688 326 68 45 -1 -1 -1 0 
34 6 564 634 715 80 -1 -1 -1 0 
34 11 186 338 208 106 -1 -1 -1 0 
34 22 180 339 218 108 -1 -1 -1 0 
35 1 497 353 99 69 -1 -1 -1 0 
35 2 856 327 108 66 -1 -1 -1 0 
35 3 612 346 36 32 -1 -1 -1 0 
35 5 688 325 68 46 -1 -1 -1 0 
35 6 563 634 713 80 -1 -1 -1 0 
35 11 202 338 196 103 -1 -1 -1 0 
35 22 198 338 203 103 -1 -1 -1 0 
36 1 500 353 97 69 -1 -1 -1 0 
36 2 854 327 108 66 -1 -1 -1 0 
36 3 612 346 37 32 -1 -1 -1 0 
36 5 688 325 69 46 -1 -1 -1 0 
36 6 560 634 716 80 -1 -1 -1 0 
36 11 214 337 190 101 -1 -1 -1 0 
36 22 211 338 194 101 -1 -1 -1 0 
36 24 14 343 122 40 -1 -1 -1 0 
37 1 502 353 97 69 -1 -1 -1 0 
37 2 852 328 109 64 -1 -1 -1 0 
37 3 612 346 38 32 -1 -1 -1 0 
37 5 694 325 61 46 -1 -1 -1 0 
37 6 561 634 713 81 -1 -1 -1 0 
37 11 224 338 186 100 -1 -1 -1 0 
37 22 223 338 188 98 -1 -1 -1 0 
37 24 6 341 67 43 -1 -1 -1 0 
38 1 505 353 94 67 -1 -1 -1 0 
38 2 850 328 108 63 -1 -1 -1 0 
38 3 613 346 36 32 -1 -1 -1 0 
38 5 692 325 65 46 -1 -1 -1 0 
38 6 558 634 719 81 -1 -1 -1 0 
38 11 238 338 176 98 -1 -1 -1 0 
38 22 235 338 180 99 -1 -1 -1 0 
38 24 0 340 60 45 -1 -1 -1 0 
39 1 507 353 93 65 -1 -1 -1 0 
39 2 849 328 108 63 -1 -1 -1 0 
39 3 614 346 36 31 -1 -1 -1 0 
39 5 689 325 69 46 -1 -1 -1 0 
39 6 561 634 714 81 -1 -1 -1 0 
39 11 246 337 174 96 -1 -1 -1 0 
39 22 245 338 175 96 -1 -1 -1 0 
40 1 510 353 91 63 -1 -1 -1 0 
40 2 849 328 105 63 -1 -1 -1 0 
40 3 615 346 36 30 -1 -1 -1 0 
40 5 688 325 68 46 -1 -1 -1 0 
40 6 563 635 713 80 -1 -1 -1 0 
40 11 256 337 169 94 -1 -1 -1 0 
40 22 256 338 171 94 -1 -1 -1 0 
40 28 111 353 84 24 -1 -1 -1 0 
40 29 426 343 32 15 -1 -1 -1 0 
