3 1 629 281 84 118 -1 -1 -1 0 
3 2 840 346 69 42 -1 -1 -1 0 
3 3 780 347 32 20 -1 -1 -1 0 
3 4 112 331 121 26 -1 -1 -1 0 
3 5 725 346 32 26 -1 -1 -1 0 
3 6 305 335 39 13 -1 -1 -1 0 
3 7 559 636 717 78 -1 -1 -1 0 
4 1 628 281 86 117 -1 -1 -1 0 
4 2 841 346 68 42 -1 -1 -1 0 
4 3 781 347 30 20 -1 -1 -1 0 
4 4 29 329 156 29 -1 -1 -1 0 
4 5 725 346 31 26 -1 -1 -1 0 
4 6 290 336 43 12 -1 -1 -1 0 
4 7 562 636 712 78 -1 -1 -1 0 
5 1 628 281 86 118 -1 -1 -1 0 
5 2 841 346 68 42 -1 -1 -1 0 
5 3 781 347 28 20 -1 -1 -1 0 
5 4 0 329 117 31 -1 -1 -1 0 
5 5 725 346 31 26 -1 -1 -1 0 
5 6 274 336 39 12 -1 -1 -1 0 
5 7 562 636 712 78 -1 -1 -1 0 
6 1 628 282 86 117 -1 -1 -1 0 
6 2 841 347 68 41 -1 -1 -1 0 
6 3 780 347 30 20 -1 -1 -1 0 
6 4 0 328 75 33 -1 -1 -1 0 
6 5 725 346 32 26 -1 -1 -1 0 
6 6 264 336 38 12 -1 -1 -1 0 
6 7 561 636 715 78 -1 -1 -1 0 
7 1 628 283 85 116 -1 -1 -1 0 
7 2 841 347 69 42 -1 -1 -1 0 
7 3 781 347 28 20 -1 -1 -1 0 
7 5 725 346 32 27 -1 -1 -1 0 
7 7 561 635 715 79 -1 -1 -1 0 
8 1 629 283 83 116 -1 -1 -1 0 
8 2 841 348 69 42 -1 -1 -1 0 
8 3 780 347 29 20 -1 -1 -1 0 
8 5 726 346 30 27 -1 -1 -1 0 
8 7 557 636 719 78 -1 -1 -1 0 
9 1 628 284 85 116 -1 -1 -1 0 
9 2 842 348 68 42 -1 -1 -1 0 
9 3 780 346 29 21 -1 -1 -1 0 
9 5 725 347 32 27 -1 -1 -1 0 
9 6 161 336 56 15 -1 -1 -1 0 
9 7 559 636 716 78 -1 -1 -1 0 
9 11 275 329 50 19 -1 -1 -1 0 
10 1 628 285 85 115 -1 -1 -1 0 
10 2 841 348 70 42 -1 -1 -1 0 
10 3 779 346 31 21 -1 -1 -1 0 
10 5 725 346 32 27 -1 -1 -1 0 
10 6 140 336 58 16 -1 -1 -1 0 
10 7 558 637 720 77 -1 -1 -1 0 
10 11 236 329 65 21 -1 -1 -1 0 
11 1 628 284 84 114 -1 -1 -1 0 
11 2 841 347 70 42 -1 -1 -1 0 
11 3 780 344 29 22 -1 -1 -1 0 
11 5 726 346 32 26 -1 -1 -1 0 
11 7 559 636 716 78 -1 -1 -1 0 
11 11 201 329 74 22 -1 -1 -1 0 
12 1 628 284 85 114 -1 -1 -1 0 
12 2 843 346 68 43 -1 -1 -1 0 
12 3 780 343 29 22 -1 -1 -1 0 
12 5 726 345 33 26 -1 -1 -1 0 
12 7 560 636 714 78 -1 -1 -1 0 
12 11 177 327 67 23 -1 -1 -1 0 
13 1 629 283 84 116 -1 -1 -1 0 
13 2 843 346 69 42 -1 -1 -1 0 
13 3 780 343 30 21 -1 -1 -1 0 
13 5 726 344 34 25 -1 -1 -1 0 
13 6 1 338 38 18 -1 -1 -1 0 
13 7 555 636 722 79 -1 -1 -1 0 
13 11 133 327 79 24 -1 -1 -1 0 
14 1 629 281 85 116 -1 -1 -1 0 
14 2 843 344 70 42 -1 -1 -1 0 
14 3 781 341 28 21 -1 -1 -1 0 
14 5 728 342 31 26 -1 -1 -1 0 
14 6 0 339 5 18 -1 -1 -1 0 
14 7 558 636 718 78 -1 -1 -1 0 
14 11 80 325 93 27 -1 -1 -1 0 
15 1 630 280 84 117 -1 -1 -1 0 
15 2 844 344 68 42 -1 -1 -1 0 
15 3 780 341 29 21 -1 -1 -1 0 
15 5 728 341 31 26 -1 -1 -1 0 
15 7 559 636 716 78 -1 -1 -1 0 
15 11 7 324 114 30 -1 -1 -1 0 
16 1 630 279 85 117 -1 -1 -1 0 
16 2 845 342 68 43 -1 -1 -1 0 
16 3 779 339 30 21 -1 -1 -1 0 
16 5 729 338 31 28 -1 -1 -1 0 
16 7 559 636 716 78 -1 -1 -1 0 
16 11 0 322 55 30 -1 -1 -1 0 
17 1 631 277 84 117 -1 -1 -1 0 
17 2 845 341 69 42 -1 -1 -1 0 
17 3 780 338 29 21 -1 -1 -1 0 
17 5 728 338 34 26 -1 -1 -1 0 
17 7 560 636 715 79 -1 -1 -1 0 
17 11 0 321 16 32 -1 -1 -1 0 
18 1 631 275 85 118 -1 -1 -1 0 
18 2 846 339 68 44 -1 -1 -1 0 
18 3 780 337 29 21 -1 -1 -1 0 
18 5 729 336 33 26 -1 -1 -1 0 
18 7 561 636 713 79 -1 -1 -1 0 
19 1 632 274 84 119 -1 -1 -1 0 
19 2 845 338 71 44 -1 -1 -1 0 
19 3 780 336 30 21 -1 -1 -1 0 
19 5 730 335 32 26 -1 -1 -1 0 
19 7 559 636 717 79 -1 -1 -1 0 
20 1 632 273 85 119 -1 -1 -1 0 
20 2 846 338 70 43 -1 -1 -1 0 
20 3 780 336 29 21 -1 -1 -1 0 
20 5 730 335 32 26 -1 -1 -1 0 
20 7 558 636 718 79 -1 -1 -1 0 
21 1 632 272 86 119 -1 -1 -1 0 
21 2 846 338 71 43 -1 -1 -1 0 
21 3 780 335 29 21 -1 -1 -1 0 
21 5 730 334 31 26 -1 -1 -1 0 
21 7 562 636 714 78 -1 -1 -1 0 
22 1 632 272 87 118 -1 -1 -1 0 
22 2 847 338 69 43 -1 -1 -1 0 
22 3 780 335 29 21 -1 -1 -1 0 
22 5 730 334 32 26 -1 -1 -1 0 
22 7 560 636 716 78 -1 -1 -1 0 
23 1 633 272 86 117 -1 -1 -1 0 
23 2 846 337 71 44 -1 -1 -1 0 
23 3 780 335 30 21 -1 -1 -1 0 
23 5 730 334 32 25 -1 -1 -1 0 
23 7 561 636 713 78 -1 -1 -1 0 
24 1 634 272 85 118 -1 -1 -1 0 
24 2 847 337 70 43 -1 -1 -1 0 
24 3 780 335 30 20 -1 -1 -1 0 
24 5 730 334 32 25 -1 -1 -1 0 
24 7 559 635 715 79 -1 -1 -1 0 
25 1 634 272 86 118 -1 -1 -1 0 
25 2 847 338 70 43 -1 -1 -1 0 
25 3 781 336 28 20 -1 -1 -1 0 
25 5 732 334 29 26 -1 -1 -1 0 
25 7 553 635 724 79 -1 -1 -1 0 
26 1 634 273 86 118 -1 -1 -1 0 
26 2 848 338 70 43 -1 -1 -1 0 
26 3 781 337 28 20 -1 -1 -1 0 
26 5 730 336 32 24 -1 -1 -1 0 
26 7 561 636 714 78 -1 -1 -1 0 
27 1 634 274 86 118 -1 -1 -1 0 
27 2 849 338 68 44 -1 -1 -1 0 
27 3 781 337 27 21 -1 -1 -1 0 
27 5 731 336 31 25 -1 -1 -1 0 
27 7 559 636 716 78 -1 -1 -1 0 
28 1 634 274 86 119 -1 -1 -1 0 
28 2 847 340 71 42 -1 -1 -1 0 
28 3 781 338 27 21 -1 -1 -1 0 
28 5 731 337 31 25 -1 -1 -1 0 
28 7 560 637 717 77 -1 -1 -1 0 
29 1 634 274 87 119 -1 -1 -1 0 
29 2 848 340 70 42 -1 -1 -1 0 
29 3 781 338 26 22 -1 -1 -1 0 
29 5 730 338 32 25 -1 -1 -1 0 
29 7 564 636 709 79 -1 -1 -1 0 
30 1 634 274 87 119 -1 -1 -1 0 
30 2 848 340 69 43 -1 -1 -1 0 
30 3 780 339 27 21 -1 -1 -1 0 
30 5 731 338 30 26 -1 -1 -1 0 
30 7 557 636 720 79 -1 -1 -1 0 
31 1 634 274 87 120 -1 -1 -1 0 
31 2 848 340 69 43 -1 -1 -1 0 
31 3 779 339 28 22 -1 -1 -1 0 
31 5 730 338 32 26 -1 -1 -1 0 
31 7 560 635 713 80 -1 -1 -1 0 
32 1 634 274 86 120 -1 -1 -1 0 
32 2 848 339 69 44 -1 -1 -1 0 
32 3 778 339 29 22 -1 -1 -1 0 
32 5 730 338 31 26 -1 -1 -1 0 
32 7 561 636 714 79 -1 -1 -1 0 
33 1 633 274 88 120 -1 -1 -1 0 
33 2 848 338 69 45 -1 -1 -1 0 
33 3 777 339 29 22 -1 -1 -1 0 
33 5 730 338 32 27 -1 -1 -1 0 
33 7 561 636 714 79 -1 -1 -1 0 
34 1 634 273 86 122 -1 -1 -1 0 
34 2 848 338 69 45 -1 -1 -1 0 
34 3 776 339 30 22 -1 -1 -1 0 
34 5 729 338 33 26 -1 -1 -1 0 
34 7 556 636 723 79 -1 -1 -1 0 
35 1 633 274 88 121 -1 -1 -1 0 
35 2 847 339 71 44 -1 -1 -1 0 
35 3 776 340 29 21 -1 -1 -1 0 
35 5 729 339 32 26 -1 -1 -1 0 
35 7 561 636 714 79 -1 -1 -1 0 
36 1 634 274 87 122 -1 -1 -1 0 
36 2 847 339 70 44 -1 -1 -1 0 
36 3 776 341 29 20 -1 -1 -1 0 
36 5 729 340 30 25 -1 -1 -1 0 
36 7 557 636 720 79 -1 -1 -1 0 
37 1 633 274 88 121 -1 -1 -1 0 
37 2 847 339 70 44 -1 -1 -1 0 
37 3 776 341 28 21 -1 -1 -1 0 
37 5 729 340 29 26 -1 -1 -1 0 
37 7 561 636 713 79 -1 -1 -1 0 
38 1 634 273 87 120 -1 -1 -1 0 
38 2 845 339 71 44 -1 -1 -1 0 
38 3 776 340 27 21 -1 -1 -1 0 
38 5 728 339 31 26 -1 -1 -1 0 
38 7 560 636 714 79 -1 -1 -1 0 
39 1 634 273 87 120 -1 -1 -1 0 
39 2 845 339 71 43 -1 -1 -1 0 
39 3 775 339 27 22 -1 -1 -1 0 
39 5 728 338 31 26 -1 -1 -1 0 
39 7 560 636 715 79 -1 -1 -1 0 
40 1 634 272 87 120 -1 -1 -1 0 
40 2 845 338 70 43 -1 -1 -1 0 
40 3 774 339 28 21 -1 -1 -1 0 
40 5 728 338 31 25 -1 -1 -1 0 
40 7 556 636 721 78 -1 -1 -1 0 
