3 1 583 325 58 58 -1 -1 -1 0 
3 2 870 330 269 136 -1 -1 -1 0 
4 1 582 326 60 58 -1 -1 -1 0 
4 2 873 328 274 139 -1 -1 -1 0 
5 1 582 327 60 57 -1 -1 -1 0 
5 2 875 328 280 140 -1 -1 -1 0 
6 1 583 328 58 57 -1 -1 -1 0 
6 2 878 327 283 142 -1 -1 -1 0 
7 1 585 329 56 57 -1 -1 -1 0 
7 2 880 328 292 143 -1 -1 -1 0 
8 1 586 328 55 58 -1 -1 -1 0 
8 2 883 328 297 144 -1 -1 -1 0 
8 6 708 346 17 14 -1 -1 -1 0 
9 1 586 329 56 58 -1 -1 -1 0 
9 2 886 328 301 147 -1 -1 -1 0 
9 6 708 346 17 14 -1 -1 -1 0 
10 1 585 330 58 57 -1 -1 -1 0 
10 2 889 329 306 149 -1 -1 -1 0 
10 6 708 347 16 14 -1 -1 -1 0 
11 1 586 331 56 57 -1 -1 -1 0 
11 2 891 330 314 152 -1 -1 -1 0 
11 6 707 347 18 14 -1 -1 -1 0 
11 7 561 635 717 78 -1 -1 -1 0 
12 1 586 333 57 56 -1 -1 -1 0 
12 2 893 332 322 154 -1 -1 -1 0 
12 6 708 349 17 14 -1 -1 -1 0 
12 7 560 635 717 78 -1 -1 -1 0 
13 1 586 334 57 56 -1 -1 -1 0 
13 2 896 335 330 155 -1 -1 -1 0 
13 6 708 349 18 15 -1 -1 -1 0 
13 7 562 635 713 77 -1 -1 -1 0 
14 1 586 334 58 56 -1 -1 -1 0 
14 2 899 336 336 158 -1 -1 -1 0 
15 1 587 334 58 56 -1 -1 -1 0 
15 2 901 338 345 158 -1 -1 -1 0 
15 6 709 350 17 14 -1 -1 -1 0 
15 9 902 337 342 159 -1 -1 -1 0 
16 1 587 333 57 56 -1 -1 -1 0 
16 2 904 339 351 160 -1 -1 -1 0 
16 6 709 349 17 14 -1 -1 -1 0 
16 9 904 337 350 162 -1 -1 -1 0 
17 1 587 331 56 57 -1 -1 -1 0 
17 6 709 349 17 14 -1 -1 -1 0 
17 7 560 635 715 79 -1 -1 -1 0 
17 9 907 334 360 165 -1 -1 -1 0 
18 1 587 330 56 58 -1 -1 -1 0 
18 7 560 635 715 79 -1 -1 -1 0 
18 9 911 334 359 166 -1 -1 -1 0 
19 1 587 330 56 57 -1 -1 -1 0 
19 9 914 331 362 169 -1 -1 -1 0 
20 1 588 328 55 57 -1 -1 -1 0 
20 7 562 633 715 81 -1 -1 -1 0 
20 9 918 329 360 171 -1 -1 -1 0 
21 1 588 326 55 59 -1 -1 -1 0 
21 7 562 633 715 81 -1 -1 -1 0 
21 9 921 328 358 173 -1 -1 -1 0 
21 12 2 370 68 24 -1 -1 -1 0 
22 1 588 325 56 59 -1 -1 -1 0 
22 2 923 328 355 175 -1 -1 -1 0 
22 6 710 344 16 14 -1 -1 -1 0 
22 9 923 327 356 175 -1 -1 -1 0 
22 12 0 371 41 23 -1 -1 -1 0 
23 1 588 324 55 59 -1 -1 -1 0 
23 2 927 326 352 178 -1 -1 -1 0 
23 6 711 343 16 15 -1 -1 -1 0 
23 7 560 632 716 82 -1 -1 -1 0 
23 9 927 326 351 177 -1 -1 -1 0 
24 1 589 324 53 59 -1 -1 -1 0 
24 2 930 326 349 179 -1 -1 -1 0 
24 6 711 342 16 15 -1 -1 -1 0 
24 7 560 632 717 82 -1 -1 -1 0 
24 9 930 325 349 181 -1 -1 -1 0 
25 1 588 324 55 58 -1 -1 -1 0 
25 2 934 324 345 184 -1 -1 -1 0 
25 6 711 342 17 15 -1 -1 -1 0 
25 7 560 632 718 83 -1 -1 -1 0 
25 9 933 323 346 184 -1 -1 -1 0 
26 1 588 324 55 58 -1 -1 -1 0 
26 2 937 323 342 187 -1 -1 -1 0 
26 9 936 322 343 186 -1 -1 -1 0 
27 1 588 324 56 58 -1 -1 -1 0 
27 2 939 322 340 190 -1 -1 -1 0 
27 6 711 341 17 16 -1 -1 -1 0 
28 1 587 324 58 57 -1 -1 -1 0 
28 2 943 323 336 191 -1 -1 -1 0 
28 6 711 341 17 16 -1 -1 -1 0 
29 1 588 325 56 57 -1 -1 -1 0 
29 2 947 323 332 194 -1 -1 -1 0 
29 6 712 342 16 15 -1 -1 -1 0 
29 9 946 323 333 194 -1 -1 -1 0 
30 1 589 326 56 57 -1 -1 -1 0 
30 2 951 323 328 196 -1 -1 -1 0 
30 6 712 343 17 15 -1 -1 -1 0 
30 9 951 322 327 199 -1 -1 -1 0 
31 1 589 326 55 58 -1 -1 -1 0 
31 6 712 344 18 15 -1 -1 -1 0 
31 7 559 633 718 82 -1 -1 -1 0 
31 9 953 323 326 200 -1 -1 -1 0 
32 1 589 327 55 57 -1 -1 -1 0 
32 6 712 344 19 15 -1 -1 -1 0 
32 7 559 633 718 82 -1 -1 -1 0 
32 9 958 323 320 204 -1 -1 -1 0 
33 1 590 328 54 57 -1 -1 -1 0 
33 6 713 344 18 15 -1 -1 -1 0 
33 7 559 635 719 80 -1 -1 -1 0 
33 9 962 323 316 207 -1 -1 -1 0 
34 1 590 328 55 58 -1 -1 -1 0 
34 6 714 346 18 15 -1 -1 -1 0 
34 7 559 635 719 80 -1 -1 -1 0 
34 9 965 324 314 209 -1 -1 -1 0 
35 1 590 329 55 57 -1 -1 -1 0 
35 6 713 346 19 15 -1 -1 -1 0 
35 9 970 324 308 214 -1 -1 -1 0 
36 1 590 330 55 57 -1 -1 -1 0 
36 6 714 347 18 16 -1 -1 -1 0 
36 9 974 325 304 218 -1 -1 -1 0 
37 1 589 331 56 57 -1 -1 -1 0 
37 6 714 348 18 17 -1 -1 -1 0 
37 9 978 327 300 221 -1 -1 -1 0 
38 1 590 331 54 57 -1 -1 -1 0 
38 6 714 349 18 16 -1 -1 -1 0 
38 9 982 327 296 226 -1 -1 -1 0 
39 1 589 331 56 56 -1 -1 -1 0 
39 6 713 347 20 16 -1 -1 -1 0 
39 9 986 326 292 231 -1 -1 -1 0 
40 1 589 331 57 56 -1 -1 -1 0 
40 6 714 347 19 15 -1 -1 -1 0 
40 9 990 324 288 236 -1 -1 -1 0 
