3 1 480 348 106 75 -1 -1 -1 0 
3 2 699 338 29 28 -1 -1 -1 0 
3 3 561 636 714 78 -1 -1 -1 0 
4 1 482 347 104 75 -1 -1 -1 0 
4 2 699 338 29 27 -1 -1 -1 0 
4 3 559 636 716 78 -1 -1 -1 0 
5 1 483 347 104 73 -1 -1 -1 0 
5 2 699 338 29 26 -1 -1 -1 0 
5 3 559 636 716 79 -1 -1 -1 0 
6 1 486 346 102 74 -1 -1 -1 0 
6 2 699 338 29 26 -1 -1 -1 0 
6 3 558 635 715 80 -1 -1 -1 0 
7 1 488 346 100 74 -1 -1 -1 0 
7 2 700 338 28 26 -1 -1 -1 0 
7 3 555 636 721 79 -1 -1 -1 0 
8 1 490 346 100 75 -1 -1 -1 0 
8 2 701 339 27 26 -1 -1 -1 0 
8 3 561 636 714 79 -1 -1 -1 0 
9 1 491 346 101 74 -1 -1 -1 0 
9 2 700 339 30 26 -1 -1 -1 0 
9 3 559 636 715 79 -1 -1 -1 0 
10 1 493 347 100 72 -1 -1 -1 0 
10 2 701 340 28 25 -1 -1 -1 0 
10 3 556 636 721 79 -1 -1 -1 0 
11 1 494 347 100 72 -1 -1 -1 0 
11 2 701 340 29 25 -1 -1 -1 0 
11 3 563 636 707 79 -1 -1 -1 0 
12 1 497 348 98 71 -1 -1 -1 0 
12 2 701 341 29 25 -1 -1 -1 0 
12 3 557 637 721 78 -1 -1 -1 0 
13 1 499 348 96 70 -1 -1 -1 0 
13 2 701 341 30 25 -1 -1 -1 0 
13 3 561 636 712 79 -1 -1 -1 0 
13 8 1164 381 58 20 -1 -1 -1 0 
14 1 501 348 95 69 -1 -1 -1 0 
14 2 703 342 28 25 -1 -1 -1 0 
14 3 556 637 723 78 -1 -1 -1 0 
14 8 1176 382 57 21 -1 -1 -1 0 
15 1 504 348 93 69 -1 -1 -1 0 
15 2 703 342 28 25 -1 -1 -1 0 
15 3 561 637 714 78 -1 -1 -1 0 
15 8 1185 384 63 21 -1 -1 -1 0 
15 9 1127 383 48 13 -1 -1 -1 0 
16 1 505 348 94 69 -1 -1 -1 0 
16 2 702 342 30 26 -1 -1 -1 0 
16 3 558 637 718 78 -1 -1 -1 0 
16 8 1196 385 63 22 -1 -1 -1 0 
16 9 1131 384 57 16 -1 -1 -1 0 
17 1 507 348 93 68 -1 -1 -1 0 
17 2 702 343 30 25 -1 -1 -1 0 
17 3 566 633 703 82 -1 -1 -1 0 
17 8 1204 387 71 22 -1 -1 -1 0 
17 9 1144 386 55 16 -1 -1 -1 0 
18 1 510 348 90 67 -1 -1 -1 0 
18 2 703 343 29 26 -1 -1 -1 0 
18 3 553 635 726 80 -1 -1 -1 0 
18 8 1217 389 62 21 -1 -1 -1 0 
18 9 1161 387 51 17 -1 -1 -1 0 
19 1 511 348 92 67 -1 -1 -1 0 
19 2 703 343 30 26 -1 -1 -1 0 
19 3 561 635 712 80 -1 -1 -1 0 
19 8 1232 391 47 21 -1 -1 -1 0 
19 9 1172 389 51 16 -1 -1 -1 0 
20 1 513 348 90 66 -1 -1 -1 0 
20 2 704 344 29 25 -1 -1 -1 0 
20 3 555 637 724 78 -1 -1 -1 0 
20 8 1243 393 36 19 -1 -1 -1 0 
20 9 1181 391 56 16 -1 -1 -1 0 
21 1 514 348 90 65 -1 -1 -1 0 
21 2 703 345 30 25 -1 -1 -1 0 
21 3 561 636 713 79 -1 -1 -1 0 
21 8 1253 395 26 19 -1 -1 -1 0 
21 9 1191 393 57 15 -1 -1 -1 0 
22 1 517 348 88 66 -1 -1 -1 0 
22 2 704 345 29 25 -1 -1 -1 0 
22 3 558 636 719 79 -1 -1 -1 0 
22 9 1208 395 63 18 -1 -1 -1 0 
23 1 519 347 87 66 -1 -1 -1 0 
23 2 705 345 29 25 -1 -1 -1 0 
23 3 560 636 715 79 -1 -1 -1 0 
23 9 1223 397 56 17 -1 -1 -1 0 
24 1 520 348 88 65 -1 -1 -1 0 
24 2 705 345 28 25 -1 -1 -1 0 
24 3 557 637 721 78 -1 -1 -1 0 
24 9 1234 398 45 18 -1 -1 -1 0 
25 1 523 348 86 65 -1 -1 -1 0 
25 2 705 344 29 26 -1 -1 -1 0 
25 3 558 637 718 78 -1 -1 -1 0 
25 9 1256 400 23 17 -1 -1 -1 0 
26 1 524 348 87 65 -1 -1 -1 0 
26 2 705 343 29 26 -1 -1 -1 0 
26 3 559 637 716 78 -1 -1 -1 0 
26 9 1233 399 31 16 -1 -1 -1 0 
27 1 526 348 85 64 -1 -1 -1 0 
27 2 705 342 28 27 -1 -1 -1 0 
27 3 559 637 717 78 -1 -1 -1 0 
27 9 1240 400 32 17 -1 -1 -1 0 
28 1 527 347 85 65 -1 -1 -1 0 
28 2 705 342 29 27 -1 -1 -1 0 
28 3 561 636 712 79 -1 -1 -1 0 
28 9 1246 400 33 17 -1 -1 -1 0 
29 1 528 348 85 63 -1 -1 -1 0 
29 2 704 342 30 26 -1 -1 -1 0 
29 3 559 635 716 79 -1 -1 -1 0 
29 9 1253 401 26 17 -1 -1 -1 0 
30 1 530 348 84 63 -1 -1 -1 0 
30 2 705 342 29 26 -1 -1 -1 0 
30 3 563 635 711 79 -1 -1 -1 0 
31 1 532 350 82 61 -1 -1 -1 0 
31 2 705 344 29 25 -1 -1 -1 0 
31 3 561 635 715 79 -1 -1 -1 0 
32 1 535 351 79 60 -1 -1 -1 0 
32 2 705 344 29 25 -1 -1 -1 0 
32 3 563 635 710 79 -1 -1 -1 0 
33 1 536 351 79 60 -1 -1 -1 0 
33 2 706 344 28 25 -1 -1 -1 0 
33 3 556 636 722 78 -1 -1 -1 0 
34 1 537 349 80 61 -1 -1 -1 0 
34 2 705 342 29 25 -1 -1 -1 0 
34 3 573 636 697 78 -1 -1 -1 0 
35 1 539 347 79 61 -1 -1 -1 0 
35 2 704 340 30 25 -1 -1 -1 0 
35 3 565 636 710 78 -1 -1 -1 0 
36 1 540 345 79 61 -1 -1 -1 0 
36 2 705 339 29 25 -1 -1 -1 0 
36 3 562 636 713 78 -1 -1 -1 0 
37 1 541 345 79 60 -1 -1 -1 0 
37 2 705 339 29 24 -1 -1 -1 0 
37 3 563 635 710 79 -1 -1 -1 0 
38 1 542 344 78 60 -1 -1 -1 0 
38 2 705 338 28 25 -1 -1 -1 0 
38 3 560 635 713 79 -1 -1 -1 0 
39 1 543 345 77 60 -1 -1 -1 0 
39 2 705 338 28 26 -1 -1 -1 0 
39 3 562 634 709 80 -1 -1 -1 0 
40 1 544 346 77 59 -1 -1 -1 0 
40 2 705 339 27 27 -1 -1 -1 0 
40 3 561 634 712 80 -1 -1 -1 0 
