3 1 875 341 92 49 -1 -1 -1 0 
3 2 1 454 290 256 -1 -1 -1 0 
3 3 517 346 48 33 -1 -1 -1 0 
3 4 654 271 114 137 -1 -1 -1 0 
3 5 589 334 50 44 -1 -1 -1 0 
3 6 212 347 91 33 -1 -1 -1 0 
3 8 559 636 716 79 -1 -1 -1 0 
4 1 873 341 90 49 -1 -1 -1 0 
4 2 1 437 307 272 -1 -1 -1 0 
4 3 520 345 49 33 -1 -1 -1 0 
4 4 653 271 117 136 -1 -1 -1 0 
4 5 590 334 50 44 -1 -1 -1 0 
4 6 163 348 110 35 -1 -1 -1 0 
4 8 560 636 715 79 -1 -1 -1 0 
5 1 871 342 88 48 -1 -1 -1 0 
5 2 0 421 326 288 -1 -1 -1 0 
5 3 523 345 47 32 -1 -1 -1 0 
5 4 654 270 115 137 -1 -1 -1 0 
5 5 591 334 50 43 -1 -1 -1 0 
5 6 102 348 132 39 -1 -1 -1 0 
5 8 555 636 723 79 -1 -1 -1 0 
6 1 868 342 85 47 -1 -1 -1 0 
6 2 0 412 342 297 -1 -1 -1 0 
6 3 527 344 44 33 -1 -1 -1 0 
6 4 653 270 116 137 -1 -1 -1 0 
6 5 592 334 49 43 -1 -1 -1 0 
6 6 21 349 164 43 -1 -1 -1 0 
6 8 559 636 716 79 -1 -1 -1 0 
7 1 865 342 84 46 -1 -1 -1 0 
7 2 0 404 356 306 -1 -1 -1 0 
7 3 528 344 47 32 -1 -1 -1 0 
7 4 654 270 114 137 -1 -1 -1 0 
7 5 592 334 49 42 -1 -1 -1 0 
7 6 0 351 124 45 -1 -1 -1 0 
7 8 558 636 717 79 -1 -1 -1 0 
7 13 451 346 30 14 -1 -1 -1 0 
8 1 863 342 82 46 -1 -1 -1 0 
8 2 0 400 371 309 -1 -1 -1 0 
8 3 531 345 43 31 -1 -1 -1 0 
8 4 654 270 114 137 -1 -1 -1 0 
8 5 593 334 48 42 -1 -1 -1 0 
8 6 0 352 84 47 -1 -1 -1 0 
8 8 560 636 714 79 -1 -1 -1 0 
8 13 442 346 30 15 -1 -1 -1 0 
8 15 112 355 103 33 -1 -1 -1 0 
9 1 860 342 83 46 -1 -1 -1 0 
9 2 0 397 381 314 -1 -1 -1 0 
9 3 533 345 44 30 -1 -1 -1 0 
9 4 653 269 115 138 -1 -1 -1 0 
9 5 593 334 49 42 -1 -1 -1 0 
9 8 556 636 722 79 -1 -1 -1 0 
9 13 432 347 33 15 -1 -1 -1 0 
9 15 62 355 114 35 -1 -1 -1 0 
9 17 763 334 22 20 -1 -1 -1 0 
10 1 857 342 82 45 -1 -1 -1 0 
10 2 1 393 391 319 -1 -1 -1 0 
10 3 537 345 41 29 -1 -1 -1 0 
10 4 653 270 115 137 -1 -1 -1 0 
10 5 595 334 46 41 -1 -1 -1 0 
10 8 556 635 720 80 -1 -1 -1 0 
10 13 420 347 38 15 -1 -1 -1 0 
10 15 51 357 75 35 -1 -1 -1 0 
10 17 763 334 22 19 -1 -1 -1 0 
11 1 856 342 78 44 -1 -1 -1 0 
11 2 1 388 401 325 -1 -1 -1 0 
11 3 538 344 43 30 -1 -1 -1 0 
11 4 653 270 116 138 -1 -1 -1 0 
11 5 595 335 47 40 -1 -1 -1 0 
11 8 555 636 724 79 -1 -1 -1 0 
11 13 408 347 40 15 -1 -1 -1 0 
11 15 2 357 69 37 -1 -1 -1 0 
12 1 854 341 77 45 -1 -1 -1 0 
12 2 1 384 410 329 -1 -1 -1 0 
12 3 540 346 41 27 -1 -1 -1 0 
12 4 654 270 115 137 -1 -1 -1 0 
12 5 595 335 47 40 -1 -1 -1 0 
12 8 562 636 712 79 -1 -1 -1 0 
12 13 393 347 50 17 -1 -1 -1 0 
12 15 0 358 33 38 -1 -1 -1 0 
13 1 852 340 76 45 -1 -1 -1 0 
13 2 0 381 421 331 -1 -1 -1 0 
13 3 544 345 38 28 -1 -1 -1 0 
13 4 654 270 116 136 -1 -1 -1 0 
13 5 596 335 46 40 -1 -1 -1 0 
13 8 557 636 721 79 -1 -1 -1 0 
13 13 378 349 48 16 -1 -1 -1 0 
14 1 849 340 75 45 -1 -1 -1 0 
14 2 0 379 429 331 -1 -1 -1 0 
14 3 546 344 37 28 -1 -1 -1 0 
14 4 655 270 116 136 -1 -1 -1 0 
14 5 597 335 46 39 -1 -1 -1 0 
14 8 560 635 714 79 -1 -1 -1 0 
14 13 362 349 47 17 -1 -1 -1 0 
14 17 413 345 31 17 -1 -1 -1 0 
15 1 847 339 75 45 -1 -1 -1 0 
15 2 0 378 438 330 -1 -1 -1 0 
15 3 548 344 37 28 -1 -1 -1 0 
15 4 655 270 115 136 -1 -1 -1 0 
15 5 598 335 45 38 -1 -1 -1 0 
15 8 556 637 723 77 -1 -1 -1 0 
15 13 342 350 52 19 -1 -1 -1 0 
15 17 387 347 34 17 -1 -1 -1 0 
16 1 845 339 73 44 -1 -1 -1 0 
16 2 0 377 448 326 -1 -1 -1 0 
16 3 549 345 37 27 -1 -1 -1 0 
16 4 655 270 115 136 -1 -1 -1 0 
16 5 598 335 45 38 -1 -1 -1 0 
16 8 560 636 714 78 -1 -1 -1 0 
16 13 322 351 55 19 -1 -1 -1 0 
16 17 372 348 35 18 -1 -1 -1 0 
17 1 844 339 70 43 -1 -1 -1 0 
17 2 0 376 456 322 -1 -1 -1 0 
17 3 552 345 36 26 -1 -1 -1 0 
17 4 655 270 115 136 -1 -1 -1 0 
17 5 599 335 44 37 -1 -1 -1 0 
17 8 559 636 717 78 -1 -1 -1 0 
17 13 297 351 61 21 -1 -1 -1 0 
17 17 360 348 42 19 -1 -1 -1 0 
18 1 842 338 69 43 -1 -1 -1 0 
18 2 1 373 459 323 -1 -1 -1 0 
18 3 553 345 37 25 -1 -1 -1 0 
18 4 655 269 115 138 -1 -1 -1 0 
18 5 600 335 42 37 -1 -1 -1 0 
18 8 558 636 718 78 -1 -1 -1 0 
18 13 267 352 70 22 -1 -1 -1 0 
18 17 351 349 39 19 -1 -1 -1 0 
19 1 840 338 69 43 -1 -1 -1 0 
19 2 0 372 481 290 -1 -1 -1 0 
19 3 555 344 36 26 -1 -1 -1 0 
19 4 654 269 117 138 -1 -1 -1 0 
19 5 601 335 41 37 -1 -1 -1 0 
19 8 554 636 724 78 -1 -1 -1 0 
19 13 238 353 73 23 -1 -1 -1 0 
19 17 341 350 38 20 -1 -1 -1 0 
20 1 839 339 68 42 -1 -1 -1 0 
20 2 0 371 479 273 -1 -1 -1 0 
20 3 556 344 35 25 -1 -1 -1 0 
20 4 654 269 118 138 -1 -1 -1 0 
20 5 601 335 42 36 -1 -1 -1 0 
20 8 556 636 720 78 -1 -1 -1 0 
20 13 198 355 84 25 -1 -1 -1 0 
20 17 328 351 40 19 -1 -1 -1 0 
21 1 837 340 67 40 -1 -1 -1 0 
21 2 0 371 489 250 -1 -1 -1 0 
21 3 558 343 33 26 -1 -1 -1 0 
21 4 655 270 117 137 -1 -1 -1 0 
21 5 601 336 42 35 -1 -1 -1 0 
21 8 558 636 718 78 -1 -1 -1 0 
21 13 152 357 96 28 -1 -1 -1 0 
21 17 316 350 38 21 -1 -1 -1 0 
22 1 835 341 66 39 -1 -1 -1 0 
22 2 0 372 490 231 -1 -1 -1 0 
22 3 561 344 30 25 -1 -1 -1 0 
22 4 656 271 113 136 -1 -1 -1 0 
22 5 603 336 40 36 -1 -1 -1 0 
22 8 559 637 716 77 -1 -1 -1 0 
22 13 92 359 117 32 -1 -1 -1 0 
22 17 299 351 44 22 -1 -1 -1 0 
23 1 834 341 63 39 -1 -1 -1 0 
23 2 29 370 456 215 -1 -1 -1 0 
23 3 561 344 32 25 -1 -1 -1 0 
23 4 656 270 113 137 -1 -1 -1 0 
23 5 603 336 40 35 -1 -1 -1 0 
23 8 560 637 714 78 -1 -1 -1 0 
23 13 11 361 150 34 -1 -1 -1 0 
23 17 284 352 45 21 -1 -1 -1 0 
24 1 831 341 64 38 -1 -1 -1 0 
24 2 63 368 424 200 -1 -1 -1 0 
24 3 563 342 31 26 -1 -1 -1 0 
24 4 656 270 113 137 -1 -1 -1 0 
24 5 604 336 40 35 -1 -1 -1 0 
24 8 560 636 715 79 -1 -1 -1 0 
24 13 0 364 95 34 -1 -1 -1 0 
24 17 265 353 48 21 -1 -1 -1 0 
25 1 829 341 64 38 -1 -1 -1 0 
25 2 99 365 388 195 -1 -1 -1 0 
25 3 564 343 32 25 -1 -1 -1 0 
25 4 655 270 115 137 -1 -1 -1 0 
25 5 604 336 40 35 -1 -1 -1 0 
25 8 558 636 718 79 -1 -1 -1 0 
25 13 0 365 59 36 -1 -1 -1 0 
25 17 246 353 49 24 -1 -1 -1 0 
26 1 829 341 61 38 -1 -1 -1 0 
26 2 123 365 375 179 -1 -1 -1 0 
26 3 565 343 32 24 -1 -1 -1 0 
26 4 656 271 113 135 -1 -1 -1 0 
26 5 604 336 40 35 -1 -1 -1 0 
26 8 561 636 711 80 -1 -1 -1 0 
26 17 223 353 55 26 -1 -1 -1 0 
27 1 828 340 60 38 -1 -1 -1 0 
27 2 152 364 348 173 -1 -1 -1 0 
27 3 567 343 31 23 -1 -1 -1 0 
27 4 655 271 113 135 -1 -1 -1 0 
27 5 605 336 39 34 -1 -1 -1 0 
27 8 557 635 721 80 -1 -1 -1 0 
27 17 197 354 61 27 -1 -1 -1 0 
28 1 825 340 61 38 -1 -1 -1 0 
28 2 175 365 332 162 -1 -1 -1 0 
28 3 569 343 30 22 -1 -1 -1 0 
28 4 655 271 113 134 -1 -1 -1 0 
28 5 606 336 37 33 -1 -1 -1 0 
28 8 559 635 716 80 -1 -1 -1 0 
28 17 168 354 66 30 -1 -1 -1 0 
29 1 824 340 59 37 -1 -1 -1 0 
29 2 199 363 311 157 -1 -1 -1 0 
29 3 570 343 29 22 -1 -1 -1 0 
29 4 655 271 112 134 -1 -1 -1 0 
29 5 606 336 38 33 -1 -1 -1 0 
29 8 559 635 716 80 -1 -1 -1 0 
29 17 136 355 72 32 -1 -1 -1 0 
29 20 282 348 76 27 -1 -1 -1 0 
30 1 822 340 59 37 -1 -1 -1 0 
30 2 216 363 300 148 -1 -1 -1 0 
30 3 571 342 28 23 -1 -1 -1 0 
30 4 655 271 112 134 -1 -1 -1 0 
30 5 607 336 39 33 -1 -1 -1 0 
30 8 561 635 711 82 -1 -1 -1 0 
30 17 96 356 83 33 -1 -1 -1 0 
30 20 238 349 97 29 -1 -1 -1 0 
31 1 821 340 57 36 -1 -1 -1 0 
31 2 236 362 284 142 -1 -1 -1 0 
31 3 571 342 30 22 -1 -1 -1 0 
31 4 655 271 113 134 -1 -1 -1 0 
31 5 608 336 37 32 -1 -1 -1 0 
31 8 556 635 723 81 -1 -1 -1 0 
31 17 49 357 97 35 -1 -1 -1 0 
31 20 189 349 113 33 -1 -1 -1 0 
32 1 819 341 58 35 -1 -1 -1 0 
32 2 254 362 270 136 -1 -1 -1 0 
32 3 574 341 28 24 -1 -1 -1 0 
32 4 655 271 112 134 -1 -1 -1 0 
32 5 608 336 38 32 -1 -1 -1 0 
32 8 554 635 725 80 -1 -1 -1 0 
32 17 4 358 101 37 -1 -1 -1 0 
32 20 122 351 140 36 -1 -1 -1 0 
33 1 818 341 56 35 -1 -1 -1 0 
33 2 269 361 259 131 -1 -1 -1 0 
33 3 576 341 26 24 -1 -1 -1 0 
33 4 656 271 110 134 -1 -1 -1 0 
33 5 610 336 35 32 -1 -1 -1 0 
33 8 558 635 717 80 -1 -1 -1 0 
33 17 0 360 51 36 -1 -1 -1 0 
33 20 85 353 125 35 -1 -1 -1 0 
34 1 818 340 54 35 -1 -1 -1 0 
34 2 285 359 246 128 -1 -1 -1 0 
34 3 577 340 27 24 -1 -1 -1 0 
34 4 656 271 110 134 -1 -1 -1 0 
34 5 610 336 36 32 -1 -1 -1 0 
34 8 559 635 716 80 -1 -1 -1 0 
34 17 0 361 20 37 -1 -1 -1 0 
34 20 9 354 134 41 -1 -1 -1 0 
35 1 816 340 54 35 -1 -1 -1 0 
35 2 298 360 237 123 -1 -1 -1 0 
35 3 578 340 28 24 -1 -1 -1 0 
35 4 656 272 111 133 -1 -1 -1 0 
35 5 610 336 37 32 -1 -1 -1 0 
35 8 556 636 723 79 -1 -1 -1 0 
35 20 0 355 98 43 -1 -1 -1 0 
36 1 815 340 53 35 -1 -1 -1 0 
36 2 310 359 228 121 -1 -1 -1 0 
36 3 578 340 32 23 -1 -1 -1 0 
36 4 657 272 109 132 -1 -1 -1 0 
36 5 610 337 37 31 -1 -1 -1 0 
36 8 557 636 721 79 -1 -1 -1 0 
37 1 814 340 52 34 -1 -1 -1 0 
37 2 323 359 219 118 -1 -1 -1 0 
37 3 581 339 28 24 -1 -1 -1 0 
37 4 657 272 111 132 -1 -1 -1 0 
37 5 612 337 34 30 -1 -1 -1 0 
37 8 559 636 716 79 -1 -1 -1 0 
38 1 813 340 51 34 -1 -1 -1 0 
38 2 334 358 212 115 -1 -1 -1 0 
38 3 583 339 26 24 -1 -1 -1 0 
38 4 657 272 111 132 -1 -1 -1 0 
38 5 613 337 33 30 -1 -1 -1 0 
38 8 561 636 710 80 -1 -1 -1 0 
39 1 812 340 51 34 -1 -1 -1 0 
39 2 344 357 204 112 -1 -1 -1 0 
39 3 583 339 28 23 -1 -1 -1 0 
39 4 657 272 112 132 -1 -1 -1 0 
39 5 614 337 33 30 -1 -1 -1 0 
39 8 557 636 720 79 -1 -1 -1 0 
40 1 810 340 52 34 -1 -1 -1 0 
40 2 354 357 198 109 -1 -1 -1 0 
40 3 585 339 26 23 -1 -1 -1 0 
40 4 658 273 110 131 -1 -1 -1 0 
40 5 613 337 36 30 -1 -1 -1 0 
40 8 556 635 719 80 -1 -1 -1 0 
40 28 311 352 37 19 -1 -1 -1 0 
