3 1 582 342 48 37 -1 -1 -1 0 
3 2 905 332 178 99 -1 -1 -1 0 
3 3 672 337 24 20 -1 -1 -1 0 
3 4 634 337 21 17 -1 -1 -1 0 
4 1 582 342 47 37 -1 -1 -1 0 
4 2 899 332 176 96 -1 -1 -1 0 
4 3 672 337 24 20 -1 -1 -1 0 
4 4 634 337 22 17 -1 -1 -1 0 
4 5 563 635 713 80 -1 -1 -1 0 
5 1 582 341 48 37 -1 -1 -1 0 
5 2 895 332 171 94 -1 -1 -1 0 
5 3 672 340 25 17 -1 -1 -1 0 
5 4 634 337 23 17 -1 -1 -1 0 
5 5 559 634 716 81 -1 -1 -1 0 
6 1 583 341 47 38 -1 -1 -1 0 
6 2 890 332 167 92 -1 -1 -1 0 
6 3 673 343 24 15 -1 -1 -1 0 
6 4 633 337 24 16 -1 -1 -1 0 
7 1 583 341 48 38 -1 -1 -1 0 
7 2 884 333 162 89 -1 -1 -1 0 
7 3 673 344 24 15 -1 -1 -1 0 
7 4 634 337 23 16 -1 -1 -1 0 
7 5 559 634 715 81 -1 -1 -1 0 
8 1 583 343 49 36 -1 -1 -1 0 
8 2 882 332 156 89 -1 -1 -1 0 
8 3 674 343 23 16 -1 -1 -1 0 
8 4 636 338 21 16 -1 -1 -1 0 
8 5 560 634 714 81 -1 -1 -1 0 
9 1 584 343 48 35 -1 -1 -1 0 
9 2 878 332 152 87 -1 -1 -1 0 
9 3 674 342 23 17 -1 -1 -1 0 
9 4 636 337 22 17 -1 -1 -1 0 
9 5 557 634 720 81 -1 -1 -1 0 
10 1 585 343 47 35 -1 -1 -1 0 
10 2 874 332 148 86 -1 -1 -1 0 
10 3 674 341 23 18 -1 -1 -1 0 
10 4 637 337 21 17 -1 -1 -1 0 
10 5 555 634 721 81 -1 -1 -1 0 
11 1 586 343 47 34 -1 -1 -1 0 
11 2 871 332 142 85 -1 -1 -1 0 
11 3 673 342 25 17 -1 -1 -1 0 
11 4 637 337 22 17 -1 -1 -1 0 
12 1 586 343 46 34 -1 -1 -1 0 
12 2 866 332 140 83 -1 -1 -1 0 
12 3 672 343 26 16 -1 -1 -1 0 
12 4 636 337 23 17 -1 -1 -1 0 
13 1 586 343 46 34 -1 -1 -1 0 
13 2 862 332 136 82 -1 -1 -1 0 
13 3 673 343 24 16 -1 -1 -1 0 
13 4 636 338 22 16 -1 -1 -1 0 
14 1 585 345 47 33 -1 -1 -1 0 
14 2 858 333 132 81 -1 -1 -1 0 
14 3 673 344 24 16 -1 -1 -1 0 
14 4 635 340 23 16 -1 -1 -1 0 
15 1 585 345 46 33 -1 -1 -1 0 
15 2 854 333 129 80 -1 -1 -1 0 
15 3 672 345 24 15 -1 -1 -1 0 
15 4 635 340 22 16 -1 -1 -1 0 
15 5 560 633 716 82 -1 -1 -1 0 
16 1 584 345 46 34 -1 -1 -1 0 
16 2 850 334 126 78 -1 -1 -1 0 
16 3 671 344 24 17 -1 -1 -1 0 
16 4 635 341 21 16 -1 -1 -1 0 
16 5 558 634 719 81 -1 -1 -1 0 
17 1 584 345 46 34 -1 -1 -1 0 
17 2 845 335 125 76 -1 -1 -1 0 
17 3 670 343 25 18 -1 -1 -1 0 
17 4 635 341 20 16 -1 -1 -1 0 
17 5 557 634 720 81 -1 -1 -1 0 
18 1 584 346 45 33 -1 -1 -1 0 
18 2 841 334 121 75 -1 -1 -1 0 
18 3 670 343 25 18 -1 -1 -1 0 
18 4 634 342 19 16 -1 -1 -1 0 
19 1 583 346 45 33 -1 -1 -1 0 
19 2 837 334 119 75 -1 -1 -1 0 
19 3 670 342 24 19 -1 -1 -1 0 
19 4 633 342 20 16 -1 -1 -1 0 
20 1 584 345 43 33 -1 -1 -1 0 
20 2 833 334 116 73 -1 -1 -1 0 
20 3 669 342 25 19 -1 -1 -1 0 
20 4 634 341 18 16 -1 -1 -1 0 
21 1 583 345 45 33 -1 -1 -1 0 
21 2 828 334 114 72 -1 -1 -1 0 
21 3 668 342 26 19 -1 -1 -1 0 
21 4 633 342 20 15 -1 -1 -1 0 
22 1 583 345 44 33 -1 -1 -1 0 
22 2 826 334 109 71 -1 -1 -1 0 
22 3 668 342 24 19 -1 -1 -1 0 
22 4 633 342 19 15 -1 -1 -1 0 
23 1 583 345 43 32 -1 -1 -1 0 
23 2 821 334 108 70 -1 -1 -1 0 
23 3 667 342 25 19 -1 -1 -1 0 
24 1 583 345 43 32 -1 -1 -1 0 
24 2 817 334 107 69 -1 -1 -1 0 
24 3 667 342 24 19 -1 -1 -1 0 
24 5 557 634 718 81 -1 -1 -1 0 
25 1 582 344 44 33 -1 -1 -1 0 
25 2 814 334 104 68 -1 -1 -1 0 
25 3 642 342 23 16 -1 -1 -1 0 
25 4 663 341 23 20 -1 -1 -1 0 
25 5 557 633 718 82 -1 -1 -1 0 
26 1 581 344 46 33 -1 -1 -1 0 
26 2 810 335 102 67 -1 -1 -1 0 
26 3 655 345 27 17 -1 -1 -1 0 
26 4 641 340 23 18 -1 -1 -1 0 
27 1 581 345 45 32 -1 -1 -1 0 
27 2 807 335 100 66 -1 -1 -1 0 
27 3 661 347 26 15 -1 -1 -1 0 
27 4 642 340 22 18 -1 -1 -1 0 
28 1 581 345 44 32 -1 -1 -1 0 
28 2 805 335 97 65 -1 -1 -1 0 
28 3 662 348 27 15 -1 -1 -1 0 
28 4 631 340 22 17 -1 -1 -1 0 
29 1 581 345 44 32 -1 -1 -1 0 
29 2 802 335 95 64 -1 -1 -1 0 
29 3 666 347 21 16 -1 -1 -1 0 
29 4 629 340 21 17 -1 -1 -1 0 
30 1 581 346 44 31 -1 -1 -1 0 
30 2 799 336 93 63 -1 -1 -1 0 
30 3 665 345 23 18 -1 -1 -1 0 
30 4 628 340 22 17 -1 -1 -1 0 
31 1 581 346 43 31 -1 -1 -1 0 
31 2 796 336 92 62 -1 -1 -1 0 
31 3 665 345 23 18 -1 -1 -1 0 
31 5 558 634 717 81 -1 -1 -1 0 
32 1 582 346 43 31 -1 -1 -1 0 
32 2 795 336 88 62 -1 -1 -1 0 
32 3 663 347 27 16 -1 -1 -1 0 
32 5 558 634 717 82 -1 -1 -1 0 
33 1 583 345 42 32 -1 -1 -1 0 
33 2 793 336 88 61 -1 -1 -1 0 
33 3 667 345 21 18 -1 -1 -1 0 
33 4 631 340 19 17 -1 -1 -1 0 
34 1 584 345 42 32 -1 -1 -1 0 
34 2 792 336 86 60 -1 -1 -1 0 
34 3 668 343 21 20 -1 -1 -1 0 
34 4 632 341 19 16 -1 -1 -1 0 
35 1 585 345 42 31 -1 -1 -1 0 
35 2 791 335 83 60 -1 -1 -1 0 
35 3 645 341 21 18 -1 -1 -1 0 
35 4 654 345 25 15 -1 -1 -1 0 
35 5 557 635 720 81 -1 -1 -1 0 
36 1 586 346 42 30 -1 -1 -1 0 
36 2 789 335 83 59 -1 -1 -1 0 
36 3 660 345 24 16 -1 -1 -1 0 
36 4 643 342 19 16 -1 -1 -1 0 
36 5 556 635 722 80 -1 -1 -1 0 
36 6 1199 435 80 138 -1 -1 -1 0 
37 1 588 345 41 30 -1 -1 -1 0 
37 2 788 335 81 58 -1 -1 -1 0 
37 3 665 346 25 17 -1 -1 -1 0 
37 4 637 341 21 16 -1 -1 -1 0 
37 5 560 635 717 80 -1 -1 -1 0 
37 6 1183 431 96 138 -1 -1 -1 0 
38 1 588 345 42 30 -1 -1 -1 0 
38 2 786 335 82 57 -1 -1 -1 0 
38 3 668 346 25 17 -1 -1 -1 0 
38 4 634 341 22 16 -1 -1 -1 0 
38 5 561 635 715 80 -1 -1 -1 0 
38 6 1167 428 112 132 -1 -1 -1 0 
39 1 589 345 42 30 -1 -1 -1 0 
39 2 785 335 81 56 -1 -1 -1 0 
39 3 670 343 24 19 -1 -1 -1 0 
39 4 634 340 23 16 -1 -1 -1 0 
39 5 559 635 714 80 -1 -1 -1 0 
39 6 1154 421 125 133 -1 -1 -1 0 
40 1 590 345 42 30 -1 -1 -1 0 
40 2 783 336 80 55 -1 -1 -1 0 
40 3 670 343 25 19 -1 -1 -1 0 
40 4 635 340 21 17 -1 -1 -1 0 
40 5 559 635 714 80 -1 -1 -1 0 
40 6 1140 417 138 136 -1 -1 -1 0 
