3 1 274 356 43 20 -1 -1 -1 0 
3 2 659 341 45 38 -1 -1 -1 0 
3 3 893 339 43 19 -1 -1 -1 0 
3 4 616 343 32 27 -1 -1 -1 0 
4 1 255 357 44 21 -1 -1 -1 0 
4 2 661 342 43 38 -1 -1 -1 0 
4 3 893 338 41 20 -1 -1 -1 0 
4 4 617 343 30 27 -1 -1 -1 0 
4 6 367 352 37 18 -1 -1 -1 0 
4 7 757 338 17 11 -1 -1 -1 0 
5 1 233 358 49 22 -1 -1 -1 0 
5 2 662 342 43 39 -1 -1 -1 0 
5 3 892 338 42 20 -1 -1 -1 0 
5 4 616 343 32 26 -1 -1 -1 0 
5 6 352 353 41 18 -1 -1 -1 0 
5 7 757 338 17 11 -1 -1 -1 0 
6 1 212 359 52 23 -1 -1 -1 0 
6 2 662 342 44 40 -1 -1 -1 0 
6 3 891 338 41 21 -1 -1 -1 0 
6 4 617 343 31 26 -1 -1 -1 0 
6 6 337 354 42 18 -1 -1 -1 0 
6 7 757 338 17 11 -1 -1 -1 0 
7 1 182 359 65 25 -1 -1 -1 0 
7 2 662 340 45 40 -1 -1 -1 0 
7 3 890 338 41 21 -1 -1 -1 0 
7 4 617 342 32 27 -1 -1 -1 0 
7 6 321 353 45 19 -1 -1 -1 0 
7 7 756 337 19 11 -1 -1 -1 0 
8 1 154 359 64 26 -1 -1 -1 0 
8 2 662 340 45 40 -1 -1 -1 0 
8 3 888 338 43 20 -1 -1 -1 0 
8 4 617 342 32 27 -1 -1 -1 0 
8 6 302 353 47 21 -1 -1 -1 0 
8 7 756 335 17 13 -1 -1 -1 0 
9 1 120 359 61 28 -1 -1 -1 0 
9 2 662 340 45 40 -1 -1 -1 0 
9 3 889 337 40 21 -1 -1 -1 0 
9 4 617 341 32 27 -1 -1 -1 0 
9 6 280 353 52 23 -1 -1 -1 0 
9 7 755 335 19 12 -1 -1 -1 0 
10 1 79 361 51 29 -1 -1 -1 0 
10 2 662 339 45 40 -1 -1 -1 0 
10 3 886 337 43 21 -1 -1 -1 0 
10 4 617 341 32 27 -1 -1 -1 0 
10 6 256 353 56 25 -1 -1 -1 0 
10 7 755 334 18 13 -1 -1 -1 0 
11 1 29 363 38 30 -1 -1 -1 0 
11 2 661 339 46 39 -1 -1 -1 0 
11 3 886 337 42 21 -1 -1 -1 0 
11 4 617 341 31 27 -1 -1 -1 0 
11 6 227 353 64 26 -1 -1 -1 0 
11 7 755 334 17 14 -1 -1 -1 0 
11 10 327 354 58 17 -1 -1 -1 0 
12 1 0 364 30 31 -1 -1 -1 0 
12 2 661 338 46 40 -1 -1 -1 0 
12 3 885 337 42 21 -1 -1 -1 0 
12 4 617 341 31 26 -1 -1 -1 0 
12 6 196 354 70 28 -1 -1 -1 0 
12 7 754 333 18 15 -1 -1 -1 0 
12 10 316 355 60 17 -1 -1 -1 0 
13 2 661 339 46 39 -1 -1 -1 0 
13 3 884 336 41 21 -1 -1 -1 0 
13 4 617 340 31 27 -1 -1 -1 0 
13 6 157 356 82 29 -1 -1 -1 0 
13 7 754 334 18 14 -1 -1 -1 0 
13 10 270 356 68 21 -1 -1 -1 0 
14 2 662 339 44 40 -1 -1 -1 0 
14 3 884 337 39 21 -1 -1 -1 0 
14 4 617 341 32 27 -1 -1 -1 0 
14 6 113 358 93 30 -1 -1 -1 0 
14 7 753 334 19 14 -1 -1 -1 0 
14 10 229 357 81 24 -1 -1 -1 0 
14 16 351 346 62 25 -1 -1 -1 0 
15 2 662 339 44 40 -1 -1 -1 0 
15 3 882 337 41 21 -1 -1 -1 0 
15 4 617 341 32 27 -1 -1 -1 0 
15 6 61 359 106 33 -1 -1 -1 0 
15 7 752 334 20 14 -1 -1 -1 0 
15 10 182 360 99 24 -1 -1 -1 0 
15 16 392 346 34 21 -1 -1 -1 0 
15 17 960 332 89 32 -1 -1 -1 0 
16 2 662 339 44 41 -1 -1 -1 0 
16 3 882 337 39 21 -1 -1 -1 0 
16 4 616 342 33 26 -1 -1 -1 0 
16 6 5 362 113 36 -1 -1 -1 0 
16 7 751 334 19 13 -1 -1 -1 0 
16 10 126 363 113 28 -1 -1 -1 0 
16 16 395 348 29 19 -1 -1 -1 0 
16 17 959 332 88 32 -1 -1 -1 0 
17 2 661 339 46 41 -1 -1 -1 0 
17 3 880 337 40 22 -1 -1 -1 0 
17 4 616 342 33 26 -1 -1 -1 0 
17 6 0 364 56 36 -1 -1 -1 0 
17 7 751 334 19 13 -1 -1 -1 0 
17 10 55 365 135 32 -1 -1 -1 0 
17 16 385 349 32 20 -1 -1 -1 0 
17 17 958 332 87 32 -1 -1 -1 0 
17 21 1034 332 38 27 -1 -1 -1 0 
17 22 287 349 77 26 -1 -1 -1 0 
18 2 660 339 47 41 -1 -1 -1 0 
18 3 878 337 41 22 -1 -1 -1 0 
18 4 616 342 32 26 -1 -1 -1 0 
18 6 0 365 21 37 -1 -1 -1 0 
18 7 750 334 20 12 -1 -1 -1 0 
18 10 1 368 127 33 -1 -1 -1 0 
18 16 373 349 35 20 -1 -1 -1 0 
18 17 957 332 88 32 -1 -1 -1 0 
18 21 1035 332 41 27 -1 -1 -1 0 
18 22 254 349 86 29 -1 -1 -1 0 
19 2 660 339 47 41 -1 -1 -1 0 
19 3 878 336 40 23 -1 -1 -1 0 
19 4 616 342 32 26 -1 -1 -1 0 
19 7 750 334 20 12 -1 -1 -1 0 
19 10 0 370 86 35 -1 -1 -1 0 
19 16 357 349 39 21 -1 -1 -1 0 
19 17 958 332 88 32 -1 -1 -1 0 
19 21 1037 333 44 27 -1 -1 -1 0 
19 22 213 350 98 31 -1 -1 -1 0 
20 2 660 339 47 39 -1 -1 -1 0 
20 3 877 335 40 23 -1 -1 -1 0 
20 4 616 341 31 27 -1 -1 -1 0 
20 7 749 334 20 12 -1 -1 -1 0 
20 16 342 349 40 22 -1 -1 -1 0 
20 17 957 332 88 32 -1 -1 -1 0 
20 21 1038 333 49 27 -1 -1 -1 0 
20 22 163 350 116 33 -1 -1 -1 0 
21 2 661 338 45 39 -1 -1 -1 0 
21 3 875 335 41 23 -1 -1 -1 0 
21 4 616 340 31 27 -1 -1 -1 0 
21 7 749 333 19 13 -1 -1 -1 0 
21 16 323 349 46 23 -1 -1 -1 0 
21 21 1038 333 54 27 -1 -1 -1 0 
21 22 102 350 145 37 -1 -1 -1 0 
22 2 661 337 45 39 -1 -1 -1 0 
22 3 873 334 42 23 -1 -1 -1 0 
22 4 615 338 32 28 -1 -1 -1 0 
22 7 749 333 18 13 -1 -1 -1 0 
22 16 304 348 48 24 -1 -1 -1 0 
22 17 955 332 88 32 -1 -1 -1 0 
22 21 1041 332 55 27 -1 -1 -1 0 
22 22 24 351 166 40 -1 -1 -1 0 
23 2 661 337 45 39 -1 -1 -1 0 
23 3 873 334 40 23 -1 -1 -1 0 
23 4 616 338 31 28 -1 -1 -1 0 
23 7 748 332 20 14 -1 -1 -1 0 
23 16 282 348 52 27 -1 -1 -1 0 
23 17 954 332 88 31 -1 -1 -1 0 
23 21 1041 332 61 27 -1 -1 -1 0 
23 22 74 351 94 39 -1 -1 -1 0 
24 2 660 337 46 38 -1 -1 -1 0 
24 3 872 336 41 21 -1 -1 -1 0 
24 4 615 337 31 28 -1 -1 -1 0 
24 7 748 332 19 14 -1 -1 -1 0 
24 16 257 349 59 27 -1 -1 -1 0 
24 17 954 331 87 34 -1 -1 -1 0 
24 21 1046 332 59 28 -1 -1 -1 0 
24 22 10 352 121 43 -1 -1 -1 0 
25 2 661 338 44 39 -1 -1 -1 0 
25 3 872 337 39 21 -1 -1 -1 0 
25 4 615 338 32 27 -1 -1 -1 0 
25 7 748 333 19 12 -1 -1 -1 0 
25 16 228 350 66 29 -1 -1 -1 0 
25 17 959 332 80 34 -1 -1 -1 0 
25 21 1051 334 61 27 -1 -1 -1 0 
25 22 0 354 64 44 -1 -1 -1 0 
25 24 346 349 36 17 -1 -1 -1 0 
26 2 661 338 44 39 -1 -1 -1 0 
26 3 873 336 38 22 -1 -1 -1 0 
26 4 616 338 30 27 -1 -1 -1 0 
26 7 748 333 17 12 -1 -1 -1 0 
26 16 197 350 70 30 -1 -1 -1 0 
26 17 954 332 86 34 -1 -1 -1 0 
26 21 1055 334 63 27 -1 -1 -1 0 
26 22 0 355 29 46 -1 -1 -1 0 
26 24 392 348 33 16 -1 -1 -1 0 
26 25 265 353 57 22 -1 -1 -1 0 
27 2 660 339 46 38 -1 -1 -1 0 
27 3 875 336 36 22 -1 -1 -1 0 
27 4 616 338 30 28 -1 -1 -1 0 
27 7 749 334 16 13 -1 -1 -1 0 
27 16 159 352 81 31 -1 -1 -1 0 
27 17 952 332 87 35 -1 -1 -1 0 
27 21 1059 335 64 27 -1 -1 -1 0 
27 24 397 347 35 17 -1 -1 -1 0 
27 25 233 355 66 23 -1 -1 -1 0 
28 2 661 338 44 39 -1 -1 -1 0 
28 3 875 337 34 21 -1 -1 -1 0 
28 4 615 338 32 28 -1 -1 -1 0 
28 7 748 334 17 13 -1 -1 -1 0 
28 16 113 353 95 34 -1 -1 -1 0 
28 17 950 333 90 34 -1 -1 -1 0 
28 21 1063 335 67 28 -1 -1 -1 0 
28 24 390 348 37 17 -1 -1 -1 0 
28 25 199 356 74 24 -1 -1 -1 0 
28 26 301 353 43 17 -1 -1 -1 0 
29 2 660 338 46 39 -1 -1 -1 0 
29 3 871 337 37 21 -1 -1 -1 0 
29 4 616 338 30 28 -1 -1 -1 0 
29 7 747 334 18 13 -1 -1 -1 0 
29 16 58 355 109 37 -1 -1 -1 0 
29 17 948 333 91 35 -1 -1 -1 0 
29 21 1068 335 69 28 -1 -1 -1 0 
29 24 377 349 40 17 -1 -1 -1 0 
29 25 157 359 86 25 -1 -1 -1 0 
29 26 284 354 44 19 -1 -1 -1 0 
30 2 660 338 46 38 -1 -1 -1 0 
30 3 871 338 35 20 -1 -1 -1 0 
30 4 616 338 31 28 -1 -1 -1 0 
30 7 747 334 19 12 -1 -1 -1 0 
30 16 4 357 114 38 -1 -1 -1 0 
30 17 949 333 89 34 -1 -1 -1 0 
30 21 1075 334 68 29 -1 -1 -1 0 
30 24 359 351 46 16 -1 -1 -1 0 
30 25 109 360 96 29 -1 -1 -1 0 
30 26 262 354 48 20 -1 -1 -1 0 
31 2 660 338 46 38 -1 -1 -1 0 
31 3 868 338 38 20 -1 -1 -1 0 
31 4 616 337 31 29 -1 -1 -1 0 
31 7 747 334 18 12 -1 -1 -1 0 
31 16 0 360 63 37 -1 -1 -1 0 
31 17 945 335 94 32 -1 -1 -1 0 
31 21 1080 334 72 30 -1 -1 -1 0 
31 24 344 352 45 18 -1 -1 -1 0 
31 25 47 363 118 31 -1 -1 -1 0 
31 26 239 355 52 22 -1 -1 -1 0 
31 27 508 342 27 13 -1 -1 -1 0 
32 2 662 338 44 38 -1 -1 -1 0 
32 3 869 337 35 21 -1 -1 -1 0 
32 4 616 337 31 28 -1 -1 -1 0 
32 7 747 334 19 12 -1 -1 -1 0 
32 16 0 361 30 38 -1 -1 -1 0 
32 17 947 333 88 33 -1 -1 -1 0 
32 21 1087 334 72 30 -1 -1 -1 0 
32 24 325 352 49 19 -1 -1 -1 0 
32 25 1 366 109 33 -1 -1 -1 0 
32 26 212 356 67 24 -1 -1 -1 0 
32 27 503 341 26 14 -1 -1 -1 0 
33 2 661 338 46 38 -1 -1 -1 0 
33 3 866 337 39 20 -1 -1 -1 0 
33 4 616 337 32 28 -1 -1 -1 0 
33 7 747 334 18 11 -1 -1 -1 0 
33 17 947 331 88 35 -1 -1 -1 0 
33 21 1094 333 72 31 -1 -1 -1 0 
33 24 304 353 53 20 -1 -1 -1 0 
33 25 0 369 45 32 -1 -1 -1 0 
33 26 183 357 68 25 -1 -1 -1 0 
33 27 497 341 27 14 -1 -1 -1 0 
34 2 661 338 46 37 -1 -1 -1 0 
34 3 866 337 37 20 -1 -1 -1 0 
34 4 617 337 30 28 -1 -1 -1 0 
34 7 747 333 17 11 -1 -1 -1 0 
34 17 947 330 88 36 -1 -1 -1 0 
34 21 1101 333 74 30 -1 -1 -1 0 
34 24 280 353 57 22 -1 -1 -1 0 
34 25 0 371 7 33 -1 -1 -1 0 
34 26 149 359 69 27 -1 -1 -1 0 
34 27 488 340 34 16 -1 -1 -1 0 
35 2 662 337 44 38 -1 -1 -1 0 
35 3 864 337 39 19 -1 -1 -1 0 
35 4 616 336 32 28 -1 -1 -1 0 
35 7 747 333 17 11 -1 -1 -1 0 
35 17 946 329 88 36 -1 -1 -1 0 
35 21 1107 332 77 31 -1 -1 -1 0 
35 24 252 353 65 24 -1 -1 -1 0 
35 26 110 362 65 27 -1 -1 -1 0 
35 27 480 340 37 17 -1 -1 -1 0 
36 2 662 337 44 37 -1 -1 -1 0 
36 3 863 337 39 19 -1 -1 -1 0 
36 4 617 336 31 28 -1 -1 -1 0 
36 7 746 332 17 11 -1 -1 -1 0 
36 17 945 330 90 35 -1 -1 -1 0 
36 21 1114 332 77 31 -1 -1 -1 0 
36 24 221 355 73 25 -1 -1 -1 0 
36 26 56 363 93 30 -1 -1 -1 0 
36 27 471 340 41 17 -1 -1 -1 0 
37 2 662 336 44 38 -1 -1 -1 0 
37 3 862 337 40 19 -1 -1 -1 0 
37 4 616 336 32 27 -1 -1 -1 0 
37 7 746 332 17 12 -1 -1 -1 0 
37 17 944 330 90 34 -1 -1 -1 0 
37 21 1121 332 79 31 -1 -1 -1 0 
37 24 184 357 83 26 -1 -1 -1 0 
37 26 67 364 36 29 -1 -1 -1 0 
37 27 460 340 49 18 -1 -1 -1 0 
38 2 662 336 45 38 -1 -1 -1 0 
38 3 862 337 38 19 -1 -1 -1 0 
38 4 617 336 30 28 -1 -1 -1 0 
38 7 745 332 19 12 -1 -1 -1 0 
38 17 974 332 53 33 -1 -1 -1 0 
38 21 1128 332 80 31 -1 -1 -1 0 
38 24 141 359 97 27 -1 -1 -1 0 
38 26 40 365 38 30 -1 -1 -1 0 
38 27 452 342 32 17 -1 -1 -1 0 
38 29 417 343 33 19 -1 -1 -1 0 
39 2 662 336 45 38 -1 -1 -1 0 
39 3 862 337 37 20 -1 -1 -1 0 
39 4 617 335 30 29 -1 -1 -1 0 
39 7 746 332 17 12 -1 -1 -1 0 
39 17 966 331 65 34 -1 -1 -1 0 
39 21 1135 332 83 32 -1 -1 -1 0 
39 24 90 362 109 29 -1 -1 -1 0 
39 27 436 342 38 19 -1 -1 -1 0 
39 29 507 334 24 19 -1 -1 -1 0 
40 2 661 337 46 37 -1 -1 -1 0 
40 3 861 338 37 19 -1 -1 -1 0 
40 4 617 335 31 29 -1 -1 -1 0 
40 7 745 333 18 11 -1 -1 -1 0 
40 17 967 331 64 34 -1 -1 -1 0 
40 21 1143 332 86 32 -1 -1 -1 0 
40 24 25 364 131 31 -1 -1 -1 0 
40 27 422 342 39 21 -1 -1 -1 0 
40 29 486 341 25 15 -1 -1 -1 0 
