3 1 0 377 96 89 -1 -1 -1 0 
3 2 17 368 103 26 -1 -1 -1 0 
3 3 662 344 47 39 -1 -1 -1 0 
3 4 727 341 31 23 -1 -1 -1 0 
3 5 203 357 63 24 -1 -1 -1 0 
3 6 560 636 717 80 -1 -1 -1 0 
4 1 0 364 112 98 -1 -1 -1 0 
4 2 0 369 97 26 -1 -1 -1 0 
4 3 663 344 46 39 -1 -1 -1 0 
4 4 727 340 31 23 -1 -1 -1 0 
4 5 175 357 76 25 -1 -1 -1 0 
4 6 558 635 718 81 -1 -1 -1 0 
5 1 0 357 128 108 -1 -1 -1 0 
5 3 663 343 47 39 -1 -1 -1 0 
5 4 727 340 32 22 -1 -1 -1 0 
5 5 146 358 85 26 -1 -1 -1 0 
5 6 560 634 717 81 -1 -1 -1 0 
5 9 365 350 50 18 -1 -1 -1 0 
6 1 0 352 145 112 -1 -1 -1 0 
6 3 663 343 47 39 -1 -1 -1 0 
6 4 728 340 31 22 -1 -1 -1 0 
6 5 113 359 97 27 -1 -1 -1 0 
6 6 558 634 718 81 -1 -1 -1 0 
6 9 354 349 52 21 -1 -1 -1 0 
7 1 0 346 160 115 -1 -1 -1 0 
7 3 663 342 49 40 -1 -1 -1 0 
7 4 728 339 31 22 -1 -1 -1 0 
7 5 94 359 91 27 -1 -1 -1 0 
7 6 559 635 717 80 -1 -1 -1 0 
7 9 342 348 57 21 -1 -1 -1 0 
7 10 547 346 37 24 -1 -1 -1 0 
8 1 0 346 174 113 -1 -1 -1 0 
8 3 665 341 46 40 -1 -1 -1 0 
8 4 729 338 31 23 -1 -1 -1 0 
8 5 71 360 95 27 -1 -1 -1 0 
8 6 557 635 721 80 -1 -1 -1 0 
8 9 331 348 53 20 -1 -1 -1 0 
8 10 549 345 35 24 -1 -1 -1 0 
9 1 1 342 182 120 -1 -1 -1 0 
9 3 666 340 45 40 -1 -1 -1 0 
9 4 730 337 30 23 -1 -1 -1 0 
9 6 558 635 719 80 -1 -1 -1 0 
9 9 316 348 56 20 -1 -1 -1 0 
9 10 550 344 34 24 -1 -1 -1 0 
10 1 0 341 197 123 -1 -1 -1 0 
10 3 665 340 48 40 -1 -1 -1 0 
10 4 730 337 30 24 -1 -1 -1 0 
10 6 566 635 707 80 -1 -1 -1 0 
10 9 299 348 59 21 -1 -1 -1 0 
10 10 551 343 34 25 -1 -1 -1 0 
11 1 0 339 210 124 -1 -1 -1 0 
11 3 666 340 47 40 -1 -1 -1 0 
11 4 730 338 31 23 -1 -1 -1 0 
11 6 567 631 702 84 -1 -1 -1 0 
11 9 279 349 65 20 -1 -1 -1 0 
11 10 551 343 36 25 -1 -1 -1 0 
12 1 0 338 222 123 -1 -1 -1 0 
12 3 666 342 47 40 -1 -1 -1 0 
12 4 730 340 32 23 -1 -1 -1 0 
12 6 553 634 726 81 -1 -1 -1 0 
12 9 259 349 63 23 -1 -1 -1 0 
12 10 537 343 29 22 -1 -1 -1 0 
13 1 0 338 237 119 -1 -1 -1 0 
13 3 667 342 47 40 -1 -1 -1 0 
13 4 731 340 32 23 -1 -1 -1 0 
13 6 555 635 724 80 -1 -1 -1 0 
13 9 231 349 78 25 -1 -1 -1 0 
13 10 532 344 27 20 -1 -1 -1 0 
14 1 0 338 244 116 -1 -1 -1 0 
14 3 667 342 47 40 -1 -1 -1 0 
14 4 731 340 32 23 -1 -1 -1 0 
14 6 561 635 716 80 -1 -1 -1 0 
14 9 207 349 83 28 -1 -1 -1 0 
14 10 531 345 27 19 -1 -1 -1 0 
14 15 555 346 36 23 -1 -1 -1 0 
15 1 0 339 252 114 -1 -1 -1 0 
15 3 667 343 48 39 -1 -1 -1 0 
15 4 732 340 33 24 -1 -1 -1 0 
15 6 560 635 716 80 -1 -1 -1 0 
15 9 195 350 65 26 -1 -1 -1 0 
15 10 531 345 28 20 -1 -1 -1 0 
15 15 556 346 37 23 -1 -1 -1 0 
15 16 345 348 46 20 -1 -1 -1 0 
15 17 470 343 43 21 -1 -1 -1 0 
16 1 0 340 261 112 -1 -1 -1 0 
16 3 668 344 47 39 -1 -1 -1 0 
16 4 733 341 32 23 -1 -1 -1 0 
16 6 561 636 714 78 -1 -1 -1 0 
16 9 177 350 67 27 -1 -1 -1 0 
16 10 529 344 28 20 -1 -1 -1 0 
16 15 541 347 55 22 -1 -1 -1 0 
16 16 331 351 52 20 -1 -1 -1 0 
16 17 468 343 42 22 -1 -1 -1 0 
17 1 0 340 271 111 -1 -1 -1 0 
17 3 668 345 49 39 -1 -1 -1 0 
17 4 734 341 31 24 -1 -1 -1 0 
17 6 563 636 711 79 -1 -1 -1 0 
17 15 557 347 35 24 -1 -1 -1 0 
17 16 317 352 52 20 -1 -1 -1 0 
18 1 6 340 272 108 -1 -1 -1 0 
18 3 669 345 47 39 -1 -1 -1 0 
18 4 733 342 34 23 -1 -1 -1 0 
18 6 558 636 719 79 -1 -1 -1 0 
18 10 536 346 28 19 -1 -1 -1 0 
18 15 561 348 33 23 -1 -1 -1 0 
18 16 303 351 52 22 -1 -1 -1 0 
18 17 472 345 28 20 -1 -1 -1 0 
19 1 24 342 261 104 -1 -1 -1 0 
19 3 668 346 50 39 -1 -1 -1 0 
19 4 734 342 33 24 -1 -1 -1 0 
19 6 558 636 719 79 -1 -1 -1 0 
19 10 537 347 28 18 -1 -1 -1 0 
19 15 563 348 31 23 -1 -1 -1 0 
19 16 284 352 57 22 -1 -1 -1 0 
19 17 468 346 30 20 -1 -1 -1 0 
20 1 43 342 248 102 -1 -1 -1 0 
20 3 670 346 47 40 -1 -1 -1 0 
20 4 735 342 32 25 -1 -1 -1 0 
20 6 562 636 713 79 -1 -1 -1 0 
20 10 555 347 30 21 -1 -1 -1 0 
20 15 547 347 30 20 -1 -1 -1 0 
20 16 268 353 55 22 -1 -1 -1 0 
20 17 463 346 30 19 -1 -1 -1 0 
21 1 61 342 239 99 -1 -1 -1 0 
21 3 669 346 49 40 -1 -1 -1 0 
21 4 735 342 33 25 -1 -1 -1 0 
21 6 569 636 706 78 -1 -1 -1 0 
21 9 18 362 66 29 -1 -1 -1 0 
21 10 489 347 34 21 -1 -1 -1 0 
21 15 546 347 29 20 -1 -1 -1 0 
21 16 255 353 56 23 -1 -1 -1 0 
21 17 494 347 31 16 -1 -1 -1 0 
22 1 80 342 226 96 -1 -1 -1 0 
22 3 670 346 48 39 -1 -1 -1 0 
22 4 735 341 34 25 -1 -1 -1 0 
22 6 563 636 713 78 -1 -1 -1 0 
22 9 0 363 42 27 -1 -1 -1 0 
22 10 541 347 30 21 -1 -1 -1 0 
22 17 505 346 28 14 -1 -1 -1 0 
23 1 97 342 217 94 -1 -1 -1 0 
23 3 670 346 48 39 -1 -1 -1 0 
23 4 736 341 32 25 -1 -1 -1 0 
23 6 559 636 718 78 -1 -1 -1 0 
23 9 0 364 13 28 -1 -1 -1 0 
23 10 558 347 32 22 -1 -1 -1 0 
23 15 541 345 29 20 -1 -1 -1 0 
23 17 510 347 26 13 -1 -1 -1 0 
24 1 113 343 209 92 -1 -1 -1 0 
24 3 669 346 50 39 -1 -1 -1 0 
24 4 736 341 33 26 -1 -1 -1 0 
24 6 559 636 716 78 -1 -1 -1 0 
24 10 565 347 32 22 -1 -1 -1 0 
24 15 541 345 28 19 -1 -1 -1 0 
25 1 127 345 207 88 -1 -1 -1 0 
25 3 670 346 49 39 -1 -1 -1 0 
25 4 736 341 35 26 -1 -1 -1 0 
25 6 560 635 713 79 -1 -1 -1 0 
25 10 492 346 27 21 -1 -1 -1 0 
25 15 559 346 29 22 -1 -1 -1 0 
25 16 110 359 48 27 -1 -1 -1 0 
25 17 436 348 28 16 -1 -1 -1 0 
26 1 142 346 200 86 -1 -1 -1 0 
26 3 670 347 49 39 -1 -1 -1 0 
26 4 737 342 34 25 -1 -1 -1 0 
26 6 557 635 720 79 -1 -1 -1 0 
26 10 456 348 29 17 -1 -1 -1 0 
26 15 566 348 30 21 -1 -1 -1 0 
26 16 59 363 92 29 -1 -1 -1 0 
26 17 417 350 30 16 -1 -1 -1 0 
27 1 158 346 185 84 -1 -1 -1 0 
27 3 670 347 49 39 -1 -1 -1 0 
27 4 736 342 36 25 -1 -1 -1 0 
27 6 561 635 714 79 -1 -1 -1 0 
27 10 442 346 27 17 -1 -1 -1 0 
27 15 569 348 31 21 -1 -1 -1 0 
27 16 6 362 121 34 -1 -1 -1 0 
27 17 404 349 36 17 -1 -1 -1 0 
28 1 170 347 181 81 -1 -1 -1 0 
28 3 671 347 49 39 -1 -1 -1 0 
28 4 737 342 35 26 -1 -1 -1 0 
28 6 558 635 719 79 -1 -1 -1 0 
28 10 434 347 28 16 -1 -1 -1 0 
28 15 570 348 33 21 -1 -1 -1 0 
28 16 0 364 102 35 -1 -1 -1 0 
28 17 392 350 38 18 -1 -1 -1 0 
29 1 182 347 174 79 -1 -1 -1 0 
29 3 670 348 50 38 -1 -1 -1 0 
29 4 737 342 36 26 -1 -1 -1 0 
29 6 560 635 716 79 -1 -1 -1 0 
29 10 428 346 28 15 -1 -1 -1 0 
29 15 559 347 26 19 -1 -1 -1 0 
29 17 384 351 39 17 -1 -1 -1 0 
30 1 195 343 166 80 -1 -1 -1 0 
30 3 672 346 47 40 -1 -1 -1 0 
30 4 738 341 35 27 -1 -1 -1 0 
30 6 562 635 714 79 -1 -1 -1 0 
30 10 422 344 29 16 -1 -1 -1 0 
30 15 554 346 25 18 -1 -1 -1 0 
30 17 367 350 33 17 -1 -1 -1 0 
30 23 0 311 180 79 -1 -1 -1 0 
31 1 208 342 159 79 -1 -1 -1 0 
31 3 672 346 47 40 -1 -1 -1 0 
31 4 739 341 35 27 -1 -1 -1 0 
31 6 561 635 715 79 -1 -1 -1 0 
31 10 417 344 28 17 -1 -1 -1 0 
31 15 552 345 25 18 -1 -1 -1 0 
31 17 354 349 30 18 -1 -1 -1 0 
31 23 4 312 136 78 -1 -1 -1 0 
31 24 574 345 31 21 -1 -1 -1 0 
32 1 218 341 156 77 -1 -1 -1 0 
32 3 671 345 50 40 -1 -1 -1 0 
32 4 739 341 36 26 -1 -1 -1 0 
32 6 559 635 718 78 -1 -1 -1 0 
32 10 410 343 30 18 -1 -1 -1 0 
32 15 552 345 26 17 -1 -1 -1 0 
32 17 344 349 30 18 -1 -1 -1 0 
32 23 2 312 92 78 -1 -1 -1 0 
32 24 574 344 34 22 -1 -1 -1 0 
33 1 227 342 154 74 -1 -1 -1 0 
33 3 670 345 51 40 -1 -1 -1 0 
33 4 738 341 37 26 -1 -1 -1 0 
33 6 560 636 716 77 -1 -1 -1 0 
33 10 403 343 32 18 -1 -1 -1 0 
33 15 552 344 25 18 -1 -1 -1 0 
33 23 0 311 76 78 -1 -1 -1 0 
33 24 574 344 35 21 -1 -1 -1 0 
33 25 24 355 126 36 -1 -1 -1 0 
34 1 238 341 147 73 -1 -1 -1 0 
34 3 672 345 48 40 -1 -1 -1 0 
34 4 739 341 36 26 -1 -1 -1 0 
34 6 561 636 713 78 -1 -1 -1 0 
34 10 396 343 32 19 -1 -1 -1 0 
34 15 573 344 29 21 -1 -1 -1 0 
34 25 0 356 127 37 -1 -1 -1 0 
34 26 52 316 156 68 -1 -1 -1 0 
35 1 247 340 144 72 -1 -1 -1 0 
35 3 671 345 50 40 -1 -1 -1 0 
35 4 740 341 36 26 -1 -1 -1 0 
35 6 560 636 714 78 -1 -1 -1 0 
35 10 389 343 33 19 -1 -1 -1 0 
35 15 578 343 30 22 -1 -1 -1 0 
35 26 8 315 173 73 -1 -1 -1 0 
36 1 256 341 141 70 -1 -1 -1 0 
36 3 672 346 50 39 -1 -1 -1 0 
36 4 740 342 37 25 -1 -1 -1 0 
36 6 560 636 716 78 -1 -1 -1 0 
36 10 381 343 34 21 -1 -1 -1 0 
36 15 580 343 30 22 -1 -1 -1 0 
36 17 231 354 37 24 -1 -1 -1 0 
36 26 0 314 154 75 -1 -1 -1 0 
37 1 266 341 136 69 -1 -1 -1 0 
37 3 673 346 48 40 -1 -1 -1 0 
37 4 741 341 35 26 -1 -1 -1 0 
37 6 559 635 710 79 -1 -1 -1 0 
37 10 373 343 35 21 -1 -1 -1 0 
37 15 582 343 29 22 -1 -1 -1 0 
37 17 196 353 73 25 -1 -1 -1 0 
37 26 1 307 123 83 -1 -1 -1 0 
38 1 275 340 130 69 -1 -1 -1 0 
38 3 673 346 49 40 -1 -1 -1 0 
38 4 741 341 36 26 -1 -1 -1 0 
38 6 555 635 720 80 -1 -1 -1 0 
38 10 431 346 42 21 -1 -1 -1 0 
38 15 581 343 31 22 -1 -1 -1 0 
38 17 168 352 102 29 -1 -1 -1 0 
38 26 0 310 93 83 -1 -1 -1 0 
39 1 283 340 128 67 -1 -1 -1 0 
39 3 672 346 51 39 -1 -1 -1 0 
39 4 741 341 37 25 -1 -1 -1 0 
39 6 556 635 718 80 -1 -1 -1 0 
39 10 431 347 44 20 -1 -1 -1 0 
39 15 583 342 30 22 -1 -1 -1 0 
39 17 134 351 107 31 -1 -1 -1 0 
39 26 0 309 74 86 -1 -1 -1 0 
40 1 291 339 125 68 -1 -1 -1 0 
40 3 672 346 51 39 -1 -1 -1 0 
40 4 743 341 35 25 -1 -1 -1 0 
40 6 557 635 719 80 -1 -1 -1 0 
40 15 583 343 31 21 -1 -1 -1 0 
40 17 91 353 106 32 -1 -1 -1 0 
