3 1 1197 335 82 55 -1 -1 -1 0 
3 2 573 348 41 35 -1 -1 -1 0 
3 3 644 306 71 78 -1 -1 -1 0 
3 4 843 336 25 18 -1 -1 -1 0 
4 1 1195 335 84 55 -1 -1 -1 0 
4 2 574 348 41 35 -1 -1 -1 0 
4 3 644 307 71 76 -1 -1 -1 0 
4 4 843 336 26 18 -1 -1 -1 0 
4 5 560 636 715 79 -1 -1 -1 0 
5 1 1193 334 86 56 -1 -1 -1 0 
5 2 574 348 41 35 -1 -1 -1 0 
5 3 644 307 71 76 -1 -1 -1 0 
5 4 843 335 26 19 -1 -1 -1 0 
5 5 564 635 708 80 -1 -1 -1 0 
6 1 1191 334 88 57 -1 -1 -1 0 
6 2 575 348 40 34 -1 -1 -1 0 
6 3 644 308 72 75 -1 -1 -1 0 
6 5 557 636 721 79 -1 -1 -1 0 
7 1 1190 334 89 58 -1 -1 -1 0 
7 2 574 348 43 34 -1 -1 -1 0 
7 3 644 308 72 76 -1 -1 -1 0 
7 5 561 635 711 80 -1 -1 -1 0 
8 1 1187 336 92 56 -1 -1 -1 0 
8 2 575 348 41 35 -1 -1 -1 0 
8 3 644 308 72 76 -1 -1 -1 0 
8 5 559 636 716 78 -1 -1 -1 0 
9 1 1184 336 95 59 -1 -1 -1 0 
9 2 574 348 43 35 -1 -1 -1 0 
9 3 644 308 71 76 -1 -1 -1 0 
9 5 560 636 714 78 -1 -1 -1 0 
10 1 1182 337 97 55 -1 -1 -1 0 
10 2 575 349 41 34 -1 -1 -1 0 
10 3 644 309 70 76 -1 -1 -1 0 
10 5 559 636 715 78 -1 -1 -1 0 
11 1 1183 337 96 56 -1 -1 -1 0 
11 2 576 349 41 33 -1 -1 -1 0 
11 3 644 309 70 76 -1 -1 -1 0 
11 5 561 637 712 78 -1 -1 -1 0 
12 1 1181 338 98 56 -1 -1 -1 0 
12 2 578 348 37 34 -1 -1 -1 0 
12 3 643 309 70 76 -1 -1 -1 0 
12 5 565 636 707 79 -1 -1 -1 0 
13 1 1180 338 99 56 -1 -1 -1 0 
13 2 578 348 38 33 -1 -1 -1 0 
13 3 643 308 70 76 -1 -1 -1 0 
13 5 556 636 719 80 -1 -1 -1 0 
14 1 1179 338 100 56 -1 -1 -1 0 
14 2 579 347 36 34 -1 -1 -1 0 
14 3 644 307 69 77 -1 -1 -1 0 
14 5 556 636 722 79 -1 -1 -1 0 
14 7 653 111 18 53 -1 -1 -1 0 
15 1 1178 338 101 56 -1 -1 -1 0 
15 2 579 347 37 33 -1 -1 -1 0 
15 3 645 307 67 77 -1 -1 -1 0 
15 5 560 636 715 79 -1 -1 -1 0 
15 7 653 111 19 53 -1 -1 -1 0 
16 1 1176 338 103 55 -1 -1 -1 0 
16 2 579 346 39 33 -1 -1 -1 0 
16 3 644 306 69 79 -1 -1 -1 0 
16 5 561 635 713 80 -1 -1 -1 0 
16 7 653 111 20 52 -1 -1 -1 0 
17 1 1176 337 103 56 -1 -1 -1 0 
17 2 580 346 37 32 -1 -1 -1 0 
17 3 644 306 70 79 -1 -1 -1 0 
17 5 559 635 717 80 -1 -1 -1 0 
17 7 654 111 19 52 -1 -1 -1 0 
18 1 1174 337 105 54 -1 -1 -1 0 
18 2 581 346 37 32 -1 -1 -1 0 
18 3 644 306 70 78 -1 -1 -1 0 
18 5 558 635 717 80 -1 -1 -1 0 
18 7 654 111 19 52 -1 -1 -1 0 
19 1 1173 337 106 54 -1 -1 -1 0 
19 2 582 346 37 31 -1 -1 -1 0 
19 3 645 306 68 78 -1 -1 -1 0 
19 5 556 634 719 80 -1 -1 -1 0 
20 1 1172 337 107 54 -1 -1 -1 0 
20 2 583 346 35 31 -1 -1 -1 0 
20 3 645 305 68 80 -1 -1 -1 0 
20 5 557 634 719 80 -1 -1 -1 0 
21 1 1171 337 108 53 -1 -1 -1 0 
21 2 583 346 36 31 -1 -1 -1 0 
21 3 644 305 70 80 -1 -1 -1 0 
21 5 557 635 720 79 -1 -1 -1 0 
22 1 1170 336 109 54 -1 -1 -1 0 
22 2 582 346 38 31 -1 -1 -1 0 
22 3 645 305 68 80 -1 -1 -1 0 
22 5 552 637 727 77 -1 -1 -1 0 
22 7 655 111 19 52 -1 -1 -1 0 
23 1 1169 336 110 54 -1 -1 -1 0 
23 2 583 346 37 30 -1 -1 -1 0 
23 3 645 305 68 80 -1 -1 -1 0 
23 5 565 636 705 79 -1 -1 -1 0 
23 7 656 110 19 52 -1 -1 -1 0 
24 1 1166 336 113 53 -1 -1 -1 0 
24 2 584 346 36 29 -1 -1 -1 0 
24 3 645 305 67 80 -1 -1 -1 0 
24 5 564 635 707 80 -1 -1 -1 0 
25 1 1166 335 113 54 -1 -1 -1 0 
25 2 584 346 36 29 -1 -1 -1 0 
25 3 645 305 67 80 -1 -1 -1 0 
25 5 559 634 717 81 -1 -1 -1 0 
25 7 656 110 20 52 -1 -1 -1 0 
26 1 1165 335 114 53 -1 -1 -1 0 
26 2 584 346 36 29 -1 -1 -1 0 
26 3 645 304 68 81 -1 -1 -1 0 
26 5 557 635 722 80 -1 -1 -1 0 
26 7 657 110 19 51 -1 -1 -1 0 
27 1 1165 333 114 54 -1 -1 -1 0 
27 2 585 345 34 29 -1 -1 -1 0 
27 3 645 303 67 81 -1 -1 -1 0 
27 5 557 635 721 80 -1 -1 -1 0 
28 1 1163 333 116 53 -1 -1 -1 0 
28 2 584 346 37 28 -1 -1 -1 0 
28 3 644 304 69 80 -1 -1 -1 0 
28 5 553 637 726 78 -1 -1 -1 0 
29 1 1162 333 117 53 -1 -1 -1 0 
29 2 584 346 37 28 -1 -1 -1 0 
29 3 645 303 68 81 -1 -1 -1 0 
29 5 561 637 712 78 -1 -1 -1 0 
30 1 1161 333 109 50 -1 -1 -1 0 
30 2 585 346 35 27 -1 -1 -1 0 
30 3 645 303 68 80 -1 -1 -1 0 
30 5 561 636 713 79 -1 -1 -1 0 
31 1 1159 332 117 52 -1 -1 -1 0 
31 2 585 346 36 27 -1 -1 -1 0 
31 3 645 302 69 81 -1 -1 -1 0 
31 5 560 636 715 79 -1 -1 -1 0 
32 1 1158 332 120 51 -1 -1 -1 0 
32 2 586 346 35 27 -1 -1 -1 0 
32 3 646 302 67 81 -1 -1 -1 0 
32 5 560 636 715 79 -1 -1 -1 0 
33 1 1157 332 122 51 -1 -1 -1 0 
33 2 586 346 35 28 -1 -1 -1 0 
33 3 646 301 67 83 -1 -1 -1 0 
33 5 560 636 715 79 -1 -1 -1 0 
34 1 1155 332 124 51 -1 -1 -1 0 
34 2 586 346 35 28 -1 -1 -1 0 
34 3 646 301 67 84 -1 -1 -1 0 
34 5 561 636 714 78 -1 -1 -1 0 
35 1 1155 332 124 51 -1 -1 -1 0 
35 2 586 346 35 28 -1 -1 -1 0 
35 3 645 301 68 84 -1 -1 -1 0 
35 5 556 636 722 78 -1 -1 -1 0 
36 1 1153 333 126 50 -1 -1 -1 0 
36 2 586 346 35 28 -1 -1 -1 0 
36 3 645 300 69 85 -1 -1 -1 0 
36 5 560 635 715 79 -1 -1 -1 0 
37 1 1152 333 126 50 -1 -1 -1 0 
37 2 585 347 36 27 -1 -1 -1 0 
37 3 645 302 69 82 -1 -1 -1 0 
37 5 559 635 717 79 -1 -1 -1 0 
38 1 1151 333 128 50 -1 -1 -1 0 
38 2 586 347 35 27 -1 -1 -1 0 
38 3 646 302 68 82 -1 -1 -1 0 
38 5 565 636 707 79 -1 -1 -1 0 
39 1 1149 332 130 51 -1 -1 -1 0 
39 2 585 347 36 26 -1 -1 -1 0 
39 3 645 304 69 80 -1 -1 -1 0 
39 5 559 636 717 79 -1 -1 -1 0 
40 1 1148 332 131 50 -1 -1 -1 0 
40 2 586 347 35 26 -1 -1 -1 0 
40 3 645 304 69 80 -1 -1 -1 0 
40 5 559 635 716 80 -1 -1 -1 0 
