3 1 12 289 374 257 -1 -1 -1 0 
3 2 725 342 28 23 -1 -1 -1 0 
4 1 0 284 494 274 -1 -1 -1 0 
4 2 725 342 29 23 -1 -1 -1 0 
5 1 0 271 488 285 -1 -1 -1 0 
5 2 725 344 30 20 -1 -1 -1 0 
6 1 0 289 480 272 -1 -1 -1 0 
6 2 727 341 27 22 -1 -1 -1 0 
7 1 0 287 490 283 -1 -1 -1 0 
7 2 726 340 29 23 -1 -1 -1 0 
7 4 910 319 53 47 -1 -1 -1 0 
8 1 0 312 416 252 -1 -1 -1 0 
8 2 727 340 28 23 -1 -1 -1 0 
8 4 914 319 54 47 -1 -1 -1 0 
9 1 0 344 363 219 -1 -1 -1 0 
9 2 728 341 28 24 -1 -1 -1 0 
9 4 917 319 56 49 -1 -1 -1 0 
10 1 0 351 354 218 -1 -1 -1 0 
10 2 727 342 30 24 -1 -1 -1 0 
10 4 919 319 60 49 -1 -1 -1 0 
11 2 727 342 30 25 -1 -1 -1 0 
11 4 924 318 59 51 -1 -1 -1 0 
12 2 727 343 31 24 -1 -1 -1 0 
12 4 927 318 60 52 -1 -1 -1 0 
13 2 729 343 28 24 -1 -1 -1 0 
14 2 728 343 31 23 -1 -1 -1 0 
15 2 730 341 28 23 -1 -1 -1 0 
15 4 934 331 63 38 -1 -1 -1 0 
16 2 729 340 29 23 -1 -1 -1 0 
16 4 938 332 62 37 -1 -1 -1 0 
17 2 729 339 29 24 -1 -1 -1 0 
17 10 338 350 58 27 -1 -1 -1 0 
18 2 728 339 30 23 -1 -1 -1 0 
18 10 324 350 60 32 -1 -1 -1 0 
19 2 729 339 28 24 -1 -1 -1 0 
19 10 306 350 67 34 -1 -1 -1 0 
19 12 678 339 15 15 -1 -1 -1 0 
20 2 729 341 29 24 -1 -1 -1 0 
20 10 288 352 73 33 -1 -1 -1 0 
20 12 679 340 15 17 -1 -1 -1 0 
21 2 729 341 30 25 -1 -1 -1 0 
21 10 270 354 77 33 -1 -1 -1 0 
21 12 678 340 17 18 -1 -1 -1 0 
22 2 730 343 30 25 -1 -1 -1 0 
22 10 249 356 84 34 -1 -1 -1 0 
22 12 678 341 17 18 -1 -1 -1 0 
23 2 731 344 30 24 -1 -1 -1 0 
23 10 227 358 89 36 -1 -1 -1 0 
23 12 679 342 16 17 -1 -1 -1 0 
24 2 731 344 30 24 -1 -1 -1 0 
24 10 201 359 97 39 -1 -1 -1 0 
24 12 679 342 17 17 -1 -1 -1 0 
25 2 732 342 29 25 -1 -1 -1 0 
25 10 174 361 103 40 -1 -1 -1 0 
25 12 680 341 16 18 -1 -1 -1 0 
26 2 732 342 30 25 -1 -1 -1 0 
26 10 141 362 116 44 -1 -1 -1 0 
26 12 680 341 15 18 -1 -1 -1 0 
27 2 732 341 30 27 -1 -1 -1 0 
27 10 101 364 130 47 -1 -1 -1 0 
27 12 681 341 15 18 -1 -1 -1 0 
28 2 732 341 31 27 -1 -1 -1 0 
28 10 55 365 149 53 -1 -1 -1 0 
28 12 680 341 16 18 -1 -1 -1 0 
29 2 733 340 31 28 -1 -1 -1 0 
29 10 6 367 164 58 -1 -1 -1 0 
29 12 680 341 16 18 -1 -1 -1 0 
30 2 733 341 31 27 -1 -1 -1 0 
30 10 0 369 130 62 -1 -1 -1 0 
30 12 680 341 16 18 -1 -1 -1 0 
31 2 733 341 31 27 -1 -1 -1 0 
31 10 0 371 76 63 -1 -1 -1 0 
31 12 680 341 16 18 -1 -1 -1 0 
32 2 733 341 31 27 -1 -1 -1 0 
32 10 0 373 46 65 -1 -1 -1 0 
33 2 731 341 34 26 -1 -1 -1 0 
33 12 677 340 18 18 -1 -1 -1 0 
34 2 732 341 32 26 -1 -1 -1 0 
34 12 677 340 17 18 -1 -1 -1 0 
35 2 732 341 32 26 -1 -1 -1 0 
35 12 675 340 19 18 -1 -1 -1 0 
36 2 732 342 32 26 -1 -1 -1 0 
36 12 675 341 19 17 -1 -1 -1 0 
37 2 732 341 31 27 -1 -1 -1 0 
37 12 675 341 18 17 -1 -1 -1 0 
38 2 731 341 33 27 -1 -1 -1 0 
38 12 674 342 19 15 -1 -1 -1 0 
39 2 731 340 32 27 -1 -1 -1 0 
39 12 674 341 19 15 -1 -1 -1 0 
40 2 731 340 33 27 -1 -1 -1 0 
40 12 675 341 16 15 -1 -1 -1 0 
