3 1 667 351 50 35 -1 -1 -1 0 
3 2 542 338 39 31 -1 -1 -1 0 
3 3 558 636 679 80 -1 -1 -1 0 
4 1 667 352 51 33 -1 -1 -1 0 
4 2 544 338 38 31 -1 -1 -1 0 
4 3 580 636 699 80 -1 -1 -1 0 
4 4 805 330 17 13 -1 -1 -1 0 
5 1 667 352 50 34 -1 -1 -1 0 
5 2 545 339 40 30 -1 -1 -1 0 
5 3 585 635 694 83 -1 -1 -1 0 
5 4 807 329 16 13 -1 -1 -1 0 
5 5 1162 332 114 32 -1 -1 -1 0 
5 6 919 334 21 14 -1 -1 -1 0 
6 1 667 349 50 36 -1 -1 -1 0 
6 2 547 339 39 29 -1 -1 -1 0 
6 3 571 635 708 82 -1 -1 -1 0 
6 4 809 328 16 14 -1 -1 -1 0 
6 5 1170 331 109 31 -1 -1 -1 0 
6 6 926 332 18 16 -1 -1 -1 0 
6 8 964 333 37 17 -1 -1 -1 0 
7 1 667 348 50 37 -1 -1 -1 0 
7 2 549 340 37 28 -1 -1 -1 0 
7 3 568 635 711 81 -1 -1 -1 0 
7 4 811 328 16 13 -1 -1 -1 0 
7 5 1184 330 95 32 -1 -1 -1 0 
7 6 930 331 20 16 -1 -1 -1 0 
7 8 967 332 43 19 -1 -1 -1 0 
7 9 476 326 39 31 -1 -1 -1 0 
8 1 666 347 52 38 -1 -1 -1 0 
8 2 550 340 37 28 -1 -1 -1 0 
8 3 572 633 707 83 -1 -1 -1 0 
8 4 813 328 16 13 -1 -1 -1 0 
8 5 1193 330 86 32 -1 -1 -1 0 
8 6 934 332 21 15 -1 -1 -1 0 
8 8 970 332 46 19 -1 -1 -1 0 
8 9 470 325 41 31 -1 -1 -1 0 
8 10 620 343 29 21 -1 -1 -1 0 
8 11 399 345 41 20 -1 -1 -1 0 
9 1 667 347 50 38 -1 -1 -1 0 
9 2 552 340 36 27 -1 -1 -1 0 
9 3 565 634 714 82 -1 -1 -1 0 
9 4 815 328 16 13 -1 -1 -1 0 
9 5 1203 331 76 32 -1 -1 -1 0 
9 6 941 331 20 16 -1 -1 -1 0 
9 8 975 332 45 19 -1 -1 -1 0 
9 9 460 325 47 32 -1 -1 -1 0 
9 10 620 343 29 21 -1 -1 -1 0 
9 11 382 346 42 19 -1 -1 -1 0 
10 1 666 346 52 38 -1 -1 -1 0 
10 2 551 341 39 26 -1 -1 -1 0 
10 3 563 635 716 81 -1 -1 -1 0 
10 4 818 328 16 13 -1 -1 -1 0 
10 5 1213 332 66 31 -1 -1 -1 0 
10 6 945 331 21 17 -1 -1 -1 0 
10 8 980 333 41 19 -1 -1 -1 0 
10 9 455 326 46 31 -1 -1 -1 0 
10 10 621 343 29 21 -1 -1 -1 0 
10 11 362 346 46 21 -1 -1 -1 0 
11 1 667 346 50 38 -1 -1 -1 0 
11 2 554 341 36 25 -1 -1 -1 0 
11 3 564 635 715 80 -1 -1 -1 0 
11 4 820 328 16 13 -1 -1 -1 0 
11 5 1224 333 55 30 -1 -1 -1 0 
11 6 950 332 22 16 -1 -1 -1 0 
11 8 987 333 28 19 -1 -1 -1 0 
11 9 457 325 37 32 -1 -1 -1 0 
11 10 622 341 27 23 -1 -1 -1 0 
11 11 339 347 53 21 -1 -1 -1 0 
12 1 667 345 50 39 -1 -1 -1 0 
12 2 556 340 35 26 -1 -1 -1 0 
12 3 564 635 715 80 -1 -1 -1 0 
12 4 823 328 15 13 -1 -1 -1 0 
12 5 1235 336 44 26 -1 -1 -1 0 
12 6 958 332 20 16 -1 -1 -1 0 
12 8 987 333 47 19 -1 -1 -1 0 
12 9 452 325 39 31 -1 -1 -1 0 
12 10 621 341 29 22 -1 -1 -1 0 
12 11 311 348 60 21 -1 -1 -1 0 
13 1 666 345 51 39 -1 -1 -1 0 
13 2 557 339 35 26 -1 -1 -1 0 
13 3 562 635 717 80 -1 -1 -1 0 
13 4 825 328 17 13 -1 -1 -1 0 
13 5 1246 343 33 18 -1 -1 -1 0 
13 6 963 331 23 17 -1 -1 -1 0 
13 8 995 332 47 20 -1 -1 -1 0 
13 9 446 324 39 32 -1 -1 -1 0 
13 10 621 340 29 23 -1 -1 -1 0 
13 11 282 348 61 25 -1 -1 -1 0 
14 1 666 345 52 39 -1 -1 -1 0 
14 2 557 339 37 26 -1 -1 -1 0 
14 3 563 635 716 80 -1 -1 -1 0 
14 4 828 329 16 12 -1 -1 -1 0 
14 5 1255 344 24 17 -1 -1 -1 0 
14 6 970 332 22 16 -1 -1 -1 0 
14 8 1004 334 32 18 -1 -1 -1 0 
14 9 439 324 39 33 -1 -1 -1 0 
14 10 621 341 29 22 -1 -1 -1 0 
14 11 245 350 73 26 -1 -1 -1 0 
15 1 666 345 52 39 -1 -1 -1 0 
15 2 559 338 35 27 -1 -1 -1 0 
15 3 563 634 716 81 -1 -1 -1 0 
15 4 830 328 17 13 -1 -1 -1 0 
15 6 976 332 24 17 -1 -1 -1 0 
15 8 1007 334 40 20 -1 -1 -1 0 
15 9 430 323 44 34 -1 -1 -1 0 
15 10 622 340 27 23 -1 -1 -1 0 
15 11 199 351 85 28 -1 -1 -1 0 
15 13 501 341 25 13 -1 -1 -1 0 
16 1 666 344 52 40 -1 -1 -1 0 
16 2 560 338 35 26 -1 -1 -1 0 
16 3 560 635 719 79 -1 -1 -1 0 
16 4 833 327 17 14 -1 -1 -1 0 
16 6 983 332 23 17 -1 -1 -1 0 
16 8 1014 333 49 21 -1 -1 -1 0 
16 9 421 323 46 36 -1 -1 -1 0 
16 10 622 340 27 23 -1 -1 -1 0 
16 11 142 352 107 31 -1 -1 -1 0 
16 13 490 343 26 12 -1 -1 -1 0 
17 1 666 344 51 39 -1 -1 -1 0 
17 2 562 337 33 27 -1 -1 -1 0 
17 3 564 635 715 79 -1 -1 -1 0 
17 4 836 327 17 13 -1 -1 -1 0 
17 6 991 332 23 17 -1 -1 -1 0 
17 8 1024 333 30 19 -1 -1 -1 0 
17 9 413 323 47 36 -1 -1 -1 0 
17 10 621 340 28 23 -1 -1 -1 0 
17 11 70 353 134 35 -1 -1 -1 0 
17 13 479 343 28 13 -1 -1 -1 0 
18 1 667 344 49 39 -1 -1 -1 0 
18 2 562 337 35 26 -1 -1 -1 0 
18 3 563 634 716 80 -1 -1 -1 0 
18 4 839 327 17 13 -1 -1 -1 0 
18 6 998 333 25 17 -1 -1 -1 0 
18 8 1023 333 53 20 -1 -1 -1 0 
18 9 404 322 49 38 -1 -1 -1 0 
18 10 620 341 30 22 -1 -1 -1 0 
18 11 6 356 123 38 -1 -1 -1 0 
18 13 468 344 30 13 -1 -1 -1 0 
19 1 666 344 51 39 -1 -1 -1 0 
19 2 564 336 33 27 -1 -1 -1 0 
19 3 563 635 716 79 -1 -1 -1 0 
19 4 842 326 16 14 -1 -1 -1 0 
19 6 1007 333 23 17 -1 -1 -1 0 
19 8 1034 333 52 20 -1 -1 -1 0 
19 9 391 321 53 39 -1 -1 -1 0 
19 10 621 340 28 23 -1 -1 -1 0 
19 11 0 357 86 39 -1 -1 -1 0 
19 13 456 344 32 14 -1 -1 -1 0 
20 1 666 344 51 39 -1 -1 -1 0 
20 2 565 336 33 27 -1 -1 -1 0 
20 3 565 633 710 81 -1 -1 -1 0 
20 4 844 326 19 14 -1 -1 -1 0 
20 6 1015 333 23 18 -1 -1 -1 0 
20 8 1043 332 53 22 -1 -1 -1 0 
20 9 379 321 55 40 -1 -1 -1 0 
20 10 621 340 28 23 -1 -1 -1 0 
20 13 443 344 33 15 -1 -1 -1 0 
20 15 26 357 113 35 -1 -1 -1 0 
20 17 280 352 68 21 -1 -1 -1 0 
21 1 667 344 49 39 -1 -1 -1 0 
21 2 567 336 32 27 -1 -1 -1 0 
21 3 567 633 712 81 -1 -1 -1 0 
21 4 849 325 17 14 -1 -1 -1 0 
21 5 510 346 21 12 -1 -1 -1 0 
21 6 1023 333 25 18 -1 -1 -1 0 
21 8 1053 332 52 22 -1 -1 -1 0 
21 9 367 320 59 41 -1 -1 -1 0 
21 10 620 340 30 22 -1 -1 -1 0 
21 13 425 345 41 15 -1 -1 -1 0 
21 15 0 358 113 37 -1 -1 -1 0 
21 17 243 354 78 23 -1 -1 -1 0 
21 18 332 345 51 22 -1 -1 -1 0 
22 1 666 344 51 39 -1 -1 -1 0 
22 2 567 337 33 26 -1 -1 -1 0 
22 4 852 325 16 14 -1 -1 -1 0 
22 5 494 344 16 11 -1 -1 -1 0 
22 6 1031 333 27 18 -1 -1 -1 0 
22 8 1062 332 54 21 -1 -1 -1 0 
22 9 354 320 61 42 -1 -1 -1 0 
22 10 620 340 30 22 -1 -1 -1 0 
22 13 411 345 40 16 -1 -1 -1 0 
22 17 202 356 88 24 -1 -1 -1 0 
22 18 313 345 59 23 -1 -1 -1 0 
23 1 667 344 50 39 -1 -1 -1 0 
23 2 568 337 33 25 -1 -1 -1 0 
23 4 854 324 17 15 -1 -1 -1 0 
23 5 449 346 28 11 -1 -1 -1 0 
23 6 1041 333 28 18 -1 -1 -1 0 
23 8 1071 332 57 21 -1 -1 -1 0 
23 9 339 319 65 45 -1 -1 -1 0 
23 10 620 340 30 22 -1 -1 -1 0 
23 13 389 347 48 16 -1 -1 -1 0 
23 17 149 358 102 25 -1 -1 -1 0 
23 18 294 346 61 24 -1 -1 -1 0 
24 1 667 344 51 39 -1 -1 -1 0 
24 2 570 337 32 25 -1 -1 -1 0 
24 3 559 635 720 79 -1 -1 -1 0 
24 5 434 347 28 12 -1 -1 -1 0 
24 6 1051 334 28 17 -1 -1 -1 0 
24 8 1082 332 57 21 -1 -1 -1 0 
24 9 330 318 66 46 -1 -1 -1 0 
24 10 621 340 28 23 -1 -1 -1 0 
24 13 368 348 49 18 -1 -1 -1 0 
24 17 82 361 119 30 -1 -1 -1 0 
24 18 273 347 65 25 -1 -1 -1 0 
25 1 667 344 51 39 -1 -1 -1 0 
25 2 572 337 29 25 -1 -1 -1 0 
25 3 560 635 719 79 -1 -1 -1 0 
25 5 422 348 31 12 -1 -1 -1 0 
25 6 1062 334 27 17 -1 -1 -1 0 
25 8 1090 332 62 22 -1 -1 -1 0 
25 10 622 340 27 23 -1 -1 -1 0 
25 13 342 348 56 20 -1 -1 -1 0 
25 17 4 364 144 32 -1 -1 -1 0 
25 18 247 348 73 26 -1 -1 -1 0 
26 1 667 344 51 38 -1 -1 -1 0 
26 2 572 337 31 25 -1 -1 -1 0 
26 5 409 349 32 13 -1 -1 -1 0 
26 6 938 328 18 16 -1 -1 -1 0 
26 8 1100 333 65 22 -1 -1 -1 0 
26 10 621 341 29 22 -1 -1 -1 0 
26 13 310 352 58 19 -1 -1 -1 0 
26 17 0 368 71 29 -1 -1 -1 0 
26 18 220 348 81 29 -1 -1 -1 0 
27 1 668 344 50 38 -1 -1 -1 0 
27 2 573 336 31 26 -1 -1 -1 0 
27 4 1065 334 28 16 -1 -1 -1 0 
27 5 395 350 37 12 -1 -1 -1 0 
27 6 888 325 19 16 -1 -1 -1 0 
27 8 1112 333 65 23 -1 -1 -1 0 
27 10 621 341 29 23 -1 -1 -1 0 
27 13 272 353 73 22 -1 -1 -1 0 
27 17 0 370 27 31 -1 -1 -1 0 
27 18 188 349 87 30 -1 -1 -1 0 
28 1 668 345 49 38 -1 -1 -1 0 
28 2 574 338 30 25 -1 -1 -1 0 
28 4 1093 335 27 18 -1 -1 -1 0 
28 5 380 351 38 13 -1 -1 -1 0 
28 6 876 325 20 15 -1 -1 -1 0 
28 8 1123 333 68 25 -1 -1 -1 0 
28 10 622 341 27 23 -1 -1 -1 0 
28 13 228 352 82 26 -1 -1 -1 0 
28 18 154 351 79 32 -1 -1 -1 0 
29 1 668 345 49 38 -1 -1 -1 0 
29 2 575 337 29 25 -1 -1 -1 0 
29 4 1110 335 30 19 -1 -1 -1 0 
29 5 362 352 44 13 -1 -1 -1 0 
29 8 1136 333 72 25 -1 -1 -1 0 
29 10 621 342 29 22 -1 -1 -1 0 
29 13 166 353 101 29 -1 -1 -1 0 
29 18 111 351 82 35 -1 -1 -1 0 
30 1 669 345 49 38 -1 -1 -1 0 
30 2 575 337 31 25 -1 -1 -1 0 
30 4 1125 336 31 18 -1 -1 -1 0 
30 5 341 352 45 14 -1 -1 -1 0 
30 8 1151 333 72 26 -1 -1 -1 0 
30 10 621 343 29 21 -1 -1 -1 0 
30 13 134 354 108 30 -1 -1 -1 0 
30 18 58 353 145 36 -1 -1 -1 0 
31 1 669 344 49 38 -1 -1 -1 0 
31 2 577 337 29 24 -1 -1 -1 0 
31 4 1139 336 32 19 -1 -1 -1 0 
31 8 1165 333 78 26 -1 -1 -1 0 
31 10 621 343 28 21 -1 -1 -1 0 
31 18 10 354 125 41 -1 -1 -1 0 
32 1 669 344 49 38 -1 -1 -1 0 
32 2 578 337 28 24 -1 -1 -1 0 
32 4 1153 334 33 20 -1 -1 -1 0 
32 8 1180 333 80 26 -1 -1 -1 0 
32 10 621 342 28 21 -1 -1 -1 0 
32 18 0 354 102 40 -1 -1 -1 0 
33 1 668 344 50 38 -1 -1 -1 0 
33 2 579 337 28 23 -1 -1 -1 0 
33 4 1167 333 35 21 -1 -1 -1 0 
33 8 1201 332 54 26 -1 -1 -1 0 
33 10 622 342 27 21 -1 -1 -1 0 
33 18 0 355 75 42 -1 -1 -1 0 
34 1 668 344 50 38 -1 -1 -1 0 
34 2 580 337 28 23 -1 -1 -1 0 
34 4 1182 333 37 21 -1 -1 -1 0 
34 5 418 348 25 12 -1 -1 -1 0 
34 8 1217 332 58 26 -1 -1 -1 0 
34 10 621 342 29 21 -1 -1 -1 0 
35 1 669 344 47 37 -1 -1 -1 0 
35 2 580 337 29 23 -1 -1 -1 0 
35 4 1198 333 40 21 -1 -1 -1 0 
35 5 416 348 24 12 -1 -1 -1 0 
35 8 1238 332 41 26 -1 -1 -1 0 
35 10 622 342 27 21 -1 -1 -1 0 
36 1 669 344 47 37 -1 -1 -1 0 
36 2 582 337 26 22 -1 -1 -1 0 
36 4 1244 336 25 21 -1 -1 -1 0 
36 5 408 349 26 11 -1 -1 -1 0 
36 6 465 345 21 12 -1 -1 -1 0 
36 8 1227 332 41 24 -1 -1 -1 0 
36 10 621 342 28 21 -1 -1 -1 0 
37 1 669 343 47 38 -1 -1 -1 0 
37 2 582 338 27 21 -1 -1 -1 0 
37 4 1265 336 14 21 -1 -1 -1 0 
37 5 398 349 28 12 -1 -1 -1 0 
37 6 442 347 25 12 -1 -1 -1 0 
37 8 1235 332 39 23 -1 -1 -1 0 
37 10 621 342 28 21 -1 -1 -1 0 
38 1 668 343 49 38 -1 -1 -1 0 
38 2 583 338 26 21 -1 -1 -1 0 
38 5 387 349 30 13 -1 -1 -1 0 
38 6 430 347 23 13 -1 -1 -1 0 
38 8 1253 331 26 23 -1 -1 -1 0 
38 10 621 342 27 21 -1 -1 -1 0 
39 1 668 344 49 37 -1 -1 -1 0 
39 2 584 338 25 21 -1 -1 -1 0 
39 5 375 350 33 13 -1 -1 -1 0 
39 6 419 348 25 13 -1 -1 -1 0 
39 8 1264 331 15 23 -1 -1 -1 0 
39 10 619 343 29 20 -1 -1 -1 0 
40 1 668 344 49 37 -1 -1 -1 0 
40 3 560 635 717 79 -1 -1 -1 0 
40 5 363 350 32 13 -1 -1 -1 0 
40 6 410 349 26 13 -1 -1 -1 0 
40 10 620 343 27 20 -1 -1 -1 0 
