3 1 556 336 60 54 -1 -1 -1 0 
3 2 632 347 20 15 -1 -1 -1 0 
3 3 677 346 29 23 -1 -1 -1 0 
4 1 557 336 59 54 -1 -1 -1 0 
4 2 632 346 20 16 -1 -1 -1 0 
4 3 677 346 29 23 -1 -1 -1 0 
5 1 558 336 59 53 -1 -1 -1 0 
5 2 632 344 20 17 -1 -1 -1 0 
5 3 677 344 29 24 -1 -1 -1 0 
6 1 558 336 59 52 -1 -1 -1 0 
6 2 632 343 20 18 -1 -1 -1 0 
6 3 676 344 31 24 -1 -1 -1 0 
7 1 558 335 59 53 -1 -1 -1 0 
7 2 631 342 22 19 -1 -1 -1 0 
7 3 677 344 29 23 -1 -1 -1 0 
8 1 559 334 58 53 -1 -1 -1 0 
8 2 631 343 21 17 -1 -1 -1 0 
8 3 676 343 31 24 -1 -1 -1 0 
9 1 559 334 58 53 -1 -1 -1 0 
9 2 631 343 22 17 -1 -1 -1 0 
9 3 676 344 32 23 -1 -1 -1 0 
9 5 558 633 718 82 -1 -1 -1 0 
10 1 559 334 59 53 -1 -1 -1 0 
10 2 631 343 22 16 -1 -1 -1 0 
10 3 677 344 30 23 -1 -1 -1 0 
10 5 558 633 719 82 -1 -1 -1 0 
11 1 560 334 59 52 -1 -1 -1 0 
11 2 633 342 19 17 -1 -1 -1 0 
11 3 677 343 30 24 -1 -1 -1 0 
11 5 556 633 720 82 -1 -1 -1 0 
12 1 561 334 58 53 -1 -1 -1 0 
12 2 632 343 21 17 -1 -1 -1 0 
12 3 677 343 31 24 -1 -1 -1 0 
12 5 557 634 720 81 -1 -1 -1 0 
13 1 562 335 57 52 -1 -1 -1 0 
13 2 632 343 21 17 -1 -1 -1 0 
13 3 677 343 31 24 -1 -1 -1 0 
13 5 558 634 718 81 -1 -1 -1 0 
14 1 562 335 57 52 -1 -1 -1 0 
14 2 632 343 21 17 -1 -1 -1 0 
14 3 677 343 31 24 -1 -1 -1 0 
14 5 561 635 714 80 -1 -1 -1 0 
15 1 562 335 57 52 -1 -1 -1 0 
15 2 633 345 20 15 -1 -1 -1 0 
15 3 676 343 32 24 -1 -1 -1 0 
15 5 556 635 721 80 -1 -1 -1 0 
16 1 562 335 58 52 -1 -1 -1 0 
16 2 634 344 18 16 -1 -1 -1 0 
16 3 677 343 31 25 -1 -1 -1 0 
16 5 558 635 717 80 -1 -1 -1 0 
17 1 563 335 57 51 -1 -1 -1 0 
17 2 633 343 20 17 -1 -1 -1 0 
17 3 677 343 31 25 -1 -1 -1 0 
17 5 558 635 717 80 -1 -1 -1 0 
18 1 563 336 58 50 -1 -1 -1 0 
18 2 633 343 19 17 -1 -1 -1 0 
18 3 677 343 32 25 -1 -1 -1 0 
18 5 557 635 718 80 -1 -1 -1 0 
19 1 565 336 55 50 -1 -1 -1 0 
19 2 633 342 20 18 -1 -1 -1 0 
19 3 677 343 32 25 -1 -1 -1 0 
19 5 557 636 718 79 -1 -1 -1 0 
20 1 565 336 56 50 -1 -1 -1 0 
20 2 632 342 21 18 -1 -1 -1 0 
20 3 676 343 33 25 -1 -1 -1 0 
21 1 565 336 56 50 -1 -1 -1 0 
21 2 632 342 21 18 -1 -1 -1 0 
21 3 676 344 33 25 -1 -1 -1 0 
22 1 565 336 56 50 -1 -1 -1 0 
22 2 632 342 21 19 -1 -1 -1 0 
22 3 677 345 31 24 -1 -1 -1 0 
23 1 566 336 54 50 -1 -1 -1 0 
23 2 633 342 19 19 -1 -1 -1 0 
23 3 676 345 32 24 -1 -1 -1 0 
23 5 559 634 716 81 -1 -1 -1 0 
23 6 353 355 35 14 -1 -1 -1 0 
24 1 565 336 57 50 -1 -1 -1 0 
24 2 632 342 21 19 -1 -1 -1 0 
24 3 677 345 31 24 -1 -1 -1 0 
24 5 559 634 716 80 -1 -1 -1 0 
24 6 339 355 36 16 -1 -1 -1 0 
25 1 566 336 56 50 -1 -1 -1 0 
25 2 632 342 21 19 -1 -1 -1 0 
25 3 676 345 33 24 -1 -1 -1 0 
25 6 323 355 39 17 -1 -1 -1 0 
26 1 567 337 54 49 -1 -1 -1 0 
26 2 632 342 21 19 -1 -1 -1 0 
26 3 676 345 33 24 -1 -1 -1 0 
26 6 306 355 41 19 -1 -1 -1 0 
27 1 568 337 53 49 -1 -1 -1 0 
27 2 632 344 21 17 -1 -1 -1 0 
27 3 677 346 31 24 -1 -1 -1 0 
27 5 557 635 721 79 -1 -1 -1 0 
27 6 288 357 45 19 -1 -1 -1 0 
28 1 568 336 54 50 -1 -1 -1 0 
28 2 633 343 19 18 -1 -1 -1 0 
28 3 676 346 33 24 -1 -1 -1 0 
28 5 557 635 721 79 -1 -1 -1 0 
28 6 268 358 49 20 -1 -1 -1 0 
29 1 568 336 54 50 -1 -1 -1 0 
29 2 632 344 22 17 -1 -1 -1 0 
29 3 676 346 33 24 -1 -1 -1 0 
29 6 245 358 54 22 -1 -1 -1 0 
30 1 568 336 55 49 -1 -1 -1 0 
30 2 633 344 20 17 -1 -1 -1 0 
30 3 676 346 33 24 -1 -1 -1 0 
30 6 220 359 59 23 -1 -1 -1 0 
31 1 569 336 53 49 -1 -1 -1 0 
31 2 633 344 20 17 -1 -1 -1 0 
31 3 676 347 33 23 -1 -1 -1 0 
31 5 561 635 713 79 -1 -1 -1 0 
31 6 193 360 61 24 -1 -1 -1 0 
32 1 569 336 54 49 -1 -1 -1 0 
32 2 632 346 21 14 -1 -1 -1 0 
32 3 676 347 32 23 -1 -1 -1 0 
32 5 561 635 713 79 -1 -1 -1 0 
32 6 159 361 73 25 -1 -1 -1 0 
33 1 570 336 52 49 -1 -1 -1 0 
33 2 633 344 19 17 -1 -1 -1 0 
33 3 676 347 32 23 -1 -1 -1 0 
33 6 122 362 78 27 -1 -1 -1 0 
34 1 570 335 53 50 -1 -1 -1 0 
34 2 632 345 21 16 -1 -1 -1 0 
34 3 677 346 31 24 -1 -1 -1 0 
34 6 76 363 89 30 -1 -1 -1 0 
35 1 570 335 53 50 -1 -1 -1 0 
35 2 633 343 19 18 -1 -1 -1 0 
35 3 676 346 33 24 -1 -1 -1 0 
35 5 559 635 716 79 -1 -1 -1 0 
35 6 19 365 106 32 -1 -1 -1 0 
36 1 570 335 54 50 -1 -1 -1 0 
36 2 633 343 19 18 -1 -1 -1 0 
36 3 676 346 33 24 -1 -1 -1 0 
36 5 559 635 717 80 -1 -1 -1 0 
36 6 0 368 76 33 -1 -1 -1 0 
37 1 571 335 53 49 -1 -1 -1 0 
37 2 633 343 19 18 -1 -1 -1 0 
37 3 676 346 33 24 -1 -1 -1 0 
37 5 554 635 723 80 -1 -1 -1 0 
37 6 0 369 44 34 -1 -1 -1 0 
38 1 571 335 53 49 -1 -1 -1 0 
38 2 633 344 21 17 -1 -1 -1 0 
38 3 676 346 34 24 -1 -1 -1 0 
38 5 555 635 722 79 -1 -1 -1 0 
39 1 572 334 53 50 -1 -1 -1 0 
39 2 633 343 21 17 -1 -1 -1 0 
39 3 677 345 33 25 -1 -1 -1 0 
39 5 558 635 716 79 -1 -1 -1 0 
40 1 572 335 53 49 -1 -1 -1 0 
40 2 632 345 22 15 -1 -1 -1 0 
40 3 677 345 33 25 -1 -1 -1 0 
40 5 559 635 717 79 -1 -1 -1 0 
