3 1 932 341 93 45 -1 -1 -1 0 
3 2 498 349 87 62 -1 -1 -1 0 
3 3 719 341 36 28 -1 -1 -1 0 
3 4 274 346 59 27 -1 -1 -1 0 
3 5 352 342 35 20 -1 -1 -1 0 
3 6 592 339 46 33 -1 -1 -1 0 
3 7 444 339 25 19 -1 -1 -1 0 
3 8 565 635 710 80 -1 -1 -1 0 
4 1 934 341 92 45 -1 -1 -1 0 
4 2 501 349 85 62 -1 -1 -1 0 
4 3 719 341 37 28 -1 -1 -1 0 
4 4 245 346 66 30 -1 -1 -1 0 
4 5 336 344 39 19 -1 -1 -1 0 
4 6 594 339 44 34 -1 -1 -1 0 
4 7 436 339 27 20 -1 -1 -1 0 
4 8 566 635 710 80 -1 -1 -1 0 
4 9 491 339 27 22 -1 -1 -1 0 
4 10 703 342 20 19 -1 -1 -1 0 
5 1 934 341 94 45 -1 -1 -1 0 
5 2 503 350 85 60 -1 -1 -1 0 
5 3 720 341 37 28 -1 -1 -1 0 
5 4 210 347 76 31 -1 -1 -1 0 
5 5 322 345 39 20 -1 -1 -1 0 
5 6 595 339 44 34 -1 -1 -1 0 
5 7 428 340 28 19 -1 -1 -1 0 
5 8 569 635 705 80 -1 -1 -1 0 
5 9 484 339 29 23 -1 -1 -1 0 
5 10 702 341 22 21 -1 -1 -1 0 
6 1 935 341 93 45 -1 -1 -1 0 
6 2 505 351 84 59 -1 -1 -1 0 
6 3 720 341 37 28 -1 -1 -1 0 
6 4 169 348 88 34 -1 -1 -1 0 
6 5 304 345 43 22 -1 -1 -1 0 
6 6 597 339 42 34 -1 -1 -1 0 
6 7 419 339 29 21 -1 -1 -1 0 
6 8 563 634 713 82 -1 -1 -1 0 
6 9 475 339 32 25 -1 -1 -1 0 
6 10 702 341 22 21 -1 -1 -1 0 
7 1 936 341 94 45 -1 -1 -1 0 
7 2 507 352 83 57 -1 -1 -1 0 
7 3 721 341 37 28 -1 -1 -1 0 
7 4 121 349 101 37 -1 -1 -1 0 
7 5 283 346 49 22 -1 -1 -1 0 
7 6 597 339 43 34 -1 -1 -1 0 
7 7 409 340 31 22 -1 -1 -1 0 
7 8 561 636 717 80 -1 -1 -1 0 
7 9 465 341 36 23 -1 -1 -1 0 
7 10 702 341 22 21 -1 -1 -1 0 
8 1 937 340 92 45 -1 -1 -1 0 
8 2 509 352 81 56 -1 -1 -1 0 
8 3 722 340 36 28 -1 -1 -1 0 
8 4 58 350 124 40 -1 -1 -1 0 
8 5 261 346 52 24 -1 -1 -1 0 
8 6 598 338 43 34 -1 -1 -1 0 
8 7 398 339 32 24 -1 -1 -1 0 
8 8 559 635 717 81 -1 -1 -1 0 
8 9 457 341 32 23 -1 -1 -1 0 
8 10 703 341 21 20 -1 -1 -1 0 
9 1 936 341 95 44 -1 -1 -1 0 
9 2 511 352 81 55 -1 -1 -1 0 
9 3 722 340 37 28 -1 -1 -1 0 
9 4 4 352 123 44 -1 -1 -1 0 
9 5 237 346 55 27 -1 -1 -1 0 
9 6 597 339 45 33 -1 -1 -1 0 
9 7 386 339 35 24 -1 -1 -1 0 
9 8 563 634 710 82 -1 -1 -1 0 
9 9 446 342 32 23 -1 -1 -1 0 
9 10 702 341 23 20 -1 -1 -1 0 
9 11 664 341 20 17 -1 -1 -1 0 
10 1 937 341 95 44 -1 -1 -1 0 
10 2 513 352 80 55 -1 -1 -1 0 
10 3 722 339 37 29 -1 -1 -1 0 
10 4 0 353 63 45 -1 -1 -1 0 
10 5 208 347 63 27 -1 -1 -1 0 
10 6 599 339 43 32 -1 -1 -1 0 
10 7 371 340 39 24 -1 -1 -1 0 
10 8 557 635 721 81 -1 -1 -1 0 
10 9 432 342 38 24 -1 -1 -1 0 
10 10 702 341 23 20 -1 -1 -1 0 
10 11 664 342 22 16 -1 -1 -1 0 
11 1 938 341 95 45 -1 -1 -1 0 
11 2 515 352 79 54 -1 -1 -1 0 
11 3 722 339 37 30 -1 -1 -1 0 
11 4 0 354 25 47 -1 -1 -1 0 
11 5 176 348 67 29 -1 -1 -1 0 
11 6 601 339 41 32 -1 -1 -1 0 
11 7 357 342 41 23 -1 -1 -1 0 
11 8 558 635 719 81 -1 -1 -1 0 
11 9 418 342 42 26 -1 -1 -1 0 
11 10 702 341 24 20 -1 -1 -1 0 
11 11 665 341 20 17 -1 -1 -1 0 
12 1 939 341 94 46 -1 -1 -1 0 
12 2 517 352 78 53 -1 -1 -1 0 
12 3 723 340 36 30 -1 -1 -1 0 
12 5 136 348 79 31 -1 -1 -1 0 
12 6 601 339 40 32 -1 -1 -1 0 
12 7 341 342 44 25 -1 -1 -1 0 
12 8 568 635 706 81 -1 -1 -1 0 
12 9 402 343 46 27 -1 -1 -1 0 
12 10 703 341 22 20 -1 -1 -1 0 
12 11 665 340 20 18 -1 -1 -1 0 
13 1 938 342 97 45 -1 -1 -1 0 
13 2 519 352 76 53 -1 -1 -1 0 
13 3 722 341 39 29 -1 -1 -1 0 
13 5 89 349 92 34 -1 -1 -1 0 
13 6 601 339 41 32 -1 -1 -1 0 
13 7 321 342 48 27 -1 -1 -1 0 
13 8 562 636 717 80 -1 -1 -1 0 
13 9 385 344 48 28 -1 -1 -1 0 
13 10 703 341 22 20 -1 -1 -1 0 
13 11 665 341 21 18 -1 -1 -1 0 
14 1 940 343 95 45 -1 -1 -1 0 
14 2 521 352 74 53 -1 -1 -1 0 
14 3 723 341 38 30 -1 -1 -1 0 
14 5 32 350 103 37 -1 -1 -1 0 
14 6 602 339 41 32 -1 -1 -1 0 
14 7 302 344 52 27 -1 -1 -1 0 
14 8 561 636 715 80 -1 -1 -1 0 
14 9 363 345 55 29 -1 -1 -1 0 
14 10 703 342 23 20 -1 -1 -1 0 
14 11 665 341 21 18 -1 -1 -1 0 
15 1 940 344 98 44 -1 -1 -1 0 
15 2 522 352 74 53 -1 -1 -1 0 
15 3 723 342 38 29 -1 -1 -1 0 
15 5 0 352 83 39 -1 -1 -1 0 
15 6 603 339 40 33 -1 -1 -1 0 
15 7 280 344 55 29 -1 -1 -1 0 
15 8 565 636 710 80 -1 -1 -1 0 
15 9 338 346 61 31 -1 -1 -1 0 
15 10 703 342 23 20 -1 -1 -1 0 
15 11 666 342 21 17 -1 -1 -1 0 
15 15 431 341 27 20 -1 -1 -1 0 
16 1 940 344 98 45 -1 -1 -1 0 
16 2 524 351 74 54 -1 -1 -1 0 
16 3 723 342 39 29 -1 -1 -1 0 
16 5 0 353 49 40 -1 -1 -1 0 
16 6 603 339 41 33 -1 -1 -1 0 
16 7 253 344 61 31 -1 -1 -1 0 
16 8 560 636 717 79 -1 -1 -1 0 
16 9 309 346 68 35 -1 -1 -1 0 
16 10 704 343 24 19 -1 -1 -1 0 
16 11 667 342 20 17 -1 -1 -1 0 
16 15 422 340 27 21 -1 -1 -1 0 
16 16 485 341 25 17 -1 -1 -1 0 
17 1 942 343 95 45 -1 -1 -1 0 
17 2 525 351 75 52 -1 -1 -1 0 
17 3 724 341 38 30 -1 -1 -1 0 
17 6 603 339 42 32 -1 -1 -1 0 
17 7 222 343 66 33 -1 -1 -1 0 
17 8 561 636 713 80 -1 -1 -1 0 
17 9 274 347 80 36 -1 -1 -1 0 
17 10 705 342 23 19 -1 -1 -1 0 
17 11 667 342 20 16 -1 -1 -1 0 
17 15 411 340 32 21 -1 -1 -1 0 
17 16 451 341 24 14 -1 -1 -1 0 
18 1 941 343 96 45 -1 -1 -1 0 
18 2 527 350 73 53 -1 -1 -1 0 
18 3 724 341 39 30 -1 -1 -1 0 
18 6 604 339 41 32 -1 -1 -1 0 
18 7 185 344 73 36 -1 -1 -1 0 
18 8 560 636 716 80 -1 -1 -1 0 
18 9 231 347 93 40 -1 -1 -1 0 
18 10 706 342 23 19 -1 -1 -1 0 
18 11 666 342 21 16 -1 -1 -1 0 
18 15 400 339 34 22 -1 -1 -1 0 
18 16 435 340 25 16 -1 -1 -1 0 
19 1 942 343 96 45 -1 -1 -1 0 
19 2 529 349 71 53 -1 -1 -1 0 
19 3 724 341 39 30 -1 -1 -1 0 
19 6 604 339 42 31 -1 -1 -1 0 
19 7 139 345 81 38 -1 -1 -1 0 
19 8 561 635 714 81 -1 -1 -1 0 
19 9 175 348 112 44 -1 -1 -1 0 
19 10 706 342 23 19 -1 -1 -1 0 
19 11 668 341 19 17 -1 -1 -1 0 
19 15 388 340 36 22 -1 -1 -1 0 
19 16 452 340 27 18 -1 -1 -1 0 
20 1 942 342 97 46 -1 -1 -1 0 
20 2 530 348 71 53 -1 -1 -1 0 
20 3 724 340 39 30 -1 -1 -1 0 
20 6 606 338 39 31 -1 -1 -1 0 
20 7 85 345 76 39 -1 -1 -1 0 
20 8 565 635 706 82 -1 -1 -1 0 
20 9 102 348 138 49 -1 -1 -1 0 
20 10 706 342 23 19 -1 -1 -1 0 
20 11 668 340 19 17 -1 -1 -1 0 
20 15 375 340 37 23 -1 -1 -1 0 
20 16 450 340 28 17 -1 -1 -1 0 
21 1 941 343 101 46 -1 -1 -1 0 
21 2 531 349 70 51 -1 -1 -1 0 
21 3 725 340 39 30 -1 -1 -1 0 
21 6 607 338 38 31 -1 -1 -1 0 
21 7 52 345 80 41 -1 -1 -1 0 
21 8 567 635 709 82 -1 -1 -1 0 
21 9 14 349 161 56 -1 -1 -1 0 
21 10 707 341 22 20 -1 -1 -1 0 
21 11 668 340 20 17 -1 -1 -1 0 
21 15 361 340 40 23 -1 -1 -1 0 
21 16 444 341 26 18 -1 -1 -1 0 
21 20 412 340 29 16 -1 -1 -1 0 
22 1 942 344 100 45 -1 -1 -1 0 
22 2 532 349 70 51 -1 -1 -1 0 
22 3 726 340 37 31 -1 -1 -1 0 
22 6 607 338 39 31 -1 -1 -1 0 
22 8 561 636 715 82 -1 -1 -1 0 
22 9 0 350 88 59 -1 -1 -1 0 
22 10 706 341 24 20 -1 -1 -1 0 
22 11 668 339 20 17 -1 -1 -1 0 
22 15 346 341 42 24 -1 -1 -1 0 
22 16 434 341 25 19 -1 -1 -1 0 
22 20 403 340 27 18 -1 -1 -1 0 
23 1 942 345 101 44 -1 -1 -1 0 
23 2 534 349 69 50 -1 -1 -1 0 
23 3 725 340 39 31 -1 -1 -1 0 
23 6 608 338 38 31 -1 -1 -1 0 
23 8 559 636 716 82 -1 -1 -1 0 
23 9 0 350 44 62 -1 -1 -1 0 
23 10 707 341 23 20 -1 -1 -1 0 
23 11 668 339 20 17 -1 -1 -1 0 
23 15 327 341 47 25 -1 -1 -1 0 
23 16 481 338 25 20 -1 -1 -1 0 
23 20 392 341 29 17 -1 -1 -1 0 
24 1 943 346 100 44 -1 -1 -1 0 
24 2 536 349 68 49 -1 -1 -1 0 
24 3 725 341 40 31 -1 -1 -1 0 
24 6 608 338 38 31 -1 -1 -1 0 
24 8 553 637 726 79 -1 -1 -1 0 
24 10 707 341 23 20 -1 -1 -1 0 
24 11 668 339 20 18 -1 -1 -1 0 
24 15 307 341 50 27 -1 -1 -1 0 
24 16 483 338 25 21 -1 -1 -1 0 
24 20 380 342 28 17 -1 -1 -1 0 
25 1 944 346 99 44 -1 -1 -1 0 
25 2 537 347 68 50 -1 -1 -1 0 
25 3 726 340 39 31 -1 -1 -1 0 
25 6 608 336 38 33 -1 -1 -1 0 
25 8 559 636 717 80 -1 -1 -1 0 
25 10 707 341 23 19 -1 -1 -1 0 
25 11 668 339 21 17 -1 -1 -1 0 
25 15 284 341 55 28 -1 -1 -1 0 
25 16 491 336 27 21 -1 -1 -1 0 
25 20 368 341 33 19 -1 -1 -1 0 
26 1 944 346 99 44 -1 -1 -1 0 
26 2 538 346 68 50 -1 -1 -1 0 
26 3 726 340 39 31 -1 -1 -1 0 
26 6 608 336 39 32 -1 -1 -1 0 
26 8 559 636 718 80 -1 -1 -1 0 
26 10 708 341 22 19 -1 -1 -1 0 
26 11 668 339 21 17 -1 -1 -1 0 
26 15 259 341 60 29 -1 -1 -1 0 
26 16 489 335 29 22 -1 -1 -1 0 
26 20 355 341 31 18 -1 -1 -1 0 
27 1 945 344 99 46 -1 -1 -1 0 
27 2 539 345 67 49 -1 -1 -1 0 
27 3 726 339 40 31 -1 -1 -1 0 
27 6 608 336 39 31 -1 -1 -1 0 
27 8 564 636 709 80 -1 -1 -1 0 
27 10 709 340 21 20 -1 -1 -1 0 
27 11 668 336 21 18 -1 -1 -1 0 
27 15 230 339 65 32 -1 -1 -1 0 
27 16 481 334 34 23 -1 -1 -1 0 
27 20 345 341 32 19 -1 -1 -1 0 
28 1 945 343 99 46 -1 -1 -1 0 
28 2 541 344 65 49 -1 -1 -1 0 
28 3 727 338 40 31 -1 -1 -1 0 
28 6 609 335 38 30 -1 -1 -1 0 
28 8 560 636 716 80 -1 -1 -1 0 
28 10 709 339 22 20 -1 -1 -1 0 
28 11 668 336 21 17 -1 -1 -1 0 
28 15 195 338 74 35 -1 -1 -1 0 
28 16 473 334 36 23 -1 -1 -1 0 
29 1 946 343 98 46 -1 -1 -1 0 
29 2 541 343 67 49 -1 -1 -1 0 
29 3 727 338 40 31 -1 -1 -1 0 
29 6 609 335 39 29 -1 -1 -1 0 
29 8 561 636 715 80 -1 -1 -1 0 
29 10 708 338 24 20 -1 -1 -1 0 
29 11 669 335 19 18 -1 -1 -1 0 
29 15 152 338 87 37 -1 -1 -1 0 
29 16 464 334 31 23 -1 -1 -1 0 
29 20 380 337 40 21 -1 -1 -1 0 
30 1 946 343 100 46 -1 -1 -1 0 
30 2 543 342 65 49 -1 -1 -1 0 
30 3 726 338 41 30 -1 -1 -1 0 
30 6 610 334 38 29 -1 -1 -1 0 
30 8 564 635 711 80 -1 -1 -1 0 
30 10 710 338 24 20 -1 -1 -1 0 
30 11 669 334 19 18 -1 -1 -1 0 
30 15 103 338 99 40 -1 -1 -1 0 
30 16 452 334 35 23 -1 -1 -1 0 
30 20 378 338 40 20 -1 -1 -1 0 
31 1 946 345 102 45 -1 -1 -1 0 
31 2 544 344 65 48 -1 -1 -1 0 
31 3 727 340 40 30 -1 -1 -1 0 
31 6 610 335 37 30 -1 -1 -1 0 
31 8 561 635 716 80 -1 -1 -1 0 
31 10 710 340 25 19 -1 -1 -1 0 
31 11 669 335 20 18 -1 -1 -1 0 
31 15 39 339 105 45 -1 -1 -1 0 
31 16 439 336 38 23 -1 -1 -1 0 
31 20 368 339 41 22 -1 -1 -1 0 
32 1 946 346 103 45 -1 -1 -1 0 
32 2 545 344 65 48 -1 -1 -1 0 
32 3 728 340 38 32 -1 -1 -1 0 
32 6 611 336 36 30 -1 -1 -1 0 
32 8 561 635 716 80 -1 -1 -1 0 
32 10 712 340 21 19 -1 -1 -1 0 
32 11 670 336 19 18 -1 -1 -1 0 
32 15 2 339 110 47 -1 -1 -1 0 
32 16 425 337 40 25 -1 -1 -1 0 
32 20 355 340 42 24 -1 -1 -1 0 
33 1 947 347 101 46 -1 -1 -1 0 
33 2 546 345 64 48 -1 -1 -1 0 
33 3 728 341 39 32 -1 -1 -1 0 
33 6 611 338 37 29 -1 -1 -1 0 
33 8 560 635 716 80 -1 -1 -1 0 
33 10 712 341 21 19 -1 -1 -1 0 
33 11 671 337 19 18 -1 -1 -1 0 
33 16 410 337 45 27 -1 -1 -1 0 
33 20 338 341 48 24 -1 -1 -1 0 
34 1 947 348 104 45 -1 -1 -1 0 
34 2 547 346 64 47 -1 -1 -1 0 
34 3 729 342 38 31 -1 -1 -1 0 
34 6 612 337 36 31 -1 -1 -1 0 
34 8 560 635 718 80 -1 -1 -1 0 
34 10 713 342 21 19 -1 -1 -1 0 
34 11 671 338 19 18 -1 -1 -1 0 
34 16 393 337 48 30 -1 -1 -1 0 
34 20 319 342 52 26 -1 -1 -1 0 
34 26 454 342 33 19 -1 -1 -1 0 
35 1 948 349 104 45 -1 -1 -1 0 
35 2 548 347 65 46 -1 -1 -1 0 
35 3 730 343 38 31 -1 -1 -1 0 
35 6 611 338 39 30 -1 -1 -1 0 
35 8 558 635 719 80 -1 -1 -1 0 
35 10 714 343 20 20 -1 -1 -1 0 
35 11 672 339 19 17 -1 -1 -1 0 
35 16 371 339 58 31 -1 -1 -1 0 
35 20 300 343 53 27 -1 -1 -1 0 
35 26 441 342 42 21 -1 -1 -1 0 
36 1 950 349 102 46 -1 -1 -1 0 
36 2 550 347 63 46 -1 -1 -1 0 
36 3 730 343 39 31 -1 -1 -1 0 
36 6 613 338 36 30 -1 -1 -1 0 
36 8 559 636 719 79 -1 -1 -1 0 
36 10 714 342 21 20 -1 -1 -1 0 
36 11 673 339 18 17 -1 -1 -1 0 
36 16 348 339 63 33 -1 -1 -1 0 
36 20 275 345 62 27 -1 -1 -1 0 
36 26 429 343 37 21 -1 -1 -1 0 
37 1 951 347 101 46 -1 -1 -1 0 
37 2 552 345 61 47 -1 -1 -1 0 
37 3 730 342 40 31 -1 -1 -1 0 
37 6 615 336 34 31 -1 -1 -1 0 
37 8 561 635 712 81 -1 -1 -1 0 
37 10 714 342 22 20 -1 -1 -1 0 
37 11 673 338 19 18 -1 -1 -1 0 
37 16 320 340 71 35 -1 -1 -1 0 
37 20 248 345 69 29 -1 -1 -1 0 
37 26 405 343 53 23 -1 -1 -1 0 
38 1 951 347 103 46 -1 -1 -1 0 
38 2 553 345 61 46 -1 -1 -1 0 
38 3 732 342 38 31 -1 -1 -1 0 
38 6 614 335 37 32 -1 -1 -1 0 
38 8 562 635 713 81 -1 -1 -1 0 
38 10 715 342 22 20 -1 -1 -1 0 
38 11 672 338 20 17 -1 -1 -1 0 
38 16 288 340 79 38 -1 -1 -1 0 
38 20 217 348 73 29 -1 -1 -1 0 
38 26 381 344 60 25 -1 -1 -1 0 
38 31 3 351 94 39 -1 -1 -1 0 
39 1 950 347 105 45 -1 -1 -1 0 
39 2 553 345 62 46 -1 -1 -1 0 
39 3 731 341 41 31 -1 -1 -1 0 
39 6 615 336 36 30 -1 -1 -1 0 
39 8 561 635 714 81 -1 -1 -1 0 
39 10 715 340 22 20 -1 -1 -1 0 
39 11 673 337 19 18 -1 -1 -1 0 
39 16 248 341 91 41 -1 -1 -1 0 
39 20 181 348 73 32 -1 -1 -1 0 
39 26 352 345 66 27 -1 -1 -1 0 
39 31 0 353 33 39 -1 -1 -1 0 
40 1 951 346 105 45 -1 -1 -1 0 
40 2 553 345 62 45 -1 -1 -1 0 
40 3 732 341 40 31 -1 -1 -1 0 
40 6 616 335 35 31 -1 -1 -1 0 
40 8 560 635 715 82 -1 -1 -1 0 
40 10 715 340 23 20 -1 -1 -1 0 
40 11 558 339 23 17 -1 -1 -1 0 
40 16 198 341 109 46 -1 -1 -1 0 
40 20 138 351 67 33 -1 -1 -1 0 
40 26 314 346 79 30 -1 -1 -1 0 
40 31 0 355 2 39 -1 -1 -1 0 
40 33 427 342 25 14 -1 -1 -1 0 
