3 1 420 349 28 16 -1 -1 -1 0 
3 3 794 334 62 45 -1 -1 -1 0 
3 4 553 344 33 15 -1 -1 -1 0 
3 5 488 342 38 26 -1 -1 -1 0 
4 1 517 345 33 16 -1 -1 -1 0 
4 3 794 334 62 45 -1 -1 -1 0 
4 4 520 346 30 17 -1 -1 -1 0 
4 5 476 343 38 26 -1 -1 -1 0 
5 1 544 344 34 16 -1 -1 -1 0 
5 3 793 333 63 45 -1 -1 -1 0 
5 4 417 349 34 17 -1 -1 -1 0 
5 5 462 342 41 28 -1 -1 -1 0 
6 1 550 342 28 17 -1 -1 -1 0 
6 3 794 332 62 46 -1 -1 -1 0 
6 4 377 350 35 18 -1 -1 -1 0 
6 5 448 342 44 28 -1 -1 -1 0 
7 1 545 343 29 17 -1 -1 -1 0 
7 3 794 332 63 45 -1 -1 -1 0 
7 4 355 351 37 18 -1 -1 -1 0 
7 5 433 342 46 30 -1 -1 -1 0 
7 9 472 346 42 22 -1 -1 -1 0 
7 10 698 337 20 14 -1 -1 -1 0 
8 1 538 342 30 19 -1 -1 -1 0 
8 3 794 332 63 44 -1 -1 -1 0 
8 4 338 351 39 20 -1 -1 -1 0 
8 5 414 341 53 33 -1 -1 -1 0 
8 9 475 345 27 23 -1 -1 -1 0 
8 10 698 338 20 13 -1 -1 -1 0 
9 1 529 344 31 17 -1 -1 -1 0 
9 3 795 331 62 44 -1 -1 -1 0 
9 4 320 352 42 21 -1 -1 -1 0 
9 5 401 341 55 34 -1 -1 -1 0 
9 9 434 351 50 23 -1 -1 -1 0 
9 10 698 338 20 12 -1 -1 -1 0 
10 1 522 344 29 19 -1 -1 -1 0 
10 3 795 331 62 45 -1 -1 -1 0 
10 4 300 353 46 22 -1 -1 -1 0 
10 9 447 348 32 22 -1 -1 -1 0 
10 10 699 338 19 12 -1 -1 -1 0 
11 1 513 344 31 19 -1 -1 -1 0 
11 3 795 331 63 45 -1 -1 -1 0 
11 4 277 354 51 23 -1 -1 -1 0 
11 5 349 346 80 37 -1 -1 -1 0 
11 9 439 347 36 22 -1 -1 -1 0 
11 10 699 338 19 12 -1 -1 -1 0 
12 1 504 346 31 19 -1 -1 -1 0 
12 3 796 332 62 45 -1 -1 -1 0 
12 4 253 355 53 24 -1 -1 -1 0 
12 5 329 354 89 34 -1 -1 -1 0 
12 9 426 347 39 23 -1 -1 -1 0 
12 10 700 338 18 13 -1 -1 -1 0 
12 14 1187 461 92 177 -1 -1 -1 0 
13 1 494 346 33 21 -1 -1 -1 0 
13 3 796 332 64 45 -1 -1 -1 0 
13 4 225 354 56 27 -1 -1 -1 0 
13 5 295 358 96 34 -1 -1 -1 0 
13 9 412 348 42 23 -1 -1 -1 0 
13 10 700 338 18 13 -1 -1 -1 0 
13 14 1165 450 114 181 -1 -1 -1 0 
14 1 483 346 33 22 -1 -1 -1 0 
14 3 796 331 65 46 -1 -1 -1 0 
14 4 192 355 49 28 -1 -1 -1 0 
14 5 238 360 116 39 -1 -1 -1 0 
14 9 395 348 46 24 -1 -1 -1 0 
14 10 699 338 20 13 -1 -1 -1 0 
14 14 1144 446 135 177 -1 -1 -1 0 
15 1 470 346 39 23 -1 -1 -1 0 
15 3 797 332 63 45 -1 -1 -1 0 
15 4 165 356 49 29 -1 -1 -1 0 
15 5 165 349 152 45 -1 -1 -1 0 
15 9 379 348 47 27 -1 -1 -1 0 
15 10 700 338 18 14 -1 -1 -1 0 
15 14 1127 441 152 176 -1 -1 -1 0 
15 17 503 343 29 20 -1 -1 -1 0 
16 1 458 346 39 25 -1 -1 -1 0 
16 3 798 332 62 45 -1 -1 -1 0 
16 5 123 344 143 53 -1 -1 -1 0 
16 9 358 348 53 29 -1 -1 -1 0 
16 10 700 338 18 14 -1 -1 -1 0 
16 14 1112 434 166 181 -1 -1 -1 0 
16 17 494 343 31 20 -1 -1 -1 0 
17 1 443 346 42 26 -1 -1 -1 0 
17 3 798 332 63 45 -1 -1 -1 0 
17 5 23 342 191 62 -1 -1 -1 0 
17 9 336 348 57 30 -1 -1 -1 0 
17 10 699 338 19 14 -1 -1 -1 0 
17 14 1098 423 178 191 -1 -1 -1 0 
17 17 486 343 31 20 -1 -1 -1 0 
17 20 541 343 27 19 -1 -1 -1 0 
18 1 425 347 49 27 -1 -1 -1 0 
18 3 797 332 64 45 -1 -1 -1 0 
18 5 6 342 126 73 -1 -1 -1 0 
18 9 311 348 63 32 -1 -1 -1 0 
18 10 698 338 21 14 -1 -1 -1 0 
18 14 1085 412 191 203 -1 -1 -1 0 
18 17 476 343 34 21 -1 -1 -1 0 
18 20 531 344 29 18 -1 -1 -1 0 
19 1 407 347 54 29 -1 -1 -1 0 
19 3 797 332 64 46 -1 -1 -1 0 
19 5 0 342 90 76 -1 -1 -1 0 
19 9 281 349 70 34 -1 -1 -1 0 
19 10 698 338 21 14 -1 -1 -1 0 
19 14 1072 401 204 215 -1 -1 -1 0 
19 17 467 343 34 22 -1 -1 -1 0 
19 20 522 345 30 18 -1 -1 -1 0 
20 1 386 349 52 29 -1 -1 -1 0 
20 3 797 332 64 46 -1 -1 -1 0 
20 9 246 349 81 37 -1 -1 -1 0 
20 10 699 338 19 14 -1 -1 -1 0 
20 14 1058 392 219 226 -1 -1 -1 0 
20 17 457 343 36 22 -1 -1 -1 0 
20 20 511 344 31 20 -1 -1 -1 0 
21 1 391 347 37 27 -1 -1 -1 0 
21 3 797 332 66 47 -1 -1 -1 0 
21 9 205 349 93 40 -1 -1 -1 0 
21 10 699 338 19 14 -1 -1 -1 0 
21 14 1046 384 231 235 -1 -1 -1 0 
21 17 443 343 39 24 -1 -1 -1 0 
21 20 498 344 36 22 -1 -1 -1 0 
22 1 339 350 63 31 -1 -1 -1 0 
22 3 797 333 65 46 -1 -1 -1 0 
22 9 155 350 107 44 -1 -1 -1 0 
22 10 699 339 19 13 -1 -1 -1 0 
22 14 1035 379 242 242 -1 -1 -1 0 
22 17 430 343 42 25 -1 -1 -1 0 
22 20 485 344 41 23 -1 -1 -1 0 
23 1 346 348 47 29 -1 -1 -1 0 
23 3 797 333 66 46 -1 -1 -1 0 
23 9 89 351 131 48 -1 -1 -1 0 
23 10 699 339 20 13 -1 -1 -1 0 
23 14 1024 375 254 247 -1 -1 -1 0 
23 17 417 343 43 26 -1 -1 -1 0 
23 20 471 344 44 23 -1 -1 -1 0 
24 1 326 348 54 29 -1 -1 -1 0 
24 3 798 333 66 46 -1 -1 -1 0 
24 9 10 352 154 52 -1 -1 -1 0 
24 10 698 339 21 13 -1 -1 -1 0 
24 14 1015 372 263 252 -1 -1 -1 0 
24 17 401 343 47 27 -1 -1 -1 0 
24 20 452 344 51 25 -1 -1 -1 0 
25 1 298 347 62 31 -1 -1 -1 0 
25 3 799 333 64 46 -1 -1 -1 0 
25 9 0 353 92 56 -1 -1 -1 0 
25 10 699 338 21 13 -1 -1 -1 0 
25 14 1007 370 271 256 -1 -1 -1 0 
25 17 383 343 51 28 -1 -1 -1 0 
25 20 433 344 55 26 -1 -1 -1 0 
25 26 199 355 110 42 -1 -1 -1 0 
25 28 518 344 24 14 -1 -1 -1 0 
26 1 262 348 74 33 -1 -1 -1 0 
26 3 800 333 64 46 -1 -1 -1 0 
26 9 0 354 54 57 -1 -1 -1 0 
26 10 699 338 23 13 -1 -1 -1 0 
26 14 1000 368 277 264 -1 -1 -1 0 
26 17 364 343 54 31 -1 -1 -1 0 
26 20 411 343 60 29 -1 -1 -1 0 
26 26 129 356 133 48 -1 -1 -1 0 
26 28 545 344 20 13 -1 -1 -1 0 
27 1 221 348 84 38 -1 -1 -1 0 
27 3 800 333 63 46 -1 -1 -1 0 
27 10 700 338 21 13 -1 -1 -1 0 
27 14 995 367 279 282 -1 -1 -1 0 
27 17 341 343 60 33 -1 -1 -1 0 
27 20 380 344 72 31 -1 -1 -1 0 
27 26 32 358 170 55 -1 -1 -1 0 
27 28 516 345 26 15 -1 -1 -1 0 
28 1 172 349 98 41 -1 -1 -1 0 
28 3 800 333 64 46 -1 -1 -1 0 
28 10 700 338 21 12 -1 -1 -1 0 
28 14 986 365 290 296 -1 -1 -1 0 
28 17 317 343 59 35 -1 -1 -1 0 
28 20 346 345 81 35 -1 -1 -1 0 
28 26 1 362 125 61 -1 -1 -1 0 
28 28 499 345 27 16 -1 -1 -1 0 
29 1 112 350 116 46 -1 -1 -1 0 
29 3 800 333 66 45 -1 -1 -1 0 
29 10 700 337 21 13 -1 -1 -1 0 
29 14 976 364 303 295 -1 -1 -1 0 
29 17 289 344 55 37 -1 -1 -1 0 
29 20 303 346 95 38 -1 -1 -1 0 
29 26 0 364 77 65 -1 -1 -1 0 
29 28 488 346 27 16 -1 -1 -1 0 
29 31 536 343 24 16 -1 -1 -1 0 
30 1 32 353 143 51 -1 -1 -1 0 
30 3 802 333 63 45 -1 -1 -1 0 
30 10 701 338 20 13 -1 -1 -1 0 
30 14 969 363 310 289 -1 -1 -1 0 
30 17 272 344 56 39 -1 -1 -1 0 
30 20 247 347 115 46 -1 -1 -1 0 
30 28 477 346 29 17 -1 -1 -1 0 
30 31 530 345 23 15 -1 -1 -1 0 
31 1 3 354 102 57 -1 -1 -1 0 
31 3 801 333 66 45 -1 -1 -1 0 
31 10 701 338 20 13 -1 -1 -1 0 
31 14 963 362 316 279 -1 -1 -1 0 
31 20 168 346 148 56 -1 -1 -1 0 
31 28 466 346 31 18 -1 -1 -1 0 
31 31 509 345 40 16 -1 -1 -1 0 
32 1 0 355 67 59 -1 -1 -1 0 
32 3 802 332 65 46 -1 -1 -1 0 
32 4 0 365 15 48 -1 -1 -1 0 
32 10 700 338 21 13 -1 -1 -1 0 
32 14 956 362 323 266 -1 -1 -1 0 
32 17 224 344 49 42 -1 -1 -1 0 
32 20 50 348 205 66 -1 -1 -1 0 
32 28 456 347 31 17 -1 -1 -1 0 
32 31 501 345 39 17 -1 -1 -1 0 
33 3 803 332 64 46 -1 -1 -1 0 
33 4 0 365 1 49 -1 -1 -1 0 
33 10 701 337 21 13 -1 -1 -1 0 
33 14 952 360 327 256 -1 -1 -1 0 
33 17 153 344 83 49 -1 -1 -1 0 
33 20 8 350 148 74 -1 -1 -1 0 
33 28 443 347 34 19 -1 -1 -1 0 
33 31 493 345 39 18 -1 -1 -1 0 
34 3 803 332 65 46 -1 -1 -1 0 
34 10 701 337 19 14 -1 -1 -1 0 
34 14 947 360 332 247 -1 -1 -1 0 
34 17 125 345 89 50 -1 -1 -1 0 
34 20 0 347 186 68 -1 -1 -1 0 
34 28 429 347 39 20 -1 -1 -1 0 
34 31 485 345 38 19 -1 -1 -1 0 
34 37 562 343 18 12 -1 -1 -1 0 
35 3 803 332 66 46 -1 -1 -1 0 
35 10 701 337 20 14 -1 -1 -1 0 
35 14 943 359 336 239 -1 -1 -1 0 
35 20 0 348 169 70 -1 -1 -1 0 
35 28 415 348 40 20 -1 -1 -1 0 
35 31 476 345 38 20 -1 -1 -1 0 
35 37 556 343 21 12 -1 -1 -1 0 
36 3 804 332 65 46 -1 -1 -1 0 
36 10 702 337 19 14 -1 -1 -1 0 
36 14 939 359 340 231 -1 -1 -1 0 
36 28 398 348 43 22 -1 -1 -1 0 
36 31 467 345 37 22 -1 -1 -1 0 
36 37 551 341 22 14 -1 -1 -1 0 
37 3 803 333 66 46 -1 -1 -1 0 
37 10 702 337 19 14 -1 -1 -1 0 
37 14 936 360 343 223 -1 -1 -1 0 
37 28 378 349 50 24 -1 -1 -1 0 
37 31 453 346 41 24 -1 -1 -1 0 
37 37 548 341 22 14 -1 -1 -1 0 
38 3 803 333 66 46 -1 -1 -1 0 
38 14 931 360 348 216 -1 -1 -1 0 
38 28 358 349 52 26 -1 -1 -1 0 
38 31 437 346 45 25 -1 -1 -1 0 
38 37 540 342 23 14 -1 -1 -1 0 
39 3 804 333 66 46 -1 -1 -1 0 
39 14 927 360 352 209 -1 -1 -1 0 
39 28 333 350 60 27 -1 -1 -1 0 
39 31 421 347 46 27 -1 -1 -1 0 
39 37 535 342 21 16 -1 -1 -1 0 
40 3 804 333 67 46 -1 -1 -1 0 
40 10 701 337 19 14 -1 -1 -1 0 
40 14 924 359 354 205 -1 -1 -1 0 
40 28 307 351 65 29 -1 -1 -1 0 
40 31 400 347 56 29 -1 -1 -1 0 
40 37 530 342 22 16 -1 -1 -1 0 
