3 1 1136 364 120 46 -1 -1 -1 0 
3 2 1035 358 40 23 -1 -1 -1 0 
4 1 1146 363 128 48 -1 -1 -1 0 
4 2 1042 358 42 24 -1 -1 -1 0 
4 4 636 338 24 22 -1 -1 -1 0 
5 1 1159 364 120 48 -1 -1 -1 0 
5 2 1048 355 46 28 -1 -1 -1 0 
5 4 637 337 22 22 -1 -1 -1 0 
6 1 1173 366 106 47 -1 -1 -1 0 
6 2 1058 357 45 27 -1 -1 -1 0 
6 4 670 332 23 29 -1 -1 -1 0 
6 5 558 635 717 80 -1 -1 -1 0 
7 1 1186 369 93 46 -1 -1 -1 0 
7 2 1065 354 44 32 -1 -1 -1 0 
7 4 675 336 24 27 -1 -1 -1 0 
7 5 558 635 718 80 -1 -1 -1 0 
7 6 65 354 111 44 -1 -1 -1 0 
8 1 1200 370 79 47 -1 -1 -1 0 
8 2 1072 354 45 33 -1 -1 -1 0 
8 4 677 338 23 25 -1 -1 -1 0 
8 5 563 634 711 81 -1 -1 -1 0 
8 6 32 354 104 47 -1 -1 -1 0 
9 1 1214 371 65 48 -1 -1 -1 0 
9 4 651 339 25 23 -1 -1 -1 0 
9 5 562 635 716 80 -1 -1 -1 0 
9 6 0 356 92 45 -1 -1 -1 0 
10 1 1227 374 52 44 -1 -1 -1 0 
10 2 1089 353 49 36 -1 -1 -1 0 
10 4 642 339 23 23 -1 -1 -1 0 
10 5 563 634 710 81 -1 -1 -1 0 
10 6 0 357 63 46 -1 -1 -1 0 
11 1 1244 380 35 39 -1 -1 -1 0 
11 2 1097 354 53 36 -1 -1 -1 0 
11 4 663 344 24 19 -1 -1 -1 0 
11 5 557 634 721 81 -1 -1 -1 0 
12 1 1261 386 18 34 -1 -1 -1 0 
12 2 1104 353 55 38 -1 -1 -1 0 
12 4 672 345 21 18 -1 -1 -1 0 
12 5 557 634 722 81 -1 -1 -1 0 
13 1 1272 388 7 33 -1 -1 -1 0 
13 2 1115 358 56 34 -1 -1 -1 0 
13 4 675 346 21 17 -1 -1 -1 0 
13 5 563 635 713 80 -1 -1 -1 0 
14 2 1125 359 56 35 -1 -1 -1 0 
14 4 676 347 21 16 -1 -1 -1 0 
14 5 560 635 715 80 -1 -1 -1 0 
15 2 1134 361 59 34 -1 -1 -1 0 
15 4 676 346 21 17 -1 -1 -1 0 
15 5 561 635 714 80 -1 -1 -1 0 
16 2 1143 361 61 35 -1 -1 -1 0 
16 4 676 346 21 17 -1 -1 -1 0 
16 5 562 635 713 80 -1 -1 -1 0 
17 2 1153 363 64 33 -1 -1 -1 0 
17 4 679 347 20 16 -1 -1 -1 0 
17 5 564 634 708 81 -1 -1 -1 0 
18 2 1162 364 68 32 -1 -1 -1 0 
18 5 564 634 708 80 -1 -1 -1 0 
19 2 1180 365 61 32 -1 -1 -1 0 
19 5 566 634 709 80 -1 -1 -1 0 
20 2 1187 364 68 33 -1 -1 -1 0 
20 5 561 634 716 80 -1 -1 -1 0 
21 2 1195 366 75 32 -1 -1 -1 0 
21 5 562 635 715 79 -1 -1 -1 0 
21 12 674 331 21 30 -1 -1 -1 0 
22 2 1209 366 67 33 -1 -1 -1 0 
22 5 577 635 698 79 -1 -1 -1 0 
22 12 674 331 20 30 -1 -1 -1 0 
23 2 1222 368 57 32 -1 -1 -1 0 
23 4 675 346 20 17 -1 -1 -1 0 
23 5 576 635 699 79 -1 -1 -1 0 
23 12 673 331 21 30 -1 -1 -1 0 
24 2 1231 369 48 32 -1 -1 -1 0 
24 4 674 346 20 17 -1 -1 -1 0 
24 5 566 636 713 78 -1 -1 -1 0 
25 4 675 346 20 17 -1 -1 -1 0 
25 5 567 635 707 79 -1 -1 -1 0 
25 12 672 334 22 28 -1 -1 -1 0 
26 5 564 634 709 81 -1 -1 -1 0 
26 12 672 335 21 27 -1 -1 -1 0 
27 5 564 634 708 81 -1 -1 -1 0 
27 12 672 335 21 28 -1 -1 -1 0 
28 5 561 635 718 80 -1 -1 -1 0 
28 12 672 336 21 27 -1 -1 -1 0 
29 4 673 346 20 16 -1 -1 -1 0 
29 5 560 635 719 80 -1 -1 -1 0 
30 4 673 346 20 16 -1 -1 -1 0 
30 5 562 633 713 82 -1 -1 -1 0 
31 4 672 346 20 16 -1 -1 -1 0 
31 5 562 633 713 82 -1 -1 -1 0 
33 4 672 346 20 16 -1 -1 -1 0 
33 5 571 635 706 80 -1 -1 -1 0 
34 4 672 347 20 15 -1 -1 -1 0 
34 5 572 635 705 80 -1 -1 -1 0 
35 4 671 347 21 15 -1 -1 -1 0 
36 4 671 347 21 14 -1 -1 -1 0 
37 4 672 347 20 14 -1 -1 -1 0 
38 4 671 347 20 14 -1 -1 -1 0 
38 5 562 635 714 80 -1 -1 -1 0 
39 4 671 347 20 14 -1 -1 -1 0 
39 5 564 634 709 81 -1 -1 -1 0 
40 4 671 346 20 15 -1 -1 -1 0 
40 5 563 634 710 81 -1 -1 -1 0 
