3 1 575 351 41 28 -1 -1 -1 0 
3 2 649 349 29 22 -1 -1 -1 0 
3 3 307 338 36 16 -1 -1 -1 0 
3 4 381 336 27 16 -1 -1 -1 0 
4 1 577 350 39 28 -1 -1 -1 0 
4 2 649 349 28 22 -1 -1 -1 0 
4 3 297 338 36 16 -1 -1 -1 0 
4 4 376 336 25 16 -1 -1 -1 0 
5 1 577 349 39 29 -1 -1 -1 0 
5 2 648 349 28 22 -1 -1 -1 0 
5 3 285 338 37 17 -1 -1 -1 0 
5 4 368 337 29 16 -1 -1 -1 0 
5 5 568 639 681 76 -1 -1 -1 0 
6 1 576 350 40 28 -1 -1 -1 0 
6 2 648 349 28 22 -1 -1 -1 0 
6 3 272 338 39 18 -1 -1 -1 0 
6 4 359 337 34 17 -1 -1 -1 0 
6 5 563 638 694 77 -1 -1 -1 0 
7 1 577 350 38 28 -1 -1 -1 0 
7 2 647 349 30 22 -1 -1 -1 0 
7 3 258 337 42 20 -1 -1 -1 0 
7 4 352 337 38 18 -1 -1 -1 0 
7 5 558 638 716 77 -1 -1 -1 0 
8 1 577 349 38 29 -1 -1 -1 0 
8 2 646 349 30 23 -1 -1 -1 0 
8 3 242 337 48 21 -1 -1 -1 0 
8 4 346 337 39 18 -1 -1 -1 0 
8 5 578 638 678 77 -1 -1 -1 0 
9 1 576 349 40 29 -1 -1 -1 0 
9 2 647 348 29 24 -1 -1 -1 0 
9 3 225 336 51 22 -1 -1 -1 0 
9 4 334 336 32 19 -1 -1 -1 0 
9 5 568 638 704 77 -1 -1 -1 0 
10 1 576 350 39 28 -1 -1 -1 0 
10 2 647 348 29 24 -1 -1 -1 0 
10 3 208 336 49 23 -1 -1 -1 0 
10 4 323 336 35 19 -1 -1 -1 0 
10 5 571 639 698 76 -1 -1 -1 0 
11 1 576 350 39 28 -1 -1 -1 0 
11 2 646 347 30 25 -1 -1 -1 0 
11 3 186 336 56 24 -1 -1 -1 0 
11 4 312 336 36 20 -1 -1 -1 0 
11 5 573 639 694 75 -1 -1 -1 0 
12 1 576 350 39 28 -1 -1 -1 0 
12 2 644 347 32 24 -1 -1 -1 0 
12 3 163 335 60 25 -1 -1 -1 0 
12 4 298 336 40 20 -1 -1 -1 0 
12 5 562 639 714 75 -1 -1 -1 0 
13 1 577 350 38 27 -1 -1 -1 0 
13 2 644 347 31 24 -1 -1 -1 0 
13 3 136 335 68 25 -1 -1 -1 0 
13 4 285 336 40 20 -1 -1 -1 0 
13 5 572 639 698 75 -1 -1 -1 0 
14 1 577 349 38 28 -1 -1 -1 0 
14 2 643 347 32 24 -1 -1 -1 0 
14 3 106 334 74 28 -1 -1 -1 0 
14 4 269 336 45 21 -1 -1 -1 0 
14 5 568 639 690 75 -1 -1 -1 0 
15 1 577 349 37 28 -1 -1 -1 0 
15 2 643 347 31 24 -1 -1 -1 0 
15 3 86 334 78 29 -1 -1 -1 0 
15 4 254 335 46 22 -1 -1 -1 0 
15 5 575 639 674 75 -1 -1 -1 0 
16 1 577 348 38 28 -1 -1 -1 0 
16 2 643 347 31 24 -1 -1 -1 0 
16 4 235 334 52 24 -1 -1 -1 0 
16 5 570 639 676 75 -1 -1 -1 0 
17 1 578 348 37 28 -1 -1 -1 0 
17 2 642 348 33 22 -1 -1 -1 0 
17 4 214 333 57 26 -1 -1 -1 0 
17 5 563 639 688 75 -1 -1 -1 0 
17 7 347 337 35 16 -1 -1 -1 0 
18 1 578 348 37 28 -1 -1 -1 0 
18 2 642 348 32 22 -1 -1 -1 0 
18 4 190 333 63 26 -1 -1 -1 0 
18 5 563 639 687 75 -1 -1 -1 0 
18 7 336 335 36 19 -1 -1 -1 0 
19 1 577 349 38 27 -1 -1 -1 0 
19 2 643 348 31 23 -1 -1 -1 0 
19 4 163 333 71 27 -1 -1 -1 0 
19 7 328 335 38 20 -1 -1 -1 0 
20 1 577 349 38 27 -1 -1 -1 0 
20 2 643 348 30 23 -1 -1 -1 0 
20 4 136 331 74 31 -1 -1 -1 0 
20 7 319 335 35 21 -1 -1 -1 0 
21 1 578 349 37 27 -1 -1 -1 0 
21 2 642 349 31 23 -1 -1 -1 0 
21 4 98 331 89 31 -1 -1 -1 0 
21 5 580 639 678 75 -1 -1 -1 0 
21 7 308 335 37 21 -1 -1 -1 0 
22 1 578 349 36 27 -1 -1 -1 0 
22 2 641 349 32 23 -1 -1 -1 0 
22 4 58 328 97 35 -1 -1 -1 0 
22 5 566 639 707 76 -1 -1 -1 0 
22 7 295 334 40 22 -1 -1 -1 0 
23 1 578 349 36 27 -1 -1 -1 0 
23 2 642 350 30 22 -1 -1 -1 0 
23 3 2 328 117 37 -1 -1 -1 0 
23 4 7 328 115 36 -1 -1 -1 0 
23 5 565 639 710 75 -1 -1 -1 0 
23 7 281 334 41 22 -1 -1 -1 0 
24 1 578 349 36 27 -1 -1 -1 0 
24 2 643 350 29 22 -1 -1 -1 0 
24 3 3 327 81 38 -1 -1 -1 0 
24 4 0 328 97 37 -1 -1 -1 0 
24 7 266 334 44 23 -1 -1 -1 0 
25 1 577 350 38 26 -1 -1 -1 0 
25 2 642 350 30 23 -1 -1 -1 0 
25 3 0 326 73 39 -1 -1 -1 0 
25 5 577 639 686 75 -1 -1 -1 0 
25 7 250 334 44 23 -1 -1 -1 0 
26 1 577 350 38 26 -1 -1 -1 0 
26 2 641 350 31 22 -1 -1 -1 0 
26 5 570 639 697 75 -1 -1 -1 0 
26 7 231 334 49 23 -1 -1 -1 0 
27 1 578 350 36 25 -1 -1 -1 0 
27 2 641 350 30 22 -1 -1 -1 0 
27 5 570 639 700 75 -1 -1 -1 0 
27 7 210 333 56 24 -1 -1 -1 0 
28 1 578 350 36 25 -1 -1 -1 0 
28 2 641 350 30 22 -1 -1 -1 0 
28 5 569 639 702 75 -1 -1 -1 0 
28 7 188 333 59 25 -1 -1 -1 0 
29 1 579 350 35 25 -1 -1 -1 0 
29 2 641 350 30 22 -1 -1 -1 0 
29 5 568 638 704 76 -1 -1 -1 0 
29 7 163 333 62 26 -1 -1 -1 0 
30 1 579 350 35 25 -1 -1 -1 0 
30 2 641 350 30 23 -1 -1 -1 0 
30 7 134 333 69 28 -1 -1 -1 0 
31 1 578 350 37 25 -1 -1 -1 0 
31 2 641 350 30 23 -1 -1 -1 0 
31 7 100 332 79 29 -1 -1 -1 0 
32 1 579 349 35 26 -1 -1 -1 0 
32 2 640 350 31 23 -1 -1 -1 0 
32 7 59 331 91 31 -1 -1 -1 0 
33 1 579 349 35 25 -1 -1 -1 0 
33 2 641 350 29 23 -1 -1 -1 0 
33 5 584 638 683 76 -1 -1 -1 0 
33 7 11 329 102 34 -1 -1 -1 0 
34 1 578 349 37 25 -1 -1 -1 0 
34 2 641 350 30 23 -1 -1 -1 0 
34 5 580 638 684 76 -1 -1 -1 0 
34 7 0 329 70 35 -1 -1 -1 0 
35 1 578 349 37 25 -1 -1 -1 0 
35 2 640 350 30 23 -1 -1 -1 0 
35 5 570 638 697 76 -1 -1 -1 0 
35 7 0 329 43 36 -1 -1 -1 0 
36 1 579 349 35 25 -1 -1 -1 0 
36 2 640 350 31 23 -1 -1 -1 0 
36 5 566 638 701 76 -1 -1 -1 0 
37 1 579 349 35 25 -1 -1 -1 0 
37 2 641 349 28 24 -1 -1 -1 0 
37 5 567 638 703 76 -1 -1 -1 0 
38 1 580 348 34 26 -1 -1 -1 0 
38 2 639 349 31 23 -1 -1 -1 0 
38 5 570 639 701 76 -1 -1 -1 0 
39 1 580 347 34 27 -1 -1 -1 0 
39 2 640 348 29 24 -1 -1 -1 0 
39 5 580 639 687 76 -1 -1 -1 0 
40 1 580 347 34 26 -1 -1 -1 0 
40 2 639 348 30 24 -1 -1 -1 0 
40 5 580 639 687 77 -1 -1 -1 0 
