3 1 998 341 71 29 -1 -1 -1 0 
3 2 840 336 34 21 -1 -1 -1 0 
3 3 566 346 31 23 -1 -1 -1 0 
3 4 671 340 29 28 -1 -1 -1 0 
4 1 999 341 73 29 -1 -1 -1 0 
4 2 842 336 31 22 -1 -1 -1 0 
4 3 566 346 31 23 -1 -1 -1 0 
4 4 671 341 30 27 -1 -1 -1 0 
4 5 644 342 18 16 -1 -1 -1 0 
4 6 610 339 20 19 -1 -1 -1 0 
5 1 1000 343 75 28 -1 -1 -1 0 
5 2 845 337 29 20 -1 -1 -1 0 
5 3 567 347 30 23 -1 -1 -1 0 
5 4 671 341 29 27 -1 -1 -1 0 
5 5 644 342 18 16 -1 -1 -1 0 
5 6 610 339 20 19 -1 -1 -1 0 
5 7 555 635 722 79 -1 -1 -1 0 
6 1 1002 343 75 29 -1 -1 -1 0 
6 2 846 338 29 19 -1 -1 -1 0 
6 3 568 347 29 23 -1 -1 -1 0 
6 4 671 340 30 28 -1 -1 -1 0 
6 5 644 342 18 16 -1 -1 -1 0 
6 6 610 341 21 17 -1 -1 -1 0 
6 7 554 635 723 80 -1 -1 -1 0 
7 1 1003 343 76 29 -1 -1 -1 0 
7 3 568 347 30 23 -1 -1 -1 0 
7 4 671 340 30 27 -1 -1 -1 0 
7 6 611 341 19 17 -1 -1 -1 0 
8 1 1007 343 74 29 -1 -1 -1 0 
8 2 840 338 31 20 -1 -1 -1 0 
8 3 568 347 30 22 -1 -1 -1 0 
8 4 671 340 29 27 -1 -1 -1 0 
8 6 611 341 18 17 -1 -1 -1 0 
9 1 1012 343 72 29 -1 -1 -1 0 
9 2 840 338 33 19 -1 -1 -1 0 
9 3 569 347 30 22 -1 -1 -1 0 
9 4 670 341 31 26 -1 -1 -1 0 
9 5 513 330 43 25 -1 -1 -1 0 
10 1 1012 343 74 29 -1 -1 -1 0 
10 2 840 337 34 20 -1 -1 -1 0 
10 3 598 343 22 18 -1 -1 -1 0 
10 4 671 341 30 26 -1 -1 -1 0 
10 5 552 341 32 24 -1 -1 -1 0 
11 1 1012 342 76 31 -1 -1 -1 0 
11 2 842 337 32 20 -1 -1 -1 0 
11 3 602 342 21 18 -1 -1 -1 0 
11 4 671 341 30 26 -1 -1 -1 0 
11 5 560 345 32 23 -1 -1 -1 0 
11 7 559 635 718 79 -1 -1 -1 0 
12 1 1012 344 81 29 -1 -1 -1 0 
12 2 842 337 34 20 -1 -1 -1 0 
12 4 671 340 29 27 -1 -1 -1 0 
12 5 564 346 32 23 -1 -1 -1 0 
12 7 559 634 718 80 -1 -1 -1 0 
13 1 1014 344 80 30 -1 -1 -1 0 
13 2 841 337 34 20 -1 -1 -1 0 
13 4 671 342 30 25 -1 -1 -1 0 
13 5 566 347 31 22 -1 -1 -1 0 
14 1 1016 344 82 30 -1 -1 -1 0 
14 2 840 337 36 20 -1 -1 -1 0 
14 3 776 336 26 19 -1 -1 -1 0 
14 4 671 343 30 24 -1 -1 -1 0 
14 5 567 347 31 22 -1 -1 -1 0 
14 8 477 329 54 29 -1 -1 -1 0 
15 1 1019 345 80 29 -1 -1 -1 0 
15 2 841 337 34 21 -1 -1 -1 0 
15 3 796 335 28 19 -1 -1 -1 0 
15 4 671 344 29 24 -1 -1 -1 0 
15 5 568 347 30 23 -1 -1 -1 0 
15 8 470 329 58 30 -1 -1 -1 0 
16 1 1042 347 57 28 -1 -1 -1 0 
16 2 840 338 36 21 -1 -1 -1 0 
16 3 817 334 27 19 -1 -1 -1 0 
16 4 671 344 29 25 -1 -1 -1 0 
16 5 568 348 31 22 -1 -1 -1 0 
16 8 463 329 60 31 -1 -1 -1 0 
17 1 1046 348 55 27 -1 -1 -1 0 
17 2 842 337 34 22 -1 -1 -1 0 
17 3 806 336 29 19 -1 -1 -1 0 
17 4 671 344 30 24 -1 -1 -1 0 
17 5 569 347 31 22 -1 -1 -1 0 
17 8 452 329 68 31 -1 -1 -1 0 
18 1 1025 345 83 30 -1 -1 -1 0 
18 2 841 337 35 23 -1 -1 -1 0 
18 3 824 335 29 19 -1 -1 -1 0 
18 4 672 344 29 24 -1 -1 -1 0 
18 5 570 348 31 22 -1 -1 -1 0 
18 8 444 329 71 32 -1 -1 -1 0 
19 1 1025 343 85 30 -1 -1 -1 0 
19 2 841 337 36 22 -1 -1 -1 0 
19 4 672 343 30 25 -1 -1 -1 0 
19 5 571 347 31 22 -1 -1 -1 0 
19 8 437 328 72 33 -1 -1 -1 0 
20 1 1026 343 86 30 -1 -1 -1 0 
20 2 841 337 36 22 -1 -1 -1 0 
20 4 673 342 29 27 -1 -1 -1 0 
20 5 571 347 32 22 -1 -1 -1 0 
20 8 426 327 79 35 -1 -1 -1 0 
21 1 1027 343 88 31 -1 -1 -1 0 
21 2 842 337 35 22 -1 -1 -1 0 
21 4 672 342 31 27 -1 -1 -1 0 
21 5 572 347 31 22 -1 -1 -1 0 
21 8 416 327 83 35 -1 -1 -1 0 
22 1 1029 342 89 32 -1 -1 -1 0 
22 2 842 337 35 22 -1 -1 -1 0 
22 4 673 342 30 27 -1 -1 -1 0 
22 5 574 347 29 21 -1 -1 -1 0 
22 8 405 327 87 36 -1 -1 -1 0 
23 1 1030 342 89 32 -1 -1 -1 0 
23 2 841 337 37 22 -1 -1 -1 0 
23 4 673 343 30 26 -1 -1 -1 0 
23 5 574 346 30 22 -1 -1 -1 0 
23 7 560 634 716 80 -1 -1 -1 0 
23 8 391 326 94 37 -1 -1 -1 0 
24 1 1031 343 91 32 -1 -1 -1 0 
24 2 843 336 34 23 -1 -1 -1 0 
24 4 673 343 30 26 -1 -1 -1 0 
24 5 574 346 30 22 -1 -1 -1 0 
24 7 560 634 716 81 -1 -1 -1 0 
24 8 378 325 100 39 -1 -1 -1 0 
25 1 1032 343 94 31 -1 -1 -1 0 
25 2 843 336 34 23 -1 -1 -1 0 
25 3 637 343 19 14 -1 -1 -1 0 
25 4 673 342 29 26 -1 -1 -1 0 
25 5 575 346 29 22 -1 -1 -1 0 
25 8 363 324 107 41 -1 -1 -1 0 
26 1 1035 343 92 31 -1 -1 -1 0 
26 2 844 336 34 24 -1 -1 -1 0 
26 3 619 343 19 14 -1 -1 -1 0 
26 4 672 342 30 26 -1 -1 -1 0 
26 5 575 346 30 22 -1 -1 -1 0 
26 8 345 323 118 44 -1 -1 -1 0 
27 1 1037 342 93 33 -1 -1 -1 0 
27 2 840 336 39 24 -1 -1 -1 0 
27 3 615 344 20 13 -1 -1 -1 0 
27 4 673 341 29 27 -1 -1 -1 0 
27 5 576 346 29 22 -1 -1 -1 0 
27 7 560 634 717 80 -1 -1 -1 0 
27 8 325 323 128 46 -1 -1 -1 0 
28 1 1039 341 93 34 -1 -1 -1 0 
28 2 842 336 36 24 -1 -1 -1 0 
28 3 615 344 19 13 -1 -1 -1 0 
28 4 673 341 29 26 -1 -1 -1 0 
28 5 576 346 30 22 -1 -1 -1 0 
28 6 792 337 27 19 -1 -1 -1 0 
28 7 560 634 717 80 -1 -1 -1 0 
28 8 305 322 139 49 -1 -1 -1 0 
29 1 1039 340 96 35 -1 -1 -1 0 
29 2 842 336 36 25 -1 -1 -1 0 
29 3 615 344 19 13 -1 -1 -1 0 
29 4 672 341 32 26 -1 -1 -1 0 
29 5 576 346 31 22 -1 -1 -1 0 
29 6 794 336 30 19 -1 -1 -1 0 
29 8 284 321 149 51 -1 -1 -1 0 
30 1 1040 340 98 36 -1 -1 -1 0 
30 2 843 337 36 24 -1 -1 -1 0 
30 3 611 344 20 13 -1 -1 -1 0 
30 4 673 341 30 27 -1 -1 -1 0 
30 5 578 346 28 22 -1 -1 -1 0 
30 6 802 336 31 19 -1 -1 -1 0 
30 8 256 320 166 55 -1 -1 -1 0 
31 1 1041 339 100 37 -1 -1 -1 0 
31 2 843 337 37 24 -1 -1 -1 0 
31 4 673 341 30 27 -1 -1 -1 0 
31 5 578 346 29 22 -1 -1 -1 0 
31 8 223 319 187 59 -1 -1 -1 0 
32 1 1048 339 94 37 -1 -1 -1 0 
32 2 843 337 38 24 -1 -1 -1 0 
32 4 673 340 31 28 -1 -1 -1 0 
32 5 578 346 29 22 -1 -1 -1 0 
32 8 185 317 212 63 -1 -1 -1 0 
33 1 1046 340 100 36 -1 -1 -1 0 
33 2 843 336 37 24 -1 -1 -1 0 
33 4 674 340 30 29 -1 -1 -1 0 
33 5 579 346 29 22 -1 -1 -1 0 
33 8 142 315 239 68 -1 -1 -1 0 
34 1 1047 340 101 37 -1 -1 -1 0 
34 2 844 336 36 25 -1 -1 -1 0 
34 4 673 340 32 29 -1 -1 -1 0 
34 5 580 346 28 22 -1 -1 -1 0 
34 6 794 336 29 19 -1 -1 -1 0 
34 8 88 311 275 75 -1 -1 -1 0 
35 1 1048 340 101 37 -1 -1 -1 0 
35 2 845 336 35 25 -1 -1 -1 0 
35 4 673 340 32 29 -1 -1 -1 0 
35 5 580 345 28 23 -1 -1 -1 0 
35 6 799 336 30 19 -1 -1 -1 0 
35 8 18 308 326 82 -1 -1 -1 0 
36 1 1048 340 105 38 -1 -1 -1 0 
36 2 848 336 32 25 -1 -1 -1 0 
36 3 618 344 20 13 -1 -1 -1 0 
36 4 673 340 32 28 -1 -1 -1 0 
36 5 579 345 30 22 -1 -1 -1 0 
36 8 4 305 310 89 -1 -1 -1 0 
37 1 1049 340 106 38 -1 -1 -1 0 
37 2 843 336 39 25 -1 -1 -1 0 
37 3 716 342 19 13 -1 -1 -1 0 
37 4 673 342 31 26 -1 -1 -1 0 
37 5 579 346 30 21 -1 -1 -1 0 
37 6 794 337 26 19 -1 -1 -1 0 
37 8 0 301 293 93 -1 -1 -1 0 
38 1 1050 340 108 37 -1 -1 -1 0 
38 2 843 337 38 24 -1 -1 -1 0 
38 3 748 342 19 11 -1 -1 -1 0 
38 4 674 340 29 28 -1 -1 -1 0 
38 5 579 347 31 19 -1 -1 -1 0 
38 6 797 337 26 19 -1 -1 -1 0 
38 8 0 299 277 97 -1 -1 -1 0 
39 1 1052 341 107 38 -1 -1 -1 0 
39 2 842 337 38 25 -1 -1 -1 0 
39 3 759 342 19 11 -1 -1 -1 0 
39 4 673 339 31 29 -1 -1 -1 0 
39 5 582 347 26 20 -1 -1 -1 0 
39 8 0 297 235 93 -1 -1 -1 0 
40 1 1053 341 107 38 -1 -1 -1 0 
40 2 841 337 41 25 -1 -1 -1 0 
40 4 672 340 32 28 -1 -1 -1 0 
40 5 581 347 28 20 -1 -1 -1 0 
40 6 788 337 32 19 -1 -1 -1 0 
40 8 1 293 191 97 -1 -1 -1 0 
