3 1 1026 346 248 104 -1 -1 -1 0 
3 2 1002 344 99 45 -1 -1 -1 0 
3 3 874 315 73 58 -1 -1 -1 0 
3 6 751 340 49 39 -1 -1 -1 0 
3 7 234 370 45 20 -1 -1 -1 0 
4 1 1037 345 242 108 -1 -1 -1 0 
4 2 1010 344 107 46 -1 -1 -1 0 
4 3 876 314 75 60 -1 -1 -1 0 
4 6 752 339 47 39 -1 -1 -1 0 
4 7 211 371 47 21 -1 -1 -1 0 
4 8 550 632 729 82 -1 -1 -1 0 
5 1 1050 347 229 110 -1 -1 -1 0 
5 2 1020 345 111 46 -1 -1 -1 0 
5 3 879 313 77 62 -1 -1 -1 0 
5 6 753 339 46 40 -1 -1 -1 0 
5 7 185 373 50 22 -1 -1 -1 0 
5 8 558 634 720 79 -1 -1 -1 0 
6 1 1064 349 215 114 -1 -1 -1 0 
6 2 1030 345 116 48 -1 -1 -1 0 
6 3 883 313 78 63 -1 -1 -1 0 
6 6 753 339 46 40 -1 -1 -1 0 
6 7 156 374 57 23 -1 -1 -1 0 
6 8 560 635 715 78 -1 -1 -1 0 
6 9 853 338 23 16 -1 -1 -1 0 
7 1 1077 352 202 118 -1 -1 -1 0 
7 2 1040 345 127 50 -1 -1 -1 0 
7 3 888 312 78 64 -1 -1 -1 0 
7 6 752 340 48 40 -1 -1 -1 0 
7 7 125 376 62 24 -1 -1 -1 0 
7 8 561 635 713 78 -1 -1 -1 0 
7 9 853 338 24 16 -1 -1 -1 0 
8 1 1094 354 185 121 -1 -1 -1 0 
8 2 1049 346 157 51 -1 -1 -1 0 
8 3 890 311 82 66 -1 -1 -1 0 
8 6 752 340 48 40 -1 -1 -1 0 
8 7 90 378 68 25 -1 -1 -1 0 
8 8 562 634 711 79 -1 -1 -1 0 
8 9 851 338 25 16 -1 -1 -1 0 
9 1 1106 355 173 115 -1 -1 -1 0 
9 2 1064 346 170 53 -1 -1 -1 0 
9 3 893 310 84 67 -1 -1 -1 0 
9 6 753 341 46 39 -1 -1 -1 0 
9 7 50 380 74 27 -1 -1 -1 0 
9 8 564 634 710 79 -1 -1 -1 0 
9 9 852 337 23 17 -1 -1 -1 0 
10 1 1126 358 153 109 -1 -1 -1 0 
10 2 1080 346 170 57 -1 -1 -1 0 
10 3 897 310 85 68 -1 -1 -1 0 
10 6 753 341 46 39 -1 -1 -1 0 
10 7 3 382 84 29 -1 -1 -1 0 
10 8 561 634 716 79 -1 -1 -1 0 
10 9 852 337 22 17 -1 -1 -1 0 
11 1 1146 363 133 102 -1 -1 -1 0 
11 2 1094 345 179 60 -1 -1 -1 0 
11 3 900 309 89 70 -1 -1 -1 0 
11 6 754 341 45 39 -1 -1 -1 0 
11 7 0 384 46 28 -1 -1 -1 0 
11 8 560 635 716 78 -1 -1 -1 0 
11 9 850 337 23 18 -1 -1 -1 0 
12 1 1169 373 110 94 -1 -1 -1 0 
12 2 1113 345 165 64 -1 -1 -1 0 
12 3 904 308 91 71 -1 -1 -1 0 
12 6 754 341 44 39 -1 -1 -1 0 
12 7 0 385 18 30 -1 -1 -1 0 
12 8 560 635 716 78 -1 -1 -1 0 
12 9 849 337 24 18 -1 -1 -1 0 
13 1 1193 389 86 82 -1 -1 -1 0 
13 2 1130 344 149 67 -1 -1 -1 0 
13 3 908 307 94 73 -1 -1 -1 0 
13 6 755 339 43 39 -1 -1 -1 0 
13 8 562 635 713 78 -1 -1 -1 0 
13 9 848 336 24 18 -1 -1 -1 0 
14 1 1206 394 73 79 -1 -1 -1 0 
14 2 1145 345 134 70 -1 -1 -1 0 
14 3 912 306 97 74 -1 -1 -1 0 
14 6 753 339 46 38 -1 -1 -1 0 
14 8 556 635 722 78 -1 -1 -1 0 
14 9 847 336 25 18 -1 -1 -1 0 
15 2 1165 347 114 71 -1 -1 -1 0 
15 3 916 305 99 75 -1 -1 -1 0 
15 6 754 339 44 38 -1 -1 -1 0 
15 8 564 635 711 78 -1 -1 -1 0 
15 9 847 336 24 18 -1 -1 -1 0 
16 2 1189 350 90 70 -1 -1 -1 0 
16 3 920 304 102 77 -1 -1 -1 0 
16 6 754 339 44 37 -1 -1 -1 0 
16 8 561 635 717 78 -1 -1 -1 0 
16 9 845 337 26 16 -1 -1 -1 0 
16 10 1141 341 128 45 -1 -1 -1 0 
17 2 1211 357 68 64 -1 -1 -1 0 
17 3 925 302 106 80 -1 -1 -1 0 
17 6 754 339 45 37 -1 -1 -1 0 
17 8 561 635 714 78 -1 -1 -1 0 
17 9 845 337 25 16 -1 -1 -1 0 
17 10 1146 341 131 47 -1 -1 -1 0 
18 2 1240 362 39 61 -1 -1 -1 0 
18 3 929 301 110 82 -1 -1 -1 0 
18 6 754 339 44 36 -1 -1 -1 0 
18 8 558 635 718 78 -1 -1 -1 0 
18 9 844 337 25 16 -1 -1 -1 0 
18 10 1152 340 127 51 -1 -1 -1 0 
19 2 1260 363 19 62 -1 -1 -1 0 
19 3 935 300 113 84 -1 -1 -1 0 
19 6 756 338 42 38 -1 -1 -1 0 
19 8 565 635 710 78 -1 -1 -1 0 
19 10 1156 340 123 52 -1 -1 -1 0 
20 3 939 299 118 86 -1 -1 -1 0 
20 6 755 338 44 38 -1 -1 -1 0 
20 8 562 635 716 78 -1 -1 -1 0 
20 10 1160 341 119 53 -1 -1 -1 0 
21 3 944 298 123 88 -1 -1 -1 0 
21 6 754 338 45 38 -1 -1 -1 0 
21 8 559 635 718 78 -1 -1 -1 0 
21 9 842 335 25 18 -1 -1 -1 0 
21 10 1163 341 116 52 -1 -1 -1 0 
22 3 950 296 127 91 -1 -1 -1 0 
22 6 755 339 44 36 -1 -1 -1 0 
22 8 565 635 709 78 -1 -1 -1 0 
22 9 841 335 25 18 -1 -1 -1 0 
22 10 1166 341 113 53 -1 -1 -1 0 
23 3 955 295 133 93 -1 -1 -1 0 
23 6 756 339 41 36 -1 -1 -1 0 
23 8 562 635 713 79 -1 -1 -1 0 
23 9 840 335 26 18 -1 -1 -1 0 
23 10 1170 341 109 53 -1 -1 -1 0 
24 3 961 294 139 95 -1 -1 -1 0 
24 6 756 339 41 37 -1 -1 -1 0 
24 8 556 635 723 78 -1 -1 -1 0 
24 9 841 335 23 19 -1 -1 -1 0 
24 10 1174 341 105 53 -1 -1 -1 0 
25 3 968 291 143 99 -1 -1 -1 0 
25 6 755 339 43 37 -1 -1 -1 0 
25 8 562 635 713 78 -1 -1 -1 0 
25 9 840 335 24 19 -1 -1 -1 0 
25 10 1178 341 101 54 -1 -1 -1 0 
26 3 974 289 151 103 -1 -1 -1 0 
26 6 755 339 43 37 -1 -1 -1 0 
26 8 560 635 717 78 -1 -1 -1 0 
26 10 1182 341 97 54 -1 -1 -1 0 
27 3 980 288 160 105 -1 -1 -1 0 
27 6 755 339 42 36 -1 -1 -1 0 
27 8 565 635 711 78 -1 -1 -1 0 
27 10 1187 341 92 54 -1 -1 -1 0 
28 3 987 288 168 108 -1 -1 -1 0 
28 6 755 339 42 37 -1 -1 -1 0 
28 8 564 635 713 78 -1 -1 -1 0 
28 10 1190 340 89 55 -1 -1 -1 0 
29 3 996 287 174 112 -1 -1 -1 0 
29 6 754 340 43 36 -1 -1 -1 0 
29 8 565 635 710 78 -1 -1 -1 0 
29 10 1194 342 85 52 -1 -1 -1 0 
30 3 1004 284 183 117 -1 -1 -1 0 
30 6 755 340 41 37 -1 -1 -1 0 
30 8 562 633 714 80 -1 -1 -1 0 
30 10 1199 342 80 53 -1 -1 -1 0 
31 3 1014 282 192 122 -1 -1 -1 0 
31 6 754 341 43 36 -1 -1 -1 0 
31 8 561 634 716 79 -1 -1 -1 0 
31 10 1208 342 71 53 -1 -1 -1 0 
32 3 1023 280 205 126 -1 -1 -1 0 
32 6 755 341 41 36 -1 -1 -1 0 
32 8 561 634 716 79 -1 -1 -1 0 
32 9 744 341 24 22 -1 -1 -1 0 
32 10 1227 343 49 52 -1 -1 -1 0 
33 3 1031 277 222 131 -1 -1 -1 0 
33 6 755 341 41 36 -1 -1 -1 0 
33 8 563 634 712 80 -1 -1 -1 0 
33 9 738 342 25 22 -1 -1 -1 0 
33 10 1250 343 25 52 -1 -1 -1 0 
34 3 1043 273 231 137 -1 -1 -1 0 
34 6 753 341 43 35 -1 -1 -1 0 
34 8 561 633 715 81 -1 -1 -1 0 
34 9 736 343 24 21 -1 -1 -1 0 
34 10 1260 343 14 53 -1 -1 -1 0 
35 3 1057 271 222 141 -1 -1 -1 0 
35 6 753 340 43 36 -1 -1 -1 0 
35 8 554 635 725 78 -1 -1 -1 0 
35 9 735 342 24 21 -1 -1 -1 0 
36 3 1071 266 208 148 -1 -1 -1 0 
36 6 753 340 42 36 -1 -1 -1 0 
36 8 559 635 717 78 -1 -1 -1 0 
36 9 735 342 24 21 -1 -1 -1 0 
37 3 1084 263 195 154 -1 -1 -1 0 
37 6 753 340 42 35 -1 -1 -1 0 
37 8 559 635 717 78 -1 -1 -1 0 
37 9 734 342 24 22 -1 -1 -1 0 
38 3 1098 262 181 158 -1 -1 -1 0 
38 6 753 340 43 35 -1 -1 -1 0 
38 8 558 635 718 78 -1 -1 -1 0 
38 9 730 343 23 22 -1 -1 -1 0 
39 3 1111 267 168 158 -1 -1 -1 0 
39 6 752 340 43 36 -1 -1 -1 0 
39 8 558 635 718 78 -1 -1 -1 0 
39 9 732 343 25 22 -1 -1 -1 0 
39 12 827 339 24 16 -1 -1 -1 0 
40 3 1128 269 151 159 -1 -1 -1 0 
40 6 751 340 43 36 -1 -1 -1 0 
40 8 560 634 715 80 -1 -1 -1 0 
40 9 731 344 28 21 -1 -1 -1 0 
40 12 826 339 24 17 -1 -1 -1 0 
