3 1 545 350 66 45 -1 -1 -1 0 
3 2 632 345 25 18 -1 -1 -1 0 
3 3 366 357 34 14 -1 -1 -1 0 
4 1 547 349 64 46 -1 -1 -1 0 
4 2 632 344 25 20 -1 -1 -1 0 
4 3 351 358 36 14 -1 -1 -1 0 
5 1 546 349 66 46 -1 -1 -1 0 
5 2 632 345 25 19 -1 -1 -1 0 
5 3 335 358 38 15 -1 -1 -1 0 
5 5 674 346 24 20 -1 -1 -1 0 
6 1 547 349 65 46 -1 -1 -1 0 
6 2 632 345 25 19 -1 -1 -1 0 
6 3 323 359 39 15 -1 -1 -1 0 
6 5 673 345 26 21 -1 -1 -1 0 
6 6 562 636 713 78 -1 -1 -1 0 
7 1 548 350 64 44 -1 -1 -1 0 
7 2 632 346 25 18 -1 -1 -1 0 
7 3 297 360 45 17 -1 -1 -1 0 
7 5 673 346 26 20 -1 -1 -1 0 
7 6 563 636 712 78 -1 -1 -1 0 
8 1 548 350 64 44 -1 -1 -1 0 
8 2 632 346 25 18 -1 -1 -1 0 
8 3 283 360 46 18 -1 -1 -1 0 
8 5 673 346 25 20 -1 -1 -1 0 
8 6 565 636 711 78 -1 -1 -1 0 
9 1 549 351 65 43 -1 -1 -1 0 
9 2 632 347 25 17 -1 -1 -1 0 
9 5 673 347 25 20 -1 -1 -1 0 
9 6 565 636 712 78 -1 -1 -1 0 
10 1 551 351 62 43 -1 -1 -1 0 
10 2 634 346 23 18 -1 -1 -1 0 
10 5 674 347 24 20 -1 -1 -1 0 
10 6 565 635 711 79 -1 -1 -1 0 
11 1 552 351 62 43 -1 -1 -1 0 
11 2 633 346 25 18 -1 -1 -1 0 
11 3 191 363 64 26 -1 -1 -1 0 
11 5 674 347 25 20 -1 -1 -1 0 
11 6 569 635 706 79 -1 -1 -1 0 
12 1 553 352 62 42 -1 -1 -1 0 
12 2 634 346 25 18 -1 -1 -1 0 
12 3 170 363 67 28 -1 -1 -1 0 
12 5 674 348 25 20 -1 -1 -1 0 
12 6 562 635 714 79 -1 -1 -1 0 
13 1 554 351 59 43 -1 -1 -1 0 
13 2 633 346 27 19 -1 -1 -1 0 
13 3 107 367 89 28 -1 -1 -1 0 
13 5 674 347 24 21 -1 -1 -1 0 
13 6 562 635 714 79 -1 -1 -1 0 
14 1 555 351 60 42 -1 -1 -1 0 
14 2 634 346 25 18 -1 -1 -1 0 
14 3 52 369 103 30 -1 -1 -1 0 
14 5 674 347 24 21 -1 -1 -1 0 
15 1 555 351 60 42 -1 -1 -1 0 
15 2 634 346 24 18 -1 -1 -1 0 
15 3 18 370 110 31 -1 -1 -1 0 
15 5 673 347 26 20 -1 -1 -1 0 
15 6 569 634 706 80 -1 -1 -1 0 
16 1 556 350 60 42 -1 -1 -1 0 
16 2 634 346 25 17 -1 -1 -1 0 
16 5 674 346 24 21 -1 -1 -1 0 
16 6 569 634 706 80 -1 -1 -1 0 
17 1 557 350 60 41 -1 -1 -1 0 
17 2 634 346 25 16 -1 -1 -1 0 
17 5 673 346 26 20 -1 -1 -1 0 
18 1 558 350 59 40 -1 -1 -1 0 
18 2 635 345 23 17 -1 -1 -1 0 
18 5 673 346 26 20 -1 -1 -1 0 
19 1 559 351 59 39 -1 -1 -1 0 
19 2 636 345 23 17 -1 -1 -1 0 
19 5 674 345 24 21 -1 -1 -1 0 
20 1 560 351 59 39 -1 -1 -1 0 
20 2 636 346 23 17 -1 -1 -1 0 
20 5 674 347 24 20 -1 -1 -1 0 
20 6 561 635 715 78 -1 -1 -1 0 
21 1 562 352 57 38 -1 -1 -1 0 
21 2 636 346 23 17 -1 -1 -1 0 
21 5 674 347 25 20 -1 -1 -1 0 
21 6 561 635 715 77 -1 -1 -1 0 
22 1 563 352 56 38 -1 -1 -1 0 
22 2 635 347 24 16 -1 -1 -1 0 
22 5 674 347 25 20 -1 -1 -1 0 
22 6 564 635 710 79 -1 -1 -1 0 
23 1 564 351 55 38 -1 -1 -1 0 
23 2 636 347 22 17 -1 -1 -1 0 
23 5 674 347 24 21 -1 -1 -1 0 
23 6 562 633 710 81 -1 -1 -1 0 
24 1 563 351 58 37 -1 -1 -1 0 
24 2 636 346 22 17 -1 -1 -1 0 
24 5 674 346 25 21 -1 -1 -1 0 
24 6 556 635 723 79 -1 -1 -1 0 
25 1 565 351 55 37 -1 -1 -1 0 
25 2 636 346 23 16 -1 -1 -1 0 
25 5 673 346 26 21 -1 -1 -1 0 
25 6 555 635 724 79 -1 -1 -1 0 
26 1 566 350 55 37 -1 -1 -1 0 
26 2 636 346 23 16 -1 -1 -1 0 
26 5 673 346 26 20 -1 -1 -1 0 
26 6 558 635 718 79 -1 -1 -1 0 
27 1 567 350 55 36 -1 -1 -1 0 
27 2 636 345 23 16 -1 -1 -1 0 
27 5 674 346 25 20 -1 -1 -1 0 
27 6 562 635 712 79 -1 -1 -1 0 
28 1 568 349 53 36 -1 -1 -1 0 
28 2 636 344 24 17 -1 -1 -1 0 
28 5 674 346 25 19 -1 -1 -1 0 
28 6 563 635 711 79 -1 -1 -1 0 
29 1 569 349 53 36 -1 -1 -1 0 
29 2 636 344 24 17 -1 -1 -1 0 
29 5 674 346 26 19 -1 -1 -1 0 
29 6 562 635 715 79 -1 -1 -1 0 
30 1 569 348 54 37 -1 -1 -1 0 
30 2 637 343 23 17 -1 -1 -1 0 
30 5 674 345 25 20 -1 -1 -1 0 
30 6 559 636 720 78 -1 -1 -1 0 
30 11 321 350 45 19 -1 -1 -1 0 
31 1 571 348 51 36 -1 -1 -1 0 
31 2 638 343 22 17 -1 -1 -1 0 
31 5 674 345 24 19 -1 -1 -1 0 
31 6 564 635 708 79 -1 -1 -1 0 
31 11 312 351 46 19 -1 -1 -1 0 
32 1 572 348 51 36 -1 -1 -1 0 
32 2 637 343 23 16 -1 -1 -1 0 
32 5 673 345 26 19 -1 -1 -1 0 
32 6 564 635 708 79 -1 -1 -1 0 
32 11 280 351 53 20 -1 -1 -1 0 
33 1 572 348 52 36 -1 -1 -1 0 
33 2 637 343 23 16 -1 -1 -1 0 
33 5 673 345 26 19 -1 -1 -1 0 
33 6 565 635 710 79 -1 -1 -1 0 
33 11 256 351 57 23 -1 -1 -1 0 
34 1 574 347 50 36 -1 -1 -1 0 
34 2 637 343 23 16 -1 -1 -1 0 
34 5 673 345 26 19 -1 -1 -1 0 
34 6 562 634 714 80 -1 -1 -1 0 
34 11 230 352 63 23 -1 -1 -1 0 
35 1 575 347 50 36 -1 -1 -1 0 
35 2 637 343 22 16 -1 -1 -1 0 
35 5 672 346 26 18 -1 -1 -1 0 
35 6 557 635 722 79 -1 -1 -1 0 
35 11 199 353 68 26 -1 -1 -1 0 
36 1 575 347 50 36 -1 -1 -1 0 
36 2 638 343 21 17 -1 -1 -1 0 
36 5 672 346 26 18 -1 -1 -1 0 
36 6 559 635 717 79 -1 -1 -1 0 
36 11 161 354 81 26 -1 -1 -1 0 
37 1 576 347 50 35 -1 -1 -1 0 
37 2 638 343 22 17 -1 -1 -1 0 
37 5 672 346 26 18 -1 -1 -1 0 
37 6 560 635 718 78 -1 -1 -1 0 
37 11 121 355 88 28 -1 -1 -1 0 
38 1 578 347 48 35 -1 -1 -1 0 
38 2 638 343 22 17 -1 -1 -1 0 
38 5 673 347 25 17 -1 -1 -1 0 
38 6 562 635 714 78 -1 -1 -1 0 
38 11 69 356 103 31 -1 -1 -1 0 
39 1 578 347 49 35 -1 -1 -1 0 
39 2 638 344 22 15 -1 -1 -1 0 
39 5 673 347 24 17 -1 -1 -1 0 
39 6 563 636 714 77 -1 -1 -1 0 
39 11 4 357 126 32 -1 -1 -1 0 
40 1 580 347 46 34 -1 -1 -1 0 
40 2 639 344 21 15 -1 -1 -1 0 
40 5 673 347 24 17 -1 -1 -1 0 
40 6 562 636 713 77 -1 -1 -1 0 
40 11 0 358 69 34 -1 -1 -1 0 
