3 1 1134 448 145 150 -1 -1 -1 0 
3 2 847 339 77 44 -1 -1 -1 0 
3 4 754 336 65 49 -1 -1 -1 0 
3 5 562 635 713 78 -1 -1 -1 0 
3 6 524 354 28 16 -1 -1 -1 0 
3 7 285 366 63 30 -1 -1 -1 0 
3 8 564 345 24 17 -1 -1 -1 0 
4 1 1142 449 136 150 -1 -1 -1 0 
4 2 848 338 78 44 -1 -1 -1 0 
4 4 753 336 67 49 -1 -1 -1 0 
4 5 560 634 717 80 -1 -1 -1 0 
4 6 516 350 30 21 -1 -1 -1 0 
4 7 248 367 71 33 -1 -1 -1 0 
4 8 558 346 25 16 -1 -1 -1 0 
5 1 1145 450 134 150 -1 -1 -1 0 
5 2 849 338 80 44 -1 -1 -1 0 
5 4 753 335 66 49 -1 -1 -1 0 
5 5 559 634 717 80 -1 -1 -1 0 
5 6 506 350 33 21 -1 -1 -1 0 
5 7 205 367 82 36 -1 -1 -1 0 
5 8 554 346 22 16 -1 -1 -1 0 
6 1 1148 451 131 149 -1 -1 -1 0 
6 2 850 338 82 44 -1 -1 -1 0 
6 4 752 335 66 48 -1 -1 -1 0 
6 5 558 634 719 80 -1 -1 -1 0 
6 6 494 349 35 23 -1 -1 -1 0 
6 7 153 367 95 41 -1 -1 -1 0 
6 8 548 345 22 17 -1 -1 -1 0 
7 1 1152 453 127 148 -1 -1 -1 0 
7 2 853 338 80 45 -1 -1 -1 0 
7 4 753 335 63 48 -1 -1 -1 0 
7 5 561 635 716 79 -1 -1 -1 0 
7 6 483 348 36 25 -1 -1 -1 0 
7 7 85 368 116 46 -1 -1 -1 0 
7 8 541 346 24 16 -1 -1 -1 0 
8 1 1155 455 124 148 -1 -1 -1 0 
8 2 854 338 82 46 -1 -1 -1 0 
8 4 752 335 65 48 -1 -1 -1 0 
8 5 563 635 713 79 -1 -1 -1 0 
8 6 468 349 43 26 -1 -1 -1 0 
8 7 6 371 136 50 -1 -1 -1 0 
8 8 534 346 25 17 -1 -1 -1 0 
9 1 1158 456 121 148 -1 -1 -1 0 
9 2 855 338 84 46 -1 -1 -1 0 
9 4 753 336 65 47 -1 -1 -1 0 
9 5 561 635 716 79 -1 -1 -1 0 
9 6 453 350 47 26 -1 -1 -1 0 
9 7 0 373 64 51 -1 -1 -1 0 
9 8 528 347 25 16 -1 -1 -1 0 
9 10 806 338 21 20 -1 -1 -1 0 
10 1 1161 457 118 149 -1 -1 -1 0 
10 2 856 338 86 47 -1 -1 -1 0 
10 4 754 336 64 47 -1 -1 -1 0 
10 5 562 635 715 79 -1 -1 -1 0 
10 6 438 349 48 30 -1 -1 -1 0 
10 7 0 374 18 54 -1 -1 -1 0 
10 8 520 347 27 16 -1 -1 -1 0 
10 10 807 338 20 20 -1 -1 -1 0 
11 1 1164 457 115 148 -1 -1 -1 0 
11 2 858 339 88 47 -1 -1 -1 0 
11 4 754 336 65 47 -1 -1 -1 0 
11 5 561 636 716 78 -1 -1 -1 0 
11 6 417 349 55 33 -1 -1 -1 0 
11 8 513 347 27 19 -1 -1 -1 0 
11 10 807 338 22 22 -1 -1 -1 0 
12 1 1168 458 110 149 -1 -1 -1 0 
12 2 860 340 89 48 -1 -1 -1 0 
12 4 755 337 64 47 -1 -1 -1 0 
12 5 564 635 711 79 -1 -1 -1 0 
12 6 392 351 64 36 -1 -1 -1 0 
12 8 503 349 29 19 -1 -1 -1 0 
12 10 807 338 24 23 -1 -1 -1 0 
13 1 1173 459 105 152 -1 -1 -1 0 
13 2 864 341 89 48 -1 -1 -1 0 
13 4 755 338 65 47 -1 -1 -1 0 
13 5 567 635 709 78 -1 -1 -1 0 
13 6 365 353 71 40 -1 -1 -1 0 
13 8 493 351 33 20 -1 -1 -1 0 
13 10 809 339 24 23 -1 -1 -1 0 
14 1 1177 460 102 154 -1 -1 -1 0 
14 2 866 341 91 49 -1 -1 -1 0 
14 4 755 338 66 47 -1 -1 -1 0 
14 5 564 635 711 78 -1 -1 -1 0 
14 6 329 353 84 46 -1 -1 -1 0 
14 8 482 352 34 22 -1 -1 -1 0 
14 10 811 340 23 23 -1 -1 -1 0 
15 1 1181 461 98 156 -1 -1 -1 0 
15 2 869 341 92 49 -1 -1 -1 0 
15 4 756 338 65 48 -1 -1 -1 0 
15 5 561 636 718 77 -1 -1 -1 0 
15 6 284 354 100 53 -1 -1 -1 0 
15 8 469 353 36 24 -1 -1 -1 0 
15 10 811 340 25 23 -1 -1 -1 0 
16 1 1185 462 94 157 -1 -1 -1 0 
16 2 871 341 94 49 -1 -1 -1 0 
16 4 756 338 66 48 -1 -1 -1 0 
16 5 564 635 711 78 -1 -1 -1 0 
16 6 226 356 121 60 -1 -1 -1 0 
16 8 451 353 44 25 -1 -1 -1 0 
16 10 812 339 26 24 -1 -1 -1 0 
16 15 572 338 20 16 -1 -1 -1 0 
17 1 1189 463 90 155 -1 -1 -1 0 
17 2 874 340 94 50 -1 -1 -1 0 
17 4 757 338 66 47 -1 -1 -1 0 
17 5 564 635 712 78 -1 -1 -1 0 
17 6 143 358 157 69 -1 -1 -1 0 
17 8 434 354 45 27 -1 -1 -1 0 
17 10 813 338 26 25 -1 -1 -1 0 
17 15 570 338 20 16 -1 -1 -1 0 
17 16 604 343 24 11 -1 -1 -1 0 
17 17 514 325 41 37 -1 -1 -1 0 
18 1 1193 465 86 155 -1 -1 -1 0 
18 2 876 339 96 51 -1 -1 -1 0 
18 4 759 337 64 48 -1 -1 -1 0 
18 5 561 635 715 78 -1 -1 -1 0 
18 6 25 361 206 82 -1 -1 -1 0 
18 8 411 353 52 31 -1 -1 -1 0 
18 10 814 338 26 24 -1 -1 -1 0 
18 15 567 337 20 16 -1 -1 -1 0 
18 16 601 342 27 12 -1 -1 -1 0 
18 17 508 323 42 39 -1 -1 -1 0 
18 18 849 341 22 15 -1 -1 -1 0 
19 1 1197 470 82 152 -1 -1 -1 0 
19 2 878 339 98 52 -1 -1 -1 0 
19 4 760 337 63 48 -1 -1 -1 0 
19 5 563 635 714 78 -1 -1 -1 0 
19 6 4 363 123 90 -1 -1 -1 0 
19 8 384 355 62 32 -1 -1 -1 0 
19 10 815 338 26 24 -1 -1 -1 0 
19 15 565 337 18 16 -1 -1 -1 0 
19 16 599 342 26 13 -1 -1 -1 0 
19 17 500 322 47 41 -1 -1 -1 0 
19 18 850 341 22 15 -1 -1 -1 0 
20 1 1201 472 78 152 -1 -1 -1 0 
20 2 881 339 98 53 -1 -1 -1 0 
20 4 760 337 64 48 -1 -1 -1 0 
20 5 562 635 715 78 -1 -1 -1 0 
20 6 0 365 79 94 -1 -1 -1 0 
20 8 354 357 68 34 -1 -1 -1 0 
20 10 815 339 28 24 -1 -1 -1 0 
20 15 562 337 19 16 -1 -1 -1 0 
20 16 595 343 28 13 -1 -1 -1 0 
20 17 494 321 47 43 -1 -1 -1 0 
20 18 851 342 23 15 -1 -1 -1 0 
21 1 1204 474 75 148 -1 -1 -1 0 
21 2 883 340 100 54 -1 -1 -1 0 
21 4 759 338 66 47 -1 -1 -1 0 
21 5 562 635 715 78 -1 -1 -1 0 
21 8 314 359 80 38 -1 -1 -1 0 
21 10 816 339 29 24 -1 -1 -1 0 
21 15 557 337 21 17 -1 -1 -1 0 
21 16 593 343 23 14 -1 -1 -1 0 
21 17 484 321 54 45 -1 -1 -1 0 
21 18 851 343 25 15 -1 -1 -1 0 
22 1 1208 477 71 146 -1 -1 -1 0 
22 2 883 341 105 54 -1 -1 -1 0 
22 4 759 338 66 48 -1 -1 -1 0 
22 5 560 635 716 79 -1 -1 -1 0 
22 8 265 362 93 43 -1 -1 -1 0 
22 10 816 339 29 25 -1 -1 -1 0 
22 15 555 337 20 18 -1 -1 -1 0 
22 16 589 344 24 15 -1 -1 -1 0 
22 17 476 322 57 45 -1 -1 -1 0 
22 18 852 344 25 14 -1 -1 -1 0 
23 1 1212 480 67 145 -1 -1 -1 0 
23 2 885 343 108 53 -1 -1 -1 0 
23 4 759 339 66 48 -1 -1 -1 0 
23 5 566 636 709 78 -1 -1 -1 0 
23 8 198 365 115 50 -1 -1 -1 0 
23 10 816 341 31 24 -1 -1 -1 0 
23 15 550 337 23 19 -1 -1 -1 0 
23 16 585 345 24 15 -1 -1 -1 0 
23 17 467 322 59 47 -1 -1 -1 0 
23 18 855 345 22 14 -1 -1 -1 0 
23 19 330 351 61 32 -1 -1 -1 0 
24 1 1216 482 63 142 -1 -1 -1 0 
24 2 888 343 107 54 -1 -1 -1 0 
24 4 760 339 66 49 -1 -1 -1 0 
24 5 562 635 714 79 -1 -1 -1 0 
24 8 168 367 122 51 -1 -1 -1 0 
24 10 817 341 31 24 -1 -1 -1 0 
24 15 547 338 21 19 -1 -1 -1 0 
24 16 580 345 26 16 -1 -1 -1 0 
24 17 455 322 65 49 -1 -1 -1 0 
24 18 857 346 22 14 -1 -1 -1 0 
24 19 303 353 67 34 -1 -1 -1 0 
25 1 1221 482 58 138 -1 -1 -1 0 
25 2 892 344 108 55 -1 -1 -1 0 
25 4 760 340 67 49 -1 -1 -1 0 
25 5 559 635 718 79 -1 -1 -1 0 
25 10 818 342 31 24 -1 -1 -1 0 
25 15 543 338 22 19 -1 -1 -1 0 
25 16 577 346 21 15 -1 -1 -1 0 
25 17 445 321 70 52 -1 -1 -1 0 
25 18 859 346 21 15 -1 -1 -1 0 
25 19 276 352 69 39 -1 -1 -1 0 
26 1 1224 484 55 134 -1 -1 -1 0 
26 2 892 344 113 56 -1 -1 -1 0 
26 4 759 341 68 49 -1 -1 -1 0 
26 5 564 635 711 79 -1 -1 -1 0 
26 10 820 342 29 24 -1 -1 -1 0 
26 15 540 338 21 20 -1 -1 -1 0 
26 16 570 347 24 16 -1 -1 -1 0 
26 17 434 319 74 57 -1 -1 -1 0 
26 18 861 346 22 16 -1 -1 -1 0 
26 19 239 354 83 42 -1 -1 -1 0 
27 1 1229 485 50 129 -1 -1 -1 0 
27 2 895 345 114 56 -1 -1 -1 0 
27 4 761 342 65 48 -1 -1 -1 0 
27 5 562 635 713 79 -1 -1 -1 0 
27 10 820 342 31 25 -1 -1 -1 0 
27 15 535 340 22 19 -1 -1 -1 0 
27 16 564 348 26 17 -1 -1 -1 0 
27 17 419 320 84 58 -1 -1 -1 0 
27 18 861 347 25 15 -1 -1 -1 0 
27 19 198 355 93 47 -1 -1 -1 0 
28 1 1232 486 47 124 -1 -1 -1 0 
28 2 898 344 116 57 -1 -1 -1 0 
28 4 761 342 66 48 -1 -1 -1 0 
28 5 564 635 712 79 -1 -1 -1 0 
28 10 821 342 31 25 -1 -1 -1 0 
28 15 531 340 23 20 -1 -1 -1 0 
28 16 558 348 28 18 -1 -1 -1 0 
28 17 405 319 91 62 -1 -1 -1 0 
28 18 863 346 24 15 -1 -1 -1 0 
28 19 146 356 108 53 -1 -1 -1 0 
29 1 1237 488 42 116 -1 -1 -1 0 
29 2 901 343 117 59 -1 -1 -1 0 
29 4 761 341 67 49 -1 -1 -1 0 
29 5 561 635 718 79 -1 -1 -1 0 
29 10 822 342 32 25 -1 -1 -1 0 
29 15 526 339 22 21 -1 -1 -1 0 
29 16 552 348 28 19 -1 -1 -1 0 
29 17 390 318 85 64 -1 -1 -1 0 
29 18 863 346 25 16 -1 -1 -1 0 
29 19 78 358 132 59 -1 -1 -1 0 
30 1 1241 489 38 112 -1 -1 -1 0 
30 2 903 343 121 60 -1 -1 -1 0 
30 4 760 340 68 50 -1 -1 -1 0 
30 5 567 635 706 79 -1 -1 -1 0 
30 10 823 342 32 25 -1 -1 -1 0 
30 15 520 339 24 21 -1 -1 -1 0 
30 16 543 348 32 20 -1 -1 -1 0 
30 17 368 317 94 68 -1 -1 -1 0 
30 18 865 346 24 16 -1 -1 -1 0 
30 19 8 358 143 67 -1 -1 -1 0 
31 1 1245 493 34 108 -1 -1 -1 0 
31 2 906 343 122 61 -1 -1 -1 0 
31 4 759 340 69 50 -1 -1 -1 0 
31 5 561 635 717 79 -1 -1 -1 0 
31 10 823 341 32 26 -1 -1 -1 0 
31 15 514 339 25 22 -1 -1 -1 0 
31 16 534 349 34 22 -1 -1 -1 0 
31 17 344 317 106 71 -1 -1 -1 0 
31 18 865 346 27 16 -1 -1 -1 0 
31 19 0 361 77 70 -1 -1 -1 0 
31 25 575 345 24 14 -1 -1 -1 0 
32 1 1248 498 31 101 -1 -1 -1 0 
32 2 908 343 124 61 -1 -1 -1 0 
32 4 759 340 69 50 -1 -1 -1 0 
32 5 566 635 707 79 -1 -1 -1 0 
32 10 823 341 34 27 -1 -1 -1 0 
32 15 509 338 23 23 -1 -1 -1 0 
32 16 525 349 35 23 -1 -1 -1 0 
32 17 318 315 115 76 -1 -1 -1 0 
32 18 868 346 24 16 -1 -1 -1 0 
32 19 0 362 34 74 -1 -1 -1 0 
32 25 571 346 25 14 -1 -1 -1 0 
33 1 1252 507 27 91 -1 -1 -1 0 
33 2 909 343 128 62 -1 -1 -1 0 
33 4 758 339 70 51 -1 -1 -1 0 
33 5 560 635 717 79 -1 -1 -1 0 
33 10 825 341 32 27 -1 -1 -1 0 
33 15 501 338 26 23 -1 -1 -1 0 
33 16 512 349 40 25 -1 -1 -1 0 
33 17 287 313 129 82 -1 -1 -1 0 
33 18 869 346 25 16 -1 -1 -1 0 
33 25 566 345 26 16 -1 -1 -1 0 
34 1 1255 510 24 86 -1 -1 -1 0 
34 2 912 343 129 63 -1 -1 -1 0 
34 4 757 338 71 52 -1 -1 -1 0 
34 5 564 635 713 79 -1 -1 -1 0 
34 10 825 341 34 27 -1 -1 -1 0 
34 15 497 338 26 23 -1 -1 -1 0 
34 16 499 350 43 27 -1 -1 -1 0 
34 17 250 311 146 89 -1 -1 -1 0 
34 18 871 346 23 16 -1 -1 -1 0 
34 25 558 345 33 16 -1 -1 -1 0 
35 2 913 343 134 64 -1 -1 -1 0 
35 4 757 338 71 52 -1 -1 -1 0 
35 5 569 635 704 79 -1 -1 -1 0 
35 10 826 341 34 27 -1 -1 -1 0 
35 15 405 348 42 24 -1 -1 -1 0 
35 16 483 350 48 30 -1 -1 -1 0 
35 17 204 309 171 96 -1 -1 -1 0 
35 18 871 346 26 17 -1 -1 -1 0 
35 25 551 345 38 17 -1 -1 -1 0 
36 2 916 342 135 66 -1 -1 -1 0 
36 4 756 337 72 52 -1 -1 -1 0 
36 5 566 635 710 79 -1 -1 -1 0 
36 10 827 341 34 26 -1 -1 -1 0 
36 15 370 352 46 24 -1 -1 -1 0 
36 16 465 351 53 32 -1 -1 -1 0 
36 17 148 306 202 107 -1 -1 -1 0 
36 18 873 346 25 17 -1 -1 -1 0 
36 25 546 344 35 19 -1 -1 -1 0 
37 2 918 342 139 66 -1 -1 -1 0 
37 4 757 336 70 53 -1 -1 -1 0 
37 5 571 635 702 79 -1 -1 -1 0 
37 10 828 341 33 26 -1 -1 -1 0 
37 15 345 351 52 28 -1 -1 -1 0 
37 16 443 352 59 34 -1 -1 -1 0 
37 17 74 302 247 120 -1 -1 -1 0 
37 18 877 347 22 16 -1 -1 -1 0 
37 25 537 345 51 18 -1 -1 -1 0 
38 2 920 342 142 67 -1 -1 -1 0 
38 4 756 336 71 52 -1 -1 -1 0 
38 5 563 635 713 80 -1 -1 -1 0 
38 10 828 339 34 28 -1 -1 -1 0 
38 15 321 351 58 30 -1 -1 -1 0 
38 16 418 352 66 37 -1 -1 -1 0 
38 17 14 294 267 137 -1 -1 -1 0 
38 18 878 345 22 18 -1 -1 -1 0 
38 25 534 343 49 20 -1 -1 -1 0 
39 2 923 341 145 68 -1 -1 -1 0 
39 4 756 335 71 52 -1 -1 -1 0 
39 5 563 636 713 79 -1 -1 -1 0 
39 10 828 339 36 28 -1 -1 -1 0 
39 15 296 351 63 31 -1 -1 -1 0 
39 16 386 351 76 43 -1 -1 -1 0 
39 17 0 284 239 143 -1 -1 -1 0 
39 18 879 344 24 19 -1 -1 -1 0 
39 25 528 342 51 21 -1 -1 -1 0 
39 26 455 335 43 28 -1 -1 -1 0 
40 2 927 341 148 69 -1 -1 -1 0 
40 4 756 335 71 52 -1 -1 -1 0 
40 5 566 635 706 80 -1 -1 -1 0 
40 10 828 339 38 28 -1 -1 -1 0 
40 15 268 351 69 34 -1 -1 -1 0 
40 16 344 351 93 48 -1 -1 -1 0 
40 17 0 278 184 152 -1 -1 -1 0 
40 18 880 345 26 18 -1 -1 -1 0 
40 25 521 342 51 21 -1 -1 -1 0 
40 26 446 333 43 30 -1 -1 -1 0 
