3 1 801 342 120 80 -1 -1 -1 0 
3 3 665 348 31 28 -1 -1 -1 0 
3 4 529 339 85 68 -1 -1 -1 0 
3 8 528 339 86 68 -1 -1 -1 0 
3 9 700 346 23 14 -1 -1 -1 0 
4 1 802 342 119 80 -1 -1 -1 0 
4 3 666 346 30 31 -1 -1 -1 0 
4 4 530 339 85 68 -1 -1 -1 0 
4 8 530 339 84 67 -1 -1 -1 0 
4 9 700 346 22 14 -1 -1 -1 0 
5 1 802 341 120 81 -1 -1 -1 0 
5 3 665 345 32 31 -1 -1 -1 0 
5 4 531 338 85 68 -1 -1 -1 0 
5 8 532 339 83 67 -1 -1 -1 0 
5 9 700 346 22 14 -1 -1 -1 0 
6 1 802 340 121 82 -1 -1 -1 0 
6 3 665 345 31 30 -1 -1 -1 0 
6 4 533 338 84 67 -1 -1 -1 0 
6 9 700 345 23 15 -1 -1 -1 0 
6 12 5 370 129 29 -1 -1 -1 0 
7 1 801 339 123 81 -1 -1 -1 0 
7 3 665 343 31 30 -1 -1 -1 0 
7 4 535 337 84 65 -1 -1 -1 0 
7 8 535 337 83 65 -1 -1 -1 0 
7 9 700 342 23 15 -1 -1 -1 0 
7 12 12 371 90 29 -1 -1 -1 0 
8 1 801 338 124 81 -1 -1 -1 0 
8 3 666 341 30 31 -1 -1 -1 0 
8 4 537 337 82 62 -1 -1 -1 0 
8 8 537 336 82 63 -1 -1 -1 0 
8 9 700 340 22 16 -1 -1 -1 0 
8 12 13 372 89 28 -1 -1 -1 0 
9 1 802 337 123 81 -1 -1 -1 0 
9 3 665 340 32 30 -1 -1 -1 0 
9 4 539 335 79 63 -1 -1 -1 0 
9 8 539 335 80 63 -1 -1 -1 0 
9 9 699 339 24 16 -1 -1 -1 0 
9 16 0 430 89 88 -1 -1 -1 0 
10 1 803 336 122 81 -1 -1 -1 0 
10 3 665 339 32 30 -1 -1 -1 0 
10 4 539 334 81 62 -1 -1 -1 0 
10 8 540 334 80 62 -1 -1 -1 0 
10 9 699 338 25 16 -1 -1 -1 0 
10 16 0 421 116 89 -1 -1 -1 0 
11 1 802 336 125 81 -1 -1 -1 0 
11 3 665 338 31 31 -1 -1 -1 0 
11 4 540 334 80 61 -1 -1 -1 0 
11 8 540 333 80 62 -1 -1 -1 0 
11 9 700 337 24 17 -1 -1 -1 0 
11 16 0 413 137 90 -1 -1 -1 0 
12 1 803 336 124 83 -1 -1 -1 0 
12 3 664 339 33 30 -1 -1 -1 0 
12 4 542 334 77 61 -1 -1 -1 0 
12 8 543 334 76 62 -1 -1 -1 0 
12 9 700 336 23 19 -1 -1 -1 0 
12 16 0 401 155 100 -1 -1 -1 0 
13 1 802 337 126 83 -1 -1 -1 0 
13 3 665 341 31 29 -1 -1 -1 0 
13 4 545 335 74 61 -1 -1 -1 0 
13 8 545 335 74 61 -1 -1 -1 0 
13 9 699 337 25 19 -1 -1 -1 0 
13 16 1 389 173 112 -1 -1 -1 0 
14 1 803 339 127 82 -1 -1 -1 0 
14 3 666 340 31 32 -1 -1 -1 0 
14 4 547 336 72 61 -1 -1 -1 0 
14 8 547 336 72 61 -1 -1 -1 0 
14 9 699 338 25 20 -1 -1 -1 0 
14 16 0 383 196 119 -1 -1 -1 0 
14 17 392 354 34 11 -1 -1 -1 0 
15 1 803 339 127 83 -1 -1 -1 0 
15 3 666 341 31 32 -1 -1 -1 0 
15 4 548 338 73 60 -1 -1 -1 0 
15 8 548 337 72 61 -1 -1 -1 0 
15 9 699 340 26 19 -1 -1 -1 0 
15 16 2 380 208 128 -1 -1 -1 0 
15 17 378 356 41 11 -1 -1 -1 0 
16 1 804 340 127 83 -1 -1 -1 0 
16 3 666 342 31 32 -1 -1 -1 0 
16 4 549 338 72 60 -1 -1 -1 0 
16 8 549 338 72 60 -1 -1 -1 0 
16 9 699 341 26 18 -1 -1 -1 0 
16 16 1 377 226 136 -1 -1 -1 0 
16 17 372 358 40 10 -1 -1 -1 0 
17 1 805 340 127 84 -1 -1 -1 0 
17 3 667 342 30 32 -1 -1 -1 0 
17 4 550 338 73 59 -1 -1 -1 0 
17 8 550 338 73 60 -1 -1 -1 0 
17 9 700 340 24 20 -1 -1 -1 0 
17 16 0 376 243 136 -1 -1 -1 0 
17 17 350 357 39 12 -1 -1 -1 0 
18 1 805 340 128 84 -1 -1 -1 0 
18 3 667 340 31 33 -1 -1 -1 0 
18 4 553 337 70 59 -1 -1 -1 0 
18 8 552 339 71 58 -1 -1 -1 0 
18 9 699 338 26 21 -1 -1 -1 0 
18 16 0 373 260 132 -1 -1 -1 0 
18 17 333 356 42 13 -1 -1 -1 0 
19 1 806 340 128 84 -1 -1 -1 0 
19 3 666 340 32 32 -1 -1 -1 0 
19 4 553 337 72 57 -1 -1 -1 0 
19 9 700 337 26 20 -1 -1 -1 0 
19 16 0 371 273 126 -1 -1 -1 0 
19 17 320 357 43 13 -1 -1 -1 0 
20 1 807 340 128 84 -1 -1 -1 0 
20 3 665 341 33 30 -1 -1 -1 0 
20 4 555 336 70 57 -1 -1 -1 0 
20 9 700 337 26 20 -1 -1 -1 0 
20 16 0 370 283 121 -1 -1 -1 0 
21 1 808 338 128 85 -1 -1 -1 0 
21 3 665 341 33 28 -1 -1 -1 0 
21 4 556 334 69 56 -1 -1 -1 0 
21 9 701 335 25 20 -1 -1 -1 0 
21 16 0 369 293 116 -1 -1 -1 0 
22 1 808 338 130 85 -1 -1 -1 0 
22 3 666 341 31 28 -1 -1 -1 0 
22 4 557 334 68 55 -1 -1 -1 0 
22 8 556 335 70 55 -1 -1 -1 0 
22 9 701 334 25 21 -1 -1 -1 0 
22 16 0 368 300 114 -1 -1 -1 0 
23 1 808 337 132 86 -1 -1 -1 0 
23 3 666 339 31 30 -1 -1 -1 0 
23 4 557 334 70 55 -1 -1 -1 0 
23 8 558 335 68 54 -1 -1 -1 0 
23 9 701 335 26 19 -1 -1 -1 0 
23 16 0 368 310 110 -1 -1 -1 0 
23 17 217 357 57 18 -1 -1 -1 0 
24 1 810 337 131 86 -1 -1 -1 0 
24 3 666 339 31 30 -1 -1 -1 0 
24 4 559 335 68 54 -1 -1 -1 0 
24 8 560 335 67 54 -1 -1 -1 0 
24 9 702 334 24 21 -1 -1 -1 0 
24 16 13 367 304 107 -1 -1 -1 0 
24 17 199 357 58 19 -1 -1 -1 0 
25 1 809 338 135 85 -1 -1 -1 0 
25 3 666 340 31 30 -1 -1 -1 0 
25 4 561 336 66 53 -1 -1 -1 0 
25 8 562 335 66 53 -1 -1 -1 0 
25 9 702 335 25 21 -1 -1 -1 0 
25 16 39 366 283 103 -1 -1 -1 0 
26 1 809 338 136 86 -1 -1 -1 0 
26 3 667 340 30 31 -1 -1 -1 0 
26 4 563 337 65 52 -1 -1 -1 0 
26 8 563 335 65 54 -1 -1 -1 0 
26 9 701 336 26 21 -1 -1 -1 0 
26 16 60 366 271 100 -1 -1 -1 0 
26 17 90 364 63 23 -1 -1 -1 0 
27 1 811 338 134 88 -1 -1 -1 0 
27 3 666 341 32 31 -1 -1 -1 0 
27 4 564 338 64 52 -1 -1 -1 0 
27 8 564 337 64 53 -1 -1 -1 0 
27 9 701 338 27 20 -1 -1 -1 0 
27 16 84 367 254 96 -1 -1 -1 0 
27 17 61 365 64 24 -1 -1 -1 0 
28 1 811 338 136 88 -1 -1 -1 0 
28 3 667 340 31 32 -1 -1 -1 0 
28 4 565 338 63 52 -1 -1 -1 0 
28 8 565 337 63 53 -1 -1 -1 0 
28 9 701 338 27 20 -1 -1 -1 0 
28 16 105 367 241 92 -1 -1 -1 0 
28 17 0 370 83 25 -1 -1 -1 0 
29 1 812 338 136 89 -1 -1 -1 0 
29 3 667 340 31 32 -1 -1 -1 0 
29 4 566 338 63 52 -1 -1 -1 0 
29 8 566 337 63 53 -1 -1 -1 0 
29 9 703 338 24 21 -1 -1 -1 0 
29 16 124 366 230 88 -1 -1 -1 0 
29 17 0 372 51 25 -1 -1 -1 0 
30 1 812 338 138 89 -1 -1 -1 0 
30 3 666 341 32 31 -1 -1 -1 0 
30 8 566 337 64 52 -1 -1 -1 0 
30 9 702 337 26 21 -1 -1 -1 0 
30 16 142 364 219 86 -1 -1 -1 0 
31 1 812 338 141 89 -1 -1 -1 0 
31 3 666 341 32 30 -1 -1 -1 0 
31 8 568 336 62 51 -1 -1 -1 0 
31 9 702 336 25 21 -1 -1 -1 0 
31 16 159 363 209 83 -1 -1 -1 0 
32 1 813 338 141 89 -1 -1 -1 0 
32 3 666 341 33 30 -1 -1 -1 0 
32 8 570 334 60 53 -1 -1 -1 0 
32 9 702 336 26 21 -1 -1 -1 0 
32 16 175 362 199 81 -1 -1 -1 0 
33 1 814 337 142 89 -1 -1 -1 0 
33 3 667 341 31 29 -1 -1 -1 0 
33 8 570 334 62 51 -1 -1 -1 0 
33 9 702 335 27 20 -1 -1 -1 0 
33 16 189 361 192 78 -1 -1 -1 0 
34 1 815 337 143 89 -1 -1 -1 0 
34 3 666 343 33 27 -1 -1 -1 0 
34 8 571 334 61 50 -1 -1 -1 0 
34 9 702 336 27 19 -1 -1 -1 0 
34 16 203 359 183 78 -1 -1 -1 0 
35 1 817 337 142 91 -1 -1 -1 0 
35 3 666 343 33 26 -1 -1 -1 0 
35 4 573 336 60 49 -1 -1 -1 0 
35 8 572 335 61 49 -1 -1 -1 0 
35 9 703 336 25 19 -1 -1 -1 0 
35 16 214 361 181 74 -1 -1 -1 0 
36 1 817 337 144 91 -1 -1 -1 0 
36 3 667 344 31 25 -1 -1 -1 0 
36 4 574 336 59 48 -1 -1 -1 0 
36 8 574 335 59 49 -1 -1 -1 0 
36 9 703 337 26 18 -1 -1 -1 0 
36 16 228 361 171 72 -1 -1 -1 0 
37 1 818 337 145 93 -1 -1 -1 0 
37 3 668 342 30 28 -1 -1 -1 0 
37 4 575 335 58 49 -1 -1 -1 0 
37 8 575 335 58 49 -1 -1 -1 0 
37 9 703 337 25 19 -1 -1 -1 0 
37 12 185 357 68 24 -1 -1 -1 0 
37 16 240 361 165 71 -1 -1 -1 0 
38 1 819 337 146 94 -1 -1 -1 0 
38 3 668 340 31 31 -1 -1 -1 0 
38 4 576 336 58 48 -1 -1 -1 0 
38 8 577 336 57 48 -1 -1 -1 0 
38 9 703 337 25 20 -1 -1 -1 0 
38 12 164 357 79 25 -1 -1 -1 0 
38 16 250 361 161 69 -1 -1 -1 0 
39 1 818 338 150 94 -1 -1 -1 0 
39 3 667 340 33 31 -1 -1 -1 0 
39 4 578 336 56 48 -1 -1 -1 0 
39 8 577 336 57 48 -1 -1 -1 0 
39 9 702 337 27 20 -1 -1 -1 0 
39 12 169 357 79 25 -1 -1 -1 0 
39 16 262 361 153 68 -1 -1 -1 0 
40 1 819 338 151 95 -1 -1 -1 0 
40 3 666 343 34 29 -1 -1 -1 0 
40 8 578 336 57 48 -1 -1 -1 0 
40 9 702 338 27 20 -1 -1 -1 0 
40 16 272 361 149 66 -1 -1 -1 0 
