3 1 1144 343 134 88 -1 -1 -1 0 
3 2 516 353 95 68 -1 -1 -1 0 
3 5 558 636 717 79 -1 -1 -1 0 
3 6 763 324 108 83 -1 -1 -1 0 
3 7 706 321 28 39 -1 -1 -1 0 
3 8 233 359 151 51 -1 -1 -1 0 
4 1 1146 344 133 86 -1 -1 -1 0 
4 2 517 354 95 67 -1 -1 -1 0 
4 5 556 636 720 79 -1 -1 -1 0 
4 6 765 325 107 83 -1 -1 -1 0 
4 7 706 322 28 39 -1 -1 -1 0 
4 8 117 364 213 62 -1 -1 -1 0 
4 10 362 353 59 34 -1 -1 -1 0 
4 11 472 350 50 26 -1 -1 -1 0 
5 1 1149 344 130 84 -1 -1 -1 0 
5 2 519 355 93 66 -1 -1 -1 0 
5 5 559 636 716 79 -1 -1 -1 0 
5 6 765 325 109 83 -1 -1 -1 0 
5 7 707 321 28 40 -1 -1 -1 0 
5 8 11 370 235 73 -1 -1 -1 0 
5 10 332 357 68 34 -1 -1 -1 0 
5 11 454 351 57 29 -1 -1 -1 0 
6 1 1152 345 127 81 -1 -1 -1 0 
6 2 521 354 92 66 -1 -1 -1 0 
6 5 557 636 720 79 -1 -1 -1 0 
6 6 767 325 108 83 -1 -1 -1 0 
6 7 707 321 28 40 -1 -1 -1 0 
6 8 0 379 126 73 -1 -1 -1 0 
6 10 298 359 78 35 -1 -1 -1 0 
6 11 430 351 67 31 -1 -1 -1 0 
6 15 212 351 102 49 -1 -1 -1 0 
7 1 1156 345 122 82 -1 -1 -1 0 
7 2 521 354 94 66 -1 -1 -1 0 
7 5 563 634 709 81 -1 -1 -1 0 
7 6 768 325 109 84 -1 -1 -1 0 
7 7 708 321 27 40 -1 -1 -1 0 
7 8 0 384 62 79 -1 -1 -1 0 
7 10 261 361 86 38 -1 -1 -1 0 
7 11 403 353 77 34 -1 -1 -1 0 
7 15 159 353 120 53 -1 -1 -1 0 
8 1 1158 346 121 81 -1 -1 -1 0 
8 2 524 354 91 65 -1 -1 -1 0 
8 5 556 634 723 81 -1 -1 -1 0 
8 6 768 325 111 85 -1 -1 -1 0 
8 7 709 322 27 39 -1 -1 -1 0 
8 10 215 363 100 43 -1 -1 -1 0 
8 11 371 353 86 39 -1 -1 -1 0 
8 15 96 354 137 58 -1 -1 -1 0 
8 16 513 345 27 23 -1 -1 -1 0 
9 1 1161 346 118 83 -1 -1 -1 0 
9 2 525 354 92 64 -1 -1 -1 0 
9 5 557 634 721 81 -1 -1 -1 0 
9 6 768 325 114 86 -1 -1 -1 0 
9 7 709 322 26 39 -1 -1 -1 0 
9 10 154 365 121 49 -1 -1 -1 0 
9 11 326 355 105 44 -1 -1 -1 0 
9 15 8 355 172 65 -1 -1 -1 0 
9 16 507 346 28 23 -1 -1 -1 0 
9 17 424 351 37 22 -1 -1 -1 0 
10 1 1162 348 117 80 -1 -1 -1 0 
10 2 526 353 92 65 -1 -1 -1 0 
10 5 558 635 720 80 -1 -1 -1 0 
10 6 769 325 115 87 -1 -1 -1 0 
10 7 709 322 27 40 -1 -1 -1 0 
10 10 70 368 152 56 -1 -1 -1 0 
10 11 268 357 128 52 -1 -1 -1 0 
10 15 0 357 109 69 -1 -1 -1 0 
10 16 501 346 29 22 -1 -1 -1 0 
10 17 409 352 41 25 -1 -1 -1 0 
11 1 1166 349 113 79 -1 -1 -1 0 
11 2 527 353 92 65 -1 -1 -1 0 
11 5 558 635 719 80 -1 -1 -1 0 
11 6 770 325 116 87 -1 -1 -1 0 
11 7 708 322 28 40 -1 -1 -1 0 
11 10 6 371 144 64 -1 -1 -1 0 
11 11 184 361 168 61 -1 -1 -1 0 
11 15 0 358 66 73 -1 -1 -1 0 
11 16 494 347 30 22 -1 -1 -1 0 
11 17 393 351 44 27 -1 -1 -1 0 
12 1 1169 349 110 79 -1 -1 -1 0 
12 2 529 353 90 64 -1 -1 -1 0 
12 5 560 635 715 79 -1 -1 -1 0 
12 6 770 325 118 87 -1 -1 -1 0 
12 7 709 321 27 41 -1 -1 -1 0 
12 10 0 374 104 67 -1 -1 -1 0 
12 11 48 365 240 75 -1 -1 -1 0 
12 16 485 347 34 23 -1 -1 -1 0 
12 17 375 351 48 29 -1 -1 -1 0 
13 1 1172 349 107 80 -1 -1 -1 0 
13 2 530 353 89 64 -1 -1 -1 0 
13 5 555 636 724 78 -1 -1 -1 0 
13 6 771 325 119 87 -1 -1 -1 0 
13 7 708 321 29 40 -1 -1 -1 0 
13 11 2 371 186 79 -1 -1 -1 0 
13 16 474 347 39 24 -1 -1 -1 0 
13 17 354 352 56 31 -1 -1 -1 0 
14 1 1175 348 104 81 -1 -1 -1 0 
14 2 532 353 87 63 -1 -1 -1 0 
14 5 561 636 714 78 -1 -1 -1 0 
14 6 773 323 118 89 -1 -1 -1 0 
14 7 709 319 28 41 -1 -1 -1 0 
14 11 0 374 138 83 -1 -1 -1 0 
14 16 463 347 43 25 -1 -1 -1 0 
14 17 332 352 59 33 -1 -1 -1 0 
15 1 1177 347 102 80 -1 -1 -1 0 
15 2 533 352 86 63 -1 -1 -1 0 
15 5 567 632 702 82 -1 -1 -1 0 
15 6 773 322 120 90 -1 -1 -1 0 
15 7 708 319 29 40 -1 -1 -1 0 
15 16 501 347 30 24 -1 -1 -1 0 
15 17 305 352 67 36 -1 -1 -1 0 
16 1 1179 347 100 80 -1 -1 -1 0 
16 2 533 352 87 61 -1 -1 -1 0 
16 5 553 635 726 80 -1 -1 -1 0 
16 6 774 321 120 91 -1 -1 -1 0 
16 7 709 318 27 41 -1 -1 -1 0 
16 16 455 349 41 25 -1 -1 -1 0 
16 17 275 354 74 37 -1 -1 -1 0 
16 20 381 347 22 15 -1 -1 -1 0 
17 1 1182 348 97 78 -1 -1 -1 0 
17 2 534 352 86 60 -1 -1 -1 0 
17 5 557 636 721 79 -1 -1 -1 0 
17 6 775 321 121 91 -1 -1 -1 0 
17 7 708 319 29 40 -1 -1 -1 0 
17 16 429 352 40 25 -1 -1 -1 0 
17 17 240 355 80 40 -1 -1 -1 0 
17 20 378 348 21 15 -1 -1 -1 0 
17 21 451 346 32 23 -1 -1 -1 0 
18 1 1185 349 94 78 -1 -1 -1 0 
18 2 536 352 84 60 -1 -1 -1 0 
18 5 558 636 717 79 -1 -1 -1 0 
18 6 774 321 125 92 -1 -1 -1 0 
18 7 708 319 29 40 -1 -1 -1 0 
18 16 406 352 49 27 -1 -1 -1 0 
18 17 195 355 94 45 -1 -1 -1 0 
18 20 376 348 19 15 -1 -1 -1 0 
18 21 438 346 35 24 -1 -1 -1 0 
18 22 489 343 57 29 -1 -1 -1 0 
18 23 642 342 20 16 -1 -1 -1 0 
19 1 1187 351 92 76 -1 -1 -1 0 
19 2 536 351 83 61 -1 -1 -1 0 
19 5 559 636 718 79 -1 -1 -1 0 
19 6 775 322 126 93 -1 -1 -1 0 
19 7 709 319 27 41 -1 -1 -1 0 
19 16 385 354 54 28 -1 -1 -1 0 
19 17 140 357 111 50 -1 -1 -1 0 
19 20 370 349 22 15 -1 -1 -1 0 
19 21 422 347 40 25 -1 -1 -1 0 
19 22 477 342 60 32 -1 -1 -1 0 
19 23 642 342 20 16 -1 -1 -1 0 
20 1 1191 351 88 76 -1 -1 -1 0 
20 2 537 351 82 60 -1 -1 -1 0 
20 5 557 636 719 79 -1 -1 -1 0 
20 6 777 322 125 94 -1 -1 -1 0 
20 7 708 319 29 41 -1 -1 -1 0 
20 16 361 355 60 30 -1 -1 -1 0 
20 17 68 358 135 56 -1 -1 -1 0 
20 20 367 349 23 16 -1 -1 -1 0 
20 21 406 347 43 26 -1 -1 -1 0 
20 22 462 342 63 33 -1 -1 -1 0 
20 23 642 342 19 16 -1 -1 -1 0 
21 1 1193 354 86 74 -1 -1 -1 0 
21 2 537 352 84 59 -1 -1 -1 0 
21 5 557 636 719 79 -1 -1 -1 0 
21 6 777 322 127 95 -1 -1 -1 0 
21 7 708 319 29 41 -1 -1 -1 0 
21 16 334 354 65 34 -1 -1 -1 0 
21 17 5 361 137 60 -1 -1 -1 0 
21 21 387 348 49 28 -1 -1 -1 0 
21 22 446 342 64 37 -1 -1 -1 0 
21 23 641 342 20 16 -1 -1 -1 0 
22 1 1197 356 82 71 -1 -1 -1 0 
22 2 539 352 82 59 -1 -1 -1 0 
22 5 558 636 718 79 -1 -1 -1 0 
22 6 779 321 127 97 -1 -1 -1 0 
22 7 708 319 30 41 -1 -1 -1 0 
22 16 301 357 76 35 -1 -1 -1 0 
22 17 0 365 62 61 -1 -1 -1 0 
22 21 363 348 61 30 -1 -1 -1 0 
22 22 421 342 75 41 -1 -1 -1 0 
22 23 555 344 26 18 -1 -1 -1 0 
23 1 1201 357 78 70 -1 -1 -1 0 
23 2 540 351 80 59 -1 -1 -1 0 
23 5 560 636 715 78 -1 -1 -1 0 
23 6 778 321 131 98 -1 -1 -1 0 
23 7 708 319 30 41 -1 -1 -1 0 
23 16 263 359 86 39 -1 -1 -1 0 
23 17 0 367 18 62 -1 -1 -1 0 
23 21 344 348 53 33 -1 -1 -1 0 
23 22 392 343 85 46 -1 -1 -1 0 
23 23 519 346 29 19 -1 -1 -1 0 
24 1 1205 356 74 71 -1 -1 -1 0 
24 2 541 351 81 58 -1 -1 -1 0 
24 5 559 636 717 78 -1 -1 -1 0 
24 6 779 320 133 98 -1 -1 -1 0 
24 7 709 318 28 41 -1 -1 -1 0 
24 16 214 360 101 44 -1 -1 -1 0 
24 21 317 348 56 37 -1 -1 -1 0 
24 22 352 344 102 51 -1 -1 -1 0 
24 23 504 345 30 21 -1 -1 -1 0 
25 1 1208 357 71 69 -1 -1 -1 0 
25 2 542 351 80 57 -1 -1 -1 0 
25 5 559 636 717 78 -1 -1 -1 0 
25 6 781 320 132 99 -1 -1 -1 0 
25 7 709 318 29 41 -1 -1 -1 0 
25 16 152 363 121 50 -1 -1 -1 0 
25 21 300 349 58 38 -1 -1 -1 0 
25 22 294 345 133 56 -1 -1 -1 0 
25 23 493 346 33 21 -1 -1 -1 0 
26 1 1211 361 68 66 -1 -1 -1 0 
26 2 543 351 79 57 -1 -1 -1 0 
26 5 558 635 718 79 -1 -1 -1 0 
26 6 782 320 134 100 -1 -1 -1 0 
26 7 709 318 29 41 -1 -1 -1 0 
26 16 64 366 156 57 -1 -1 -1 0 
26 21 349 350 32 40 -1 -1 -1 0 
26 22 228 347 152 62 -1 -1 -1 0 
26 23 485 346 34 22 -1 -1 -1 0 
27 1 1215 363 64 65 -1 -1 -1 0 
27 2 544 351 78 57 -1 -1 -1 0 
27 5 558 635 717 79 -1 -1 -1 0 
27 6 783 320 135 100 -1 -1 -1 0 
27 7 709 318 29 41 -1 -1 -1 0 
27 16 8 371 123 65 -1 -1 -1 0 
27 20 666 343 18 14 -1 -1 -1 0 
27 21 317 352 45 45 -1 -1 -1 0 
27 22 118 348 208 80 -1 -1 -1 0 
27 23 474 346 40 24 -1 -1 -1 0 
28 1 1218 365 61 62 -1 -1 -1 0 
28 2 545 351 78 56 -1 -1 -1 0 
28 5 559 635 717 79 -1 -1 -1 0 
28 6 784 319 137 102 -1 -1 -1 0 
28 7 709 318 30 41 -1 -1 -1 0 
28 16 0 373 87 67 -1 -1 -1 0 
28 20 693 342 18 14 -1 -1 -1 0 
28 21 305 353 48 47 -1 -1 -1 0 
28 22 22 349 222 93 -1 -1 -1 0 
28 23 465 347 41 25 -1 -1 -1 0 
29 1 1222 366 57 61 -1 -1 -1 0 
29 2 546 351 76 56 -1 -1 -1 0 
29 5 556 636 722 78 -1 -1 -1 0 
29 6 784 319 140 102 -1 -1 -1 0 
29 7 709 318 30 41 -1 -1 -1 0 
29 22 2 349 113 101 -1 -1 -1 0 
29 23 455 347 41 26 -1 -1 -1 0 
30 1 1227 368 52 60 -1 -1 -1 0 
30 2 546 351 78 55 -1 -1 -1 0 
30 5 562 636 713 79 -1 -1 -1 0 
30 6 786 318 140 105 -1 -1 -1 0 
30 7 709 318 30 41 -1 -1 -1 0 
30 22 0 350 55 106 -1 -1 -1 0 
30 23 442 347 46 28 -1 -1 -1 0 
30 27 311 354 23 18 -1 -1 -1 0 
31 1 1231 369 48 59 -1 -1 -1 0 
31 2 548 351 75 55 -1 -1 -1 0 
31 5 559 636 717 79 -1 -1 -1 0 
31 6 786 318 143 106 -1 -1 -1 0 
31 7 710 318 28 40 -1 -1 -1 0 
31 23 427 347 51 30 -1 -1 -1 0 
31 27 302 354 23 19 -1 -1 -1 0 
32 1 1235 370 44 58 -1 -1 -1 0 
32 2 549 351 74 55 -1 -1 -1 0 
32 5 558 636 719 79 -1 -1 -1 0 
32 6 786 317 147 107 -1 -1 -1 0 
32 7 710 318 29 40 -1 -1 -1 0 
32 23 410 348 55 31 -1 -1 -1 0 
32 27 291 356 26 18 -1 -1 -1 0 
32 29 5 360 43 70 -1 -1 -1 0 
33 1 1239 371 40 58 -1 -1 -1 0 
33 2 550 351 74 55 -1 -1 -1 0 
33 5 558 636 720 79 -1 -1 -1 0 
33 6 788 318 148 107 -1 -1 -1 0 
33 7 710 319 29 41 -1 -1 -1 0 
33 20 694 341 19 15 -1 -1 -1 0 
33 23 392 349 60 33 -1 -1 -1 0 
33 27 282 356 25 20 -1 -1 -1 0 
33 29 0 362 26 64 -1 -1 -1 0 
34 1 1243 372 36 57 -1 -1 -1 0 
34 2 550 350 74 55 -1 -1 -1 0 
34 5 563 635 710 80 -1 -1 -1 0 
34 6 790 317 148 109 -1 -1 -1 0 
34 7 710 319 28 41 -1 -1 -1 0 
34 20 686 341 19 15 -1 -1 -1 0 
34 23 369 350 69 36 -1 -1 -1 0 
34 27 270 357 28 21 -1 -1 -1 0 
35 1 1247 374 32 55 -1 -1 -1 0 
35 2 551 350 74 55 -1 -1 -1 0 
35 5 560 635 715 80 -1 -1 -1 0 
35 6 792 317 149 109 -1 -1 -1 0 
35 7 710 319 29 41 -1 -1 -1 0 
35 20 684 341 19 15 -1 -1 -1 0 
35 23 343 351 78 38 -1 -1 -1 0 
35 27 256 358 34 21 -1 -1 -1 0 
36 1 1252 375 27 54 -1 -1 -1 0 
36 2 552 351 73 53 -1 -1 -1 0 
36 5 558 635 719 80 -1 -1 -1 0 
36 6 791 317 154 110 -1 -1 -1 0 
36 7 710 319 29 42 -1 -1 -1 0 
36 20 683 341 19 15 -1 -1 -1 0 
36 23 313 352 86 41 -1 -1 -1 0 
36 27 244 359 34 21 -1 -1 -1 0 
37 1 1258 377 21 52 -1 -1 -1 0 
37 2 552 351 74 53 -1 -1 -1 0 
37 5 559 635 717 80 -1 -1 -1 0 
37 6 793 317 154 111 -1 -1 -1 0 
37 7 710 319 29 42 -1 -1 -1 0 
37 20 683 342 18 14 -1 -1 -1 0 
37 23 276 352 100 47 -1 -1 -1 0 
37 27 228 359 40 22 -1 -1 -1 0 
38 1 1263 379 16 50 -1 -1 -1 0 
38 2 553 351 72 52 -1 -1 -1 0 
38 5 558 636 719 79 -1 -1 -1 0 
38 6 794 317 156 112 -1 -1 -1 0 
38 7 710 319 30 43 -1 -1 -1 0 
38 20 683 342 17 14 -1 -1 -1 0 
38 23 223 353 125 51 -1 -1 -1 0 
38 27 217 360 42 22 -1 -1 -1 0 
39 1 1267 380 12 49 -1 -1 -1 0 
39 2 553 351 73 52 -1 -1 -1 0 
39 5 564 637 706 79 -1 -1 -1 0 
39 6 795 317 158 115 -1 -1 -1 0 
39 7 711 319 29 43 -1 -1 -1 0 
39 20 682 341 18 15 -1 -1 -1 0 
39 23 171 354 142 57 -1 -1 -1 0 
40 2 555 350 72 53 -1 -1 -1 0 
40 5 570 631 693 84 -1 -1 -1 0 
40 6 795 316 163 117 -1 -1 -1 0 
40 7 711 319 29 42 -1 -1 -1 0 
40 20 682 341 17 15 -1 -1 -1 0 
40 23 97 355 173 65 -1 -1 -1 0 
40 30 534 347 20 16 -1 -1 -1 0 
