3 1 593 344 38 30 -1 -1 -1 0 
3 2 664 338 37 33 -1 -1 -1 0 
3 3 560 636 716 79 -1 -1 -1 0 
4 1 594 344 37 30 -1 -1 -1 0 
4 2 664 338 36 33 -1 -1 -1 0 
4 3 560 636 715 78 -1 -1 -1 0 
5 1 594 344 38 30 -1 -1 -1 0 
5 2 664 338 37 33 -1 -1 -1 0 
5 3 558 635 718 79 -1 -1 -1 0 
6 1 596 344 36 30 -1 -1 -1 0 
6 2 665 338 35 33 -1 -1 -1 0 
6 3 558 635 718 78 -1 -1 -1 0 
7 1 597 344 35 30 -1 -1 -1 0 
7 2 665 339 35 33 -1 -1 -1 0 
7 3 565 633 705 81 -1 -1 -1 0 
8 1 596 346 37 29 -1 -1 -1 0 
8 2 665 339 35 34 -1 -1 -1 0 
8 3 550 635 729 79 -1 -1 -1 0 
9 1 597 346 37 29 -1 -1 -1 0 
9 2 664 339 37 35 -1 -1 -1 0 
9 3 560 635 713 79 -1 -1 -1 0 
10 1 599 345 34 30 -1 -1 -1 0 
10 2 665 339 35 35 -1 -1 -1 0 
10 3 558 635 714 80 -1 -1 -1 0 
11 1 599 345 35 30 -1 -1 -1 0 
11 2 665 339 35 36 -1 -1 -1 0 
11 3 558 635 718 79 -1 -1 -1 0 
12 1 600 344 34 31 -1 -1 -1 0 
12 2 664 339 37 34 -1 -1 -1 0 
12 3 557 635 718 79 -1 -1 -1 0 
12 6 1 355 46 36 -1 -1 -1 0 
13 1 600 343 35 32 -1 -1 -1 0 
13 2 664 339 37 35 -1 -1 -1 0 
13 3 560 636 714 78 -1 -1 -1 0 
13 6 0 355 23 36 -1 -1 -1 0 
14 1 601 341 34 33 -1 -1 -1 0 
14 2 664 338 37 34 -1 -1 -1 0 
14 3 556 638 722 76 -1 -1 -1 0 
14 9 217 356 66 28 -1 -1 -1 0 
15 1 601 341 35 33 -1 -1 -1 0 
15 2 665 338 36 34 -1 -1 -1 0 
15 3 563 637 710 77 -1 -1 -1 0 
15 9 173 357 83 26 -1 -1 -1 0 
16 1 602 341 34 33 -1 -1 -1 0 
16 2 665 338 36 34 -1 -1 -1 0 
16 3 561 637 712 78 -1 -1 -1 0 
16 9 128 358 89 25 -1 -1 -1 0 
17 1 602 342 34 32 -1 -1 -1 0 
17 2 665 339 37 34 -1 -1 -1 0 
17 3 559 637 717 78 -1 -1 -1 0 
17 9 73 360 102 28 -1 -1 -1 0 
18 1 602 344 34 29 -1 -1 -1 0 
18 2 665 339 36 34 -1 -1 -1 0 
18 3 562 636 713 79 -1 -1 -1 0 
18 9 5 363 121 31 -1 -1 -1 0 
19 1 603 344 33 29 -1 -1 -1 0 
19 2 665 339 35 34 -1 -1 -1 0 
19 3 560 636 715 79 -1 -1 -1 0 
19 9 0 365 61 31 -1 -1 -1 0 
20 1 604 344 32 29 -1 -1 -1 0 
20 2 664 339 37 35 -1 -1 -1 0 
20 3 558 638 719 77 -1 -1 -1 0 
20 9 0 366 22 33 -1 -1 -1 0 
21 1 604 345 32 28 -1 -1 -1 0 
21 2 665 339 35 35 -1 -1 -1 0 
21 3 583 636 685 79 -1 -1 -1 0 
22 1 604 345 32 28 -1 -1 -1 0 
22 2 665 339 35 35 -1 -1 -1 0 
22 3 563 636 716 79 -1 -1 -1 0 
22 14 82 378 55 14 -1 -1 -1 0 
23 1 603 345 33 28 -1 -1 -1 0 
23 2 664 339 37 35 -1 -1 -1 0 
23 3 562 636 714 79 -1 -1 -1 0 
23 14 53 380 62 14 -1 -1 -1 0 
24 1 604 346 32 28 -1 -1 -1 0 
24 2 664 341 37 33 -1 -1 -1 0 
24 3 559 636 717 79 -1 -1 -1 0 
24 14 22 382 68 16 -1 -1 -1 0 
25 1 604 347 33 27 -1 -1 -1 0 
25 2 665 341 34 34 -1 -1 -1 0 
25 3 559 636 717 78 -1 -1 -1 0 
25 14 3 384 61 16 -1 -1 -1 0 
26 1 605 348 31 27 -1 -1 -1 0 
26 2 664 341 36 35 -1 -1 -1 0 
26 3 561 636 713 78 -1 -1 -1 0 
26 14 0 386 42 16 -1 -1 -1 0 
27 1 605 348 32 26 -1 -1 -1 0 
27 2 664 341 36 35 -1 -1 -1 0 
27 3 559 636 716 78 -1 -1 -1 0 
28 1 605 347 32 26 -1 -1 -1 0 
28 2 663 341 37 34 -1 -1 -1 0 
28 3 562 635 709 79 -1 -1 -1 0 
29 1 606 346 30 27 -1 -1 -1 0 
29 2 663 341 37 34 -1 -1 -1 0 
29 3 557 636 718 78 -1 -1 -1 0 
30 1 606 345 30 27 -1 -1 -1 0 
30 2 663 340 36 34 -1 -1 -1 0 
30 3 560 636 715 78 -1 -1 -1 0 
31 1 606 345 31 27 -1 -1 -1 0 
31 2 664 340 35 34 -1 -1 -1 0 
31 3 563 636 703 78 -1 -1 -1 0 
32 1 606 345 30 26 -1 -1 -1 0 
32 2 664 340 35 34 -1 -1 -1 0 
32 3 558 636 716 78 -1 -1 -1 0 
33 1 607 345 28 26 -1 -1 -1 0 
33 2 663 340 35 33 -1 -1 -1 0 
33 3 559 636 716 79 -1 -1 -1 0 
34 1 606 345 31 26 -1 -1 -1 0 
34 2 663 339 36 34 -1 -1 -1 0 
34 3 559 635 716 80 -1 -1 -1 0 
35 1 607 345 29 26 -1 -1 -1 0 
35 2 662 341 37 32 -1 -1 -1 0 
35 3 556 636 719 79 -1 -1 -1 0 
36 1 607 345 29 26 -1 -1 -1 0 
36 2 663 341 35 32 -1 -1 -1 0 
36 3 559 636 715 79 -1 -1 -1 0 
37 1 607 345 29 26 -1 -1 -1 0 
37 2 663 340 34 33 -1 -1 -1 0 
37 3 559 637 714 78 -1 -1 -1 0 
37 17 120 356 82 27 -1 -1 -1 0 
38 1 607 345 30 25 -1 -1 -1 0 
38 2 663 339 34 33 -1 -1 -1 0 
38 3 558 636 715 79 -1 -1 -1 0 
38 17 99 356 83 28 -1 -1 -1 0 
39 1 608 345 29 24 -1 -1 -1 0 
39 2 662 339 36 33 -1 -1 -1 0 
39 3 558 636 715 79 -1 -1 -1 0 
40 1 608 344 28 25 -1 -1 -1 0 
40 2 662 338 35 33 -1 -1 -1 0 
40 3 557 636 717 79 -1 -1 -1 0 
