3 1 1055 340 224 95 -1 -1 -1 0 
3 2 533 340 77 63 -1 -1 -1 0 
3 3 734 343 43 29 -1 -1 -1 0 
3 4 643 338 16 15 -1 -1 -1 0 
3 5 676 336 17 15 -1 -1 -1 0 
4 1 1057 340 222 97 -1 -1 -1 0 
4 2 534 341 78 61 -1 -1 -1 0 
4 3 735 344 41 29 -1 -1 -1 0 
4 4 642 338 19 16 -1 -1 -1 0 
4 5 675 336 19 16 -1 -1 -1 0 
4 6 565 636 712 79 -1 -1 -1 0 
5 1 1059 341 220 97 -1 -1 -1 0 
5 2 535 342 78 60 -1 -1 -1 0 
5 3 735 344 41 29 -1 -1 -1 0 
5 4 642 339 19 15 -1 -1 -1 0 
5 5 675 337 19 16 -1 -1 -1 0 
5 6 562 636 714 79 -1 -1 -1 0 
6 1 1063 341 216 97 -1 -1 -1 0 
6 2 537 342 75 61 -1 -1 -1 0 
6 3 735 343 40 31 -1 -1 -1 0 
6 4 644 339 17 15 -1 -1 -1 0 
6 5 675 338 19 15 -1 -1 -1 0 
6 6 561 636 715 79 -1 -1 -1 0 
7 1 1065 341 214 98 -1 -1 -1 0 
7 2 537 341 76 60 -1 -1 -1 0 
7 3 734 342 42 30 -1 -1 -1 0 
7 4 644 337 16 16 -1 -1 -1 0 
7 5 676 336 17 16 -1 -1 -1 0 
7 6 560 636 716 79 -1 -1 -1 0 
8 1 1066 341 213 98 -1 -1 -1 0 
8 2 539 340 74 61 -1 -1 -1 0 
8 3 734 342 42 30 -1 -1 -1 0 
8 4 644 337 16 15 -1 -1 -1 0 
8 5 676 336 17 15 -1 -1 -1 0 
8 6 565 636 712 79 -1 -1 -1 0 
9 1 1069 340 210 99 -1 -1 -1 0 
9 2 539 339 76 60 -1 -1 -1 0 
9 3 733 342 43 29 -1 -1 -1 0 
9 4 644 335 16 15 -1 -1 -1 0 
9 5 675 334 18 15 -1 -1 -1 0 
9 6 559 636 719 79 -1 -1 -1 0 
10 1 1072 340 207 99 -1 -1 -1 0 
10 2 539 339 77 59 -1 -1 -1 0 
10 3 733 342 43 29 -1 -1 -1 0 
10 4 644 335 16 15 -1 -1 -1 0 
10 5 675 334 17 15 -1 -1 -1 0 
10 6 561 636 714 79 -1 -1 -1 0 
11 1 1073 340 206 100 -1 -1 -1 0 
11 2 541 338 75 59 -1 -1 -1 0 
11 3 732 341 43 30 -1 -1 -1 0 
11 4 644 334 16 15 -1 -1 -1 0 
11 5 676 333 16 15 -1 -1 -1 0 
11 6 559 635 716 80 -1 -1 -1 0 
12 1 1075 340 204 101 -1 -1 -1 0 
12 2 543 338 72 59 -1 -1 -1 0 
12 3 732 341 43 30 -1 -1 -1 0 
12 4 644 335 16 15 -1 -1 -1 0 
12 5 675 333 18 16 -1 -1 -1 0 
12 6 557 635 720 80 -1 -1 -1 0 
13 1 1078 339 200 102 -1 -1 -1 0 
13 2 544 338 72 58 -1 -1 -1 0 
13 3 732 341 42 30 -1 -1 -1 0 
13 4 643 335 17 15 -1 -1 -1 0 
13 5 675 333 18 16 -1 -1 -1 0 
13 6 556 634 718 81 -1 -1 -1 0 
14 1 1081 339 197 103 -1 -1 -1 0 
14 2 544 340 72 57 -1 -1 -1 0 
14 3 732 341 42 30 -1 -1 -1 0 
14 4 643 336 17 15 -1 -1 -1 0 
14 5 675 334 17 16 -1 -1 -1 0 
14 6 555 634 724 81 -1 -1 -1 0 
15 1 1083 338 195 105 -1 -1 -1 0 
15 2 545 340 71 57 -1 -1 -1 0 
15 3 732 341 42 31 -1 -1 -1 0 
15 4 643 336 16 15 -1 -1 -1 0 
15 5 674 335 19 15 -1 -1 -1 0 
15 6 559 634 716 81 -1 -1 -1 0 
16 1 1084 338 195 106 -1 -1 -1 0 
16 2 547 340 69 57 -1 -1 -1 0 
16 3 732 341 42 31 -1 -1 -1 0 
16 4 643 336 16 16 -1 -1 -1 0 
16 5 675 335 16 16 -1 -1 -1 0 
16 6 555 636 724 79 -1 -1 -1 0 
17 1 1085 338 194 107 -1 -1 -1 0 
17 2 547 341 69 56 -1 -1 -1 0 
17 3 731 341 43 31 -1 -1 -1 0 
17 4 642 337 18 15 -1 -1 -1 0 
17 5 674 335 17 15 -1 -1 -1 0 
17 6 559 635 717 80 -1 -1 -1 0 
18 1 1089 338 190 107 -1 -1 -1 0 
18 2 548 340 68 56 -1 -1 -1 0 
18 3 731 341 43 31 -1 -1 -1 0 
18 4 642 337 18 15 -1 -1 -1 0 
18 5 674 333 16 16 -1 -1 -1 0 
18 6 558 635 719 80 -1 -1 -1 0 
19 1 1092 339 187 108 -1 -1 -1 0 
19 2 549 340 67 55 -1 -1 -1 0 
19 3 731 341 42 31 -1 -1 -1 0 
19 4 642 338 18 14 -1 -1 -1 0 
19 5 673 333 17 16 -1 -1 -1 0 
19 6 558 635 718 80 -1 -1 -1 0 
19 16 761 335 23 19 -1 -1 -1 0 
20 1 1096 340 183 110 -1 -1 -1 0 
20 2 548 340 69 55 -1 -1 -1 0 
20 3 731 341 42 31 -1 -1 -1 0 
20 4 642 338 17 14 -1 -1 -1 0 
20 5 673 333 17 16 -1 -1 -1 0 
20 6 557 636 720 79 -1 -1 -1 0 
20 16 760 335 25 19 -1 -1 -1 0 
21 1 1099 340 180 113 -1 -1 -1 0 
21 2 550 340 67 54 -1 -1 -1 0 
21 3 731 341 42 31 -1 -1 -1 0 
21 4 643 338 15 14 -1 -1 -1 0 
21 5 673 333 17 16 -1 -1 -1 0 
21 6 554 636 723 79 -1 -1 -1 0 
21 16 761 336 23 18 -1 -1 -1 0 
22 1 1101 341 178 113 -1 -1 -1 0 
22 2 550 340 67 53 -1 -1 -1 0 
22 3 730 341 43 31 -1 -1 -1 0 
22 4 643 338 16 14 -1 -1 -1 0 
22 5 673 333 18 16 -1 -1 -1 0 
22 6 559 635 715 80 -1 -1 -1 0 
22 16 761 336 24 17 -1 -1 -1 0 
23 1 1105 341 174 115 -1 -1 -1 0 
23 2 551 340 66 53 -1 -1 -1 0 
23 3 730 341 43 31 -1 -1 -1 0 
23 4 643 338 17 13 -1 -1 -1 0 
23 5 674 333 16 16 -1 -1 -1 0 
23 6 559 635 716 80 -1 -1 -1 0 
23 16 762 336 23 17 -1 -1 -1 0 
24 1 1108 342 171 115 -1 -1 -1 0 
24 2 552 340 64 53 -1 -1 -1 0 
24 3 731 342 43 31 -1 -1 -1 0 
24 4 643 338 16 13 -1 -1 -1 0 
24 5 674 333 16 16 -1 -1 -1 0 
24 6 558 635 719 80 -1 -1 -1 0 
24 16 762 337 23 17 -1 -1 -1 0 
25 1 1111 343 168 114 -1 -1 -1 0 
25 2 552 340 65 53 -1 -1 -1 0 
25 3 730 343 44 30 -1 -1 -1 0 
25 4 643 338 16 13 -1 -1 -1 0 
25 5 673 333 17 16 -1 -1 -1 0 
25 6 561 635 715 80 -1 -1 -1 0 
25 16 762 337 24 18 -1 -1 -1 0 
26 1 1114 343 165 111 -1 -1 -1 0 
26 2 553 340 64 52 -1 -1 -1 0 
26 3 731 343 42 30 -1 -1 -1 0 
26 4 643 337 16 14 -1 -1 -1 0 
26 5 673 334 17 15 -1 -1 -1 0 
26 6 561 635 714 80 -1 -1 -1 0 
26 16 764 337 22 18 -1 -1 -1 0 
27 1 1118 344 161 105 -1 -1 -1 0 
27 2 554 340 63 52 -1 -1 -1 0 
27 3 731 343 42 30 -1 -1 -1 0 
27 4 643 338 17 13 -1 -1 -1 0 
27 5 673 334 17 16 -1 -1 -1 0 
27 6 558 635 720 79 -1 -1 -1 0 
27 16 764 337 23 19 -1 -1 -1 0 
28 1 1123 344 156 99 -1 -1 -1 0 
28 2 554 339 64 53 -1 -1 -1 0 
28 3 730 343 44 30 -1 -1 -1 0 
28 4 644 338 15 13 -1 -1 -1 0 
28 5 673 334 18 16 -1 -1 -1 0 
28 6 559 635 716 79 -1 -1 -1 0 
28 16 765 337 23 19 -1 -1 -1 0 
29 1 1129 344 150 97 -1 -1 -1 0 
29 2 555 339 63 52 -1 -1 -1 0 
29 3 730 344 44 29 -1 -1 -1 0 
29 4 644 338 15 13 -1 -1 -1 0 
29 5 673 335 17 15 -1 -1 -1 0 
29 6 559 635 716 79 -1 -1 -1 0 
29 16 765 337 23 19 -1 -1 -1 0 
30 1 1134 343 144 97 -1 -1 -1 0 
30 2 555 339 64 52 -1 -1 -1 0 
30 3 731 344 43 28 -1 -1 -1 0 
30 4 645 337 14 13 -1 -1 -1 0 
30 5 674 333 16 16 -1 -1 -1 0 
30 6 559 635 718 79 -1 -1 -1 0 
30 16 766 337 22 19 -1 -1 -1 0 
31 1 1139 343 139 98 -1 -1 -1 0 
31 2 556 339 63 51 -1 -1 -1 0 
31 3 731 344 43 28 -1 -1 -1 0 
31 4 645 335 14 15 -1 -1 -1 0 
31 5 673 333 18 16 -1 -1 -1 0 
31 6 555 636 724 78 -1 -1 -1 0 
31 16 766 337 23 19 -1 -1 -1 0 
32 1 1144 344 133 98 -1 -1 -1 0 
32 2 557 339 61 50 -1 -1 -1 0 
32 3 732 342 42 30 -1 -1 -1 0 
32 4 645 335 14 14 -1 -1 -1 0 
32 5 674 333 16 16 -1 -1 -1 0 
32 6 559 636 716 78 -1 -1 -1 0 
32 16 767 337 23 19 -1 -1 -1 0 
33 1 1147 345 131 97 -1 -1 -1 0 
33 2 557 339 62 50 -1 -1 -1 0 
33 3 732 342 42 30 -1 -1 -1 0 
33 4 645 334 15 15 -1 -1 -1 0 
33 5 673 333 18 15 -1 -1 -1 0 
33 6 559 636 716 78 -1 -1 -1 0 
33 16 767 336 22 20 -1 -1 -1 0 
34 1 1152 346 127 98 -1 -1 -1 0 
34 2 558 338 60 50 -1 -1 -1 0 
34 3 731 342 43 30 -1 -1 -1 0 
34 4 644 334 16 15 -1 -1 -1 0 
34 5 673 333 18 15 -1 -1 -1 0 
34 6 558 635 718 79 -1 -1 -1 0 
34 16 767 336 23 20 -1 -1 -1 0 
35 1 1157 348 122 97 -1 -1 -1 0 
35 2 559 338 59 50 -1 -1 -1 0 
35 3 732 342 42 30 -1 -1 -1 0 
35 4 644 334 16 15 -1 -1 -1 0 
35 5 673 333 17 15 -1 -1 -1 0 
35 6 559 635 717 79 -1 -1 -1 0 
35 16 766 336 24 20 -1 -1 -1 0 
36 1 1163 350 116 96 -1 -1 -1 0 
36 2 559 338 60 50 -1 -1 -1 0 
36 3 732 342 42 30 -1 -1 -1 0 
36 4 644 334 16 15 -1 -1 -1 0 
36 5 674 333 16 15 -1 -1 -1 0 
36 6 563 635 710 80 -1 -1 -1 0 
36 16 766 336 25 20 -1 -1 -1 0 
37 1 1169 352 110 95 -1 -1 -1 0 
37 2 560 338 58 49 -1 -1 -1 0 
37 3 731 342 43 31 -1 -1 -1 0 
37 4 645 334 15 15 -1 -1 -1 0 
37 5 674 333 16 16 -1 -1 -1 0 
37 6 558 635 719 80 -1 -1 -1 0 
37 16 768 336 22 20 -1 -1 -1 0 
38 1 1175 356 104 93 -1 -1 -1 0 
38 2 560 338 59 49 -1 -1 -1 0 
38 3 731 342 44 31 -1 -1 -1 0 
38 4 645 333 15 16 -1 -1 -1 0 
38 5 673 333 17 16 -1 -1 -1 0 
38 6 560 635 717 80 -1 -1 -1 0 
38 16 767 337 24 19 -1 -1 -1 0 
39 1 1182 359 96 90 -1 -1 -1 0 
39 2 560 338 59 48 -1 -1 -1 0 
39 3 732 342 42 31 -1 -1 -1 0 
39 4 644 333 17 16 -1 -1 -1 0 
39 5 673 333 17 16 -1 -1 -1 0 
39 6 556 635 723 80 -1 -1 -1 0 
39 16 767 337 25 19 -1 -1 -1 0 
40 1 1189 362 90 88 -1 -1 -1 0 
40 2 561 338 57 48 -1 -1 -1 0 
40 3 731 342 44 31 -1 -1 -1 0 
40 4 645 333 15 16 -1 -1 -1 0 
40 5 673 333 17 16 -1 -1 -1 0 
40 6 556 635 721 80 -1 -1 -1 0 
40 16 767 337 25 19 -1 -1 -1 0 
