3 1 844 346 70 42 -1 -1 -1 0 
3 2 637 279 88 120 -1 -1 -1 0 
3 3 773 346 29 20 -1 -1 -1 0 
3 4 725 345 33 26 -1 -1 -1 0 
3 5 563 635 712 80 -1 -1 -1 0 
4 1 843 343 71 44 -1 -1 -1 0 
4 2 638 277 87 120 -1 -1 -1 0 
4 3 771 344 31 20 -1 -1 -1 0 
4 4 725 342 33 26 -1 -1 -1 0 
4 5 560 635 717 80 -1 -1 -1 0 
5 1 842 342 72 44 -1 -1 -1 0 
5 2 638 276 87 121 -1 -1 -1 0 
5 3 772 343 29 20 -1 -1 -1 0 
5 4 727 341 29 27 -1 -1 -1 0 
5 5 563 635 712 79 -1 -1 -1 0 
6 1 842 341 72 44 -1 -1 -1 0 
6 2 638 276 88 120 -1 -1 -1 0 
6 3 772 343 30 19 -1 -1 -1 0 
6 4 725 342 32 25 -1 -1 -1 0 
6 5 557 635 722 80 -1 -1 -1 0 
7 1 842 340 72 44 -1 -1 -1 0 
7 2 639 275 88 122 -1 -1 -1 0 
7 3 773 343 29 19 -1 -1 -1 0 
7 4 725 343 31 24 -1 -1 -1 0 
7 5 564 635 711 80 -1 -1 -1 0 
8 1 842 341 72 44 -1 -1 -1 0 
8 2 639 276 89 122 -1 -1 -1 0 
8 3 774 343 28 21 -1 -1 -1 0 
8 4 726 342 31 26 -1 -1 -1 0 
8 5 558 636 720 79 -1 -1 -1 0 
9 1 843 342 71 43 -1 -1 -1 0 
9 2 641 276 89 123 -1 -1 -1 0 
9 3 773 344 30 20 -1 -1 -1 0 
9 4 727 343 30 25 -1 -1 -1 0 
9 5 560 636 715 79 -1 -1 -1 0 
10 1 843 342 71 44 -1 -1 -1 0 
10 2 642 277 89 122 -1 -1 -1 0 
10 3 775 344 28 21 -1 -1 -1 0 
10 4 728 344 29 25 -1 -1 -1 0 
10 5 563 636 713 78 -1 -1 -1 0 
11 1 844 342 71 44 -1 -1 -1 0 
11 2 644 277 88 124 -1 -1 -1 0 
11 3 776 344 27 21 -1 -1 -1 0 
11 4 728 344 29 25 -1 -1 -1 0 
11 5 561 636 714 78 -1 -1 -1 0 
12 1 845 342 70 44 -1 -1 -1 0 
12 2 643 278 91 123 -1 -1 -1 0 
12 3 776 344 28 20 -1 -1 -1 0 
12 4 730 344 28 25 -1 -1 -1 0 
12 5 560 636 716 78 -1 -1 -1 0 
13 1 845 342 70 44 -1 -1 -1 0 
13 2 644 278 91 123 -1 -1 -1 0 
13 3 777 344 27 20 -1 -1 -1 0 
13 4 731 343 27 26 -1 -1 -1 0 
13 5 559 636 716 78 -1 -1 -1 0 
14 1 845 341 71 44 -1 -1 -1 0 
14 2 645 277 90 124 -1 -1 -1 0 
14 3 777 343 28 20 -1 -1 -1 0 
14 4 732 343 26 25 -1 -1 -1 0 
14 5 560 635 714 80 -1 -1 -1 0 
15 1 845 340 72 44 -1 -1 -1 0 
15 2 646 276 91 124 -1 -1 -1 0 
15 3 778 342 27 21 -1 -1 -1 0 
15 4 733 342 26 25 -1 -1 -1 0 
15 5 560 635 715 80 -1 -1 -1 0 
16 1 846 340 71 44 -1 -1 -1 0 
16 2 646 275 91 124 -1 -1 -1 0 
16 3 778 341 28 21 -1 -1 -1 0 
16 4 734 340 24 26 -1 -1 -1 0 
16 5 560 635 715 81 -1 -1 -1 0 
17 1 847 339 70 44 -1 -1 -1 0 
17 2 648 274 90 124 -1 -1 -1 0 
17 3 779 340 28 21 -1 -1 -1 0 
17 4 735 338 24 27 -1 -1 -1 0 
17 5 557 635 720 80 -1 -1 -1 0 
18 1 846 340 72 44 -1 -1 -1 0 
18 2 649 274 90 124 -1 -1 -1 0 
18 3 779 341 29 20 -1 -1 -1 0 
18 4 736 337 24 28 -1 -1 -1 0 
18 5 558 635 718 80 -1 -1 -1 0 
19 1 847 341 72 44 -1 -1 -1 0 
19 2 649 274 92 123 -1 -1 -1 0 
19 3 779 342 29 20 -1 -1 -1 0 
19 4 736 336 25 30 -1 -1 -1 0 
19 5 557 636 720 79 -1 -1 -1 0 
20 1 848 342 72 43 -1 -1 -1 0 
20 2 651 275 90 123 -1 -1 -1 0 
20 3 781 342 27 20 -1 -1 -1 0 
20 4 737 336 24 30 -1 -1 -1 0 
20 5 566 636 707 79 -1 -1 -1 0 
21 1 849 342 72 43 -1 -1 -1 0 
21 2 653 275 89 123 -1 -1 -1 0 
21 3 781 341 28 21 -1 -1 -1 0 
21 5 560 636 716 79 -1 -1 -1 0 
22 1 850 342 72 44 -1 -1 -1 0 
22 2 654 274 89 124 -1 -1 -1 0 
22 3 782 341 28 21 -1 -1 -1 0 
22 5 560 635 714 79 -1 -1 -1 0 
23 1 851 341 72 45 -1 -1 -1 0 
23 2 655 274 89 123 -1 -1 -1 0 
23 3 782 340 29 22 -1 -1 -1 0 
23 4 741 334 21 31 -1 -1 -1 0 
23 5 557 635 720 79 -1 -1 -1 0 
24 1 851 340 73 45 -1 -1 -1 0 
24 2 656 274 90 123 -1 -1 -1 0 
24 3 782 340 30 21 -1 -1 -1 0 
24 4 743 332 20 33 -1 -1 -1 0 
24 5 555 636 723 78 -1 -1 -1 0 
25 1 852 340 73 45 -1 -1 -1 0 
25 2 657 273 91 123 -1 -1 -1 0 
25 3 783 339 29 22 -1 -1 -1 0 
25 4 744 332 20 32 -1 -1 -1 0 
25 5 557 636 719 78 -1 -1 -1 0 
26 1 853 339 73 45 -1 -1 -1 0 
26 2 659 272 90 123 -1 -1 -1 0 
26 3 783 338 31 22 -1 -1 -1 0 
26 4 745 331 19 32 -1 -1 -1 0 
26 5 561 636 712 79 -1 -1 -1 0 
27 1 855 338 72 46 -1 -1 -1 0 
27 2 661 272 89 123 -1 -1 -1 0 
27 3 784 338 31 21 -1 -1 -1 0 
27 4 747 332 18 31 -1 -1 -1 0 
27 5 560 636 715 79 -1 -1 -1 0 
28 1 854 339 75 45 -1 -1 -1 0 
28 2 661 272 91 123 -1 -1 -1 0 
28 3 785 338 30 21 -1 -1 -1 0 
28 4 748 332 17 30 -1 -1 -1 0 
28 5 556 636 722 79 -1 -1 -1 0 
29 1 855 340 75 44 -1 -1 -1 0 
29 2 663 272 90 123 -1 -1 -1 0 
29 3 785 339 31 20 -1 -1 -1 0 
29 4 749 331 19 32 -1 -1 -1 0 
29 5 556 636 720 80 -1 -1 -1 0 
30 1 856 340 74 45 -1 -1 -1 0 
30 2 664 273 90 123 -1 -1 -1 0 
30 3 788 339 28 22 -1 -1 -1 0 
30 4 750 330 19 33 -1 -1 -1 0 
30 5 557 636 718 80 -1 -1 -1 0 
31 1 857 342 74 45 -1 -1 -1 0 
31 2 664 274 92 123 -1 -1 -1 0 
31 3 788 341 29 22 -1 -1 -1 0 
31 5 556 636 719 79 -1 -1 -1 0 
32 1 858 343 75 44 -1 -1 -1 0 
32 2 665 274 92 123 -1 -1 -1 0 
32 3 789 342 28 21 -1 -1 -1 0 
32 5 556 636 720 79 -1 -1 -1 0 
32 9 645 343 13 10 -1 -1 -1 0 
33 1 860 343 74 45 -1 -1 -1 0 
33 2 666 274 92 123 -1 -1 -1 0 
33 3 790 343 29 20 -1 -1 -1 0 
33 5 554 636 722 79 -1 -1 -1 0 
33 9 646 343 13 11 -1 -1 -1 0 
34 1 859 345 77 44 -1 -1 -1 0 
34 2 666 276 92 123 -1 -1 -1 0 
34 3 792 343 27 22 -1 -1 -1 0 
34 5 559 636 715 79 -1 -1 -1 0 
35 1 862 344 74 45 -1 -1 -1 0 
35 2 667 276 92 124 -1 -1 -1 0 
35 3 792 344 28 21 -1 -1 -1 0 
35 5 557 636 718 79 -1 -1 -1 0 
36 1 862 344 76 45 -1 -1 -1 0 
36 2 667 276 92 124 -1 -1 -1 0 
36 3 792 344 29 21 -1 -1 -1 0 
36 5 555 636 723 79 -1 -1 -1 0 
37 1 863 343 75 46 -1 -1 -1 0 
37 2 668 275 91 125 -1 -1 -1 0 
37 3 791 342 30 22 -1 -1 -1 0 
37 5 556 636 719 79 -1 -1 -1 0 
37 9 646 343 15 11 -1 -1 -1 0 
38 1 864 342 75 46 -1 -1 -1 0 
38 2 668 274 92 126 -1 -1 -1 0 
38 3 792 340 29 23 -1 -1 -1 0 
38 5 556 636 720 79 -1 -1 -1 0 
38 9 647 343 14 11 -1 -1 -1 0 
39 1 865 341 75 46 -1 -1 -1 0 
39 2 668 273 93 126 -1 -1 -1 0 
39 3 792 339 30 23 -1 -1 -1 0 
39 5 553 636 724 79 -1 -1 -1 0 
40 1 865 339 76 46 -1 -1 -1 0 
40 2 668 271 94 126 -1 -1 -1 0 
40 3 792 338 30 22 -1 -1 -1 0 
40 5 556 636 720 79 -1 -1 -1 0 
