3 2 795 338 37 23 -1 -1 -1 0 
3 3 647 339 42 34 -1 -1 -1 0 
3 4 251 344 88 35 -1 -1 -1 0 
3 5 372 341 43 24 -1 -1 -1 0 
3 6 593 337 20 20 -1 -1 -1 0 
4 2 792 338 41 23 -1 -1 -1 0 
4 3 648 339 40 34 -1 -1 -1 0 
4 4 205 344 103 39 -1 -1 -1 0 
4 5 358 342 51 23 -1 -1 -1 0 
4 6 593 337 20 20 -1 -1 -1 0 
5 2 793 338 39 23 -1 -1 -1 0 
5 3 648 339 40 34 -1 -1 -1 0 
5 4 146 344 124 43 -1 -1 -1 0 
5 5 342 342 60 24 -1 -1 -1 0 
5 6 594 337 19 20 -1 -1 -1 0 
5 9 641 338 17 13 -1 -1 -1 0 
6 2 792 339 39 22 -1 -1 -1 0 
6 3 648 339 40 35 -1 -1 -1 0 
6 4 67 345 155 47 -1 -1 -1 0 
6 5 326 342 66 27 -1 -1 -1 0 
6 6 594 337 19 20 -1 -1 -1 0 
6 9 641 338 17 13 -1 -1 -1 0 
6 10 558 636 718 79 -1 -1 -1 0 
7 2 791 340 39 21 -1 -1 -1 0 
7 3 648 339 40 35 -1 -1 -1 0 
7 4 3 345 155 52 -1 -1 -1 0 
7 5 305 342 78 28 -1 -1 -1 0 
7 6 594 337 19 20 -1 -1 -1 0 
7 9 639 337 20 14 -1 -1 -1 0 
7 10 573 636 701 79 -1 -1 -1 0 
8 2 790 340 40 22 -1 -1 -1 0 
8 3 647 339 41 35 -1 -1 -1 0 
8 4 0 348 71 53 -1 -1 -1 0 
8 5 285 343 59 29 -1 -1 -1 0 
8 6 594 337 19 20 -1 -1 -1 0 
8 9 639 337 20 14 -1 -1 -1 0 
8 10 565 636 712 79 -1 -1 -1 0 
9 2 789 341 41 21 -1 -1 -1 0 
9 3 648 338 39 36 -1 -1 -1 0 
9 4 0 348 24 56 -1 -1 -1 0 
9 5 255 344 65 30 -1 -1 -1 0 
9 6 593 337 20 20 -1 -1 -1 0 
9 9 639 337 19 13 -1 -1 -1 0 
9 10 569 636 707 79 -1 -1 -1 0 
10 2 789 341 40 21 -1 -1 -1 0 
10 3 647 338 41 36 -1 -1 -1 0 
10 5 221 345 75 32 -1 -1 -1 0 
10 6 593 337 19 20 -1 -1 -1 0 
10 9 640 337 17 13 -1 -1 -1 0 
10 10 570 635 707 81 -1 -1 -1 0 
10 11 305 345 44 22 -1 -1 -1 0 
10 12 437 335 25 21 -1 -1 -1 0 
11 2 788 339 39 22 -1 -1 -1 0 
11 3 647 338 41 35 -1 -1 -1 0 
11 5 182 345 85 34 -1 -1 -1 0 
11 6 592 336 21 19 -1 -1 -1 0 
11 9 640 337 17 13 -1 -1 -1 0 
11 10 557 635 720 81 -1 -1 -1 0 
11 11 285 346 52 21 -1 -1 -1 0 
11 12 434 334 26 23 -1 -1 -1 0 
12 2 786 339 42 22 -1 -1 -1 0 
12 3 647 338 40 35 -1 -1 -1 0 
12 5 133 346 100 38 -1 -1 -1 0 
12 6 592 336 20 19 -1 -1 -1 0 
12 9 640 337 17 13 -1 -1 -1 0 
12 10 555 634 723 82 -1 -1 -1 0 
12 11 265 346 54 23 -1 -1 -1 0 
12 12 428 334 25 23 -1 -1 -1 0 
13 2 787 338 39 23 -1 -1 -1 0 
13 3 646 339 42 33 -1 -1 -1 0 
13 5 71 347 119 41 -1 -1 -1 0 
13 6 591 335 21 20 -1 -1 -1 0 
13 9 640 337 16 13 -1 -1 -1 0 
13 11 240 344 59 26 -1 -1 -1 0 
13 12 420 335 27 23 -1 -1 -1 0 
14 2 785 338 41 24 -1 -1 -1 0 
14 3 647 339 39 34 -1 -1 -1 0 
14 5 8 348 129 48 -1 -1 -1 0 
14 6 590 336 22 19 -1 -1 -1 0 
14 10 556 636 723 80 -1 -1 -1 0 
14 11 211 345 66 28 -1 -1 -1 0 
14 12 412 337 31 24 -1 -1 -1 0 
15 2 785 338 40 24 -1 -1 -1 0 
15 3 646 339 41 34 -1 -1 -1 0 
15 5 0 348 65 49 -1 -1 -1 0 
15 6 590 336 21 19 -1 -1 -1 0 
15 10 557 636 720 80 -1 -1 -1 0 
15 11 174 347 80 29 -1 -1 -1 0 
15 12 403 338 33 24 -1 -1 -1 0 
16 2 784 338 39 24 -1 -1 -1 0 
16 3 646 338 40 35 -1 -1 -1 0 
16 5 0 349 25 51 -1 -1 -1 0 
16 6 590 336 20 19 -1 -1 -1 0 
16 10 558 636 718 80 -1 -1 -1 0 
16 11 138 347 84 32 -1 -1 -1 0 
16 12 393 338 38 25 -1 -1 -1 0 
17 2 783 338 38 24 -1 -1 -1 0 
17 3 646 337 39 35 -1 -1 -1 0 
17 6 590 335 19 19 -1 -1 -1 0 
17 10 561 637 715 79 -1 -1 -1 0 
17 11 86 347 103 35 -1 -1 -1 0 
17 12 385 339 27 24 -1 -1 -1 0 
18 2 782 338 39 24 -1 -1 -1 0 
18 3 645 337 40 35 -1 -1 -1 0 
18 6 591 335 17 19 -1 -1 -1 0 
18 9 638 336 18 14 -1 -1 -1 0 
18 10 561 637 715 79 -1 -1 -1 0 
18 11 25 347 122 38 -1 -1 -1 0 
18 12 371 339 32 24 -1 -1 -1 0 
19 2 780 337 41 25 -1 -1 -1 0 
19 3 645 337 40 35 -1 -1 -1 0 
19 6 589 334 20 20 -1 -1 -1 0 
19 9 637 335 18 14 -1 -1 -1 0 
19 10 562 636 713 80 -1 -1 -1 0 
19 11 0 348 94 40 -1 -1 -1 0 
19 12 355 339 39 25 -1 -1 -1 0 
20 2 779 337 40 25 -1 -1 -1 0 
20 3 644 337 40 34 -1 -1 -1 0 
20 6 590 334 17 20 -1 -1 -1 0 
20 9 638 335 17 14 -1 -1 -1 0 
20 10 562 636 713 80 -1 -1 -1 0 
20 11 0 348 60 42 -1 -1 -1 0 
20 12 407 336 24 22 -1 -1 -1 0 
21 2 778 337 40 25 -1 -1 -1 0 
21 3 644 336 40 35 -1 -1 -1 0 
21 6 589 334 18 21 -1 -1 -1 0 
21 9 637 335 17 14 -1 -1 -1 0 
21 10 559 636 718 80 -1 -1 -1 0 
21 12 420 334 23 22 -1 -1 -1 0 
22 2 776 337 41 25 -1 -1 -1 0 
22 3 643 336 41 35 -1 -1 -1 0 
22 6 588 334 19 21 -1 -1 -1 0 
22 10 561 635 712 81 -1 -1 -1 0 
22 12 418 336 26 20 -1 -1 -1 0 
22 15 360 338 33 21 -1 -1 -1 0 
23 2 776 338 40 24 -1 -1 -1 0 
23 3 643 337 40 35 -1 -1 -1 0 
23 6 586 335 21 21 -1 -1 -1 0 
23 10 561 635 712 81 -1 -1 -1 0 
23 12 413 338 26 20 -1 -1 -1 0 
23 15 348 338 37 23 -1 -1 -1 0 
23 17 278 339 59 32 -1 -1 -1 0 
24 2 773 338 43 24 -1 -1 -1 0 
24 3 643 337 39 35 -1 -1 -1 0 
24 6 586 335 20 21 -1 -1 -1 0 
24 10 553 636 726 80 -1 -1 -1 0 
24 12 406 338 27 22 -1 -1 -1 0 
24 15 336 338 38 24 -1 -1 -1 0 
24 17 248 339 67 34 -1 -1 -1 0 
25 2 772 339 43 23 -1 -1 -1 0 
25 3 642 338 40 34 -1 -1 -1 0 
25 6 586 335 20 21 -1 -1 -1 0 
25 10 558 636 718 80 -1 -1 -1 0 
25 12 396 339 30 23 -1 -1 -1 0 
25 15 322 338 42 25 -1 -1 -1 0 
25 17 214 339 76 37 -1 -1 -1 0 
26 2 770 340 44 22 -1 -1 -1 0 
26 3 641 338 41 34 -1 -1 -1 0 
26 6 586 337 20 19 -1 -1 -1 0 
26 10 556 636 720 80 -1 -1 -1 0 
26 12 387 339 32 25 -1 -1 -1 0 
26 15 306 339 46 25 -1 -1 -1 0 
26 17 176 340 84 39 -1 -1 -1 0 
27 2 771 340 41 23 -1 -1 -1 0 
27 3 642 338 39 35 -1 -1 -1 0 
27 6 586 337 19 19 -1 -1 -1 0 
27 10 555 636 722 80 -1 -1 -1 0 
27 12 373 340 38 24 -1 -1 -1 0 
27 15 291 339 46 27 -1 -1 -1 0 
27 17 124 340 101 43 -1 -1 -1 0 
28 2 770 340 41 23 -1 -1 -1 0 
28 3 641 339 39 34 -1 -1 -1 0 
28 6 586 337 19 19 -1 -1 -1 0 
28 10 557 636 721 80 -1 -1 -1 0 
28 12 361 340 39 24 -1 -1 -1 0 
28 15 272 340 51 28 -1 -1 -1 0 
28 17 60 341 121 48 -1 -1 -1 0 
29 2 770 339 40 24 -1 -1 -1 0 
29 3 641 339 39 34 -1 -1 -1 0 
29 6 585 337 21 19 -1 -1 -1 0 
29 10 565 636 710 80 -1 -1 -1 0 
29 12 348 341 40 24 -1 -1 -1 0 
29 15 251 340 55 29 -1 -1 -1 0 
29 17 4 341 121 53 -1 -1 -1 0 
30 2 768 339 42 24 -1 -1 -1 0 
30 3 641 339 39 34 -1 -1 -1 0 
30 6 585 337 20 19 -1 -1 -1 0 
30 10 565 636 711 80 -1 -1 -1 0 
30 12 332 341 44 26 -1 -1 -1 0 
30 15 227 341 62 31 -1 -1 -1 0 
30 17 0 342 53 55 -1 -1 -1 0 
31 2 768 339 41 24 -1 -1 -1 0 
31 3 641 339 39 34 -1 -1 -1 0 
31 10 562 637 715 79 -1 -1 -1 0 
31 12 314 341 48 29 -1 -1 -1 0 
31 15 199 341 69 33 -1 -1 -1 0 
31 17 0 343 12 57 -1 -1 -1 0 
31 19 414 339 36 23 -1 -1 -1 0 
32 2 768 339 41 24 -1 -1 -1 0 
32 3 641 339 39 34 -1 -1 -1 0 
32 6 463 337 31 20 -1 -1 -1 0 
32 10 560 637 716 79 -1 -1 -1 0 
32 12 292 342 54 29 -1 -1 -1 0 
32 15 168 341 76 35 -1 -1 -1 0 
32 19 396 341 49 23 -1 -1 -1 0 
33 2 767 339 41 24 -1 -1 -1 0 
33 3 641 339 40 34 -1 -1 -1 0 
33 6 553 335 20 21 -1 -1 -1 0 
33 10 562 637 710 80 -1 -1 -1 0 
33 12 268 343 58 30 -1 -1 -1 0 
33 15 128 341 89 37 -1 -1 -1 0 
33 19 379 342 53 24 -1 -1 -1 0 
34 2 767 339 40 24 -1 -1 -1 0 
34 3 642 338 38 34 -1 -1 -1 0 
34 6 574 335 20 21 -1 -1 -1 0 
34 10 560 636 715 81 -1 -1 -1 0 
34 12 238 343 65 32 -1 -1 -1 0 
34 15 83 341 99 41 -1 -1 -1 0 
34 19 356 342 60 26 -1 -1 -1 0 
35 2 766 339 41 24 -1 -1 -1 0 
35 3 641 338 39 34 -1 -1 -1 0 
35 6 479 337 32 22 -1 -1 -1 0 
35 10 556 636 722 81 -1 -1 -1 0 
35 12 203 343 75 35 -1 -1 -1 0 
35 15 23 342 120 45 -1 -1 -1 0 
35 19 330 342 67 28 -1 -1 -1 0 
36 2 766 339 41 24 -1 -1 -1 0 
36 3 641 338 40 34 -1 -1 -1 0 
36 6 554 336 19 21 -1 -1 -1 0 
36 10 557 636 719 80 -1 -1 -1 0 
36 12 161 343 85 38 -1 -1 -1 0 
36 15 1 342 90 48 -1 -1 -1 0 
36 19 296 343 80 30 -1 -1 -1 0 
37 2 766 339 40 24 -1 -1 -1 0 
37 3 641 338 39 34 -1 -1 -1 0 
37 6 576 335 19 21 -1 -1 -1 0 
37 10 556 636 722 80 -1 -1 -1 0 
37 12 106 344 104 43 -1 -1 -1 0 
37 15 0 342 30 50 -1 -1 -1 0 
37 19 254 343 98 34 -1 -1 -1 0 
38 2 765 339 41 24 -1 -1 -1 0 
38 3 641 339 40 32 -1 -1 -1 0 
38 6 585 334 18 22 -1 -1 -1 0 
38 10 556 636 722 79 -1 -1 -1 0 
38 12 36 344 127 47 -1 -1 -1 0 
38 15 0 343 -4 51 -1 -1 -1 0 
38 19 198 344 119 36 -1 -1 -1 0 
38 22 408 340 34 22 -1 -1 -1 0 
39 2 765 338 41 25 -1 -1 -1 0 
39 3 641 339 40 32 -1 -1 -1 0 
39 6 588 334 19 22 -1 -1 -1 0 
39 10 564 635 707 80 -1 -1 -1 0 
39 12 2 345 98 50 -1 -1 -1 0 
39 19 125 345 144 41 -1 -1 -1 0 
39 22 399 342 34 22 -1 -1 -1 0 
40 2 764 339 42 24 -1 -1 -1 0 
40 3 641 339 40 32 -1 -1 -1 0 
40 6 589 334 19 22 -1 -1 -1 0 
40 10 559 636 717 80 -1 -1 -1 0 
40 12 0 345 66 52 -1 -1 -1 0 
40 19 17 346 194 47 -1 -1 -1 0 
40 22 387 342 37 23 -1 -1 -1 0 
