3 1 871 347 192 94 -1 -1 -1 0 
3 2 0 538 202 175 -1 -1 -1 0 
3 3 696 342 40 26 -1 -1 -1 0 
3 4 613 340 25 22 -1 -1 -1 0 
4 1 872 347 190 93 -1 -1 -1 0 
4 2 0 526 228 187 -1 -1 -1 0 
4 3 695 341 40 27 -1 -1 -1 0 
4 4 612 340 27 22 -1 -1 -1 0 
4 5 559 634 718 80 -1 -1 -1 0 
5 1 871 347 191 93 -1 -1 -1 0 
5 2 0 515 253 198 -1 -1 -1 0 
5 3 693 341 41 27 -1 -1 -1 0 
5 4 612 340 27 22 -1 -1 -1 0 
5 5 560 634 715 80 -1 -1 -1 0 
6 1 871 347 190 93 -1 -1 -1 0 
6 2 0 504 275 208 -1 -1 -1 0 
6 3 693 341 40 27 -1 -1 -1 0 
6 4 613 340 25 22 -1 -1 -1 0 
6 5 558 635 718 79 -1 -1 -1 0 
7 1 871 348 190 93 -1 -1 -1 0 
7 2 4 482 287 229 -1 -1 -1 0 
7 3 692 341 41 27 -1 -1 -1 0 
7 4 613 340 25 22 -1 -1 -1 0 
7 5 564 635 710 79 -1 -1 -1 0 
8 1 870 348 190 93 -1 -1 -1 0 
8 2 5 461 303 250 -1 -1 -1 0 
8 3 691 341 41 28 -1 -1 -1 0 
8 4 613 339 25 23 -1 -1 -1 0 
8 5 561 635 715 79 -1 -1 -1 0 
9 1 871 349 189 92 -1 -1 -1 0 
9 2 2 444 326 265 -1 -1 -1 0 
9 3 690 342 41 27 -1 -1 -1 0 
9 4 614 339 24 24 -1 -1 -1 0 
9 5 561 634 714 80 -1 -1 -1 0 
10 1 871 348 188 94 -1 -1 -1 0 
10 2 2 432 342 278 -1 -1 -1 0 
10 3 691 342 39 27 -1 -1 -1 0 
10 4 614 339 25 24 -1 -1 -1 0 
10 5 559 634 718 80 -1 -1 -1 0 
11 1 870 348 189 94 -1 -1 -1 0 
11 2 1 423 358 288 -1 -1 -1 0 
11 3 689 343 41 27 -1 -1 -1 0 
11 4 615 339 23 24 -1 -1 -1 0 
11 5 557 635 721 79 -1 -1 -1 0 
12 1 870 348 189 94 -1 -1 -1 0 
12 2 0 415 372 295 -1 -1 -1 0 
12 3 688 343 41 27 -1 -1 -1 0 
12 4 614 341 25 22 -1 -1 -1 0 
12 5 561 635 713 79 -1 -1 -1 0 
13 1 869 348 189 94 -1 -1 -1 0 
13 2 0 409 384 301 -1 -1 -1 0 
13 3 689 344 38 26 -1 -1 -1 0 
13 4 614 341 25 23 -1 -1 -1 0 
13 5 562 634 711 80 -1 -1 -1 0 
14 1 868 349 190 93 -1 -1 -1 0 
14 2 1 405 392 307 -1 -1 -1 0 
14 3 688 344 39 27 -1 -1 -1 0 
14 4 615 341 24 23 -1 -1 -1 0 
14 5 558 634 719 80 -1 -1 -1 0 
15 1 869 349 188 94 -1 -1 -1 0 
15 2 0 402 404 309 -1 -1 -1 0 
15 3 686 344 40 27 -1 -1 -1 0 
15 4 615 342 24 22 -1 -1 -1 0 
15 5 561 634 715 80 -1 -1 -1 0 
16 1 868 350 188 93 -1 -1 -1 0 
16 2 1 399 412 312 -1 -1 -1 0 
16 3 687 343 38 28 -1 -1 -1 0 
16 4 615 342 25 22 -1 -1 -1 0 
16 5 562 634 712 80 -1 -1 -1 0 
17 1 868 350 187 93 -1 -1 -1 0 
17 2 1 396 421 315 -1 -1 -1 0 
17 3 686 343 39 28 -1 -1 -1 0 
17 4 616 342 23 22 -1 -1 -1 0 
17 5 560 634 715 80 -1 -1 -1 0 
18 1 867 350 187 93 -1 -1 -1 0 
18 2 2 394 427 319 -1 -1 -1 0 
18 3 684 343 40 29 -1 -1 -1 0 
18 4 616 342 24 22 -1 -1 -1 0 
18 5 559 634 717 80 -1 -1 -1 0 
19 1 866 350 186 93 -1 -1 -1 0 
19 2 1 392 436 321 -1 -1 -1 0 
19 3 682 346 42 26 -1 -1 -1 0 
19 4 615 342 24 23 -1 -1 -1 0 
19 5 563 634 712 80 -1 -1 -1 0 
20 1 866 350 185 92 -1 -1 -1 0 
20 2 1 389 443 323 -1 -1 -1 0 
20 3 682 344 40 27 -1 -1 -1 0 
20 4 615 342 24 22 -1 -1 -1 0 
20 5 560 634 716 81 -1 -1 -1 0 
21 1 865 350 185 92 -1 -1 -1 0 
21 2 1 388 450 324 -1 -1 -1 0 
21 3 680 345 41 26 -1 -1 -1 0 
21 4 615 342 23 22 -1 -1 -1 0 
21 5 557 634 722 80 -1 -1 -1 0 
22 1 865 350 183 92 -1 -1 -1 0 
22 2 0 385 461 318 -1 -1 -1 0 
22 3 680 345 39 27 -1 -1 -1 0 
22 4 614 342 25 22 -1 -1 -1 0 
22 5 559 634 717 80 -1 -1 -1 0 
23 1 866 350 179 92 -1 -1 -1 0 
23 2 0 383 468 306 -1 -1 -1 0 
23 3 679 345 39 27 -1 -1 -1 0 
23 4 614 342 25 22 -1 -1 -1 0 
23 5 557 634 720 80 -1 -1 -1 0 
24 1 864 350 178 91 -1 -1 -1 0 
24 2 0 382 476 288 -1 -1 -1 0 
24 3 677 345 41 27 -1 -1 -1 0 
24 4 614 342 24 22 -1 -1 -1 0 
24 5 559 634 718 80 -1 -1 -1 0 
25 1 864 350 175 91 -1 -1 -1 0 
25 2 0 381 482 269 -1 -1 -1 0 
25 3 677 346 41 26 -1 -1 -1 0 
25 4 614 341 23 23 -1 -1 -1 0 
25 5 558 635 719 79 -1 -1 -1 0 
26 1 860 349 181 91 -1 -1 -1 0 
26 2 0 381 486 251 -1 -1 -1 0 
26 3 677 346 39 26 -1 -1 -1 0 
26 4 613 341 25 23 -1 -1 -1 0 
26 5 556 635 722 78 -1 -1 -1 0 
27 1 859 349 181 91 -1 -1 -1 0 
27 2 0 379 489 237 -1 -1 -1 0 
27 3 676 346 39 26 -1 -1 -1 0 
27 4 614 341 23 22 -1 -1 -1 0 
27 5 560 635 715 78 -1 -1 -1 0 
28 1 858 349 181 91 -1 -1 -1 0 
28 2 0 378 493 225 -1 -1 -1 0 
28 3 676 345 39 27 -1 -1 -1 0 
28 4 612 341 26 22 -1 -1 -1 0 
28 5 560 634 715 79 -1 -1 -1 0 
29 1 858 349 178 91 -1 -1 -1 0 
29 2 25 378 465 212 -1 -1 -1 0 
29 3 675 345 39 27 -1 -1 -1 0 
29 4 613 341 24 22 -1 -1 -1 0 
29 5 558 634 718 79 -1 -1 -1 0 
30 1 857 350 178 91 -1 -1 -1 0 
30 2 57 377 434 202 -1 -1 -1 0 
30 3 675 345 39 27 -1 -1 -1 0 
30 4 613 341 23 22 -1 -1 -1 0 
30 5 565 634 708 79 -1 -1 -1 0 
31 1 855 350 179 90 -1 -1 -1 0 
31 2 86 375 410 193 -1 -1 -1 0 
31 3 674 346 40 26 -1 -1 -1 0 
31 4 612 342 25 21 -1 -1 -1 0 
31 5 560 633 716 81 -1 -1 -1 0 
32 1 854 351 178 89 -1 -1 -1 0 
32 2 115 375 384 184 -1 -1 -1 0 
32 3 673 347 41 26 -1 -1 -1 0 
32 4 613 342 23 21 -1 -1 -1 0 
32 5 558 633 721 81 -1 -1 -1 0 
33 1 854 351 176 89 -1 -1 -1 0 
33 2 140 373 364 177 -1 -1 -1 0 
33 3 673 347 40 26 -1 -1 -1 0 
33 4 613 342 23 21 -1 -1 -1 0 
33 5 554 635 725 79 -1 -1 -1 0 
34 1 852 352 177 88 -1 -1 -1 0 
34 2 162 373 347 170 -1 -1 -1 0 
34 3 674 347 37 26 -1 -1 -1 0 
34 4 612 342 25 21 -1 -1 -1 0 
34 5 579 635 692 79 -1 -1 -1 0 
35 1 851 351 176 88 -1 -1 -1 0 
35 2 183 373 331 163 -1 -1 -1 0 
35 3 673 346 38 27 -1 -1 -1 0 
35 4 613 341 23 22 -1 -1 -1 0 
35 5 564 634 713 80 -1 -1 -1 0 
36 1 851 350 174 89 -1 -1 -1 0 
36 2 202 372 316 157 -1 -1 -1 0 
36 3 672 346 39 27 -1 -1 -1 0 
36 4 613 341 23 22 -1 -1 -1 0 
36 5 566 634 709 80 -1 -1 -1 0 
37 1 849 350 175 89 -1 -1 -1 0 
37 2 220 371 301 153 -1 -1 -1 0 
37 3 672 346 38 27 -1 -1 -1 0 
37 4 612 341 25 21 -1 -1 -1 0 
37 5 559 634 719 80 -1 -1 -1 0 
38 1 849 350 173 89 -1 -1 -1 0 
38 2 235 370 291 149 -1 -1 -1 0 
38 3 672 346 38 27 -1 -1 -1 0 
38 4 613 341 23 22 -1 -1 -1 0 
38 5 559 634 717 80 -1 -1 -1 0 
39 1 847 349 174 90 -1 -1 -1 0 
39 2 253 368 275 147 -1 -1 -1 0 
39 3 672 346 38 27 -1 -1 -1 0 
39 4 612 341 25 21 -1 -1 -1 0 
39 5 556 634 721 79 -1 -1 -1 0 
40 1 847 349 172 89 -1 -1 -1 0 
40 2 265 368 267 142 -1 -1 -1 0 
40 3 672 346 38 27 -1 -1 -1 0 
40 4 613 341 23 21 -1 -1 -1 0 
40 5 558 634 717 79 -1 -1 -1 0 
