3 1 945 334 332 218 -1 -1 -1 0 
3 2 728 317 36 50 -1 -1 -1 0 
3 3 674 352 49 38 -1 -1 -1 0 
4 1 946 334 331 221 -1 -1 -1 0 
4 2 730 317 34 50 -1 -1 -1 0 
4 3 674 351 50 37 -1 -1 -1 0 
5 1 947 334 331 224 -1 -1 -1 0 
5 2 729 316 37 51 -1 -1 -1 0 
5 3 675 350 49 38 -1 -1 -1 0 
6 1 949 334 329 227 -1 -1 -1 0 
6 2 731 316 36 50 -1 -1 -1 0 
6 3 676 349 48 38 -1 -1 -1 0 
7 1 953 335 325 228 -1 -1 -1 0 
7 2 733 315 34 50 -1 -1 -1 0 
7 3 676 348 50 39 -1 -1 -1 0 
7 7 262 360 61 28 -1 -1 -1 0 
8 1 956 335 321 231 -1 -1 -1 0 
8 2 734 314 34 51 -1 -1 -1 0 
8 3 678 348 47 39 -1 -1 -1 0 
8 7 259 366 52 23 -1 -1 -1 0 
9 1 959 335 319 236 -1 -1 -1 0 
9 2 733 313 37 52 -1 -1 -1 0 
9 3 678 348 47 38 -1 -1 -1 0 
9 7 229 367 58 25 -1 -1 -1 0 
10 1 963 335 315 240 -1 -1 -1 0 
10 2 735 313 35 51 -1 -1 -1 0 
10 3 679 348 47 38 -1 -1 -1 0 
10 7 209 367 61 26 -1 -1 -1 0 
11 1 966 335 312 244 -1 -1 -1 0 
11 2 736 313 35 51 -1 -1 -1 0 
11 3 680 349 48 37 -1 -1 -1 0 
11 7 186 368 64 28 -1 -1 -1 0 
12 1 968 335 310 248 -1 -1 -1 0 
12 2 736 313 35 51 -1 -1 -1 0 
12 3 681 349 47 37 -1 -1 -1 0 
12 7 160 369 70 30 -1 -1 -1 0 
13 1 972 335 306 253 -1 -1 -1 0 
13 2 736 313 36 51 -1 -1 -1 0 
13 3 681 349 47 37 -1 -1 -1 0 
13 7 131 370 79 31 -1 -1 -1 0 
14 1 975 334 303 257 -1 -1 -1 0 
14 2 738 313 34 51 -1 -1 -1 0 
14 3 682 350 47 37 -1 -1 -1 0 
14 7 98 373 88 32 -1 -1 -1 0 
14 11 434 358 43 15 -1 -1 -1 0 
15 1 978 333 300 262 -1 -1 -1 0 
15 2 738 312 35 52 -1 -1 -1 0 
15 3 683 349 47 38 -1 -1 -1 0 
15 7 76 375 89 32 -1 -1 -1 0 
15 11 425 358 45 16 -1 -1 -1 0 
16 1 981 333 297 269 -1 -1 -1 0 
16 2 739 312 35 52 -1 -1 -1 0 
16 3 682 349 50 37 -1 -1 -1 0 
16 7 18 377 108 36 -1 -1 -1 0 
16 11 418 358 44 16 -1 -1 -1 0 
17 1 984 333 294 274 -1 -1 -1 0 
17 2 740 311 35 53 -1 -1 -1 0 
17 3 684 348 48 38 -1 -1 -1 0 
17 7 0 379 90 38 -1 -1 -1 0 
17 11 407 359 46 16 -1 -1 -1 0 
18 1 987 333 291 278 -1 -1 -1 0 
18 2 741 311 35 52 -1 -1 -1 0 
18 3 684 347 49 39 -1 -1 -1 0 
18 7 0 381 51 37 -1 -1 -1 0 
18 11 398 359 46 17 -1 -1 -1 0 
19 1 991 332 287 283 -1 -1 -1 0 
19 2 742 308 34 54 -1 -1 -1 0 
19 3 684 346 50 38 -1 -1 -1 0 
19 7 0 383 26 37 -1 -1 -1 0 
19 11 389 360 47 17 -1 -1 -1 0 
20 1 994 332 284 287 -1 -1 -1 0 
20 2 742 308 36 54 -1 -1 -1 0 
20 3 685 346 49 38 -1 -1 -1 0 
20 11 379 360 46 18 -1 -1 -1 0 
21 1 997 331 282 290 -1 -1 -1 0 
21 2 742 308 37 54 -1 -1 -1 0 
21 3 684 346 50 38 -1 -1 -1 0 
21 11 367 360 48 20 -1 -1 -1 0 
22 1 1001 330 278 291 -1 -1 -1 0 
22 2 743 308 36 53 -1 -1 -1 0 
22 3 685 346 48 37 -1 -1 -1 0 
22 11 355 361 51 20 -1 -1 -1 0 
23 1 1005 331 274 288 -1 -1 -1 0 
23 2 743 308 37 53 -1 -1 -1 0 
23 3 686 346 47 38 -1 -1 -1 0 
23 11 342 364 52 20 -1 -1 -1 0 
24 1 1008 332 271 280 -1 -1 -1 0 
24 2 744 309 36 53 -1 -1 -1 0 
24 3 686 346 48 39 -1 -1 -1 0 
24 11 332 366 49 21 -1 -1 -1 0 
25 1 1011 335 268 269 -1 -1 -1 0 
25 2 745 310 36 53 -1 -1 -1 0 
25 3 686 348 49 38 -1 -1 -1 0 
25 11 319 366 48 23 -1 -1 -1 0 
25 14 505 358 18 12 -1 -1 -1 0 
26 1 1017 337 262 262 -1 -1 -1 0 
26 2 745 311 38 52 -1 -1 -1 0 
26 3 687 348 48 38 -1 -1 -1 0 
26 11 303 367 51 23 -1 -1 -1 0 
26 14 498 359 20 12 -1 -1 -1 0 
27 1 1021 339 258 260 -1 -1 -1 0 
27 2 745 311 38 53 -1 -1 -1 0 
27 3 687 348 48 39 -1 -1 -1 0 
27 11 287 368 52 24 -1 -1 -1 0 
27 14 491 359 21 12 -1 -1 -1 0 
28 1 1024 341 254 260 -1 -1 -1 0 
28 2 746 311 37 52 -1 -1 -1 0 
28 3 687 348 48 39 -1 -1 -1 0 
28 11 268 369 53 25 -1 -1 -1 0 
28 14 483 359 22 12 -1 -1 -1 0 
29 1 1028 342 250 260 -1 -1 -1 0 
29 2 744 310 39 53 -1 -1 -1 0 
29 3 686 347 48 39 -1 -1 -1 0 
29 11 245 370 61 26 -1 -1 -1 0 
29 14 476 359 21 12 -1 -1 -1 0 
30 1 1031 341 248 260 -1 -1 -1 0 
30 2 744 309 38 52 -1 -1 -1 0 
30 3 685 345 50 40 -1 -1 -1 0 
30 11 220 370 62 28 -1 -1 -1 0 
30 14 467 358 23 12 -1 -1 -1 0 
31 1 1033 342 246 259 -1 -1 -1 0 
31 2 745 309 37 52 -1 -1 -1 0 
31 3 684 345 52 39 -1 -1 -1 0 
31 11 192 372 66 30 -1 -1 -1 0 
31 14 460 358 22 13 -1 -1 -1 0 
32 1 1038 340 240 259 -1 -1 -1 0 
32 2 744 308 38 52 -1 -1 -1 0 
32 3 685 344 50 40 -1 -1 -1 0 
32 11 160 374 76 32 -1 -1 -1 0 
32 14 451 358 23 14 -1 -1 -1 0 
33 1 1041 340 237 259 -1 -1 -1 0 
33 2 744 308 38 51 -1 -1 -1 0 
33 3 685 344 50 39 -1 -1 -1 0 
33 11 123 377 90 34 -1 -1 -1 0 
33 14 441 360 25 14 -1 -1 -1 0 
34 1 1045 339 233 259 -1 -1 -1 0 
34 2 744 307 38 53 -1 -1 -1 0 
34 3 685 344 49 39 -1 -1 -1 0 
34 11 81 381 101 36 -1 -1 -1 0 
34 14 432 362 25 14 -1 -1 -1 0 
35 1 1049 342 230 256 -1 -1 -1 0 
35 2 744 309 38 51 -1 -1 -1 0 
35 3 685 345 48 39 -1 -1 -1 0 
35 11 35 386 102 39 -1 -1 -1 0 
35 14 422 363 27 16 -1 -1 -1 0 
36 1 1053 343 225 257 -1 -1 -1 0 
36 2 744 310 39 52 -1 -1 -1 0 
36 3 685 346 49 39 -1 -1 -1 0 
36 11 2 392 89 40 -1 -1 -1 0 
36 14 411 366 31 15 -1 -1 -1 0 
37 1 1057 345 221 257 -1 -1 -1 0 
37 2 745 311 38 51 -1 -1 -1 0 
37 3 686 346 47 40 -1 -1 -1 0 
37 11 0 393 89 40 -1 -1 -1 0 
37 14 401 366 30 16 -1 -1 -1 0 
38 1 1060 347 219 257 -1 -1 -1 0 
38 2 746 311 37 52 -1 -1 -1 0 
38 3 686 347 47 40 -1 -1 -1 0 
38 11 0 395 52 34 -1 -1 -1 0 
38 14 389 368 32 16 -1 -1 -1 0 
39 1 1064 350 214 256 -1 -1 -1 0 
39 2 745 312 38 51 -1 -1 -1 0 
39 3 685 347 49 40 -1 -1 -1 0 
39 11 0 397 32 35 -1 -1 -1 0 
39 14 376 369 34 16 -1 -1 -1 0 
40 1 1068 353 211 254 -1 -1 -1 0 
40 2 744 312 39 52 -1 -1 -1 0 
40 3 685 348 48 40 -1 -1 -1 0 
40 14 364 369 32 17 -1 -1 -1 0 
