3 1 278 333 122 50 -1 -1 -1 0 
3 3 748 341 49 40 -1 -1 -1 0 
4 1 256 332 133 52 -1 -1 -1 0 
4 3 747 340 49 40 -1 -1 -1 0 
5 1 231 332 144 54 -1 -1 -1 0 
5 3 746 339 49 40 -1 -1 -1 0 
6 1 205 331 156 58 -1 -1 -1 0 
6 3 746 339 47 39 -1 -1 -1 0 
7 1 174 330 173 63 -1 -1 -1 0 
7 3 745 339 48 39 -1 -1 -1 0 
8 1 139 330 193 67 -1 -1 -1 0 
8 3 744 339 48 39 -1 -1 -1 0 
9 1 97 331 220 71 -1 -1 -1 0 
9 3 745 339 46 39 -1 -1 -1 0 
10 1 48 331 250 77 -1 -1 -1 0 
10 3 743 340 48 38 -1 -1 -1 0 
11 1 4 332 272 81 -1 -1 -1 0 
11 3 743 340 47 38 -1 -1 -1 0 
12 1 0 332 251 85 -1 -1 -1 0 
12 3 743 340 46 39 -1 -1 -1 0 
13 1 0 331 225 86 -1 -1 -1 0 
13 3 743 339 45 40 -1 -1 -1 0 
14 1 0 331 198 84 -1 -1 -1 0 
14 3 742 339 47 39 -1 -1 -1 0 
15 1 0 330 163 84 -1 -1 -1 0 
15 3 742 339 46 39 -1 -1 -1 0 
16 1 0 328 124 86 -1 -1 -1 0 
16 3 742 339 46 38 -1 -1 -1 0 
17 1 1 327 74 86 -1 -1 -1 0 
17 3 741 339 46 38 -1 -1 -1 0 
18 1 0 326 45 88 -1 -1 -1 0 
18 3 742 339 44 38 -1 -1 -1 0 
19 3 742 338 43 39 -1 -1 -1 0 
20 3 741 338 44 38 -1 -1 -1 0 
21 3 741 339 45 37 -1 -1 -1 0 
22 3 740 339 45 37 -1 -1 -1 0 
23 3 741 339 44 37 -1 -1 -1 0 
24 3 741 339 44 37 -1 -1 -1 0 
25 3 741 340 44 36 -1 -1 -1 0 
26 3 742 340 42 35 -1 -1 -1 0 
27 3 741 340 43 35 -1 -1 -1 0 
28 3 742 340 41 35 -1 -1 -1 0 
29 3 741 340 42 35 -1 -1 -1 0 
30 3 741 340 42 35 -1 -1 -1 0 
31 3 741 339 42 35 -1 -1 -1 0 
32 3 741 339 42 34 -1 -1 -1 0 
33 3 741 339 41 33 -1 -1 -1 0 
34 3 741 338 41 34 -1 -1 -1 0 
35 3 741 338 40 34 -1 -1 -1 0 
36 3 740 338 41 35 -1 -1 -1 0 
37 3 739 338 43 35 -1 -1 -1 0 
38 3 740 339 40 34 -1 -1 -1 0 
39 3 740 339 40 34 -1 -1 -1 0 
40 3 740 339 40 34 -1 -1 -1 0 
