3 1 417 349 57 35 -1 -1 -1 0 
3 2 386 352 39 31 -1 -1 -1 0 
3 3 903 334 92 54 -1 -1 -1 0 
3 4 802 343 50 31 -1 -1 -1 0 
3 5 503 350 21 14 -1 -1 -1 0 
3 6 851 343 25 15 -1 -1 -1 0 
3 8 532 349 18 14 -1 -1 -1 0 
3 10 576 346 30 15 -1 -1 -1 0 
4 1 393 349 64 39 -1 -1 -1 0 
4 2 363 356 41 30 -1 -1 -1 0 
4 3 903 334 93 54 -1 -1 -1 0 
4 4 802 343 51 32 -1 -1 -1 0 
4 5 496 351 23 14 -1 -1 -1 0 
4 6 851 343 27 16 -1 -1 -1 0 
4 8 539 349 21 15 -1 -1 -1 0 
4 10 574 346 28 15 -1 -1 -1 0 
5 1 364 349 73 44 -1 -1 -1 0 
5 2 335 358 43 32 -1 -1 -1 0 
5 3 904 335 93 54 -1 -1 -1 0 
5 4 802 343 52 31 -1 -1 -1 0 
5 5 490 351 22 15 -1 -1 -1 0 
5 6 851 343 27 16 -1 -1 -1 0 
5 8 527 349 33 17 -1 -1 -1 0 
5 10 572 346 26 16 -1 -1 -1 0 
6 1 329 350 86 49 -1 -1 -1 0 
6 2 306 360 42 34 -1 -1 -1 0 
6 3 905 334 93 55 -1 -1 -1 0 
6 4 804 343 49 31 -1 -1 -1 0 
6 5 482 351 25 16 -1 -1 -1 0 
6 6 851 343 28 16 -1 -1 -1 0 
6 8 521 349 34 18 -1 -1 -1 0 
6 10 569 346 26 17 -1 -1 -1 0 
6 12 904 334 94 54 -1 -1 -1 0 
7 1 277 353 111 53 -1 -1 -1 0 
7 2 284 361 43 36 -1 -1 -1 0 
7 3 905 334 94 55 -1 -1 -1 0 
7 4 804 342 48 32 -1 -1 -1 0 
7 5 475 352 25 16 -1 -1 -1 0 
7 6 852 342 27 17 -1 -1 -1 0 
7 8 515 349 35 20 -1 -1 -1 0 
7 10 565 346 27 19 -1 -1 -1 0 
7 12 905 333 94 56 -1 -1 -1 0 
8 1 226 355 123 59 -1 -1 -1 0 
8 2 320 354 53 33 -1 -1 -1 0 
8 3 905 334 97 56 -1 -1 -1 0 
8 4 803 342 50 33 -1 -1 -1 0 
8 5 466 353 27 16 -1 -1 -1 0 
8 6 854 343 26 16 -1 -1 -1 0 
8 8 509 350 34 20 -1 -1 -1 0 
8 10 560 347 28 20 -1 -1 -1 0 
8 12 905 333 95 57 -1 -1 -1 0 
9 1 151 355 154 70 -1 -1 -1 0 
9 2 297 354 66 34 -1 -1 -1 0 
9 3 905 334 98 56 -1 -1 -1 0 
9 4 803 342 49 33 -1 -1 -1 0 
9 5 457 353 29 17 -1 -1 -1 0 
9 6 854 343 27 17 -1 -1 -1 0 
9 8 502 351 33 21 -1 -1 -1 0 
9 10 556 348 27 20 -1 -1 -1 0 
9 15 561 635 716 79 -1 -1 -1 0 
10 1 36 357 206 84 -1 -1 -1 0 
10 2 260 354 83 39 -1 -1 -1 0 
10 3 906 334 98 56 -1 -1 -1 0 
10 4 803 343 49 32 -1 -1 -1 0 
10 5 448 353 30 18 -1 -1 -1 0 
10 6 851 343 32 18 -1 -1 -1 0 
10 8 493 351 35 22 -1 -1 -1 0 
10 10 549 348 28 21 -1 -1 -1 0 
10 15 566 635 707 79 -1 -1 -1 0 
11 1 3 360 157 92 -1 -1 -1 0 
11 2 221 354 95 44 -1 -1 -1 0 
11 3 907 333 98 58 -1 -1 -1 0 
11 4 803 343 49 32 -1 -1 -1 0 
11 5 436 354 34 18 -1 -1 -1 0 
11 6 851 343 32 19 -1 -1 -1 0 
11 8 482 352 37 23 -1 -1 -1 0 
11 10 540 351 32 20 -1 -1 -1 0 
11 15 562 635 714 79 -1 -1 -1 0 
12 1 0 362 112 97 -1 -1 -1 0 
12 2 174 355 113 48 -1 -1 -1 0 
12 3 907 333 100 58 -1 -1 -1 0 
12 4 803 342 48 33 -1 -1 -1 0 
12 5 426 354 33 20 -1 -1 -1 0 
12 6 854 343 28 18 -1 -1 -1 0 
12 8 469 352 39 25 -1 -1 -1 0 
12 10 531 352 32 20 -1 -1 -1 0 
12 15 564 636 710 78 -1 -1 -1 0 
13 2 119 356 130 54 -1 -1 -1 0 
13 3 907 332 101 59 -1 -1 -1 0 
13 4 803 342 48 33 -1 -1 -1 0 
13 5 412 354 39 21 -1 -1 -1 0 
13 6 856 343 27 19 -1 -1 -1 0 
13 8 453 352 46 27 -1 -1 -1 0 
13 10 521 351 37 24 -1 -1 -1 0 
13 15 566 635 707 79 -1 -1 -1 0 
14 2 44 357 161 61 -1 -1 -1 0 
14 3 907 332 103 60 -1 -1 -1 0 
14 5 398 354 41 22 -1 -1 -1 0 
14 6 857 342 27 20 -1 -1 -1 0 
14 8 436 354 44 28 -1 -1 -1 0 
14 10 509 350 42 27 -1 -1 -1 0 
14 15 558 635 720 78 -1 -1 -1 0 
14 17 567 347 26 19 -1 -1 -1 0 
15 2 4 358 141 66 -1 -1 -1 0 
15 3 908 333 104 59 -1 -1 -1 0 
15 5 383 355 41 23 -1 -1 -1 0 
15 6 857 342 27 21 -1 -1 -1 0 
15 8 414 355 54 30 -1 -1 -1 0 
15 10 495 351 44 28 -1 -1 -1 0 
15 15 558 635 720 78 -1 -1 -1 0 
15 17 561 349 26 18 -1 -1 -1 0 
16 2 0 361 81 64 -1 -1 -1 0 
16 3 910 333 102 60 -1 -1 -1 0 
16 5 422 353 33 21 -1 -1 -1 0 
16 8 375 357 44 26 -1 -1 -1 0 
16 10 478 353 49 29 -1 -1 -1 0 
16 15 564 635 710 78 -1 -1 -1 0 
16 17 554 348 28 20 -1 -1 -1 0 
17 2 0 361 45 68 -1 -1 -1 0 
17 3 910 333 104 61 -1 -1 -1 0 
17 4 802 343 50 32 -1 -1 -1 0 
17 5 427 353 31 21 -1 -1 -1 0 
17 6 861 342 24 20 -1 -1 -1 0 
17 8 347 358 38 27 -1 -1 -1 0 
17 10 458 354 55 32 -1 -1 -1 0 
17 15 560 635 719 78 -1 -1 -1 0 
17 17 544 350 32 20 -1 -1 -1 0 
18 3 911 334 105 60 -1 -1 -1 0 
18 4 802 343 50 33 -1 -1 -1 0 
18 5 420 354 29 20 -1 -1 -1 0 
18 6 850 345 26 21 -1 -1 -1 0 
18 8 330 359 38 27 -1 -1 -1 0 
18 10 434 355 62 36 -1 -1 -1 0 
18 15 564 635 710 78 -1 -1 -1 0 
18 17 535 350 34 21 -1 -1 -1 0 
18 21 325 358 81 41 -1 -1 -1 0 
19 3 912 334 105 61 -1 -1 -1 0 
19 4 802 344 50 32 -1 -1 -1 0 
19 5 455 352 36 23 -1 -1 -1 0 
19 6 859 343 24 20 -1 -1 -1 0 
19 10 403 356 74 41 -1 -1 -1 0 
19 12 911 333 107 61 -1 -1 -1 0 
19 15 561 635 715 78 -1 -1 -1 0 
19 17 526 349 36 24 -1 -1 -1 0 
19 21 279 360 95 45 -1 -1 -1 0 
20 3 912 334 107 61 -1 -1 -1 0 
20 4 804 343 47 33 -1 -1 -1 0 
20 5 460 352 39 25 -1 -1 -1 0 
20 6 850 345 27 21 -1 -1 -1 0 
20 10 366 356 84 48 -1 -1 -1 0 
20 12 913 334 106 61 -1 -1 -1 0 
20 15 563 635 712 79 -1 -1 -1 0 
20 17 516 349 38 27 -1 -1 -1 0 
20 21 220 361 116 53 -1 -1 -1 0 
21 4 802 343 50 33 -1 -1 -1 0 
21 5 451 353 43 25 -1 -1 -1 0 
21 6 846 345 30 22 -1 -1 -1 0 
21 8 368 357 42 24 -1 -1 -1 0 
21 10 312 360 108 54 -1 -1 -1 0 
21 12 912 334 109 62 -1 -1 -1 0 
21 15 563 635 711 79 -1 -1 -1 0 
21 17 501 349 44 29 -1 -1 -1 0 
21 21 138 365 148 61 -1 -1 -1 0 
22 4 802 344 50 32 -1 -1 -1 0 
22 5 436 354 48 27 -1 -1 -1 0 
22 6 846 346 30 22 -1 -1 -1 0 
22 8 356 357 47 25 -1 -1 -1 0 
22 10 239 364 138 63 -1 -1 -1 0 
22 12 914 333 108 63 -1 -1 -1 0 
22 15 562 636 715 78 -1 -1 -1 0 
22 17 486 349 49 32 -1 -1 -1 0 
22 21 17 371 203 71 -1 -1 -1 0 
23 4 801 344 51 32 -1 -1 -1 0 
23 5 417 354 53 30 -1 -1 -1 0 
23 6 844 345 32 23 -1 -1 -1 0 
23 8 336 358 52 26 -1 -1 -1 0 
23 10 210 365 146 66 -1 -1 -1 0 
23 12 914 333 109 63 -1 -1 -1 0 
23 15 564 635 710 79 -1 -1 -1 0 
23 17 467 350 53 35 -1 -1 -1 0 
23 21 0 376 119 77 -1 -1 -1 0 
24 5 393 355 60 32 -1 -1 -1 0 
24 6 844 345 34 23 -1 -1 -1 0 
24 8 313 358 56 28 -1 -1 -1 0 
24 12 915 333 110 63 -1 -1 -1 0 
24 15 564 635 710 79 -1 -1 -1 0 
24 17 445 350 61 39 -1 -1 -1 0 
24 21 0 379 64 82 -1 -1 -1 0 
25 4 802 345 50 31 -1 -1 -1 0 
25 5 365 356 63 35 -1 -1 -1 0 
25 6 843 345 37 23 -1 -1 -1 0 
25 8 284 359 64 30 -1 -1 -1 0 
25 12 915 332 112 64 -1 -1 -1 0 
25 15 570 635 703 79 -1 -1 -1 0 
25 17 417 350 70 44 -1 -1 -1 0 
26 4 803 346 50 29 -1 -1 -1 0 
26 5 331 357 69 39 -1 -1 -1 0 
26 6 842 345 40 23 -1 -1 -1 0 
26 8 252 360 70 33 -1 -1 -1 0 
26 12 916 332 113 65 -1 -1 -1 0 
26 15 569 635 707 79 -1 -1 -1 0 
26 17 381 350 82 51 -1 -1 -1 0 
26 28 491 351 23 13 -1 -1 -1 0 
27 4 804 346 48 29 -1 -1 -1 0 
27 5 320 358 72 40 -1 -1 -1 0 
27 6 843 346 42 22 -1 -1 -1 0 
27 8 212 362 80 35 -1 -1 -1 0 
27 12 918 332 112 65 -1 -1 -1 0 
27 15 570 636 706 78 -1 -1 -1 0 
27 17 333 352 102 57 -1 -1 -1 0 
27 28 483 351 27 14 -1 -1 -1 0 
28 4 804 346 49 29 -1 -1 -1 0 
28 6 845 345 40 23 -1 -1 -1 0 
28 8 164 365 90 38 -1 -1 -1 0 
28 10 248 354 137 74 -1 -1 -1 0 
28 12 918 332 114 66 -1 -1 -1 0 
28 15 568 635 708 79 -1 -1 -1 0 
28 17 312 353 107 59 -1 -1 -1 0 
28 28 567 347 23 14 -1 -1 -1 0 
28 33 514 348 19 14 -1 -1 -1 0 
28 34 546 347 30 16 -1 -1 -1 0 
29 4 804 346 50 29 -1 -1 -1 0 
29 6 847 345 39 24 -1 -1 -1 0 
29 8 104 367 97 43 -1 -1 -1 0 
29 10 176 357 181 84 -1 -1 -1 0 
29 12 919 332 116 66 -1 -1 -1 0 
29 15 568 635 708 79 -1 -1 -1 0 
29 28 506 350 28 16 -1 -1 -1 0 
29 33 508 348 20 15 -1 -1 -1 0 
29 34 541 347 30 16 -1 -1 -1 0 
30 4 805 346 49 30 -1 -1 -1 0 
30 6 848 345 38 24 -1 -1 -1 0 
30 8 74 368 102 45 -1 -1 -1 0 
30 10 161 357 190 88 -1 -1 -1 0 
30 12 921 332 115 66 -1 -1 -1 0 
30 15 563 635 713 79 -1 -1 -1 0 
30 28 530 347 25 18 -1 -1 -1 0 
30 33 502 349 22 15 -1 -1 -1 0 
30 34 578 347 23 14 -1 -1 -1 0 
31 3 921 332 115 67 -1 -1 -1 0 
31 4 804 345 51 31 -1 -1 -1 0 
31 6 849 345 38 24 -1 -1 -1 0 
31 12 921 332 117 66 -1 -1 -1 0 
31 15 568 635 703 79 -1 -1 -1 0 
31 28 534 347 26 18 -1 -1 -1 0 
31 33 496 349 23 15 -1 -1 -1 0 
31 34 587 347 20 14 -1 -1 -1 0 
32 3 922 331 116 68 -1 -1 -1 0 
32 4 805 345 49 31 -1 -1 -1 0 
32 6 850 345 40 24 -1 -1 -1 0 
32 12 922 332 118 66 -1 -1 -1 0 
32 15 575 635 697 79 -1 -1 -1 0 
32 28 530 346 29 20 -1 -1 -1 0 
32 33 489 349 24 16 -1 -1 -1 0 
32 34 585 347 22 14 -1 -1 -1 0 
32 38 439 353 34 18 -1 -1 -1 0 
33 4 806 346 50 30 -1 -1 -1 0 
33 6 852 345 39 24 -1 -1 -1 0 
33 12 922 332 120 67 -1 -1 -1 0 
33 15 567 635 708 79 -1 -1 -1 0 
33 28 523 346 31 22 -1 -1 -1 0 
33 33 482 350 25 16 -1 -1 -1 0 
33 34 582 348 21 15 -1 -1 -1 0 
33 38 427 353 37 19 -1 -1 -1 0 
34 4 808 346 46 30 -1 -1 -1 0 
34 6 854 344 41 26 -1 -1 -1 0 
34 12 924 332 119 68 -1 -1 -1 0 
34 15 564 635 712 79 -1 -1 -1 0 
34 28 514 346 33 23 -1 -1 -1 0 
34 33 474 350 27 17 -1 -1 -1 0 
34 34 576 350 25 14 -1 -1 -1 0 
34 38 414 354 40 20 -1 -1 -1 0 
35 4 807 347 48 29 -1 -1 -1 0 
35 6 854 344 46 26 -1 -1 -1 0 
35 12 924 333 121 68 -1 -1 -1 0 
35 15 567 635 707 80 -1 -1 -1 0 
35 28 504 346 36 25 -1 -1 -1 0 
35 33 466 351 30 18 -1 -1 -1 0 
35 34 571 350 24 16 -1 -1 -1 0 
35 38 401 354 41 22 -1 -1 -1 0 
36 4 808 346 47 31 -1 -1 -1 0 
36 6 857 344 42 26 -1 -1 -1 0 
36 12 926 333 121 69 -1 -1 -1 0 
36 15 568 635 709 79 -1 -1 -1 0 
36 28 492 347 40 25 -1 -1 -1 0 
36 33 458 352 31 18 -1 -1 -1 0 
36 34 564 350 28 17 -1 -1 -1 0 
36 38 385 355 46 22 -1 -1 -1 0 
37 4 806 346 50 31 -1 -1 -1 0 
37 6 856 345 44 26 -1 -1 -1 0 
37 12 926 333 124 69 -1 -1 -1 0 
37 15 565 635 713 79 -1 -1 -1 0 
37 28 480 348 40 27 -1 -1 -1 0 
37 33 450 353 28 18 -1 -1 -1 0 
37 34 557 349 30 20 -1 -1 -1 0 
37 38 368 355 50 24 -1 -1 -1 0 
37 42 534 341 24 22 -1 -1 -1 0 
38 4 806 346 50 31 -1 -1 -1 0 
38 6 854 345 48 26 -1 -1 -1 0 
38 12 928 333 124 69 -1 -1 -1 0 
38 15 562 635 715 79 -1 -1 -1 0 
38 28 465 348 44 29 -1 -1 -1 0 
38 33 440 353 26 19 -1 -1 -1 0 
38 34 549 349 33 21 -1 -1 -1 0 
38 38 349 356 54 26 -1 -1 -1 0 
38 42 532 341 25 22 -1 -1 -1 0 
39 4 806 347 49 30 -1 -1 -1 0 
39 6 856 345 45 26 -1 -1 -1 0 
39 12 931 332 122 71 -1 -1 -1 0 
39 15 562 636 715 78 -1 -1 -1 0 
39 28 450 349 48 30 -1 -1 -1 0 
39 33 427 353 30 20 -1 -1 -1 0 
39 34 541 351 35 21 -1 -1 -1 0 
39 38 326 358 61 26 -1 -1 -1 0 
39 42 524 341 23 22 -1 -1 -1 0 
40 4 806 346 50 31 -1 -1 -1 0 
40 6 856 346 46 26 -1 -1 -1 0 
40 12 931 332 125 71 -1 -1 -1 0 
40 15 565 635 708 79 -1 -1 -1 0 
40 28 430 349 54 33 -1 -1 -1 0 
40 33 420 354 29 20 -1 -1 -1 0 
40 34 532 351 36 23 -1 -1 -1 0 
40 38 303 359 65 29 -1 -1 -1 0 
40 42 494 346 28 18 -1 -1 -1 0 
