3 1 610 342 30 27 -1 -1 -1 0 
3 2 661 345 36 28 -1 -1 -1 0 
3 4 428 352 27 14 -1 -1 -1 0 
4 1 610 343 30 26 -1 -1 -1 0 
4 2 661 345 36 28 -1 -1 -1 0 
4 4 419 350 27 18 -1 -1 -1 0 
4 8 375 354 28 15 -1 -1 -1 0 
5 1 610 344 30 25 -1 -1 -1 0 
5 2 660 346 38 27 -1 -1 -1 0 
5 4 406 353 33 16 -1 -1 -1 0 
5 8 361 355 33 15 -1 -1 -1 0 
5 9 9 357 44 54 -1 -1 -1 0 
6 1 610 344 30 24 -1 -1 -1 0 
6 2 661 346 36 28 -1 -1 -1 0 
6 4 394 353 33 18 -1 -1 -1 0 
6 8 348 356 34 15 -1 -1 -1 0 
6 9 2 356 44 55 -1 -1 -1 0 
7 1 611 344 29 24 -1 -1 -1 0 
7 2 661 346 36 28 -1 -1 -1 0 
7 4 380 354 36 18 -1 -1 -1 0 
7 8 334 356 35 17 -1 -1 -1 0 
7 10 556 635 721 80 -1 -1 -1 0 
8 1 611 344 29 24 -1 -1 -1 0 
8 2 661 345 36 29 -1 -1 -1 0 
8 4 366 353 37 20 -1 -1 -1 0 
8 8 318 357 39 17 -1 -1 -1 0 
8 10 557 635 718 79 -1 -1 -1 0 
9 1 611 344 29 24 -1 -1 -1 0 
9 2 660 345 38 29 -1 -1 -1 0 
9 4 349 354 40 21 -1 -1 -1 0 
9 8 302 358 42 18 -1 -1 -1 0 
9 10 559 635 715 80 -1 -1 -1 0 
10 1 611 344 28 23 -1 -1 -1 0 
10 2 661 345 36 29 -1 -1 -1 0 
10 4 329 354 46 23 -1 -1 -1 0 
10 8 285 358 45 20 -1 -1 -1 0 
10 10 559 635 716 80 -1 -1 -1 0 
11 1 611 344 28 23 -1 -1 -1 0 
11 2 661 345 36 29 -1 -1 -1 0 
11 4 308 355 50 24 -1 -1 -1 0 
11 8 265 359 45 20 -1 -1 -1 0 
11 10 559 635 717 80 -1 -1 -1 0 
12 1 611 343 28 24 -1 -1 -1 0 
12 2 660 344 38 29 -1 -1 -1 0 
12 4 285 356 53 25 -1 -1 -1 0 
12 8 242 359 49 20 -1 -1 -1 0 
12 10 559 634 718 81 -1 -1 -1 0 
13 1 610 343 30 24 -1 -1 -1 0 
13 2 659 345 39 28 -1 -1 -1 0 
13 4 259 356 58 27 -1 -1 -1 0 
13 8 218 360 48 22 -1 -1 -1 0 
13 10 558 633 718 83 -1 -1 -1 0 
14 1 611 343 28 24 -1 -1 -1 0 
14 2 660 346 38 27 -1 -1 -1 0 
14 4 228 357 64 29 -1 -1 -1 0 
14 8 191 362 47 22 -1 -1 -1 0 
14 10 557 633 720 83 -1 -1 -1 0 
14 14 398 342 57 26 -1 -1 -1 0 
15 1 611 343 29 24 -1 -1 -1 0 
15 2 660 344 37 30 -1 -1 -1 0 
15 4 191 359 75 30 -1 -1 -1 0 
15 8 158 363 51 24 -1 -1 -1 0 
15 14 381 342 59 28 -1 -1 -1 0 
15 15 458 347 22 15 -1 -1 -1 0 
16 1 612 344 28 23 -1 -1 -1 0 
16 2 659 344 39 30 -1 -1 -1 0 
16 4 128 361 106 33 -1 -1 -1 0 
16 8 137 364 52 25 -1 -1 -1 0 
16 14 358 342 65 30 -1 -1 -1 0 
16 15 450 349 24 13 -1 -1 -1 0 
17 1 612 344 28 23 -1 -1 -1 0 
17 2 660 343 38 31 -1 -1 -1 0 
17 4 82 363 112 36 -1 -1 -1 0 
17 14 331 342 76 34 -1 -1 -1 0 
17 15 445 350 22 13 -1 -1 -1 0 
18 1 613 344 28 23 -1 -1 -1 0 
18 2 660 344 38 30 -1 -1 -1 0 
18 4 23 366 121 39 -1 -1 -1 0 
18 10 557 633 719 82 -1 -1 -1 0 
18 14 298 343 89 36 -1 -1 -1 0 
18 15 438 350 20 14 -1 -1 -1 0 
19 1 613 344 28 23 -1 -1 -1 0 
19 2 660 344 39 30 -1 -1 -1 0 
19 4 0 370 84 41 -1 -1 -1 0 
19 10 557 633 718 82 -1 -1 -1 0 
19 14 263 344 92 40 -1 -1 -1 0 
19 15 430 350 24 16 -1 -1 -1 0 
20 1 614 344 27 23 -1 -1 -1 0 
20 2 661 344 37 31 -1 -1 -1 0 
20 4 0 371 47 43 -1 -1 -1 0 
20 10 555 634 722 81 -1 -1 -1 0 
20 14 215 346 103 44 -1 -1 -1 0 
20 15 471 348 24 15 -1 -1 -1 0 
21 1 614 344 27 24 -1 -1 -1 0 
21 2 660 344 40 31 -1 -1 -1 0 
21 10 555 634 723 81 -1 -1 -1 0 
21 14 154 346 131 50 -1 -1 -1 0 
21 15 432 351 29 16 -1 -1 -1 0 
21 16 308 353 48 27 -1 -1 -1 0 
22 1 614 344 28 24 -1 -1 -1 0 
22 2 661 344 38 31 -1 -1 -1 0 
22 14 71 347 170 58 -1 -1 -1 0 
22 15 410 352 30 17 -1 -1 -1 0 
22 16 290 352 51 29 -1 -1 -1 0 
23 1 614 344 29 24 -1 -1 -1 0 
23 2 661 344 39 31 -1 -1 -1 0 
23 14 7 347 168 64 -1 -1 -1 0 
23 15 452 349 27 17 -1 -1 -1 0 
23 16 268 352 57 31 -1 -1 -1 0 
24 1 615 344 28 24 -1 -1 -1 0 
24 2 661 343 39 32 -1 -1 -1 0 
24 14 0 348 134 67 -1 -1 -1 0 
24 15 404 353 34 17 -1 -1 -1 0 
24 16 244 353 63 32 -1 -1 -1 0 
25 1 615 343 27 25 -1 -1 -1 0 
25 2 662 343 38 32 -1 -1 -1 0 
25 15 378 354 34 19 -1 -1 -1 0 
25 16 217 354 66 33 -1 -1 -1 0 
26 1 614 343 29 24 -1 -1 -1 0 
26 2 662 343 37 31 -1 -1 -1 0 
26 15 424 350 30 18 -1 -1 -1 0 
26 16 187 355 71 34 -1 -1 -1 0 
27 1 614 343 29 23 -1 -1 -1 0 
27 2 663 342 36 32 -1 -1 -1 0 
27 15 369 352 38 21 -1 -1 -1 0 
27 16 151 355 80 38 -1 -1 -1 0 
28 1 615 342 28 24 -1 -1 -1 0 
28 2 663 342 37 32 -1 -1 -1 0 
28 15 405 349 43 20 -1 -1 -1 0 
28 16 109 356 92 40 -1 -1 -1 0 
29 1 615 342 27 24 -1 -1 -1 0 
29 2 661 342 40 31 -1 -1 -1 0 
29 10 555 635 722 80 -1 -1 -1 0 
29 15 341 353 44 22 -1 -1 -1 0 
29 16 57 357 107 44 -1 -1 -1 0 
30 1 615 343 28 23 -1 -1 -1 0 
30 2 662 343 38 31 -1 -1 -1 0 
30 10 558 635 716 79 -1 -1 -1 0 
30 15 300 356 49 22 -1 -1 -1 0 
30 16 4 358 116 47 -1 -1 -1 0 
31 1 616 343 26 23 -1 -1 -1 0 
31 2 662 343 38 31 -1 -1 -1 0 
31 10 554 635 723 79 -1 -1 -1 0 
31 15 272 358 52 23 -1 -1 -1 0 
31 16 0 360 68 48 -1 -1 -1 0 
32 1 616 343 26 23 -1 -1 -1 0 
32 2 663 343 36 31 -1 -1 -1 0 
32 10 554 635 723 79 -1 -1 -1 0 
32 15 247 358 54 25 -1 -1 -1 0 
32 16 0 361 36 49 -1 -1 -1 0 
33 1 616 343 27 23 -1 -1 -1 0 
33 2 662 344 38 30 -1 -1 -1 0 
33 15 218 359 62 26 -1 -1 -1 0 
34 1 615 343 29 23 -1 -1 -1 0 
34 2 662 344 37 30 -1 -1 -1 0 
34 10 556 635 719 79 -1 -1 -1 0 
34 15 188 360 67 28 -1 -1 -1 0 
35 1 616 343 27 24 -1 -1 -1 0 
35 2 662 344 37 31 -1 -1 -1 0 
35 10 557 635 718 79 -1 -1 -1 0 
35 15 152 362 77 29 -1 -1 -1 0 
35 32 384 351 35 19 -1 -1 -1 0 
36 1 616 343 28 24 -1 -1 -1 0 
36 2 661 344 39 31 -1 -1 -1 0 
36 10 557 634 718 80 -1 -1 -1 0 
36 15 111 363 86 32 -1 -1 -1 0 
36 32 372 352 37 19 -1 -1 -1 0 
36 34 421 348 29 19 -1 -1 -1 0 
37 1 616 344 28 23 -1 -1 -1 0 
37 2 661 347 40 29 -1 -1 -1 0 
37 15 59 366 103 34 -1 -1 -1 0 
37 32 359 353 39 19 -1 -1 -1 0 
37 34 408 351 29 18 -1 -1 -1 0 
37 36 236 355 75 31 -1 -1 -1 0 
38 1 617 344 26 24 -1 -1 -1 0 
38 2 662 347 37 29 -1 -1 -1 0 
38 10 558 635 717 80 -1 -1 -1 0 
38 15 4 369 113 36 -1 -1 -1 0 
38 32 345 354 43 21 -1 -1 -1 0 
38 34 394 352 29 19 -1 -1 -1 0 
38 36 195 356 84 36 -1 -1 -1 0 
39 1 616 345 28 23 -1 -1 -1 0 
39 2 662 347 36 30 -1 -1 -1 0 
39 10 559 635 716 80 -1 -1 -1 0 
39 15 0 372 62 36 -1 -1 -1 0 
39 32 331 355 45 23 -1 -1 -1 0 
39 34 376 353 34 20 -1 -1 -1 0 
39 36 141 359 101 39 -1 -1 -1 0 
40 1 617 345 26 24 -1 -1 -1 0 
40 2 661 346 37 31 -1 -1 -1 0 
40 10 559 634 716 81 -1 -1 -1 0 
40 15 0 374 30 37 -1 -1 -1 0 
40 32 314 355 49 24 -1 -1 -1 0 
40 34 378 354 26 19 -1 -1 -1 0 
40 36 75 361 122 43 -1 -1 -1 0 
40 37 412 353 35 19 -1 -1 -1 0 
