3 1 685 347 40 30 -1 -1 -1 0 
4 1 686 346 38 30 -1 -1 -1 0 
5 1 686 345 38 31 -1 -1 -1 0 
6 1 685 345 39 31 -1 -1 -1 0 
7 1 685 345 39 32 -1 -1 -1 0 
8 1 683 345 42 32 -1 -1 -1 0 
9 1 683 345 42 32 -1 -1 -1 0 
10 1 684 345 40 31 -1 -1 -1 0 
11 1 683 345 40 31 -1 -1 -1 0 
12 1 683 345 40 31 -1 -1 -1 0 
13 1 683 345 39 31 -1 -1 -1 0 
14 1 683 344 40 31 -1 -1 -1 0 
15 1 682 344 40 31 -1 -1 -1 0 
16 1 683 344 39 31 -1 -1 -1 0 
17 1 682 344 41 31 -1 -1 -1 0 
18 1 683 344 39 32 -1 -1 -1 0 
19 1 682 345 41 31 -1 -1 -1 0 
20 1 682 345 40 31 -1 -1 -1 0 
21 1 681 346 43 32 -1 -1 -1 0 
22 1 682 346 41 32 -1 -1 -1 0 
23 1 681 346 43 32 -1 -1 -1 0 
24 1 682 346 41 32 -1 -1 -1 0 
25 1 682 347 40 32 -1 -1 -1 0 
26 1 681 347 41 32 -1 -1 -1 0 
27 1 681 348 41 32 -1 -1 -1 0 
28 1 681 348 40 33 -1 -1 -1 0 
29 1 680 348 42 33 -1 -1 -1 0 
30 1 679 348 43 33 -1 -1 -1 0 
31 1 679 349 43 32 -1 -1 -1 0 
32 1 680 349 42 31 -1 -1 -1 0 
33 1 680 348 42 32 -1 -1 -1 0 
34 1 680 348 42 33 -1 -1 -1 0 
35 1 681 348 41 33 -1 -1 -1 0 
36 1 681 348 41 33 -1 -1 -1 0 
37 1 681 348 40 32 -1 -1 -1 0 
38 1 680 348 41 32 -1 -1 -1 0 
39 1 680 347 41 33 -1 -1 -1 0 
40 1 680 346 41 33 -1 -1 -1 0 
