3 1 674 339 35 34 -1 -1 -1 0 
3 2 777 338 28 25 -1 -1 -1 0 
3 3 753 338 16 14 -1 -1 -1 0 
4 1 673 339 38 32 -1 -1 -1 0 
4 2 777 338 29 25 -1 -1 -1 0 
4 3 753 337 17 15 -1 -1 -1 0 
5 1 674 340 36 30 -1 -1 -1 0 
5 2 778 338 28 25 -1 -1 -1 0 
5 3 753 337 18 15 -1 -1 -1 0 
6 1 675 339 35 31 -1 -1 -1 0 
6 2 778 338 29 24 -1 -1 -1 0 
6 3 753 337 18 16 -1 -1 -1 0 
7 1 675 338 35 32 -1 -1 -1 0 
7 2 778 338 29 24 -1 -1 -1 0 
7 3 754 337 17 16 -1 -1 -1 0 
8 1 675 339 36 31 -1 -1 -1 0 
8 2 778 338 29 23 -1 -1 -1 0 
8 3 753 338 18 15 -1 -1 -1 0 
9 1 676 339 35 31 -1 -1 -1 0 
9 2 778 338 29 22 -1 -1 -1 0 
9 3 753 339 19 14 -1 -1 -1 0 
10 1 677 338 33 32 -1 -1 -1 0 
10 2 778 338 29 22 -1 -1 -1 0 
10 3 754 339 17 14 -1 -1 -1 0 
11 1 677 338 33 31 -1 -1 -1 0 
11 2 779 338 27 22 -1 -1 -1 0 
11 3 754 339 17 14 -1 -1 -1 0 
12 1 676 338 36 31 -1 -1 -1 0 
12 2 779 339 28 21 -1 -1 -1 0 
12 3 753 339 18 14 -1 -1 -1 0 
13 1 677 338 35 31 -1 -1 -1 0 
13 2 779 339 28 21 -1 -1 -1 0 
13 3 754 339 17 15 -1 -1 -1 0 
14 1 678 338 33 30 -1 -1 -1 0 
14 2 780 339 27 21 -1 -1 -1 0 
14 3 753 340 19 14 -1 -1 -1 0 
15 1 679 338 32 30 -1 -1 -1 0 
15 2 779 339 29 21 -1 -1 -1 0 
15 3 753 340 19 14 -1 -1 -1 0 
16 1 679 338 33 30 -1 -1 -1 0 
16 2 780 339 28 21 -1 -1 -1 0 
16 3 753 339 19 14 -1 -1 -1 0 
16 6 0 480 145 233 -1 -1 -1 0 
17 1 679 337 34 31 -1 -1 -1 0 
17 2 780 339 28 21 -1 -1 -1 0 
17 3 753 339 20 14 -1 -1 -1 0 
17 6 0 469 177 245 -1 -1 -1 0 
18 1 679 337 35 31 -1 -1 -1 0 
18 2 780 339 28 21 -1 -1 -1 0 
18 3 753 339 19 14 -1 -1 -1 0 
18 6 0 459 206 254 -1 -1 -1 0 
19 1 680 337 34 31 -1 -1 -1 0 
19 2 782 339 26 21 -1 -1 -1 0 
19 3 754 339 18 13 -1 -1 -1 0 
19 6 0 451 234 258 -1 -1 -1 0 
20 1 680 337 36 31 -1 -1 -1 0 
20 2 783 339 25 20 -1 -1 -1 0 
20 3 754 339 18 13 -1 -1 -1 0 
20 6 0 430 256 270 -1 -1 -1 0 
21 1 681 337 35 30 -1 -1 -1 0 
21 2 782 339 27 20 -1 -1 -1 0 
21 6 4 399 270 295 -1 -1 -1 0 
22 1 680 337 37 29 -1 -1 -1 0 
22 2 783 339 26 20 -1 -1 -1 0 
22 6 5 371 290 322 -1 -1 -1 0 
23 1 681 336 36 29 -1 -1 -1 0 
23 2 782 339 28 20 -1 -1 -1 0 
23 6 1 352 315 335 -1 -1 -1 0 
24 1 683 336 33 29 -1 -1 -1 0 
24 2 782 339 28 20 -1 -1 -1 0 
24 6 0 341 335 341 -1 -1 -1 0 
25 1 683 335 33 31 -1 -1 -1 0 
25 2 783 339 26 20 -1 -1 -1 0 
25 6 1 335 348 348 -1 -1 -1 0 
26 1 684 335 32 31 -1 -1 -1 0 
26 2 782 339 28 20 -1 -1 -1 0 
26 6 2 329 362 355 -1 -1 -1 0 
27 1 685 335 31 33 -1 -1 -1 0 
27 2 784 339 25 21 -1 -1 -1 0 
27 6 2 327 374 365 -1 -1 -1 0 
28 1 684 335 33 33 -1 -1 -1 0 
28 2 783 339 27 21 -1 -1 -1 0 
28 6 3 328 384 377 -1 -1 -1 0 
29 1 684 335 34 33 -1 -1 -1 0 
29 2 783 340 27 21 -1 -1 -1 0 
29 6 1 328 401 382 -1 -1 -1 0 
30 1 684 335 34 31 -1 -1 -1 0 
30 2 783 340 28 21 -1 -1 -1 0 
30 6 2 324 409 388 -1 -1 -1 0 
31 1 685 335 33 31 -1 -1 -1 0 
31 2 784 340 27 21 -1 -1 -1 0 
31 6 0 326 424 387 -1 -1 -1 0 
32 1 684 335 35 30 -1 -1 -1 0 
32 2 784 340 28 21 -1 -1 -1 0 
32 6 0 327 435 385 -1 -1 -1 0 
33 1 685 335 34 30 -1 -1 -1 0 
33 2 785 341 27 20 -1 -1 -1 0 
33 6 0 325 445 381 -1 -1 -1 0 
34 1 686 335 33 30 -1 -1 -1 0 
34 2 784 341 28 20 -1 -1 -1 0 
34 6 0 322 458 367 -1 -1 -1 0 
35 1 686 336 33 29 -1 -1 -1 0 
35 2 785 341 28 20 -1 -1 -1 0 
35 6 0 321 466 350 -1 -1 -1 0 
36 1 687 336 32 29 -1 -1 -1 0 
36 2 785 341 27 20 -1 -1 -1 0 
36 6 0 321 476 330 -1 -1 -1 0 
37 1 688 336 31 29 -1 -1 -1 0 
37 2 785 341 28 20 -1 -1 -1 0 
37 6 0 321 483 312 -1 -1 -1 0 
38 1 687 336 33 29 -1 -1 -1 0 
38 2 785 343 28 18 -1 -1 -1 0 
38 6 0 322 488 298 -1 -1 -1 0 
39 1 687 337 34 28 -1 -1 -1 0 
39 2 786 343 26 18 -1 -1 -1 0 
39 3 757 339 20 15 -1 -1 -1 0 
39 6 0 323 493 287 -1 -1 -1 0 
40 1 687 337 34 29 -1 -1 -1 0 
40 2 786 343 26 19 -1 -1 -1 0 
40 3 755 340 22 15 -1 -1 -1 0 
40 6 0 325 500 273 -1 -1 -1 0 
