3 1 665 345 26 23 -1 -1 -1 0 
3 2 561 635 713 81 -1 -1 -1 0 
4 1 665 346 26 22 -1 -1 -1 0 
4 2 557 636 721 80 -1 -1 -1 0 
5 1 666 346 24 21 -1 -1 -1 0 
5 2 558 636 718 80 -1 -1 -1 0 
6 1 666 345 24 22 -1 -1 -1 0 
6 2 559 635 714 81 -1 -1 -1 0 
7 1 666 345 24 22 -1 -1 -1 0 
7 2 556 636 722 80 -1 -1 -1 0 
8 1 666 344 24 23 -1 -1 -1 0 
8 2 555 636 721 80 -1 -1 -1 0 
9 1 666 343 24 24 -1 -1 -1 0 
9 2 558 636 717 80 -1 -1 -1 0 
10 1 665 344 26 24 -1 -1 -1 0 
10 2 559 637 717 80 -1 -1 -1 0 
11 1 666 344 25 24 -1 -1 -1 0 
11 2 558 637 718 79 -1 -1 -1 0 
12 1 665 344 27 24 -1 -1 -1 0 
12 2 562 635 710 81 -1 -1 -1 0 
13 1 665 345 28 23 -1 -1 -1 0 
13 2 563 633 708 83 -1 -1 -1 0 
14 1 666 345 26 23 -1 -1 -1 0 
14 2 554 635 725 81 -1 -1 -1 0 
15 1 666 345 27 23 -1 -1 -1 0 
15 2 559 636 719 80 -1 -1 -1 0 
16 1 666 344 27 24 -1 -1 -1 0 
16 2 559 636 718 80 -1 -1 -1 0 
17 1 666 345 27 23 -1 -1 -1 0 
17 2 559 636 719 80 -1 -1 -1 0 
18 1 667 346 26 21 -1 -1 -1 0 
18 2 558 637 719 79 -1 -1 -1 0 
19 1 668 345 24 22 -1 -1 -1 0 
19 2 561 637 713 79 -1 -1 -1 0 
20 1 667 346 26 22 -1 -1 -1 0 
20 2 561 636 713 79 -1 -1 -1 0 
21 1 669 345 24 23 -1 -1 -1 0 
21 2 559 636 717 79 -1 -1 -1 0 
22 1 669 345 24 23 -1 -1 -1 0 
22 2 559 636 717 79 -1 -1 -1 0 
23 1 669 345 25 23 -1 -1 -1 0 
23 2 557 637 719 78 -1 -1 -1 0 
24 1 670 344 24 23 -1 -1 -1 0 
24 2 560 636 713 79 -1 -1 -1 0 
25 1 670 344 24 23 -1 -1 -1 0 
25 2 563 636 709 80 -1 -1 -1 0 
26 1 670 343 24 23 -1 -1 -1 0 
26 2 560 636 714 80 -1 -1 -1 0 
27 1 669 343 26 23 -1 -1 -1 0 
27 2 565 632 705 84 -1 -1 -1 0 
28 1 670 343 25 23 -1 -1 -1 0 
28 2 552 635 727 81 -1 -1 -1 0 
29 1 670 343 24 23 -1 -1 -1 0 
29 2 554 635 725 81 -1 -1 -1 0 
30 1 669 343 26 23 -1 -1 -1 0 
30 2 555 636 723 80 -1 -1 -1 0 
31 1 671 342 23 24 -1 -1 -1 0 
31 2 557 636 719 80 -1 -1 -1 0 
32 1 671 342 23 24 -1 -1 -1 0 
32 2 558 636 717 79 -1 -1 -1 0 
33 1 670 342 25 25 -1 -1 -1 0 
33 2 558 637 717 78 -1 -1 -1 0 
34 1 670 342 26 25 -1 -1 -1 0 
34 2 561 636 713 79 -1 -1 -1 0 
35 1 671 343 24 25 -1 -1 -1 0 
35 2 559 636 717 79 -1 -1 -1 0 
36 1 671 342 25 26 -1 -1 -1 0 
36 2 562 635 711 80 -1 -1 -1 0 
37 1 671 342 26 26 -1 -1 -1 0 
37 2 553 636 726 79 -1 -1 -1 0 
38 1 672 342 25 26 -1 -1 -1 0 
38 2 559 636 716 79 -1 -1 -1 0 
39 1 672 342 25 26 -1 -1 -1 0 
39 2 558 636 718 79 -1 -1 -1 0 
40 1 671 342 26 26 -1 -1 -1 0 
40 2 558 636 716 79 -1 -1 -1 0 
