10 3 657 341 33 33 -1 -1 -1 0 
11 3 657 341 32 33 -1 -1 -1 0 
12 3 657 343 33 32 -1 -1 -1 0 
13 3 656 346 35 29 -1 -1 -1 0 
14 3 657 346 33 29 -1 -1 -1 0 
15 3 657 346 33 29 -1 -1 -1 0 
16 3 658 344 32 31 -1 -1 -1 0 
17 3 658 343 33 31 -1 -1 -1 0 
18 3 658 342 33 32 -1 -1 -1 0 
19 3 658 341 34 32 -1 -1 -1 0 
20 3 657 341 35 32 -1 -1 -1 0 
21 3 658 340 35 32 -1 -1 -1 0 
22 3 658 341 35 32 -1 -1 -1 0 
23 3 658 343 35 31 -1 -1 -1 0 
24 3 658 344 35 30 -1 -1 -1 0 
25 3 658 344 34 31 -1 -1 -1 0 
25 6 135 394 161 50 -1 -1 -1 0 
26 3 658 343 35 32 -1 -1 -1 0 
26 6 107 392 165 60 -1 -1 -1 0 
27 3 658 341 36 33 -1 -1 -1 0 
27 6 72 396 194 63 -1 -1 -1 0 
28 3 658 341 37 33 -1 -1 -1 0 
28 6 35 399 217 67 -1 -1 -1 0 
28 7 659 341 36 32 -1 -1 -1 0 
29 3 660 341 35 32 -1 -1 -1 0 
29 6 3 402 237 72 -1 -1 -1 0 
29 7 659 340 36 33 -1 -1 -1 0 
30 3 661 341 34 31 -1 -1 -1 0 
30 6 2 404 206 80 -1 -1 -1 0 
30 7 660 339 36 33 -1 -1 -1 0 
31 3 661 341 34 31 -1 -1 -1 0 
31 6 0 407 204 71 -1 -1 -1 0 
32 3 662 341 33 31 -1 -1 -1 0 
32 6 0 410 180 62 -1 -1 -1 0 
33 3 661 340 35 32 -1 -1 -1 0 
33 6 0 412 168 64 -1 -1 -1 0 
34 3 662 340 35 32 -1 -1 -1 0 
35 3 662 340 36 32 -1 -1 -1 0 
36 3 663 340 35 32 -1 -1 -1 0 
37 3 663 340 35 32 -1 -1 -1 0 
38 3 663 340 36 33 -1 -1 -1 0 
39 3 663 340 37 33 -1 -1 -1 0 
40 3 664 340 36 33 -1 -1 -1 0 
40 7 664 340 36 34 -1 -1 -1 0 
