3 1 899 354 248 113 -1 -1 -1 0 
3 2 731 347 47 29 -1 -1 -1 0 
3 3 635 323 29 36 -1 -1 -1 0 
3 4 2 351 50 45 -1 -1 -1 0 
3 5 562 634 714 80 -1 -1 -1 0 
4 1 900 354 249 113 -1 -1 -1 0 
4 2 732 347 45 29 -1 -1 -1 0 
4 3 635 323 29 36 -1 -1 -1 0 
4 4 0 353 34 43 -1 -1 -1 0 
4 5 568 634 708 80 -1 -1 -1 0 
5 1 900 353 250 115 -1 -1 -1 0 
5 2 732 347 44 29 -1 -1 -1 0 
5 3 635 323 29 36 -1 -1 -1 0 
5 5 564 634 715 80 -1 -1 -1 0 
6 1 901 354 251 114 -1 -1 -1 0 
6 2 731 347 46 29 -1 -1 -1 0 
6 3 634 324 30 35 -1 -1 -1 0 
6 5 567 635 710 79 -1 -1 -1 0 
7 1 901 354 253 115 -1 -1 -1 0 
7 2 730 346 47 30 -1 -1 -1 0 
7 3 635 323 28 36 -1 -1 -1 0 
7 5 561 635 717 79 -1 -1 -1 0 
8 1 902 353 254 116 -1 -1 -1 0 
8 2 730 346 46 30 -1 -1 -1 0 
8 3 635 323 28 36 -1 -1 -1 0 
8 5 565 635 710 79 -1 -1 -1 0 
9 1 903 353 255 116 -1 -1 -1 0 
9 2 731 346 45 29 -1 -1 -1 0 
9 3 635 323 28 36 -1 -1 -1 0 
9 5 563 635 716 79 -1 -1 -1 0 
10 1 903 353 257 116 -1 -1 -1 0 
10 2 730 346 47 29 -1 -1 -1 0 
10 3 635 323 28 36 -1 -1 -1 0 
10 5 564 635 713 79 -1 -1 -1 0 
11 1 903 353 259 116 -1 -1 -1 0 
11 2 730 346 46 29 -1 -1 -1 0 
11 3 634 322 28 36 -1 -1 -1 0 
11 5 562 635 715 79 -1 -1 -1 0 
12 1 905 353 257 116 -1 -1 -1 0 
12 2 730 346 46 29 -1 -1 -1 0 
12 3 634 322 28 36 -1 -1 -1 0 
12 5 572 635 701 79 -1 -1 -1 0 
13 1 905 353 260 117 -1 -1 -1 0 
13 2 730 347 46 29 -1 -1 -1 0 
13 3 635 323 27 36 -1 -1 -1 0 
13 5 562 635 716 79 -1 -1 -1 0 
14 1 907 352 260 119 -1 -1 -1 0 
14 2 731 347 44 29 -1 -1 -1 0 
14 3 635 323 28 36 -1 -1 -1 0 
14 5 557 635 722 79 -1 -1 -1 0 
14 6 105 350 99 35 -1 -1 -1 0 
15 1 907 353 262 119 -1 -1 -1 0 
15 2 729 347 47 29 -1 -1 -1 0 
15 3 634 324 29 35 -1 -1 -1 0 
15 5 560 635 715 79 -1 -1 -1 0 
15 6 53 351 118 39 -1 -1 -1 0 
16 1 908 353 262 120 -1 -1 -1 0 
16 2 729 347 47 29 -1 -1 -1 0 
16 3 634 324 28 35 -1 -1 -1 0 
16 5 562 634 714 80 -1 -1 -1 0 
16 6 4 350 115 45 -1 -1 -1 0 
17 1 907 354 266 119 -1 -1 -1 0 
17 2 729 347 46 30 -1 -1 -1 0 
17 3 634 324 28 36 -1 -1 -1 0 
17 5 559 634 717 81 -1 -1 -1 0 
17 6 0 351 64 46 -1 -1 -1 0 
18 1 908 354 267 120 -1 -1 -1 0 
18 2 729 348 47 29 -1 -1 -1 0 
18 3 635 324 27 36 -1 -1 -1 0 
18 5 559 634 718 81 -1 -1 -1 0 
18 6 0 351 30 50 -1 -1 -1 0 
19 1 908 354 269 120 -1 -1 -1 0 
19 2 729 348 47 29 -1 -1 -1 0 
19 3 635 323 27 36 -1 -1 -1 0 
19 5 558 634 719 81 -1 -1 -1 0 
20 1 910 353 269 121 -1 -1 -1 0 
20 2 730 349 46 28 -1 -1 -1 0 
20 3 634 323 29 36 -1 -1 -1 0 
20 5 558 633 719 82 -1 -1 -1 0 
21 1 910 353 271 120 -1 -1 -1 0 
21 2 730 349 47 27 -1 -1 -1 0 
21 3 635 322 29 36 -1 -1 -1 0 
22 1 910 353 273 120 -1 -1 -1 0 
22 2 731 349 45 27 -1 -1 -1 0 
22 3 635 322 29 36 -1 -1 -1 0 
23 1 912 352 272 120 -1 -1 -1 0 
23 2 730 347 46 28 -1 -1 -1 0 
23 3 634 321 30 36 -1 -1 -1 0 
23 5 555 634 723 81 -1 -1 -1 0 
24 1 912 352 275 120 -1 -1 -1 0 
24 2 730 346 46 29 -1 -1 -1 0 
24 3 635 321 28 36 -1 -1 -1 0 
24 5 556 634 721 81 -1 -1 -1 0 
25 1 913 351 275 121 -1 -1 -1 0 
25 2 730 346 46 29 -1 -1 -1 0 
25 3 634 321 30 35 -1 -1 -1 0 
25 5 556 634 721 81 -1 -1 -1 0 
26 1 914 352 275 122 -1 -1 -1 0 
26 2 731 348 45 27 -1 -1 -1 0 
26 3 634 321 30 35 -1 -1 -1 0 
26 5 560 635 715 80 -1 -1 -1 0 
27 1 914 352 277 122 -1 -1 -1 0 
27 2 731 348 45 27 -1 -1 -1 0 
27 3 635 321 29 35 -1 -1 -1 0 
27 5 559 635 718 80 -1 -1 -1 0 
28 1 914 352 278 123 -1 -1 -1 0 
28 2 730 349 46 26 -1 -1 -1 0 
28 3 635 321 28 35 -1 -1 -1 0 
28 5 558 635 719 80 -1 -1 -1 0 
29 1 914 352 280 124 -1 -1 -1 0 
29 2 730 349 45 26 -1 -1 -1 0 
29 3 634 321 30 35 -1 -1 -1 0 
29 5 558 635 719 80 -1 -1 -1 0 
30 1 913 352 283 124 -1 -1 -1 0 
30 2 730 349 45 26 -1 -1 -1 0 
30 3 634 321 30 35 -1 -1 -1 0 
30 5 558 635 719 80 -1 -1 -1 0 
31 1 914 352 282 124 -1 -1 -1 0 
31 2 730 349 45 26 -1 -1 -1 0 
31 3 634 321 29 35 -1 -1 -1 0 
31 5 557 635 720 80 -1 -1 -1 0 
32 1 914 352 283 124 -1 -1 -1 0 
32 2 729 349 46 26 -1 -1 -1 0 
32 3 633 321 30 35 -1 -1 -1 0 
33 1 914 352 283 125 -1 -1 -1 0 
33 2 730 349 45 26 -1 -1 -1 0 
33 3 634 321 29 35 -1 -1 -1 0 
34 1 913 352 286 125 -1 -1 -1 0 
34 2 729 348 45 28 -1 -1 -1 0 
34 3 634 321 29 35 -1 -1 -1 0 
35 1 914 353 286 124 -1 -1 -1 0 
35 2 730 348 44 29 -1 -1 -1 0 
35 3 634 321 29 35 -1 -1 -1 0 
36 1 915 353 285 125 -1 -1 -1 0 
36 2 729 348 46 29 -1 -1 -1 0 
36 3 633 321 30 35 -1 -1 -1 0 
37 1 914 354 287 124 -1 -1 -1 0 
37 2 729 348 45 29 -1 -1 -1 0 
37 3 632 321 32 35 -1 -1 -1 0 
38 1 915 355 285 125 -1 -1 -1 0 
38 2 728 349 46 28 -1 -1 -1 0 
38 3 633 321 30 35 -1 -1 -1 0 
39 1 915 356 286 126 -1 -1 -1 0 
39 2 728 349 47 28 -1 -1 -1 0 
39 3 633 321 30 35 -1 -1 -1 0 
40 1 915 356 288 126 -1 -1 -1 0 
40 2 729 348 45 29 -1 -1 -1 0 
40 3 632 321 30 35 -1 -1 -1 0 
