3 1 835 336 183 108 -1 -1 -1 0 
3 2 682 346 43 34 -1 -1 -1 0 
4 1 833 336 181 105 -1 -1 -1 0 
4 2 682 346 41 34 -1 -1 -1 0 
5 1 833 336 178 104 -1 -1 -1 0 
5 2 681 346 42 34 -1 -1 -1 0 
6 1 832 337 175 102 -1 -1 -1 0 
6 2 680 347 42 34 -1 -1 -1 0 
7 1 830 337 174 101 -1 -1 -1 0 
7 2 680 347 43 34 -1 -1 -1 0 
8 1 830 338 169 99 -1 -1 -1 0 
8 2 680 347 43 35 -1 -1 -1 0 
9 1 829 338 167 98 -1 -1 -1 0 
9 2 680 347 45 35 -1 -1 -1 0 
10 1 827 338 167 97 -1 -1 -1 0 
10 2 680 347 46 34 -1 -1 -1 0 
11 1 827 338 163 96 -1 -1 -1 0 
11 2 681 346 44 35 -1 -1 -1 0 
12 1 826 338 161 96 -1 -1 -1 0 
12 2 681 346 44 35 -1 -1 -1 0 
13 1 825 339 159 95 -1 -1 -1 0 
13 2 680 346 43 36 -1 -1 -1 0 
14 1 824 339 156 94 -1 -1 -1 0 
14 2 679 347 44 35 -1 -1 -1 0 
15 1 822 339 156 94 -1 -1 -1 0 
15 2 680 347 42 36 -1 -1 -1 0 
16 1 821 339 154 94 -1 -1 -1 0 
16 2 680 347 44 35 -1 -1 -1 0 
17 1 819 339 155 94 -1 -1 -1 0 
17 2 679 347 45 35 -1 -1 -1 0 
18 1 818 339 153 92 -1 -1 -1 0 
18 2 680 348 44 34 -1 -1 -1 0 
19 1 818 339 150 91 -1 -1 -1 0 
19 2 681 347 43 36 -1 -1 -1 0 
20 1 818 339 148 90 -1 -1 -1 0 
20 2 681 347 43 36 -1 -1 -1 0 
21 1 818 339 146 90 -1 -1 -1 0 
21 2 682 347 43 36 -1 -1 -1 0 
22 1 818 340 145 88 -1 -1 -1 0 
22 2 682 347 43 36 -1 -1 -1 0 
23 1 818 339 143 89 -1 -1 -1 0 
23 2 683 347 43 36 -1 -1 -1 0 
24 1 818 339 141 88 -1 -1 -1 0 
24 2 684 346 43 37 -1 -1 -1 0 
25 1 818 339 141 87 -1 -1 -1 0 
25 2 684 346 44 37 -1 -1 -1 0 
26 1 817 339 140 87 -1 -1 -1 0 
26 2 684 346 45 37 -1 -1 -1 0 
27 1 816 339 140 86 -1 -1 -1 0 
27 2 685 346 44 37 -1 -1 -1 0 
28 1 816 340 138 84 -1 -1 -1 0 
28 2 685 346 45 37 -1 -1 -1 0 
29 1 816 340 136 84 -1 -1 -1 0 
29 2 685 346 47 37 -1 -1 -1 0 
30 1 816 340 135 83 -1 -1 -1 0 
30 2 686 346 45 37 -1 -1 -1 0 
31 1 816 340 133 82 -1 -1 -1 0 
31 2 686 346 45 37 -1 -1 -1 0 
32 1 817 339 131 82 -1 -1 -1 0 
32 2 687 345 45 38 -1 -1 -1 0 
33 1 816 339 131 82 -1 -1 -1 0 
33 2 687 345 45 38 -1 -1 -1 0 
34 1 815 339 132 81 -1 -1 -1 0 
34 2 687 346 45 37 -1 -1 -1 0 
35 1 816 338 130 81 -1 -1 -1 0 
35 2 688 346 44 37 -1 -1 -1 0 
36 1 815 338 130 81 -1 -1 -1 0 
36 2 689 346 44 37 -1 -1 -1 0 
37 1 815 337 129 81 -1 -1 -1 0 
37 2 688 345 46 37 -1 -1 -1 0 
38 1 816 338 126 80 -1 -1 -1 0 
38 2 689 344 45 38 -1 -1 -1 0 
39 1 815 338 127 79 -1 -1 -1 0 
39 2 688 344 47 38 -1 -1 -1 0 
40 1 814 339 128 78 -1 -1 -1 0 
40 2 689 344 46 38 -1 -1 -1 0 
