3 1 166 369 351 176 -1 -1 -1 0 
3 2 672 344 42 33 -1 -1 -1 0 
3 4 181 350 94 43 -1 -1 -1 0 
3 5 726 340 24 19 -1 -1 -1 0 
3 6 4 371 63 40 -1 -1 -1 0 
3 7 877 333 38 20 -1 -1 -1 0 
4 1 189 367 332 171 -1 -1 -1 0 
4 2 671 343 44 35 -1 -1 -1 0 
4 4 133 353 115 45 -1 -1 -1 0 
4 5 725 339 26 21 -1 -1 -1 0 
4 6 0 374 39 39 -1 -1 -1 0 
4 7 877 333 38 20 -1 -1 -1 0 
5 1 209 366 316 164 -1 -1 -1 0 
5 2 670 344 43 34 -1 -1 -1 0 
5 4 78 357 136 46 -1 -1 -1 0 
5 5 724 340 27 20 -1 -1 -1 0 
6 1 226 365 302 156 -1 -1 -1 0 
6 2 671 344 40 34 -1 -1 -1 0 
6 4 11 358 158 50 -1 -1 -1 0 
6 5 724 340 26 20 -1 -1 -1 0 
6 7 876 333 39 20 -1 -1 -1 0 
7 1 245 365 285 150 -1 -1 -1 0 
7 2 670 344 41 34 -1 -1 -1 0 
7 4 0 361 116 51 -1 -1 -1 0 
7 5 725 341 24 19 -1 -1 -1 0 
7 7 875 334 40 20 -1 -1 -1 0 
8 1 260 364 274 144 -1 -1 -1 0 
8 2 669 344 42 34 -1 -1 -1 0 
8 4 0 362 82 54 -1 -1 -1 0 
8 5 724 340 26 20 -1 -1 -1 0 
8 7 875 334 39 21 -1 -1 -1 0 
9 1 276 362 260 142 -1 -1 -1 0 
9 2 669 344 41 34 -1 -1 -1 0 
9 5 725 340 25 20 -1 -1 -1 0 
9 7 875 334 39 21 -1 -1 -1 0 
10 1 287 361 252 138 -1 -1 -1 0 
10 2 668 345 42 33 -1 -1 -1 0 
10 5 724 340 26 20 -1 -1 -1 0 
10 7 875 334 39 22 -1 -1 -1 0 
11 1 299 361 243 133 -1 -1 -1 0 
11 2 667 345 42 33 -1 -1 -1 0 
11 5 724 341 25 19 -1 -1 -1 0 
11 7 874 334 40 22 -1 -1 -1 0 
12 1 310 361 234 129 -1 -1 -1 0 
12 2 666 345 43 33 -1 -1 -1 0 
12 5 724 341 25 20 -1 -1 -1 0 
12 7 875 334 39 22 -1 -1 -1 0 
12 12 6 348 91 59 -1 -1 -1 0 
13 1 322 359 223 126 -1 -1 -1 0 
13 2 666 346 42 32 -1 -1 -1 0 
13 5 724 341 25 20 -1 -1 -1 0 
13 7 873 334 40 21 -1 -1 -1 0 
13 12 0 347 79 61 -1 -1 -1 0 
14 1 331 358 217 125 -1 -1 -1 0 
14 2 666 346 42 32 -1 -1 -1 0 
14 5 723 341 26 20 -1 -1 -1 0 
14 7 872 334 43 21 -1 -1 -1 0 
15 1 338 359 212 120 -1 -1 -1 0 
15 2 666 346 40 32 -1 -1 -1 0 
15 5 723 341 26 20 -1 -1 -1 0 
15 7 872 334 42 22 -1 -1 -1 0 
16 1 349 358 202 118 -1 -1 -1 0 
16 2 664 346 42 32 -1 -1 -1 0 
16 5 722 342 27 19 -1 -1 -1 0 
16 7 873 335 40 21 -1 -1 -1 0 
16 13 296 362 48 19 -1 -1 -1 0 
17 1 356 358 196 117 -1 -1 -1 0 
17 2 663 346 43 32 -1 -1 -1 0 
17 5 722 342 26 19 -1 -1 -1 0 
17 7 875 335 37 21 -1 -1 -1 0 
17 13 292 361 32 20 -1 -1 -1 0 
18 1 364 357 190 116 -1 -1 -1 0 
18 2 663 347 41 31 -1 -1 -1 0 
18 5 722 342 26 19 -1 -1 -1 0 
18 7 874 335 38 21 -1 -1 -1 0 
18 13 253 363 56 21 -1 -1 -1 0 
19 1 370 357 187 112 -1 -1 -1 0 
19 2 663 347 41 31 -1 -1 -1 0 
19 5 721 342 27 20 -1 -1 -1 0 
19 7 875 335 36 22 -1 -1 -1 0 
19 13 221 364 62 23 -1 -1 -1 0 
20 1 377 358 181 109 -1 -1 -1 0 
20 2 662 347 41 31 -1 -1 -1 0 
20 5 721 343 27 19 -1 -1 -1 0 
20 7 876 335 36 22 -1 -1 -1 0 
20 13 186 365 69 25 -1 -1 -1 0 
21 1 384 357 175 108 -1 -1 -1 0 
21 2 661 346 41 31 -1 -1 -1 0 
21 5 722 342 24 20 -1 -1 -1 0 
21 7 875 335 38 21 -1 -1 -1 0 
21 13 163 366 63 26 -1 -1 -1 0 
21 18 558 634 720 82 -1 -1 -1 0 
22 1 390 358 171 104 -1 -1 -1 0 
22 2 661 346 40 31 -1 -1 -1 0 
22 5 721 342 26 20 -1 -1 -1 0 
22 7 877 335 34 22 -1 -1 -1 0 
22 13 122 368 67 28 -1 -1 -1 0 
22 18 563 635 715 80 -1 -1 -1 0 
23 1 396 358 165 102 -1 -1 -1 0 
23 2 659 346 42 31 -1 -1 -1 0 
23 5 721 342 25 20 -1 -1 -1 0 
23 7 878 335 33 22 -1 -1 -1 0 
23 13 63 371 85 30 -1 -1 -1 0 
23 18 560 635 716 80 -1 -1 -1 0 
24 1 401 358 161 100 -1 -1 -1 0 
24 2 659 346 41 31 -1 -1 -1 0 
24 5 720 343 26 20 -1 -1 -1 0 
24 7 878 336 33 21 -1 -1 -1 0 
24 13 4 373 90 34 -1 -1 -1 0 
24 18 562 635 713 79 -1 -1 -1 0 
25 1 407 358 156 97 -1 -1 -1 0 
25 2 659 347 40 30 -1 -1 -1 0 
25 5 719 344 28 19 -1 -1 -1 0 
25 13 0 375 57 35 -1 -1 -1 0 
25 18 563 634 710 80 -1 -1 -1 0 
26 1 412 357 152 95 -1 -1 -1 0 
26 2 658 347 41 31 -1 -1 -1 0 
26 5 719 344 27 19 -1 -1 -1 0 
26 18 561 634 716 80 -1 -1 -1 0 
27 1 417 356 148 92 -1 -1 -1 0 
27 2 658 347 41 30 -1 -1 -1 0 
27 5 720 342 26 20 -1 -1 -1 0 
27 18 561 634 714 79 -1 -1 -1 0 
27 20 397 349 48 19 -1 -1 -1 0 
28 1 421 356 146 89 -1 -1 -1 0 
28 2 659 347 39 30 -1 -1 -1 0 
28 5 719 342 27 20 -1 -1 -1 0 
28 18 574 634 699 79 -1 -1 -1 0 
28 20 380 348 49 20 -1 -1 -1 0 
29 1 427 354 140 89 -1 -1 -1 0 
29 2 659 345 39 31 -1 -1 -1 0 
29 5 720 342 26 20 -1 -1 -1 0 
29 18 564 634 714 79 -1 -1 -1 0 
29 20 358 348 58 22 -1 -1 -1 0 
30 1 430 354 139 87 -1 -1 -1 0 
30 2 657 345 42 31 -1 -1 -1 0 
30 5 720 342 27 20 -1 -1 -1 0 
30 18 563 635 715 78 -1 -1 -1 0 
30 20 333 349 65 24 -1 -1 -1 0 
31 1 435 354 135 84 -1 -1 -1 0 
31 2 658 345 40 31 -1 -1 -1 0 
31 5 720 342 26 20 -1 -1 -1 0 
31 18 563 635 713 78 -1 -1 -1 0 
31 20 308 349 69 26 -1 -1 -1 0 
32 1 438 354 134 83 -1 -1 -1 0 
32 2 657 346 42 30 -1 -1 -1 0 
32 5 720 343 27 20 -1 -1 -1 0 
32 18 562 635 714 78 -1 -1 -1 0 
32 20 272 349 82 30 -1 -1 -1 0 
33 1 443 354 130 82 -1 -1 -1 0 
33 2 657 346 41 30 -1 -1 -1 0 
33 5 721 343 25 20 -1 -1 -1 0 
33 18 561 635 714 78 -1 -1 -1 0 
33 20 232 351 95 32 -1 -1 -1 0 
34 1 448 355 126 80 -1 -1 -1 0 
34 2 658 346 39 31 -1 -1 -1 0 
34 5 720 344 27 20 -1 -1 -1 0 
34 18 567 634 707 79 -1 -1 -1 0 
34 20 181 354 112 35 -1 -1 -1 0 
35 1 450 356 126 77 -1 -1 -1 0 
35 2 657 348 41 29 -1 -1 -1 0 
35 5 720 344 27 20 -1 -1 -1 0 
35 18 563 634 715 79 -1 -1 -1 0 
35 20 116 355 136 41 -1 -1 -1 0 
36 1 454 356 122 76 -1 -1 -1 0 
36 2 657 348 40 30 -1 -1 -1 0 
36 5 720 345 27 20 -1 -1 -1 0 
36 18 567 634 708 79 -1 -1 -1 0 
36 20 23 358 176 46 -1 -1 -1 0 
37 1 458 356 119 75 -1 -1 -1 0 
37 2 658 349 39 29 -1 -1 -1 0 
37 5 720 345 28 20 -1 -1 -1 0 
37 18 565 634 709 80 -1 -1 -1 0 
37 20 2 358 122 49 -1 -1 -1 0 
38 1 461 356 117 73 -1 -1 -1 0 
38 2 658 348 38 30 -1 -1 -1 0 
38 5 721 345 26 20 -1 -1 -1 0 
38 18 560 634 719 80 -1 -1 -1 0 
38 20 0 359 83 52 -1 -1 -1 0 
39 1 466 356 112 73 -1 -1 -1 0 
39 2 658 348 38 30 -1 -1 -1 0 
39 5 721 345 26 20 -1 -1 -1 0 
39 18 559 634 720 80 -1 -1 -1 0 
40 1 468 355 112 72 -1 -1 -1 0 
40 2 657 348 39 30 -1 -1 -1 0 
40 5 721 345 26 20 -1 -1 -1 0 
40 18 572 635 704 79 -1 -1 -1 0 
