3 1 285 353 60 32 -1 -1 -1 0 
3 2 664 343 45 38 -1 -1 -1 0 
3 3 727 339 18 16 -1 -1 -1 0 
3 4 471 348 24 16 -1 -1 -1 0 
4 1 254 353 67 34 -1 -1 -1 0 
4 2 663 343 46 39 -1 -1 -1 0 
4 3 727 339 19 15 -1 -1 -1 0 
4 4 463 348 26 16 -1 -1 -1 0 
4 5 319 353 44 23 -1 -1 -1 0 
5 1 216 354 78 37 -1 -1 -1 0 
5 2 664 343 45 39 -1 -1 -1 0 
5 3 727 338 20 16 -1 -1 -1 0 
5 4 454 349 28 16 -1 -1 -1 0 
5 5 295 354 50 24 -1 -1 -1 0 
6 1 173 355 93 39 -1 -1 -1 0 
6 2 664 343 45 39 -1 -1 -1 0 
6 3 728 338 20 15 -1 -1 -1 0 
6 4 445 347 29 19 -1 -1 -1 0 
6 5 267 354 60 27 -1 -1 -1 0 
7 1 122 359 104 41 -1 -1 -1 0 
7 2 665 343 43 39 -1 -1 -1 0 
7 3 728 338 20 15 -1 -1 -1 0 
7 4 436 348 30 20 -1 -1 -1 0 
7 5 237 356 68 29 -1 -1 -1 0 
8 1 54 361 126 46 -1 -1 -1 0 
8 2 664 343 46 39 -1 -1 -1 0 
8 3 730 338 18 16 -1 -1 -1 0 
8 4 426 348 32 21 -1 -1 -1 0 
8 5 205 357 76 32 -1 -1 -1 0 
9 1 31 364 92 49 -1 -1 -1 0 
9 2 664 343 46 39 -1 -1 -1 0 
9 3 730 339 19 15 -1 -1 -1 0 
9 4 413 350 38 21 -1 -1 -1 0 
9 5 168 359 87 34 -1 -1 -1 0 
10 1 0 367 52 50 -1 -1 -1 0 
10 2 665 343 44 39 -1 -1 -1 0 
10 3 731 339 19 15 -1 -1 -1 0 
10 4 402 351 37 21 -1 -1 -1 0 
10 5 124 360 99 37 -1 -1 -1 0 
11 1 0 369 6 52 -1 -1 -1 0 
11 2 664 344 46 38 -1 -1 -1 0 
11 3 732 339 19 15 -1 -1 -1 0 
11 4 389 352 39 23 -1 -1 -1 0 
11 5 70 364 117 40 -1 -1 -1 0 
12 2 665 344 44 38 -1 -1 -1 0 
12 3 733 339 18 15 -1 -1 -1 0 
12 4 373 351 43 25 -1 -1 -1 0 
12 5 34 367 106 41 -1 -1 -1 0 
13 2 665 345 45 37 -1 -1 -1 0 
13 3 733 340 19 14 -1 -1 -1 0 
13 4 356 353 48 24 -1 -1 -1 0 
13 5 0 370 87 42 -1 -1 -1 0 
14 2 666 343 44 39 -1 -1 -1 0 
14 3 734 339 17 16 -1 -1 -1 0 
14 4 337 354 52 25 -1 -1 -1 0 
14 5 0 372 51 44 -1 -1 -1 0 
14 12 558 636 716 80 -1 -1 -1 0 
15 2 666 342 45 40 -1 -1 -1 0 
15 3 734 338 18 16 -1 -1 -1 0 
15 4 315 355 56 26 -1 -1 -1 0 
15 12 557 635 719 81 -1 -1 -1 0 
16 2 666 342 46 40 -1 -1 -1 0 
16 3 735 338 18 16 -1 -1 -1 0 
16 4 290 355 61 29 -1 -1 -1 0 
16 12 558 635 715 82 -1 -1 -1 0 
17 2 667 342 44 40 -1 -1 -1 0 
17 3 735 338 19 16 -1 -1 -1 0 
17 4 259 356 70 32 -1 -1 -1 0 
17 12 551 635 728 80 -1 -1 -1 0 
17 14 537 339 26 20 -1 -1 -1 0 
18 2 667 342 45 40 -1 -1 -1 0 
18 3 736 339 18 15 -1 -1 -1 0 
18 4 223 358 80 33 -1 -1 -1 0 
18 12 551 635 728 80 -1 -1 -1 0 
18 14 531 340 27 19 -1 -1 -1 0 
19 2 667 342 45 40 -1 -1 -1 0 
19 3 737 339 18 15 -1 -1 -1 0 
19 4 181 360 91 35 -1 -1 -1 0 
19 14 525 340 29 20 -1 -1 -1 0 
20 2 667 342 45 40 -1 -1 -1 0 
20 3 737 339 18 15 -1 -1 -1 0 
20 4 129 363 107 38 -1 -1 -1 0 
20 12 560 635 714 81 -1 -1 -1 0 
20 14 517 340 33 21 -1 -1 -1 0 
21 2 666 344 46 38 -1 -1 -1 0 
21 3 737 339 19 15 -1 -1 -1 0 
21 4 61 364 129 45 -1 -1 -1 0 
21 12 560 635 714 81 -1 -1 -1 0 
21 14 511 340 34 24 -1 -1 -1 0 
22 2 666 344 46 37 -1 -1 -1 0 
22 3 737 339 19 15 -1 -1 -1 0 
22 4 5 366 126 49 -1 -1 -1 0 
22 12 558 635 717 82 -1 -1 -1 0 
22 14 504 341 33 24 -1 -1 -1 0 
23 2 667 345 44 37 -1 -1 -1 0 
23 3 737 340 19 15 -1 -1 -1 0 
23 4 0 370 56 48 -1 -1 -1 0 
23 12 557 636 722 80 -1 -1 -1 0 
23 14 495 346 29 20 -1 -1 -1 0 
24 2 666 345 45 37 -1 -1 -1 0 
24 3 737 340 20 15 -1 -1 -1 0 
24 4 0 372 15 50 -1 -1 -1 0 
24 12 557 636 722 80 -1 -1 -1 0 
24 14 484 347 34 20 -1 -1 -1 0 
25 2 666 345 44 38 -1 -1 -1 0 
25 3 737 341 18 15 -1 -1 -1 0 
25 12 555 637 722 79 -1 -1 -1 0 
25 14 473 347 37 22 -1 -1 -1 0 
26 2 666 345 43 38 -1 -1 -1 0 
26 3 737 341 18 15 -1 -1 -1 0 
26 12 556 637 721 79 -1 -1 -1 0 
26 14 458 348 44 22 -1 -1 -1 0 
27 2 665 345 45 38 -1 -1 -1 0 
27 3 736 341 19 14 -1 -1 -1 0 
27 12 558 637 717 79 -1 -1 -1 0 
27 14 444 348 46 24 -1 -1 -1 0 
28 2 665 345 44 38 -1 -1 -1 0 
28 3 737 341 17 14 -1 -1 -1 0 
28 12 559 637 717 78 -1 -1 -1 0 
28 14 427 349 49 25 -1 -1 -1 0 
29 2 665 345 44 37 -1 -1 -1 0 
29 3 736 341 20 14 -1 -1 -1 0 
29 12 560 637 716 78 -1 -1 -1 0 
29 14 408 347 55 30 -1 -1 -1 0 
29 16 1192 451 87 159 -1 -1 -1 0 
30 2 665 343 43 39 -1 -1 -1 0 
30 3 736 340 18 15 -1 -1 -1 0 
30 12 561 635 713 81 -1 -1 -1 0 
30 14 383 347 63 32 -1 -1 -1 0 
30 16 1171 442 108 158 -1 -1 -1 0 
31 2 665 342 43 40 -1 -1 -1 0 
31 3 736 340 19 15 -1 -1 -1 0 
31 12 561 635 713 81 -1 -1 -1 0 
31 14 356 346 69 36 -1 -1 -1 0 
31 16 1151 429 128 160 -1 -1 -1 0 
32 2 664 342 44 39 -1 -1 -1 0 
32 3 736 339 19 16 -1 -1 -1 0 
32 12 555 635 723 81 -1 -1 -1 0 
32 14 321 347 81 39 -1 -1 -1 0 
32 16 1135 411 142 171 -1 -1 -1 0 
33 2 663 343 45 38 -1 -1 -1 0 
33 3 735 339 21 16 -1 -1 -1 0 
33 12 555 635 723 81 -1 -1 -1 0 
33 14 278 349 97 42 -1 -1 -1 0 
33 16 1118 396 158 184 -1 -1 -1 0 
34 2 663 345 45 37 -1 -1 -1 0 
34 3 735 340 21 15 -1 -1 -1 0 
34 12 558 635 719 81 -1 -1 -1 0 
34 14 225 350 114 49 -1 -1 -1 0 
34 16 1102 383 174 198 -1 -1 -1 0 
34 20 419 340 47 29 -1 -1 -1 0 
35 2 663 345 45 37 -1 -1 -1 0 
35 3 735 340 21 15 -1 -1 -1 0 
35 12 559 635 717 81 -1 -1 -1 0 
35 14 153 352 143 55 -1 -1 -1 0 
35 16 1085 375 193 208 -1 -1 -1 0 
35 20 405 338 52 33 -1 -1 -1 0 
36 2 663 345 43 37 -1 -1 -1 0 
36 3 735 340 20 16 -1 -1 -1 0 
36 12 559 635 718 80 -1 -1 -1 0 
36 14 47 356 190 63 -1 -1 -1 0 
36 16 1071 369 208 212 -1 -1 -1 0 
36 20 391 338 56 34 -1 -1 -1 0 
37 2 663 343 43 40 -1 -1 -1 0 
37 3 735 340 19 16 -1 -1 -1 0 
37 12 558 635 720 80 -1 -1 -1 0 
37 14 7 359 142 69 -1 -1 -1 0 
37 16 1057 364 222 214 -1 -1 -1 0 
37 20 376 340 57 33 -1 -1 -1 0 
38 2 663 343 42 40 -1 -1 -1 0 
38 3 734 341 20 15 -1 -1 -1 0 
38 12 558 635 718 80 -1 -1 -1 0 
38 14 0 361 106 71 -1 -1 -1 0 
38 16 1045 361 234 216 -1 -1 -1 0 
38 20 360 338 60 38 -1 -1 -1 0 
39 2 662 343 44 40 -1 -1 -1 0 
39 3 734 341 20 15 -1 -1 -1 0 
39 12 556 637 721 78 -1 -1 -1 0 
39 16 1034 358 244 219 -1 -1 -1 0 
39 20 341 338 66 39 -1 -1 -1 0 
39 25 475 343 46 25 -1 -1 -1 0 
40 2 661 343 45 39 -1 -1 -1 0 
40 3 733 341 20 15 -1 -1 -1 0 
40 12 560 636 714 79 -1 -1 -1 0 
40 16 1026 355 248 239 -1 -1 -1 0 
40 20 320 336 71 44 -1 -1 -1 0 
40 25 462 344 51 25 -1 -1 -1 0 
