3 1 810 338 157 97 -1 -1 -1 0 
3 2 135 351 71 28 -1 -1 -1 0 
3 3 643 348 29 24 -1 -1 -1 0 
3 4 724 340 30 24 -1 -1 -1 0 
3 5 568 347 47 39 -1 -1 -1 0 
4 1 809 339 156 96 -1 -1 -1 0 
4 2 101 351 79 30 -1 -1 -1 0 
4 3 643 349 30 24 -1 -1 -1 0 
4 4 725 341 30 24 -1 -1 -1 0 
4 5 570 348 45 38 -1 -1 -1 0 
5 1 809 339 155 97 -1 -1 -1 0 
5 2 59 352 92 31 -1 -1 -1 0 
5 3 643 350 31 24 -1 -1 -1 0 
5 4 724 341 32 25 -1 -1 -1 0 
5 5 571 349 44 37 -1 -1 -1 0 
6 1 808 339 155 97 -1 -1 -1 0 
6 2 14 352 102 33 -1 -1 -1 0 
6 3 644 349 29 25 -1 -1 -1 0 
6 4 725 342 31 24 -1 -1 -1 0 
6 5 571 349 46 37 -1 -1 -1 0 
7 1 808 339 154 95 -1 -1 -1 0 
7 2 0 354 77 33 -1 -1 -1 0 
7 3 644 348 30 25 -1 -1 -1 0 
7 4 726 341 31 24 -1 -1 -1 0 
7 5 573 348 44 38 -1 -1 -1 0 
7 7 373 345 45 18 -1 -1 -1 0 
8 1 808 339 153 93 -1 -1 -1 0 
8 2 0 353 32 33 -1 -1 -1 0 
8 3 645 347 30 26 -1 -1 -1 0 
8 4 727 340 31 25 -1 -1 -1 0 
8 5 574 346 43 39 -1 -1 -1 0 
8 7 366 345 45 19 -1 -1 -1 0 
9 1 808 337 152 94 -1 -1 -1 0 
9 2 0 353 5 35 -1 -1 -1 0 
9 3 646 347 30 25 -1 -1 -1 0 
9 4 728 339 31 25 -1 -1 -1 0 
9 5 574 345 45 39 -1 -1 -1 0 
9 7 352 345 55 19 -1 -1 -1 0 
10 1 808 336 151 94 -1 -1 -1 0 
10 3 647 347 29 24 -1 -1 -1 0 
10 4 729 338 31 25 -1 -1 -1 0 
10 5 575 345 45 38 -1 -1 -1 0 
10 7 346 345 50 20 -1 -1 -1 0 
11 1 808 335 150 94 -1 -1 -1 0 
11 3 648 346 29 25 -1 -1 -1 0 
11 4 729 338 33 24 -1 -1 -1 0 
11 5 577 344 44 38 -1 -1 -1 0 
11 7 336 345 46 20 -1 -1 -1 0 
12 1 809 335 148 93 -1 -1 -1 0 
12 3 648 346 31 24 -1 -1 -1 0 
12 4 730 337 32 25 -1 -1 -1 0 
12 5 577 344 44 38 -1 -1 -1 0 
12 7 326 345 49 21 -1 -1 -1 0 
13 1 808 334 148 94 -1 -1 -1 0 
13 3 649 346 29 24 -1 -1 -1 0 
13 4 732 337 30 24 -1 -1 -1 0 
13 5 578 344 45 38 -1 -1 -1 0 
13 7 309 345 57 21 -1 -1 -1 0 
14 1 808 336 147 94 -1 -1 -1 0 
14 3 650 346 28 25 -1 -1 -1 0 
14 4 733 339 31 23 -1 -1 -1 0 
14 5 580 344 43 38 -1 -1 -1 0 
14 7 293 345 55 24 -1 -1 -1 0 
15 1 807 336 148 93 -1 -1 -1 0 
15 3 650 346 28 26 -1 -1 -1 0 
15 4 733 339 32 23 -1 -1 -1 0 
15 5 580 344 44 38 -1 -1 -1 0 
15 7 271 345 65 25 -1 -1 -1 0 
16 1 808 337 145 93 -1 -1 -1 0 
16 3 650 348 29 25 -1 -1 -1 0 
16 4 734 340 31 24 -1 -1 -1 0 
16 5 580 346 45 37 -1 -1 -1 0 
16 7 247 346 73 25 -1 -1 -1 0 
17 1 806 339 146 92 -1 -1 -1 0 
17 3 650 348 29 26 -1 -1 -1 0 
17 4 734 342 32 23 -1 -1 -1 0 
17 5 581 347 45 37 -1 -1 -1 0 
17 7 233 346 76 26 -1 -1 -1 0 
18 1 806 339 144 92 -1 -1 -1 0 
18 3 650 348 29 26 -1 -1 -1 0 
18 4 735 342 31 23 -1 -1 -1 0 
18 5 581 347 45 37 -1 -1 -1 0 
19 1 805 340 144 91 -1 -1 -1 0 
19 3 649 349 29 26 -1 -1 -1 0 
19 4 735 343 30 23 -1 -1 -1 0 
19 5 582 348 43 36 -1 -1 -1 0 
19 7 142 346 107 30 -1 -1 -1 0 
20 1 804 340 144 91 -1 -1 -1 0 
20 3 649 349 29 26 -1 -1 -1 0 
20 4 733 342 33 24 -1 -1 -1 0 
20 5 581 348 45 36 -1 -1 -1 0 
20 7 172 346 57 29 -1 -1 -1 0 
21 1 803 339 144 91 -1 -1 -1 0 
21 3 648 348 31 25 -1 -1 -1 0 
21 4 734 341 31 24 -1 -1 -1 0 
21 5 582 346 43 37 -1 -1 -1 0 
21 7 143 346 67 30 -1 -1 -1 0 
22 1 802 339 144 90 -1 -1 -1 0 
22 3 649 347 29 26 -1 -1 -1 0 
22 4 734 340 31 24 -1 -1 -1 0 
22 5 582 346 42 36 -1 -1 -1 0 
22 7 122 346 56 31 -1 -1 -1 0 
22 8 1 343 123 39 -1 -1 -1 0 
22 9 383 347 37 15 -1 -1 -1 0 
23 1 802 339 142 88 -1 -1 -1 0 
23 3 649 346 29 26 -1 -1 -1 0 
23 4 733 340 33 23 -1 -1 -1 0 
23 5 581 346 44 35 -1 -1 -1 0 
23 7 65 346 79 32 -1 -1 -1 0 
23 8 1 339 56 43 -1 -1 -1 0 
23 9 371 349 30 13 -1 -1 -1 0 
24 1 802 338 140 88 -1 -1 -1 0 
24 3 649 345 29 26 -1 -1 -1 0 
24 4 734 339 32 23 -1 -1 -1 0 
24 5 582 345 42 35 -1 -1 -1 0 
24 7 6 345 90 36 -1 -1 -1 0 
24 8 0 338 31 44 -1 -1 -1 0 
24 9 363 349 29 13 -1 -1 -1 0 
25 1 801 338 141 87 -1 -1 -1 0 
25 3 648 346 31 25 -1 -1 -1 0 
25 4 734 338 31 24 -1 -1 -1 0 
25 5 582 344 41 35 -1 -1 -1 0 
25 7 0 345 37 37 -1 -1 -1 0 
26 1 801 338 139 86 -1 -1 -1 0 
26 3 648 346 31 25 -1 -1 -1 0 
26 4 734 338 32 24 -1 -1 -1 0 
26 5 582 344 42 35 -1 -1 -1 0 
26 7 0 345 4 38 -1 -1 -1 0 
27 1 801 338 138 86 -1 -1 -1 0 
27 3 649 346 30 25 -1 -1 -1 0 
27 4 735 337 32 25 -1 -1 -1 0 
27 5 581 344 43 35 -1 -1 -1 0 
27 9 302 349 46 16 -1 -1 -1 0 
28 1 801 338 137 86 -1 -1 -1 0 
28 3 649 346 29 25 -1 -1 -1 0 
28 4 735 339 32 24 -1 -1 -1 0 
28 5 582 345 42 34 -1 -1 -1 0 
28 9 276 349 54 17 -1 -1 -1 0 
29 1 801 339 136 86 -1 -1 -1 0 
29 3 648 347 31 25 -1 -1 -1 0 
29 4 735 339 32 25 -1 -1 -1 0 
29 5 583 345 40 35 -1 -1 -1 0 
29 9 249 350 57 17 -1 -1 -1 0 
30 1 801 339 135 86 -1 -1 -1 0 
30 3 649 347 29 25 -1 -1 -1 0 
30 4 736 339 30 25 -1 -1 -1 0 
30 5 583 345 40 35 -1 -1 -1 0 
30 9 211 350 69 19 -1 -1 -1 0 
31 1 801 340 134 85 -1 -1 -1 0 
31 3 649 347 30 26 -1 -1 -1 0 
31 4 736 340 31 25 -1 -1 -1 0 
31 5 583 345 40 35 -1 -1 -1 0 
31 9 166 352 83 20 -1 -1 -1 0 
32 1 801 340 133 85 -1 -1 -1 0 
32 3 649 347 30 26 -1 -1 -1 0 
32 4 735 340 33 25 -1 -1 -1 0 
32 5 582 345 41 35 -1 -1 -1 0 
32 9 102 353 106 24 -1 -1 -1 0 
33 1 800 341 134 84 -1 -1 -1 0 
33 3 649 347 30 27 -1 -1 -1 0 
33 4 736 341 31 24 -1 -1 -1 0 
33 5 583 345 40 35 -1 -1 -1 0 
33 9 70 353 112 25 -1 -1 -1 0 
34 1 801 340 132 85 -1 -1 -1 0 
34 3 649 348 30 26 -1 -1 -1 0 
34 4 735 340 33 25 -1 -1 -1 0 
34 5 583 345 40 34 -1 -1 -1 0 
35 1 801 340 131 85 -1 -1 -1 0 
35 3 649 348 30 26 -1 -1 -1 0 
35 4 736 340 32 25 -1 -1 -1 0 
35 5 583 346 39 33 -1 -1 -1 0 
36 1 801 340 130 84 -1 -1 -1 0 
36 3 649 348 31 26 -1 -1 -1 0 
36 4 737 340 32 25 -1 -1 -1 0 
36 5 583 346 40 33 -1 -1 -1 0 
37 1 801 340 130 84 -1 -1 -1 0 
37 3 651 346 29 27 -1 -1 -1 0 
37 4 736 340 33 25 -1 -1 -1 0 
37 5 583 346 40 32 -1 -1 -1 0 
38 1 801 340 129 83 -1 -1 -1 0 
38 3 651 344 28 29 -1 -1 -1 0 
38 4 736 340 34 25 -1 -1 -1 0 
38 5 584 346 39 32 -1 -1 -1 0 
39 1 801 340 129 83 -1 -1 -1 0 
39 3 650 344 30 29 -1 -1 -1 0 
39 4 737 340 33 24 -1 -1 -1 0 
39 5 585 344 36 33 -1 -1 -1 0 
40 1 801 340 128 82 -1 -1 -1 0 
40 3 651 344 30 29 -1 -1 -1 0 
40 4 738 340 32 24 -1 -1 -1 0 
40 5 584 345 39 32 -1 -1 -1 0 
