3 1 767 344 55 38 -1 -1 -1 0 
3 2 632 348 20 15 -1 -1 -1 0 
3 3 671 345 26 20 -1 -1 -1 0 
4 1 768 345 54 38 -1 -1 -1 0 
4 2 632 348 20 16 -1 -1 -1 0 
4 3 672 346 24 20 -1 -1 -1 0 
5 1 768 345 55 39 -1 -1 -1 0 
5 2 631 348 23 16 -1 -1 -1 0 
5 3 672 345 22 21 -1 -1 -1 0 
6 1 768 346 56 38 -1 -1 -1 0 
6 2 632 348 21 16 -1 -1 -1 0 
6 3 672 345 22 22 -1 -1 -1 0 
7 1 769 344 55 39 -1 -1 -1 0 
7 2 631 348 22 14 -1 -1 -1 0 
7 3 672 343 22 22 -1 -1 -1 0 
8 1 769 344 55 39 -1 -1 -1 0 
8 2 632 348 20 14 -1 -1 -1 0 
8 3 671 343 24 22 -1 -1 -1 0 
9 1 769 343 56 39 -1 -1 -1 0 
9 2 633 346 20 16 -1 -1 -1 0 
9 3 671 342 25 21 -1 -1 -1 0 
9 7 559 634 718 81 -1 -1 -1 0 
10 1 769 343 57 39 -1 -1 -1 0 
10 2 633 345 20 16 -1 -1 -1 0 
10 3 671 344 24 19 -1 -1 -1 0 
10 7 560 634 714 80 -1 -1 -1 0 
11 1 770 343 57 39 -1 -1 -1 0 
11 2 632 347 22 14 -1 -1 -1 0 
11 3 672 344 22 19 -1 -1 -1 0 
11 7 564 634 711 80 -1 -1 -1 0 
12 1 770 344 58 38 -1 -1 -1 0 
12 2 632 348 22 14 -1 -1 -1 0 
12 3 672 344 22 20 -1 -1 -1 0 
12 7 565 634 708 81 -1 -1 -1 0 
13 1 770 344 58 38 -1 -1 -1 0 
13 2 632 348 22 14 -1 -1 -1 0 
13 3 672 342 22 22 -1 -1 -1 0 
13 7 565 634 707 81 -1 -1 -1 0 
14 1 770 344 58 39 -1 -1 -1 0 
14 2 632 348 21 14 -1 -1 -1 0 
14 3 672 342 22 22 -1 -1 -1 0 
14 7 566 635 709 81 -1 -1 -1 0 
15 1 771 345 56 38 -1 -1 -1 0 
15 2 633 348 19 14 -1 -1 -1 0 
15 3 670 344 24 21 -1 -1 -1 0 
15 7 561 635 716 80 -1 -1 -1 0 
16 1 771 344 56 39 -1 -1 -1 0 
16 2 632 348 21 14 -1 -1 -1 0 
16 3 670 344 24 21 -1 -1 -1 0 
16 7 569 634 703 81 -1 -1 -1 0 
17 1 771 344 57 40 -1 -1 -1 0 
17 2 632 347 21 15 -1 -1 -1 0 
17 3 670 344 23 21 -1 -1 -1 0 
17 7 562 634 714 81 -1 -1 -1 0 
18 1 770 344 58 40 -1 -1 -1 0 
18 2 632 347 21 15 -1 -1 -1 0 
18 3 669 344 24 21 -1 -1 -1 0 
18 7 562 633 714 82 -1 -1 -1 0 
19 1 770 344 58 40 -1 -1 -1 0 
19 2 633 347 19 14 -1 -1 -1 0 
19 3 668 344 25 21 -1 -1 -1 0 
19 7 562 633 714 82 -1 -1 -1 0 
20 1 770 344 58 39 -1 -1 -1 0 
20 2 632 347 21 14 -1 -1 -1 0 
20 3 668 343 24 21 -1 -1 -1 0 
20 7 564 633 711 82 -1 -1 -1 0 
21 1 770 344 58 39 -1 -1 -1 0 
21 2 632 348 20 13 -1 -1 -1 0 
21 3 668 344 24 20 -1 -1 -1 0 
21 7 567 633 708 82 -1 -1 -1 0 
22 1 770 344 57 39 -1 -1 -1 0 
22 2 632 348 20 13 -1 -1 -1 0 
22 3 668 345 24 19 -1 -1 -1 0 
22 7 560 633 718 83 -1 -1 -1 0 
23 1 770 344 58 40 -1 -1 -1 0 
23 2 632 348 20 13 -1 -1 -1 0 
23 3 668 345 24 19 -1 -1 -1 0 
23 7 559 633 719 83 -1 -1 -1 0 
24 1 769 344 59 40 -1 -1 -1 0 
24 2 632 348 19 13 -1 -1 -1 0 
24 3 668 344 23 20 -1 -1 -1 0 
25 1 769 344 59 40 -1 -1 -1 0 
25 2 633 348 19 13 -1 -1 -1 0 
25 3 667 346 24 19 -1 -1 -1 0 
25 7 560 634 717 82 -1 -1 -1 0 
26 1 769 345 59 39 -1 -1 -1 0 
26 2 633 348 19 14 -1 -1 -1 0 
26 3 668 345 23 20 -1 -1 -1 0 
26 7 565 634 709 82 -1 -1 -1 0 
27 1 769 345 59 40 -1 -1 -1 0 
27 2 633 346 19 16 -1 -1 -1 0 
27 3 667 345 24 20 -1 -1 -1 0 
27 7 565 635 709 81 -1 -1 -1 0 
28 1 769 346 59 39 -1 -1 -1 0 
28 2 632 346 21 16 -1 -1 -1 0 
28 3 668 345 23 21 -1 -1 -1 0 
28 7 560 635 717 81 -1 -1 -1 0 
29 1 769 346 59 39 -1 -1 -1 0 
29 2 633 346 19 17 -1 -1 -1 0 
29 3 668 345 23 21 -1 -1 -1 0 
29 7 561 634 714 82 -1 -1 -1 0 
30 1 769 346 59 39 -1 -1 -1 0 
30 2 633 346 20 17 -1 -1 -1 0 
30 3 667 346 24 20 -1 -1 -1 0 
30 7 561 634 714 82 -1 -1 -1 0 
31 1 770 345 58 40 -1 -1 -1 0 
31 2 633 346 22 16 -1 -1 -1 0 
31 3 668 345 23 21 -1 -1 -1 0 
31 7 558 634 720 82 -1 -1 -1 0 
31 13 709 331 35 32 -1 -1 -1 0 
32 1 770 345 59 40 -1 -1 -1 0 
32 2 633 346 23 16 -1 -1 -1 0 
32 3 667 345 25 21 -1 -1 -1 0 
32 7 558 634 720 82 -1 -1 -1 0 
32 13 710 330 34 32 -1 -1 -1 0 
33 1 769 345 60 40 -1 -1 -1 0 
33 2 634 346 21 16 -1 -1 -1 0 
33 3 667 345 24 21 -1 -1 -1 0 
33 13 710 330 34 32 -1 -1 -1 0 
34 1 770 345 59 40 -1 -1 -1 0 
34 2 635 346 21 16 -1 -1 -1 0 
34 3 668 346 23 20 -1 -1 -1 0 
34 13 709 330 37 32 -1 -1 -1 0 
35 1 770 344 60 41 -1 -1 -1 0 
35 2 634 347 22 14 -1 -1 -1 0 
35 3 668 346 23 20 -1 -1 -1 0 
35 7 562 634 714 82 -1 -1 -1 0 
35 13 710 330 35 32 -1 -1 -1 0 
36 1 770 344 59 41 -1 -1 -1 0 
36 2 635 347 20 14 -1 -1 -1 0 
36 3 667 346 23 20 -1 -1 -1 0 
36 7 559 635 717 81 -1 -1 -1 0 
36 13 710 329 36 33 -1 -1 -1 0 
37 1 769 345 60 41 -1 -1 -1 0 
37 2 635 347 20 15 -1 -1 -1 0 
37 3 668 346 21 20 -1 -1 -1 0 
37 7 555 635 724 81 -1 -1 -1 0 
37 13 711 330 34 33 -1 -1 -1 0 
38 1 769 345 59 41 -1 -1 -1 0 
38 2 636 347 19 15 -1 -1 -1 0 
38 3 666 347 24 19 -1 -1 -1 0 
38 7 559 635 716 81 -1 -1 -1 0 
38 13 710 330 35 33 -1 -1 -1 0 
39 1 768 345 61 41 -1 -1 -1 0 
39 2 635 347 20 15 -1 -1 -1 0 
39 3 667 347 22 19 -1 -1 -1 0 
39 7 559 635 716 81 -1 -1 -1 0 
39 13 709 330 36 33 -1 -1 -1 0 
40 1 768 345 61 41 -1 -1 -1 0 
40 2 635 347 20 15 -1 -1 -1 0 
40 3 666 347 23 19 -1 -1 -1 0 
40 7 563 634 710 82 -1 -1 -1 0 
40 13 709 329 36 35 -1 -1 -1 0 
