3 1 669 340 51 42 -1 -1 -1 0 
4 1 670 339 49 42 -1 -1 -1 0 
5 1 670 339 49 42 -1 -1 -1 0 
6 1 670 339 49 42 -1 -1 -1 0 
7 1 670 339 49 42 -1 -1 -1 0 
7 3 557 634 717 80 -1 -1 -1 0 
8 1 669 339 51 42 -1 -1 -1 0 
8 3 557 634 715 80 -1 -1 -1 0 
9 1 669 338 50 43 -1 -1 -1 0 
9 3 558 634 715 79 -1 -1 -1 0 
10 1 668 338 51 43 -1 -1 -1 0 
10 3 557 635 717 78 -1 -1 -1 0 
11 1 669 338 49 43 -1 -1 -1 0 
11 3 557 634 716 78 -1 -1 -1 0 
12 1 669 338 49 43 -1 -1 -1 0 
12 3 559 634 711 79 -1 -1 -1 0 
13 1 669 338 49 44 -1 -1 -1 0 
13 3 555 634 719 79 -1 -1 -1 0 
14 1 668 338 51 44 -1 -1 -1 0 
14 3 562 634 708 79 -1 -1 -1 0 
14 6 418 347 26 14 -1 -1 -1 0 
15 1 669 338 49 44 -1 -1 -1 0 
15 3 561 634 709 79 -1 -1 -1 0 
15 6 409 347 26 15 -1 -1 -1 0 
16 1 668 338 51 44 -1 -1 -1 0 
16 6 398 348 28 15 -1 -1 -1 0 
17 1 668 339 51 43 -1 -1 -1 0 
17 6 387 349 30 15 -1 -1 -1 0 
18 1 668 339 51 43 -1 -1 -1 0 
18 3 558 635 718 79 -1 -1 -1 0 
18 6 375 350 31 15 -1 -1 -1 0 
19 1 668 339 50 43 -1 -1 -1 0 
19 3 558 635 718 79 -1 -1 -1 0 
19 6 362 351 34 15 -1 -1 -1 0 
20 1 668 339 50 44 -1 -1 -1 0 
20 3 557 635 718 79 -1 -1 -1 0 
20 6 349 351 35 16 -1 -1 -1 0 
21 1 668 339 50 44 -1 -1 -1 0 
21 3 556 635 719 79 -1 -1 -1 0 
21 6 334 351 37 17 -1 -1 -1 0 
22 1 667 339 50 44 -1 -1 -1 0 
22 6 318 352 41 18 -1 -1 -1 0 
23 1 667 339 51 44 -1 -1 -1 0 
23 6 302 353 42 18 -1 -1 -1 0 
24 1 667 339 51 45 -1 -1 -1 0 
24 6 283 353 45 21 -1 -1 -1 0 
25 1 667 339 51 44 -1 -1 -1 0 
25 6 261 353 50 22 -1 -1 -1 0 
26 1 667 339 52 44 -1 -1 -1 0 
26 6 237 353 55 23 -1 -1 -1 0 
27 1 668 338 50 44 -1 -1 -1 0 
27 6 210 353 59 24 -1 -1 -1 0 
28 1 668 338 50 44 -1 -1 -1 0 
28 6 179 353 66 25 -1 -1 -1 0 
29 1 667 338 51 44 -1 -1 -1 0 
29 6 145 353 72 28 -1 -1 -1 0 
30 1 668 338 49 44 -1 -1 -1 0 
30 6 104 354 81 30 -1 -1 -1 0 
31 1 667 339 51 43 -1 -1 -1 0 
31 6 52 356 97 32 -1 -1 -1 0 
32 1 668 339 49 43 -1 -1 -1 0 
32 6 4 358 100 35 -1 -1 -1 0 
33 1 668 339 49 43 -1 -1 -1 0 
33 6 0 359 49 36 -1 -1 -1 0 
34 1 667 339 51 43 -1 -1 -1 0 
34 6 0 360 16 37 -1 -1 -1 0 
35 1 667 337 51 44 -1 -1 -1 0 
36 1 668 337 48 44 -1 -1 -1 0 
37 1 666 337 51 43 -1 -1 -1 0 
38 1 666 338 51 43 -1 -1 -1 0 
39 1 666 338 50 43 -1 -1 -1 0 
40 1 666 338 49 44 -1 -1 -1 0 
40 3 560 635 713 79 -1 -1 -1 0 
