3 1 918 342 359 188 -1 -1 -1 0 
3 2 725 339 40 34 -1 -1 -1 0 
3 3 270 354 87 44 -1 -1 -1 0 
4 1 923 342 354 194 -1 -1 -1 0 
4 2 726 340 40 33 -1 -1 -1 0 
4 3 226 354 88 51 -1 -1 -1 0 
5 1 927 342 351 199 -1 -1 -1 0 
5 2 727 341 39 32 -1 -1 -1 0 
5 3 157 355 114 58 -1 -1 -1 0 
6 1 933 342 345 205 -1 -1 -1 0 
6 2 727 340 40 33 -1 -1 -1 0 
6 3 72 354 147 69 -1 -1 -1 0 
7 1 938 342 339 211 -1 -1 -1 0 
7 2 727 340 40 33 -1 -1 -1 0 
7 3 4 356 133 76 -1 -1 -1 0 
8 1 943 341 334 219 -1 -1 -1 0 
8 2 726 340 42 33 -1 -1 -1 0 
8 3 0 357 84 82 -1 -1 -1 0 
8 7 563 635 710 81 -1 -1 -1 0 
9 1 949 341 327 227 -1 -1 -1 0 
9 2 727 340 41 33 -1 -1 -1 0 
9 7 562 635 713 81 -1 -1 -1 0 
10 1 954 341 323 236 -1 -1 -1 0 
10 2 727 339 41 34 -1 -1 -1 0 
10 7 560 635 715 81 -1 -1 -1 0 
10 8 313 352 78 38 -1 -1 -1 0 
11 1 960 343 317 245 -1 -1 -1 0 
11 2 727 340 41 34 -1 -1 -1 0 
11 7 559 635 716 81 -1 -1 -1 0 
11 8 272 353 92 43 -1 -1 -1 0 
12 1 966 345 311 254 -1 -1 -1 0 
12 2 727 340 42 34 -1 -1 -1 0 
12 7 560 635 714 81 -1 -1 -1 0 
12 8 248 354 98 45 -1 -1 -1 0 
13 1 973 346 304 264 -1 -1 -1 0 
13 2 728 341 41 34 -1 -1 -1 0 
13 7 558 635 720 80 -1 -1 -1 0 
13 8 166 355 132 53 -1 -1 -1 0 
14 1 981 346 295 278 -1 -1 -1 0 
14 2 729 341 41 35 -1 -1 -1 0 
14 7 558 635 720 80 -1 -1 -1 0 
14 8 88 356 168 59 -1 -1 -1 0 
15 1 987 346 290 289 -1 -1 -1 0 
15 2 729 341 42 35 -1 -1 -1 0 
15 7 562 635 713 80 -1 -1 -1 0 
15 8 9 357 183 69 -1 -1 -1 0 
16 1 995 346 283 296 -1 -1 -1 0 
16 2 729 341 44 35 -1 -1 -1 0 
16 7 560 636 717 79 -1 -1 -1 0 
16 8 0 360 115 72 -1 -1 -1 0 
17 1 1000 346 279 292 -1 -1 -1 0 
17 2 731 340 42 36 -1 -1 -1 0 
17 7 563 636 712 79 -1 -1 -1 0 
17 8 0 362 71 75 -1 -1 -1 0 
18 1 1005 346 274 272 -1 -1 -1 0 
18 2 731 340 43 35 -1 -1 -1 0 
18 7 564 635 709 80 -1 -1 -1 0 
19 1 1019 346 260 264 -1 -1 -1 0 
19 2 732 340 42 35 -1 -1 -1 0 
19 7 562 635 714 80 -1 -1 -1 0 
20 1 1031 347 248 259 -1 -1 -1 0 
20 2 733 340 41 35 -1 -1 -1 0 
20 7 561 635 715 80 -1 -1 -1 0 
21 1 1042 351 237 254 -1 -1 -1 0 
21 2 733 341 42 34 -1 -1 -1 0 
21 7 561 635 714 80 -1 -1 -1 0 
22 1 1054 355 225 250 -1 -1 -1 0 
22 2 733 341 43 35 -1 -1 -1 0 
22 7 559 635 718 80 -1 -1 -1 0 
23 1 1068 362 211 244 -1 -1 -1 0 
23 2 734 341 42 35 -1 -1 -1 0 
23 7 575 635 698 79 -1 -1 -1 0 
24 1 1080 371 199 234 -1 -1 -1 0 
24 2 734 341 43 35 -1 -1 -1 0 
24 7 567 635 707 80 -1 -1 -1 0 
25 1 1095 381 184 224 -1 -1 -1 0 
25 2 733 342 45 35 -1 -1 -1 0 
25 7 561 635 718 80 -1 -1 -1 0 
26 1 1112 396 167 209 -1 -1 -1 0 
26 2 734 342 44 35 -1 -1 -1 0 
26 7 563 635 713 80 -1 -1 -1 0 
27 1 1130 413 149 194 -1 -1 -1 0 
27 2 734 343 45 35 -1 -1 -1 0 
27 7 559 635 719 80 -1 -1 -1 0 
28 1 1150 432 128 182 -1 -1 -1 0 
28 2 734 343 47 35 -1 -1 -1 0 
28 7 558 635 720 80 -1 -1 -1 0 
29 1 1172 447 105 177 -1 -1 -1 0 
29 2 736 342 44 36 -1 -1 -1 0 
29 7 560 635 716 80 -1 -1 -1 0 
30 1 1197 457 79 176 -1 -1 -1 0 
30 2 736 341 45 37 -1 -1 -1 0 
30 7 559 635 717 80 -1 -1 -1 0 
31 1 1222 473 56 152 -1 -1 -1 0 
31 2 735 341 48 36 -1 -1 -1 0 
31 7 558 635 721 80 -1 -1 -1 0 
32 1 1236 483 43 144 -1 -1 -1 0 
32 2 736 340 47 37 -1 -1 -1 0 
32 7 560 635 715 80 -1 -1 -1 0 
33 2 736 339 48 37 -1 -1 -1 0 
33 7 561 635 715 80 -1 -1 -1 0 
34 2 737 339 48 37 -1 -1 -1 0 
34 7 558 636 717 79 -1 -1 -1 0 
35 2 737 338 48 38 -1 -1 -1 0 
35 7 558 636 718 79 -1 -1 -1 0 
36 2 737 339 49 38 -1 -1 -1 0 
36 7 559 636 718 79 -1 -1 -1 0 
37 2 737 340 51 38 -1 -1 -1 0 
37 7 558 636 720 79 -1 -1 -1 0 
38 2 738 340 49 39 -1 -1 -1 0 
38 7 561 636 712 79 -1 -1 -1 0 
39 2 738 340 50 39 -1 -1 -1 0 
39 7 555 636 723 79 -1 -1 -1 0 
40 2 738 340 50 40 -1 -1 -1 0 
40 7 553 636 725 79 -1 -1 -1 0 
