3 1 675 341 56 48 -1 -1 -1 0 
3 2 83 379 96 66 -1 -1 -1 0 
3 3 611 343 34 28 -1 -1 -1 0 
4 1 675 340 55 48 -1 -1 -1 0 
4 2 120 376 84 62 -1 -1 -1 0 
4 3 610 343 35 28 -1 -1 -1 0 
5 1 675 339 56 48 -1 -1 -1 0 
5 2 153 376 76 56 -1 -1 -1 0 
5 3 611 343 33 27 -1 -1 -1 0 
6 1 676 339 54 47 -1 -1 -1 0 
6 2 184 373 66 54 -1 -1 -1 0 
6 3 611 342 33 27 -1 -1 -1 0 
7 1 675 338 56 48 -1 -1 -1 0 
7 2 209 368 63 55 -1 -1 -1 0 
7 3 611 342 33 26 -1 -1 -1 0 
8 1 675 338 56 47 -1 -1 -1 0 
8 2 234 370 56 48 -1 -1 -1 0 
8 3 611 341 34 27 -1 -1 -1 0 
9 1 675 338 55 47 -1 -1 -1 0 
9 2 256 370 50 43 -1 -1 -1 0 
9 3 611 341 34 27 -1 -1 -1 0 
10 1 675 338 55 48 -1 -1 -1 0 
10 2 275 369 45 41 -1 -1 -1 0 
10 3 612 341 32 27 -1 -1 -1 0 
11 1 674 338 57 48 -1 -1 -1 0 
11 2 292 368 43 40 -1 -1 -1 0 
11 3 611 341 34 27 -1 -1 -1 0 
12 1 675 338 55 47 -1 -1 -1 0 
12 2 308 369 38 36 -1 -1 -1 0 
12 3 612 341 32 26 -1 -1 -1 0 
13 1 675 339 54 47 -1 -1 -1 0 
13 2 323 363 36 42 -1 -1 -1 0 
13 3 611 342 34 26 -1 -1 -1 0 
14 1 675 339 54 47 -1 -1 -1 0 
14 2 343 361 34 40 -1 -1 -1 0 
14 3 612 342 32 26 -1 -1 -1 0 
15 1 674 339 54 47 -1 -1 -1 0 
15 3 613 342 31 25 -1 -1 -1 0 
16 1 674 339 54 47 -1 -1 -1 0 
16 3 613 341 31 26 -1 -1 -1 0 
17 1 675 339 52 47 -1 -1 -1 0 
17 3 612 341 33 26 -1 -1 -1 0 
18 1 674 339 53 46 -1 -1 -1 0 
18 2 379 361 29 32 -1 -1 -1 0 
18 3 613 341 32 26 -1 -1 -1 0 
19 1 674 339 52 46 -1 -1 -1 0 
19 2 397 360 27 30 -1 -1 -1 0 
19 3 613 341 31 26 -1 -1 -1 0 
19 9 568 633 705 81 -1 -1 -1 0 
20 1 673 339 54 46 -1 -1 -1 0 
20 3 614 341 30 26 -1 -1 -1 0 
20 9 572 633 705 81 -1 -1 -1 0 
21 1 674 339 53 46 -1 -1 -1 0 
21 3 614 341 31 26 -1 -1 -1 0 
21 9 574 633 705 81 -1 -1 -1 0 
22 1 674 339 53 46 -1 -1 -1 0 
22 3 614 342 31 26 -1 -1 -1 0 
23 1 674 339 53 46 -1 -1 -1 0 
23 2 422 345 19 37 -1 -1 -1 0 
23 3 613 342 32 25 -1 -1 -1 0 
23 9 579 634 698 80 -1 -1 -1 0 
24 1 674 339 52 46 -1 -1 -1 0 
24 2 435 343 19 37 -1 -1 -1 0 
24 3 614 342 30 25 -1 -1 -1 0 
24 9 581 634 697 80 -1 -1 -1 0 
25 1 674 339 51 46 -1 -1 -1 0 
25 3 614 341 31 26 -1 -1 -1 0 
25 9 580 635 695 79 -1 -1 -1 0 
26 1 673 339 52 46 -1 -1 -1 0 
26 2 437 345 22 36 -1 -1 -1 0 
26 3 613 341 33 26 -1 -1 -1 0 
26 9 582 636 694 78 -1 -1 -1 0 
27 1 674 339 50 46 -1 -1 -1 0 
27 2 448 343 22 36 -1 -1 -1 0 
27 3 614 340 31 27 -1 -1 -1 0 
28 1 673 340 51 44 -1 -1 -1 0 
28 3 614 340 30 26 -1 -1 -1 0 
28 9 565 635 713 80 -1 -1 -1 0 
29 1 673 339 50 45 -1 -1 -1 0 
29 3 614 340 30 26 -1 -1 -1 0 
29 9 565 635 714 80 -1 -1 -1 0 
30 1 673 339 50 45 -1 -1 -1 0 
30 3 615 340 30 26 -1 -1 -1 0 
31 1 672 339 52 44 -1 -1 -1 0 
31 3 615 340 30 25 -1 -1 -1 0 
32 1 672 338 51 45 -1 -1 -1 0 
32 3 615 340 30 25 -1 -1 -1 0 
32 9 559 634 717 81 -1 -1 -1 0 
33 1 673 338 50 45 -1 -1 -1 0 
33 3 616 340 29 25 -1 -1 -1 0 
33 9 556 634 721 80 -1 -1 -1 0 
34 1 672 338 51 45 -1 -1 -1 0 
34 3 616 339 30 26 -1 -1 -1 0 
34 9 555 634 723 80 -1 -1 -1 0 
35 1 673 338 49 46 -1 -1 -1 0 
35 3 616 340 30 26 -1 -1 -1 0 
35 9 569 634 704 80 -1 -1 -1 0 
36 1 672 339 51 45 -1 -1 -1 0 
36 3 616 340 30 26 -1 -1 -1 0 
36 9 570 634 702 79 -1 -1 -1 0 
37 1 673 339 49 45 -1 -1 -1 0 
37 3 616 340 30 26 -1 -1 -1 0 
38 1 673 339 49 45 -1 -1 -1 0 
38 3 616 340 29 26 -1 -1 -1 0 
38 9 570 634 703 79 -1 -1 -1 0 
39 1 673 340 48 44 -1 -1 -1 0 
39 3 617 340 28 26 -1 -1 -1 0 
39 9 576 635 699 78 -1 -1 -1 0 
40 1 672 340 50 44 -1 -1 -1 0 
40 3 616 341 30 26 -1 -1 -1 0 
40 9 570 632 700 82 -1 -1 -1 0 
