3 1 863 331 219 118 -1 -1 -1 0 
3 2 805 334 57 39 -1 -1 -1 0 
3 3 753 341 29 23 -1 -1 -1 0 
4 1 866 331 224 121 -1 -1 -1 0 
4 2 806 334 58 40 -1 -1 -1 0 
4 3 754 341 30 23 -1 -1 -1 0 
4 5 423 352 23 15 -1 -1 -1 0 
5 1 869 332 230 122 -1 -1 -1 0 
5 2 807 334 59 41 -1 -1 -1 0 
5 3 756 342 29 22 -1 -1 -1 0 
5 5 415 352 25 14 -1 -1 -1 0 
5 6 362 353 27 16 -1 -1 -1 0 
6 1 871 332 238 124 -1 -1 -1 0 
6 2 808 334 60 42 -1 -1 -1 0 
6 3 757 343 29 22 -1 -1 -1 0 
6 5 366 354 25 15 -1 -1 -1 0 
6 6 396 352 27 15 -1 -1 -1 0 
6 7 560 636 717 78 -1 -1 -1 0 
7 1 874 332 245 126 -1 -1 -1 0 
7 2 809 335 61 41 -1 -1 -1 0 
7 3 759 342 27 23 -1 -1 -1 0 
7 5 340 354 31 16 -1 -1 -1 0 
7 6 403 352 25 14 -1 -1 -1 0 
7 7 559 635 717 79 -1 -1 -1 0 
8 1 878 331 249 128 -1 -1 -1 0 
8 2 810 335 62 41 -1 -1 -1 0 
8 3 759 342 29 23 -1 -1 -1 0 
8 5 325 355 32 15 -1 -1 -1 0 
8 6 398 353 26 12 -1 -1 -1 0 
8 7 561 635 716 79 -1 -1 -1 0 
9 1 881 329 256 132 -1 -1 -1 0 
9 2 811 335 63 41 -1 -1 -1 0 
9 3 761 342 28 23 -1 -1 -1 0 
9 5 364 354 27 15 -1 -1 -1 0 
9 6 442 351 19 13 -1 -1 -1 0 
9 7 559 635 719 79 -1 -1 -1 0 
10 1 884 329 265 134 -1 -1 -1 0 
10 2 813 334 62 42 -1 -1 -1 0 
10 3 762 342 28 22 -1 -1 -1 0 
10 5 369 353 29 15 -1 -1 -1 0 
10 6 452 351 21 12 -1 -1 -1 0 
10 7 559 635 717 79 -1 -1 -1 0 
11 1 887 329 274 135 -1 -1 -1 0 
11 2 813 334 64 43 -1 -1 -1 0 
11 3 763 342 28 22 -1 -1 -1 0 
11 5 366 354 29 14 -1 -1 -1 0 
11 6 451 351 22 13 -1 -1 -1 0 
11 7 562 635 714 79 -1 -1 -1 0 
11 9 705 338 26 20 -1 -1 -1 0 
12 1 892 329 279 138 -1 -1 -1 0 
12 2 814 334 64 43 -1 -1 -1 0 
12 3 764 342 28 23 -1 -1 -1 0 
12 5 362 354 29 14 -1 -1 -1 0 
12 6 390 354 30 14 -1 -1 -1 0 
12 7 557 635 722 79 -1 -1 -1 0 
12 9 706 339 25 19 -1 -1 -1 0 
12 10 272 356 43 19 -1 -1 -1 0 
13 1 894 328 289 141 -1 -1 -1 0 
13 2 815 334 65 43 -1 -1 -1 0 
13 3 764 342 30 23 -1 -1 -1 0 
13 6 358 356 32 13 -1 -1 -1 0 
13 7 561 635 714 79 -1 -1 -1 0 
13 10 264 356 44 20 -1 -1 -1 0 
14 1 898 328 296 143 -1 -1 -1 0 
14 2 816 334 65 43 -1 -1 -1 0 
14 3 765 342 31 23 -1 -1 -1 0 
14 5 415 354 24 13 -1 -1 -1 0 
14 6 340 356 32 14 -1 -1 -1 0 
14 7 557 635 722 79 -1 -1 -1 0 
14 10 234 358 48 20 -1 -1 -1 0 
15 1 901 327 307 147 -1 -1 -1 0 
15 2 818 335 64 42 -1 -1 -1 0 
15 3 766 342 31 23 -1 -1 -1 0 
15 5 418 354 23 13 -1 -1 -1 0 
15 6 325 357 34 15 -1 -1 -1 0 
15 7 562 635 714 79 -1 -1 -1 0 
15 9 707 339 24 19 -1 -1 -1 0 
15 10 213 357 51 23 -1 -1 -1 0 
16 1 905 327 317 150 -1 -1 -1 0 
16 2 819 335 65 43 -1 -1 -1 0 
16 3 767 342 31 23 -1 -1 -1 0 
16 5 412 354 26 13 -1 -1 -1 0 
16 6 310 357 36 15 -1 -1 -1 0 
16 7 561 635 715 79 -1 -1 -1 0 
16 9 708 339 24 20 -1 -1 -1 0 
16 10 190 358 56 23 -1 -1 -1 0 
17 1 909 327 327 153 -1 -1 -1 0 
17 2 819 335 67 43 -1 -1 -1 0 
17 3 768 342 31 23 -1 -1 -1 0 
17 5 404 353 26 14 -1 -1 -1 0 
17 6 296 356 36 18 -1 -1 -1 0 
17 7 560 635 718 79 -1 -1 -1 0 
17 9 598 345 21 15 -1 -1 -1 0 
17 10 172 359 59 23 -1 -1 -1 0 
18 1 911 327 343 156 -1 -1 -1 0 
18 2 821 334 67 45 -1 -1 -1 0 
18 3 768 342 32 23 -1 -1 -1 0 
18 5 394 354 29 14 -1 -1 -1 0 
18 6 278 357 42 18 -1 -1 -1 0 
18 7 564 636 712 78 -1 -1 -1 0 
18 9 574 346 19 15 -1 -1 -1 0 
18 10 135 359 67 24 -1 -1 -1 0 
19 1 918 327 351 160 -1 -1 -1 0 
19 2 822 334 68 45 -1 -1 -1 0 
19 3 769 342 32 23 -1 -1 -1 0 
19 5 384 355 29 15 -1 -1 -1 0 
19 6 261 358 45 18 -1 -1 -1 0 
19 7 564 636 713 78 -1 -1 -1 0 
19 9 566 347 17 14 -1 -1 -1 0 
19 10 114 360 70 25 -1 -1 -1 0 
19 11 443 351 23 13 -1 -1 -1 0 
20 1 923 327 355 163 -1 -1 -1 0 
20 2 823 334 70 45 -1 -1 -1 0 
20 3 771 343 31 22 -1 -1 -1 0 
20 5 372 356 32 14 -1 -1 -1 0 
20 6 243 360 48 19 -1 -1 -1 0 
20 7 562 636 714 78 -1 -1 -1 0 
20 9 561 349 18 13 -1 -1 -1 0 
20 10 66 363 73 28 -1 -1 -1 0 
20 11 437 352 22 13 -1 -1 -1 0 
21 1 929 326 350 167 -1 -1 -1 0 
21 2 824 334 71 45 -1 -1 -1 0 
21 3 772 343 30 22 -1 -1 -1 0 
21 5 360 356 34 15 -1 -1 -1 0 
21 6 224 360 49 20 -1 -1 -1 0 
21 7 562 636 713 78 -1 -1 -1 0 
21 9 547 350 18 13 -1 -1 -1 0 
21 10 21 364 85 31 -1 -1 -1 0 
21 11 430 353 24 13 -1 -1 -1 0 
22 1 934 327 345 171 -1 -1 -1 0 
22 2 826 334 71 45 -1 -1 -1 0 
22 3 773 343 30 22 -1 -1 -1 0 
22 5 348 356 35 16 -1 -1 -1 0 
22 6 202 361 53 21 -1 -1 -1 0 
22 7 563 636 712 78 -1 -1 -1 0 
22 9 552 350 21 13 -1 -1 -1 0 
22 10 0 367 74 31 -1 -1 -1 0 
22 11 422 353 26 14 -1 -1 -1 0 
23 1 938 327 341 173 -1 -1 -1 0 
23 2 829 334 69 46 -1 -1 -1 0 
23 3 733 340 25 21 -1 -1 -1 0 
23 5 332 357 42 18 -1 -1 -1 0 
23 6 175 363 59 22 -1 -1 -1 0 
23 7 561 636 715 78 -1 -1 -1 0 
23 9 548 351 23 13 -1 -1 -1 0 
23 10 0 368 47 32 -1 -1 -1 0 
23 11 414 354 27 14 -1 -1 -1 0 
24 1 943 326 336 177 -1 -1 -1 0 
24 2 829 334 72 46 -1 -1 -1 0 
24 3 759 340 30 22 -1 -1 -1 0 
24 5 319 358 41 18 -1 -1 -1 0 
24 6 148 364 63 22 -1 -1 -1 0 
24 7 561 636 715 77 -1 -1 -1 0 
24 9 544 351 23 14 -1 -1 -1 0 
24 11 406 355 26 13 -1 -1 -1 0 
25 1 947 325 332 181 -1 -1 -1 0 
25 2 831 333 72 47 -1 -1 -1 0 
25 3 768 340 33 23 -1 -1 -1 0 
25 5 301 358 45 19 -1 -1 -1 0 
25 6 114 364 72 23 -1 -1 -1 0 
25 7 560 636 717 77 -1 -1 -1 0 
25 9 538 352 24 13 -1 -1 -1 0 
25 11 397 355 24 15 -1 -1 -1 0 
26 1 950 325 329 185 -1 -1 -1 0 
26 2 832 333 74 47 -1 -1 -1 0 
26 3 773 340 32 24 -1 -1 -1 0 
26 5 284 359 46 19 -1 -1 -1 0 
26 6 78 365 77 25 -1 -1 -1 0 
26 7 559 635 716 78 -1 -1 -1 0 
26 9 532 351 24 15 -1 -1 -1 0 
26 11 387 356 26 15 -1 -1 -1 0 
27 1 956 325 323 190 -1 -1 -1 0 
27 2 834 333 74 48 -1 -1 -1 0 
27 3 775 340 32 25 -1 -1 -1 0 
27 5 263 360 50 20 -1 -1 -1 0 
27 6 31 366 91 26 -1 -1 -1 0 
27 7 560 635 716 79 -1 -1 -1 0 
27 9 525 352 26 15 -1 -1 -1 0 
27 11 375 355 32 16 -1 -1 -1 0 
27 15 711 339 26 19 -1 -1 -1 0 
28 1 962 325 317 195 -1 -1 -1 0 
28 2 835 333 75 48 -1 -1 -1 0 
28 3 776 341 33 24 -1 -1 -1 0 
28 5 240 360 54 23 -1 -1 -1 0 
28 6 1 367 78 28 -1 -1 -1 0 
28 7 561 635 714 79 -1 -1 -1 0 
28 9 519 350 25 19 -1 -1 -1 0 
28 11 362 355 36 17 -1 -1 -1 0 
28 15 711 340 27 19 -1 -1 -1 0 
28 16 834 334 76 48 -1 -1 -1 0 
29 1 967 324 312 201 -1 -1 -1 0 
29 2 835 334 78 48 -1 -1 -1 0 
29 3 778 341 32 25 -1 -1 -1 0 
29 5 214 361 60 24 -1 -1 -1 0 
29 6 0 370 36 27 -1 -1 -1 0 
29 7 565 635 711 79 -1 -1 -1 0 
29 9 509 350 29 21 -1 -1 -1 0 
29 11 350 356 36 17 -1 -1 -1 0 
29 15 711 340 26 19 -1 -1 -1 0 
29 16 835 334 76 48 -1 -1 -1 0 
30 1 973 325 306 206 -1 -1 -1 0 
30 2 837 334 77 49 -1 -1 -1 0 
30 3 778 341 33 25 -1 -1 -1 0 
30 5 187 362 66 26 -1 -1 -1 0 
30 6 0 371 9 28 -1 -1 -1 0 
30 7 566 635 710 79 -1 -1 -1 0 
30 9 500 350 31 23 -1 -1 -1 0 
30 11 337 356 39 18 -1 -1 -1 0 
30 15 711 339 26 21 -1 -1 -1 0 
31 1 978 325 301 211 -1 -1 -1 0 
31 2 839 334 77 50 -1 -1 -1 0 
31 3 778 341 33 26 -1 -1 -1 0 
31 5 156 364 71 27 -1 -1 -1 0 
31 7 563 635 712 79 -1 -1 -1 0 
31 9 489 350 34 24 -1 -1 -1 0 
31 11 324 356 38 20 -1 -1 -1 0 
31 15 710 339 28 21 -1 -1 -1 0 
31 17 406 352 29 15 -1 -1 -1 0 
32 1 983 325 296 216 -1 -1 -1 0 
32 2 840 335 79 50 -1 -1 -1 0 
32 3 779 342 33 25 -1 -1 -1 0 
32 5 117 366 84 29 -1 -1 -1 0 
32 7 558 636 721 78 -1 -1 -1 0 
32 9 478 350 36 27 -1 -1 -1 0 
32 11 306 357 43 21 -1 -1 -1 0 
32 15 710 340 28 20 -1 -1 -1 0 
32 17 397 353 32 15 -1 -1 -1 0 
33 1 988 325 290 222 -1 -1 -1 0 
33 2 841 335 81 50 -1 -1 -1 0 
33 3 779 342 33 24 -1 -1 -1 0 
33 5 76 366 90 32 -1 -1 -1 0 
33 7 565 635 709 79 -1 -1 -1 0 
33 9 464 351 40 27 -1 -1 -1 0 
33 11 288 358 47 21 -1 -1 -1 0 
33 15 711 339 27 21 -1 -1 -1 0 
33 17 391 353 34 16 -1 -1 -1 0 
34 1 995 325 283 231 -1 -1 -1 0 
34 2 842 335 83 50 -1 -1 -1 0 
34 3 779 342 34 24 -1 -1 -1 0 
34 5 18 369 113 32 -1 -1 -1 0 
34 7 562 635 715 80 -1 -1 -1 0 
34 9 449 352 43 27 -1 -1 -1 0 
34 11 270 358 47 22 -1 -1 -1 0 
34 15 711 338 26 22 -1 -1 -1 0 
34 17 378 353 29 17 -1 -1 -1 0 
35 1 1001 324 277 240 -1 -1 -1 0 
35 2 844 334 82 51 -1 -1 -1 0 
35 3 780 341 33 25 -1 -1 -1 0 
35 5 0 370 104 33 -1 -1 -1 0 
35 7 561 635 715 80 -1 -1 -1 0 
35 9 431 351 46 31 -1 -1 -1 0 
35 11 247 358 52 23 -1 -1 -1 0 
35 15 710 338 29 22 -1 -1 -1 0 
35 17 367 352 32 18 -1 -1 -1 0 
36 1 1006 324 273 246 -1 -1 -1 0 
36 2 846 333 83 52 -1 -1 -1 0 
36 3 780 341 34 25 -1 -1 -1 0 
36 7 560 635 717 80 -1 -1 -1 0 
36 9 412 349 49 35 -1 -1 -1 0 
36 11 224 359 56 23 -1 -1 -1 0 
36 15 710 338 29 21 -1 -1 -1 0 
36 17 354 352 34 18 -1 -1 -1 0 
37 1 1012 323 267 252 -1 -1 -1 0 
37 2 847 333 85 52 -1 -1 -1 0 
37 3 779 341 35 25 -1 -1 -1 0 
37 7 560 634 716 81 -1 -1 -1 0 
37 9 399 349 52 37 -1 -1 -1 0 
37 11 197 359 59 25 -1 -1 -1 0 
37 15 710 337 29 22 -1 -1 -1 0 
37 17 341 352 36 19 -1 -1 -1 0 
38 1 1015 324 264 249 -1 -1 -1 0 
38 2 848 332 86 54 -1 -1 -1 0 
38 3 779 341 36 25 -1 -1 -1 0 
38 7 560 634 716 81 -1 -1 -1 0 
38 11 163 359 70 26 -1 -1 -1 0 
38 15 710 338 27 21 -1 -1 -1 0 
38 17 328 352 37 21 -1 -1 -1 0 
39 1 1009 325 270 213 -1 -1 -1 0 
39 2 849 332 88 55 -1 -1 -1 0 
39 3 780 341 35 25 -1 -1 -1 0 
39 7 558 634 718 81 -1 -1 -1 0 
39 11 127 360 78 27 -1 -1 -1 0 
39 15 710 338 27 22 -1 -1 -1 0 
39 17 318 353 37 21 -1 -1 -1 0 
40 1 1027 325 252 198 -1 -1 -1 0 
40 2 850 334 90 54 -1 -1 -1 0 
40 3 779 342 37 24 -1 -1 -1 0 
40 7 559 634 718 81 -1 -1 -1 0 
40 11 86 362 87 29 -1 -1 -1 0 
40 16 265 351 97 56 -1 -1 -1 0 
