3 1 919 335 360 234 -1 -1 -1 0 
3 3 697 341 33 26 -1 -1 -1 0 
3 4 748 339 32 27 -1 -1 -1 0 
3 5 658 343 25 21 -1 -1 -1 0 
3 6 830 330 32 22 -1 -1 -1 0 
3 7 478 346 57 29 -1 -1 -1 0 
4 1 917 335 362 230 -1 -1 -1 0 
4 3 697 340 33 27 -1 -1 -1 0 
4 4 748 339 32 26 -1 -1 -1 0 
4 5 656 342 28 22 -1 -1 -1 0 
4 6 829 329 32 24 -1 -1 -1 0 
4 7 459 344 62 35 -1 -1 -1 0 
4 9 523 352 34 18 -1 -1 -1 0 
5 1 915 335 364 226 -1 -1 -1 0 
5 3 697 339 33 28 -1 -1 -1 0 
5 4 748 339 31 26 -1 -1 -1 0 
5 5 657 342 26 22 -1 -1 -1 0 
5 6 828 329 33 24 -1 -1 -1 0 
5 7 436 345 71 38 -1 -1 -1 0 
5 9 501 353 49 20 -1 -1 -1 0 
6 1 914 334 364 225 -1 -1 -1 0 
6 3 697 339 32 28 -1 -1 -1 0 
6 4 748 339 31 25 -1 -1 -1 0 
6 5 656 341 28 23 -1 -1 -1 0 
6 6 827 328 33 25 -1 -1 -1 0 
6 7 410 346 76 41 -1 -1 -1 0 
6 9 481 355 53 22 -1 -1 -1 0 
7 1 912 334 367 222 -1 -1 -1 0 
7 3 697 339 32 27 -1 -1 -1 0 
7 4 748 340 31 24 -1 -1 -1 0 
7 5 657 341 26 22 -1 -1 -1 0 
7 6 826 328 34 24 -1 -1 -1 0 
7 7 378 347 83 45 -1 -1 -1 0 
7 9 454 356 63 24 -1 -1 -1 0 
8 1 910 335 369 218 -1 -1 -1 0 
8 3 696 340 33 26 -1 -1 -1 0 
8 4 749 341 29 24 -1 -1 -1 0 
8 5 656 341 27 22 -1 -1 -1 0 
8 6 826 329 33 23 -1 -1 -1 0 
8 7 338 348 94 49 -1 -1 -1 0 
8 9 423 357 67 29 -1 -1 -1 0 
8 11 503 348 38 24 -1 -1 -1 0 
9 1 909 335 369 216 -1 -1 -1 0 
9 3 697 340 31 25 -1 -1 -1 0 
9 4 749 341 29 24 -1 -1 -1 0 
9 5 656 341 27 22 -1 -1 -1 0 
9 6 826 329 32 23 -1 -1 -1 0 
9 7 288 349 109 56 -1 -1 -1 0 
9 9 379 360 87 33 -1 -1 -1 0 
9 11 485 349 45 26 -1 -1 -1 0 
10 1 908 335 370 214 -1 -1 -1 0 
10 3 697 340 32 26 -1 -1 -1 0 
10 4 748 341 31 24 -1 -1 -1 0 
10 5 655 342 28 21 -1 -1 -1 0 
10 6 824 329 35 24 -1 -1 -1 0 
10 7 222 350 123 65 -1 -1 -1 0 
10 9 323 364 109 37 -1 -1 -1 0 
10 11 467 350 49 28 -1 -1 -1 0 
11 1 906 336 372 212 -1 -1 -1 0 
11 3 697 341 32 25 -1 -1 -1 0 
11 4 749 342 29 23 -1 -1 -1 0 
11 5 655 343 27 20 -1 -1 -1 0 
11 6 824 329 34 24 -1 -1 -1 0 
11 7 126 353 156 77 -1 -1 -1 0 
11 9 245 369 141 44 -1 -1 -1 0 
11 11 446 351 55 32 -1 -1 -1 0 
12 1 905 336 373 210 -1 -1 -1 0 
12 3 697 341 32 25 -1 -1 -1 0 
12 4 749 343 29 22 -1 -1 -1 0 
12 5 656 343 26 21 -1 -1 -1 0 
12 6 824 329 34 24 -1 -1 -1 0 
12 7 65 368 250 71 -1 -1 -1 0 
12 9 207 372 151 46 -1 -1 -1 0 
12 11 420 352 69 35 -1 -1 -1 0 
12 12 336 350 74 37 -1 -1 -1 0 
13 1 903 336 375 208 -1 -1 -1 0 
13 3 697 341 33 25 -1 -1 -1 0 
13 4 749 341 29 24 -1 -1 -1 0 
13 5 657 343 25 21 -1 -1 -1 0 
13 6 823 330 34 23 -1 -1 -1 0 
13 7 19 371 272 75 -1 -1 -1 0 
13 11 390 354 84 38 -1 -1 -1 0 
13 12 323 351 78 39 -1 -1 -1 0 
14 1 902 336 377 207 -1 -1 -1 0 
14 3 698 341 32 26 -1 -1 -1 0 
14 4 748 341 31 24 -1 -1 -1 0 
14 5 657 344 24 20 -1 -1 -1 0 
14 6 823 330 33 23 -1 -1 -1 0 
14 11 356 355 92 42 -1 -1 -1 0 
14 12 403 354 47 32 -1 -1 -1 0 
15 1 902 335 376 208 -1 -1 -1 0 
15 3 698 340 32 27 -1 -1 -1 0 
15 4 749 340 29 25 -1 -1 -1 0 
15 5 658 342 22 22 -1 -1 -1 0 
15 6 822 329 34 24 -1 -1 -1 0 
15 9 223 352 113 52 -1 -1 -1 0 
15 11 311 357 94 47 -1 -1 -1 0 
15 12 395 355 50 32 -1 -1 -1 0 
16 1 899 334 380 208 -1 -1 -1 0 
16 3 697 340 34 26 -1 -1 -1 0 
16 4 749 340 29 24 -1 -1 -1 0 
16 5 656 342 26 21 -1 -1 -1 0 
16 6 821 329 35 24 -1 -1 -1 0 
16 9 203 352 118 54 -1 -1 -1 0 
16 11 250 359 114 54 -1 -1 -1 0 
16 12 365 356 63 35 -1 -1 -1 0 
17 1 897 334 382 206 -1 -1 -1 0 
17 3 697 340 34 26 -1 -1 -1 0 
17 4 748 340 30 24 -1 -1 -1 0 
17 5 657 342 24 21 -1 -1 -1 0 
17 6 821 329 35 24 -1 -1 -1 0 
17 9 123 353 139 58 -1 -1 -1 0 
17 11 162 363 150 61 -1 -1 -1 0 
17 12 327 358 76 37 -1 -1 -1 0 
17 16 485 345 63 31 -1 -1 -1 0 
18 1 895 333 384 203 -1 -1 -1 0 
18 3 698 339 31 27 -1 -1 -1 0 
18 4 748 339 29 24 -1 -1 -1 0 
18 5 657 341 23 22 -1 -1 -1 0 
18 6 820 328 36 25 -1 -1 -1 0 
18 9 95 353 146 60 -1 -1 -1 0 
18 11 31 367 204 76 -1 -1 -1 0 
18 12 285 359 86 42 -1 -1 -1 0 
18 16 461 345 73 34 -1 -1 -1 0 
19 1 895 333 384 201 -1 -1 -1 0 
19 3 698 339 29 26 -1 -1 -1 0 
19 4 748 339 28 24 -1 -1 -1 0 
19 5 656 342 24 21 -1 -1 -1 0 
19 6 819 328 36 25 -1 -1 -1 0 
19 11 0 372 122 78 -1 -1 -1 0 
19 12 230 361 106 47 -1 -1 -1 0 
19 16 432 345 87 38 -1 -1 -1 0 
19 17 1244 345 35 70 -1 -1 -1 0 
20 1 894 333 385 201 -1 -1 -1 0 
20 3 697 340 29 25 -1 -1 -1 0 
20 4 747 340 28 23 -1 -1 -1 0 
20 5 655 343 24 20 -1 -1 -1 0 
20 6 819 328 34 25 -1 -1 -1 0 
20 11 0 375 66 82 -1 -1 -1 0 
20 12 163 363 126 53 -1 -1 -1 0 
20 16 398 346 98 41 -1 -1 -1 0 
20 17 1239 349 40 72 -1 -1 -1 0 
21 1 891 334 388 198 -1 -1 -1 0 
21 3 696 340 29 26 -1 -1 -1 0 
21 4 746 341 29 23 -1 -1 -1 0 
21 5 654 344 24 20 -1 -1 -1 0 
21 6 818 329 35 25 -1 -1 -1 0 
21 9 48 366 175 64 -1 -1 -1 0 
21 12 69 366 164 61 -1 -1 -1 0 
21 16 349 348 119 49 -1 -1 -1 0 
21 17 1238 351 41 73 -1 -1 -1 0 
22 1 892 335 382 196 -1 -1 -1 0 
22 3 695 341 29 26 -1 -1 -1 0 
22 4 744 341 30 24 -1 -1 -1 0 
22 5 652 345 26 19 -1 -1 -1 0 
22 6 816 330 36 26 -1 -1 -1 0 
22 9 14 369 145 72 -1 -1 -1 0 
22 12 29 368 174 64 -1 -1 -1 0 
22 16 283 349 149 58 -1 -1 -1 0 
23 1 890 336 377 193 -1 -1 -1 0 
23 3 694 342 29 25 -1 -1 -1 0 
23 4 743 342 29 24 -1 -1 -1 0 
23 5 652 345 23 20 -1 -1 -1 0 
23 6 815 331 36 25 -1 -1 -1 0 
23 9 4 372 48 73 -1 -1 -1 0 
23 16 189 350 200 69 -1 -1 -1 0 
24 1 889 336 371 192 -1 -1 -1 0 
24 3 692 341 30 26 -1 -1 -1 0 
24 4 743 342 28 24 -1 -1 -1 0 
24 5 651 345 23 19 -1 -1 -1 0 
24 6 815 331 34 26 -1 -1 -1 0 
24 9 0 373 12 76 -1 -1 -1 0 
24 16 32 351 296 82 -1 -1 -1 0 
25 1 885 337 370 188 -1 -1 -1 0 
25 3 690 342 31 25 -1 -1 -1 0 
25 4 742 342 29 24 -1 -1 -1 0 
25 5 650 345 23 19 -1 -1 -1 0 
25 6 813 331 35 26 -1 -1 -1 0 
25 16 3 351 218 90 -1 -1 -1 0 
25 24 1191 350 87 109 -1 -1 -1 0 
26 1 885 337 361 186 -1 -1 -1 0 
26 3 690 342 30 25 -1 -1 -1 0 
26 4 740 342 30 24 -1 -1 -1 0 
26 5 648 345 24 19 -1 -1 -1 0 
26 6 812 332 35 25 -1 -1 -1 0 
26 16 0 353 170 95 -1 -1 -1 0 
26 24 1208 356 71 115 -1 -1 -1 0 
26 25 424 359 35 14 -1 -1 -1 0 
26 26 478 337 51 37 -1 -1 -1 0 
27 1 884 336 355 185 -1 -1 -1 0 
27 3 689 343 29 24 -1 -1 -1 0 
27 4 739 342 31 25 -1 -1 -1 0 
27 5 647 345 24 19 -1 -1 -1 0 
27 6 812 332 33 25 -1 -1 -1 0 
27 24 1213 358 66 116 -1 -1 -1 0 
27 25 410 358 38 17 -1 -1 -1 0 
27 26 466 337 55 38 -1 -1 -1 0 
28 1 882 335 349 184 -1 -1 -1 0 
28 3 688 343 29 24 -1 -1 -1 0 
28 4 737 343 32 23 -1 -1 -1 0 
28 5 646 345 25 19 -1 -1 -1 0 
28 6 811 332 34 26 -1 -1 -1 0 
28 24 1194 358 85 117 -1 -1 -1 0 
28 25 396 358 38 18 -1 -1 -1 0 
28 26 450 336 60 41 -1 -1 -1 0 
28 28 1173 344 106 42 -1 -1 -1 0 
29 1 880 335 344 182 -1 -1 -1 0 
29 3 687 343 29 24 -1 -1 -1 0 
29 4 737 343 31 23 -1 -1 -1 0 
29 5 646 345 23 19 -1 -1 -1 0 
29 6 809 332 36 26 -1 -1 -1 0 
29 24 1181 359 98 117 -1 -1 -1 0 
29 25 379 359 41 19 -1 -1 -1 0 
29 26 434 335 65 44 -1 -1 -1 0 
29 28 1174 344 105 42 -1 -1 -1 0 
30 1 877 335 341 180 -1 -1 -1 0 
30 3 686 343 29 24 -1 -1 -1 0 
30 4 736 343 31 23 -1 -1 -1 0 
30 5 644 345 26 19 -1 -1 -1 0 
30 6 809 332 34 26 -1 -1 -1 0 
30 24 1195 370 84 106 -1 -1 -1 0 
30 25 361 360 45 19 -1 -1 -1 0 
30 26 416 334 71 47 -1 -1 -1 0 
30 28 1175 344 101 55 -1 -1 -1 0 
30 30 547 347 26 17 -1 -1 -1 0 
31 1 876 335 336 178 -1 -1 -1 0 
31 3 684 343 30 24 -1 -1 -1 0 
31 4 735 343 30 23 -1 -1 -1 0 
31 5 644 345 24 19 -1 -1 -1 0 
31 6 808 333 35 26 -1 -1 -1 0 
31 24 1199 376 80 100 -1 -1 -1 0 
31 25 343 361 47 20 -1 -1 -1 0 
31 26 398 332 75 52 -1 -1 -1 0 
31 28 1169 345 109 61 -1 -1 -1 0 
31 30 544 348 27 17 -1 -1 -1 0 
31 31 499 332 44 37 -1 -1 -1 0 
32 1 874 335 331 176 -1 -1 -1 0 
32 3 683 343 31 24 -1 -1 -1 0 
32 4 734 343 31 23 -1 -1 -1 0 
32 5 644 345 22 19 -1 -1 -1 0 
32 6 807 333 34 26 -1 -1 -1 0 
32 24 1206 379 73 98 -1 -1 -1 0 
32 25 323 362 50 21 -1 -1 -1 0 
32 26 373 332 86 55 -1 -1 -1 0 
32 28 1164 345 115 66 -1 -1 -1 0 
32 31 490 333 49 37 -1 -1 -1 0 
33 1 873 335 325 175 -1 -1 -1 0 
33 3 683 343 31 24 -1 -1 -1 0 
33 4 733 343 31 24 -1 -1 -1 0 
33 5 643 345 22 20 -1 -1 -1 0 
33 6 805 333 36 27 -1 -1 -1 0 
33 24 1211 380 68 98 -1 -1 -1 0 
33 25 303 363 47 23 -1 -1 -1 0 
33 26 348 331 96 59 -1 -1 -1 0 
33 28 1159 345 120 66 -1 -1 -1 0 
33 31 484 333 47 38 -1 -1 -1 0 
34 1 872 335 320 173 -1 -1 -1 0 
34 3 683 344 30 23 -1 -1 -1 0 
34 4 733 344 31 22 -1 -1 -1 0 
34 5 642 345 22 20 -1 -1 -1 0 
34 6 805 333 36 27 -1 -1 -1 0 
34 24 1215 380 64 98 -1 -1 -1 0 
34 25 280 364 42 24 -1 -1 -1 0 
34 26 317 330 109 64 -1 -1 -1 0 
34 28 1157 344 122 67 -1 -1 -1 0 
34 31 473 332 52 40 -1 -1 -1 0 
35 1 870 334 318 172 -1 -1 -1 0 
35 3 682 344 30 23 -1 -1 -1 0 
35 4 733 344 30 22 -1 -1 -1 0 
35 5 642 345 22 20 -1 -1 -1 0 
35 6 805 333 35 27 -1 -1 -1 0 
35 24 1219 378 60 99 -1 -1 -1 0 
35 25 251 365 39 25 -1 -1 -1 0 
35 26 283 327 121 71 -1 -1 -1 0 
35 28 1154 344 125 66 -1 -1 -1 0 
35 30 511 351 27 19 -1 -1 -1 0 
35 31 465 332 51 41 -1 -1 -1 0 
36 1 870 334 313 170 -1 -1 -1 0 
36 3 681 344 31 23 -1 -1 -1 0 
36 4 732 344 30 22 -1 -1 -1 0 
36 5 642 345 22 20 -1 -1 -1 0 
36 6 804 333 36 27 -1 -1 -1 0 
36 24 1224 377 55 99 -1 -1 -1 0 
36 25 232 366 39 26 -1 -1 -1 0 
36 26 239 325 141 79 -1 -1 -1 0 
36 28 1156 343 123 67 -1 -1 -1 0 
36 30 505 352 27 20 -1 -1 -1 0 
36 31 454 331 56 44 -1 -1 -1 0 
37 1 867 333 311 168 -1 -1 -1 0 
37 3 681 344 30 23 -1 -1 -1 0 
37 4 732 344 31 22 -1 -1 -1 0 
37 5 641 345 24 20 -1 -1 -1 0 
37 6 804 332 38 28 -1 -1 -1 0 
37 24 1227 376 52 100 -1 -1 -1 0 
37 26 185 323 169 87 -1 -1 -1 0 
37 28 1161 343 118 67 -1 -1 -1 0 
37 30 492 352 31 20 -1 -1 -1 0 
37 31 444 330 59 46 -1 -1 -1 0 
38 1 867 333 305 167 -1 -1 -1 0 
38 3 681 344 30 23 -1 -1 -1 0 
38 4 732 344 31 22 -1 -1 -1 0 
38 5 642 345 21 20 -1 -1 -1 0 
38 6 804 332 37 28 -1 -1 -1 0 
38 24 1232 380 47 96 -1 -1 -1 0 
38 26 115 321 206 97 -1 -1 -1 0 
38 28 1165 343 114 69 -1 -1 -1 0 
38 30 484 352 31 22 -1 -1 -1 0 
38 31 432 330 63 47 -1 -1 -1 0 
39 1 866 333 302 165 -1 -1 -1 0 
39 3 682 344 28 24 -1 -1 -1 0 
39 4 732 345 31 21 -1 -1 -1 0 
39 5 640 346 24 19 -1 -1 -1 0 
39 6 804 333 39 28 -1 -1 -1 0 
39 24 1238 382 41 94 -1 -1 -1 0 
39 26 18 318 262 111 -1 -1 -1 0 
39 28 1170 343 109 70 -1 -1 -1 0 
39 30 473 353 33 22 -1 -1 -1 0 
39 31 418 329 71 49 -1 -1 -1 0 
39 34 520 351 21 14 -1 -1 -1 0 
40 1 866 333 297 165 -1 -1 -1 0 
40 3 681 344 29 24 -1 -1 -1 0 
40 4 732 345 31 22 -1 -1 -1 0 
40 5 640 346 23 20 -1 -1 -1 0 
40 6 804 334 39 27 -1 -1 -1 0 
40 24 1244 384 35 91 -1 -1 -1 0 
40 26 5 312 214 126 -1 -1 -1 0 
40 28 1176 344 103 70 -1 -1 -1 0 
40 30 465 353 34 24 -1 -1 -1 0 
40 31 404 328 81 52 -1 -1 -1 0 
40 34 510 351 28 15 -1 -1 -1 0 
