3 1 668 348 39 30 -1 -1 -1 0 
3 2 563 343 56 42 -1 -1 -1 0 
3 3 612 345 24 15 -1 -1 -1 0 
4 1 667 348 40 31 -1 -1 -1 0 
4 2 564 344 54 40 -1 -1 -1 0 
4 3 611 345 25 15 -1 -1 -1 0 
5 1 668 348 39 31 -1 -1 -1 0 
5 2 565 344 53 40 -1 -1 -1 0 
5 3 612 344 23 16 -1 -1 -1 0 
6 1 667 348 40 31 -1 -1 -1 0 
6 2 566 344 52 41 -1 -1 -1 0 
6 3 611 344 24 16 -1 -1 -1 0 
7 1 666 348 40 31 -1 -1 -1 0 
7 2 566 344 52 41 -1 -1 -1 0 
7 3 611 343 24 17 -1 -1 -1 0 
8 1 667 347 38 32 -1 -1 -1 0 
8 2 567 344 51 41 -1 -1 -1 0 
8 3 611 342 24 18 -1 -1 -1 0 
9 1 666 347 40 32 -1 -1 -1 0 
9 2 567 344 51 40 -1 -1 -1 0 
9 3 611 341 24 19 -1 -1 -1 0 
10 1 666 346 39 33 -1 -1 -1 0 
10 2 568 344 50 40 -1 -1 -1 0 
10 3 611 341 24 19 -1 -1 -1 0 
11 1 664 346 41 32 -1 -1 -1 0 
11 2 568 344 51 40 -1 -1 -1 0 
11 3 610 341 25 19 -1 -1 -1 0 
12 1 664 346 41 32 -1 -1 -1 0 
12 2 568 343 51 41 -1 -1 -1 0 
12 3 609 341 26 18 -1 -1 -1 0 
13 1 665 346 38 32 -1 -1 -1 0 
13 2 569 343 49 41 -1 -1 -1 0 
13 3 609 341 25 18 -1 -1 -1 0 
14 1 664 346 40 32 -1 -1 -1 0 
14 2 569 343 49 40 -1 -1 -1 0 
14 3 609 341 24 18 -1 -1 -1 0 
15 1 663 346 41 32 -1 -1 -1 0 
15 2 569 342 48 41 -1 -1 -1 0 
15 3 608 341 25 18 -1 -1 -1 0 
16 1 663 346 40 32 -1 -1 -1 0 
16 2 569 342 49 40 -1 -1 -1 0 
16 3 609 341 23 18 -1 -1 -1 0 
17 1 663 347 39 31 -1 -1 -1 0 
17 2 569 342 49 40 -1 -1 -1 0 
17 3 609 341 22 18 -1 -1 -1 0 
18 1 662 347 40 32 -1 -1 -1 0 
18 2 569 343 49 39 -1 -1 -1 0 
18 3 608 340 23 19 -1 -1 -1 0 
19 1 661 348 41 31 -1 -1 -1 0 
19 2 570 343 47 39 -1 -1 -1 0 
19 3 608 341 23 19 -1 -1 -1 0 
20 1 661 348 40 31 -1 -1 -1 0 
20 2 571 344 47 38 -1 -1 -1 0 
20 3 608 341 22 19 -1 -1 -1 0 
21 1 661 348 40 31 -1 -1 -1 0 
21 2 572 344 45 38 -1 -1 -1 0 
21 3 609 341 20 19 -1 -1 -1 0 
22 1 661 348 40 31 -1 -1 -1 0 
22 2 571 344 47 37 -1 -1 -1 0 
22 3 608 340 21 20 -1 -1 -1 0 
23 1 661 348 38 31 -1 -1 -1 0 
23 2 572 344 45 37 -1 -1 -1 0 
23 3 608 340 22 20 -1 -1 -1 0 
24 1 660 348 40 31 -1 -1 -1 0 
24 2 572 344 46 36 -1 -1 -1 0 
24 3 608 340 22 19 -1 -1 -1 0 
25 1 660 347 39 32 -1 -1 -1 0 
25 2 573 344 45 36 -1 -1 -1 0 
25 3 609 340 20 19 -1 -1 -1 0 
26 1 659 347 41 32 -1 -1 -1 0 
26 2 574 344 43 36 -1 -1 -1 0 
26 3 608 340 21 19 -1 -1 -1 0 
27 1 658 348 41 31 -1 -1 -1 0 
27 2 575 345 42 35 -1 -1 -1 0 
27 3 607 340 22 19 -1 -1 -1 0 
28 1 659 348 39 31 -1 -1 -1 0 
28 2 575 345 42 35 -1 -1 -1 0 
28 3 606 340 22 19 -1 -1 -1 0 
29 1 659 348 38 31 -1 -1 -1 0 
29 2 574 344 44 35 -1 -1 -1 0 
30 1 658 348 39 32 -1 -1 -1 0 
30 2 575 345 42 35 -1 -1 -1 0 
31 1 657 348 40 32 -1 -1 -1 0 
31 2 575 345 43 35 -1 -1 -1 0 
32 1 657 349 39 31 -1 -1 -1 0 
32 2 576 345 42 34 -1 -1 -1 0 
33 1 657 349 39 31 -1 -1 -1 0 
33 2 576 345 43 34 -1 -1 -1 0 
34 1 657 349 39 31 -1 -1 -1 0 
34 2 577 345 42 34 -1 -1 -1 0 
34 12 561 636 713 78 -1 -1 -1 0 
35 1 657 349 39 31 -1 -1 -1 0 
35 2 577 346 41 33 -1 -1 -1 0 
35 12 563 635 710 79 -1 -1 -1 0 
36 1 656 349 39 31 -1 -1 -1 0 
36 2 577 346 41 33 -1 -1 -1 0 
36 12 557 635 722 79 -1 -1 -1 0 
37 1 657 348 37 32 -1 -1 -1 0 
37 2 577 345 40 33 -1 -1 -1 0 
37 12 566 635 709 79 -1 -1 -1 0 
38 1 656 348 38 32 -1 -1 -1 0 
38 2 578 345 39 33 -1 -1 -1 0 
38 12 562 635 715 79 -1 -1 -1 0 
39 1 656 348 39 32 -1 -1 -1 0 
39 2 578 345 39 32 -1 -1 -1 0 
39 12 563 635 715 79 -1 -1 -1 0 
40 1 655 347 39 32 -1 -1 -1 0 
40 2 577 345 40 32 -1 -1 -1 0 
40 12 560 635 718 78 -1 -1 -1 0 
