3 1 675 346 20 17 -1 -1 -1 0 
3 2 537 339 76 61 -1 -1 -1 0 
3 3 618 348 30 22 -1 -1 -1 0 
3 4 537 338 77 62 -1 -1 -1 0 
4 1 676 346 19 17 -1 -1 -1 0 
4 2 538 339 76 61 -1 -1 -1 0 
4 3 618 347 30 24 -1 -1 -1 0 
4 4 538 338 76 62 -1 -1 -1 0 
5 1 675 346 21 17 -1 -1 -1 0 
5 2 540 338 75 62 -1 -1 -1 0 
5 3 618 347 31 24 -1 -1 -1 0 
5 4 539 338 77 62 -1 -1 -1 0 
6 1 676 346 19 17 -1 -1 -1 0 
6 2 540 338 76 61 -1 -1 -1 0 
6 3 619 347 30 23 -1 -1 -1 0 
6 4 539 338 77 62 -1 -1 -1 0 
7 1 675 346 22 17 -1 -1 -1 0 
7 2 541 337 76 62 -1 -1 -1 0 
7 3 619 346 31 24 -1 -1 -1 0 
7 4 541 338 76 62 -1 -1 -1 0 
8 1 676 346 20 18 -1 -1 -1 0 
8 2 542 338 76 62 -1 -1 -1 0 
8 3 619 347 31 23 -1 -1 -1 0 
8 4 542 338 75 62 -1 -1 -1 0 
9 1 676 346 21 18 -1 -1 -1 0 
9 2 543 338 75 61 -1 -1 -1 0 
9 3 620 347 29 23 -1 -1 -1 0 
9 4 543 338 75 61 -1 -1 -1 0 
10 1 676 346 21 18 -1 -1 -1 0 
10 2 545 338 74 61 -1 -1 -1 0 
10 3 619 346 31 24 -1 -1 -1 0 
10 4 545 338 74 61 -1 -1 -1 0 
11 1 676 346 22 18 -1 -1 -1 0 
11 2 545 338 75 60 -1 -1 -1 0 
11 3 621 346 28 25 -1 -1 -1 0 
11 4 546 338 73 60 -1 -1 -1 0 
12 1 676 346 21 18 -1 -1 -1 0 
12 2 548 338 71 60 -1 -1 -1 0 
12 3 621 347 29 24 -1 -1 -1 0 
12 4 548 338 72 60 -1 -1 -1 0 
13 1 676 345 21 19 -1 -1 -1 0 
13 2 547 338 74 60 -1 -1 -1 0 
13 3 621 346 29 25 -1 -1 -1 0 
13 4 549 339 71 59 -1 -1 -1 0 
13 6 470 348 22 16 -1 -1 -1 0 
14 1 675 345 23 19 -1 -1 -1 0 
14 2 548 338 73 60 -1 -1 -1 0 
14 3 620 345 31 26 -1 -1 -1 0 
14 4 549 338 72 60 -1 -1 -1 0 
14 6 462 347 26 17 -1 -1 -1 0 
15 1 676 345 21 19 -1 -1 -1 0 
15 2 549 338 73 60 -1 -1 -1 0 
15 3 620 346 31 25 -1 -1 -1 0 
15 4 550 338 72 60 -1 -1 -1 0 
15 6 455 347 26 17 -1 -1 -1 0 
16 1 676 345 20 19 -1 -1 -1 0 
16 2 550 338 72 59 -1 -1 -1 0 
16 3 621 346 29 25 -1 -1 -1 0 
16 4 550 338 73 59 -1 -1 -1 0 
16 6 446 347 27 18 -1 -1 -1 0 
17 1 676 344 21 20 -1 -1 -1 0 
17 2 551 338 73 59 -1 -1 -1 0 
17 3 620 345 30 26 -1 -1 -1 0 
17 4 552 338 71 59 -1 -1 -1 0 
17 6 437 347 30 19 -1 -1 -1 0 
18 1 675 344 22 19 -1 -1 -1 0 
18 2 552 338 72 59 -1 -1 -1 0 
18 3 621 345 28 26 -1 -1 -1 0 
18 4 552 338 72 59 -1 -1 -1 0 
18 6 427 347 32 20 -1 -1 -1 0 
19 1 675 344 22 19 -1 -1 -1 0 
19 2 552 338 73 58 -1 -1 -1 0 
19 3 620 345 30 25 -1 -1 -1 0 
19 4 553 338 71 59 -1 -1 -1 0 
19 6 417 347 34 20 -1 -1 -1 0 
20 1 675 345 22 18 -1 -1 -1 0 
20 2 553 338 73 58 -1 -1 -1 0 
20 3 621 346 29 24 -1 -1 -1 0 
20 6 407 348 34 20 -1 -1 -1 0 
21 1 676 344 20 19 -1 -1 -1 0 
21 2 554 337 71 59 -1 -1 -1 0 
21 3 621 346 29 24 -1 -1 -1 0 
21 6 394 348 37 21 -1 -1 -1 0 
22 1 676 344 20 19 -1 -1 -1 0 
22 2 554 337 73 58 -1 -1 -1 0 
22 3 621 345 29 24 -1 -1 -1 0 
22 6 381 348 40 21 -1 -1 -1 0 
22 8 481 347 21 12 -1 -1 -1 0 
23 1 676 343 20 19 -1 -1 -1 0 
23 2 555 337 72 57 -1 -1 -1 0 
23 3 621 345 29 24 -1 -1 -1 0 
23 6 366 348 44 21 -1 -1 -1 0 
23 8 476 347 20 12 -1 -1 -1 0 
24 1 675 343 22 19 -1 -1 -1 0 
24 2 556 336 71 58 -1 -1 -1 0 
24 3 622 344 28 24 -1 -1 -1 0 
24 6 351 348 45 22 -1 -1 -1 0 
24 8 468 347 22 12 -1 -1 -1 0 
25 1 674 343 23 18 -1 -1 -1 0 
25 2 556 336 72 57 -1 -1 -1 0 
25 3 622 344 29 24 -1 -1 -1 0 
25 6 334 348 47 24 -1 -1 -1 0 
25 8 461 347 22 15 -1 -1 -1 0 
26 1 674 343 23 18 -1 -1 -1 0 
26 2 558 336 70 57 -1 -1 -1 0 
26 3 622 343 29 25 -1 -1 -1 0 
26 6 315 348 50 26 -1 -1 -1 0 
26 8 453 348 22 14 -1 -1 -1 0 
27 1 675 343 21 18 -1 -1 -1 0 
27 2 559 336 69 57 -1 -1 -1 0 
27 3 623 343 27 24 -1 -1 -1 0 
27 6 291 348 58 28 -1 -1 -1 0 
27 8 444 348 24 15 -1 -1 -1 0 
27 10 409 349 22 15 -1 -1 -1 0 
28 1 675 343 20 18 -1 -1 -1 0 
28 2 559 336 68 58 -1 -1 -1 0 
28 3 622 345 28 22 -1 -1 -1 0 
28 6 267 349 62 30 -1 -1 -1 0 
28 8 435 348 25 16 -1 -1 -1 0 
28 10 397 349 25 16 -1 -1 -1 0 
29 1 675 343 20 19 -1 -1 -1 0 
29 2 560 337 68 57 -1 -1 -1 0 
29 3 623 345 26 23 -1 -1 -1 0 
29 6 238 350 69 32 -1 -1 -1 0 
29 8 425 349 25 16 -1 -1 -1 0 
29 10 386 352 24 15 -1 -1 -1 0 
30 1 674 344 21 18 -1 -1 -1 0 
30 2 560 337 68 57 -1 -1 -1 0 
30 3 622 347 27 21 -1 -1 -1 0 
30 6 205 351 77 34 -1 -1 -1 0 
30 8 414 349 28 17 -1 -1 -1 0 
30 10 374 353 27 15 -1 -1 -1 0 
31 1 674 345 21 18 -1 -1 -1 0 
31 2 561 338 67 57 -1 -1 -1 0 
31 3 623 349 25 20 -1 -1 -1 0 
31 6 167 353 87 36 -1 -1 -1 0 
31 8 402 351 30 18 -1 -1 -1 0 
31 10 363 353 27 17 -1 -1 -1 0 
32 1 674 345 20 18 -1 -1 -1 0 
32 2 561 338 67 57 -1 -1 -1 0 
32 3 624 349 23 21 -1 -1 -1 0 
32 6 121 354 100 38 -1 -1 -1 0 
32 8 391 351 31 19 -1 -1 -1 0 
32 10 349 354 28 17 -1 -1 -1 0 
33 1 673 345 22 18 -1 -1 -1 0 
33 2 561 338 68 57 -1 -1 -1 0 
33 3 623 347 24 23 -1 -1 -1 0 
33 6 65 354 117 42 -1 -1 -1 0 
33 8 378 352 32 19 -1 -1 -1 0 
33 10 334 354 30 19 -1 -1 -1 0 
34 1 672 345 22 19 -1 -1 -1 0 
34 2 561 338 68 57 -1 -1 -1 0 
34 3 622 345 25 25 -1 -1 -1 0 
34 4 562 337 67 57 -1 -1 -1 0 
34 6 6 355 128 46 -1 -1 -1 0 
34 8 362 352 35 20 -1 -1 -1 0 
34 10 317 354 34 20 -1 -1 -1 0 
35 1 672 345 22 19 -1 -1 -1 0 
35 2 561 338 68 57 -1 -1 -1 0 
35 3 622 345 26 25 -1 -1 -1 0 
35 4 562 337 67 57 -1 -1 -1 0 
35 6 0 358 74 45 -1 -1 -1 0 
35 8 346 352 37 22 -1 -1 -1 0 
35 10 299 354 35 21 -1 -1 -1 0 
35 14 558 635 704 81 -1 -1 -1 0 
36 1 673 343 21 20 -1 -1 -1 0 
36 2 563 337 65 57 -1 -1 -1 0 
36 3 622 343 25 26 -1 -1 -1 0 
36 4 562 337 67 56 -1 -1 -1 0 
36 6 0 359 39 46 -1 -1 -1 0 
36 8 328 353 39 22 -1 -1 -1 0 
36 10 278 354 43 22 -1 -1 -1 0 
36 14 555 634 718 82 -1 -1 -1 0 
37 1 672 345 23 18 -1 -1 -1 0 
37 2 563 337 66 57 -1 -1 -1 0 
37 3 621 343 26 26 -1 -1 -1 0 
37 4 563 337 66 56 -1 -1 -1 0 
37 8 308 353 43 24 -1 -1 -1 0 
37 10 257 355 42 24 -1 -1 -1 0 
37 14 563 634 686 81 -1 -1 -1 0 
38 1 672 345 22 18 -1 -1 -1 0 
38 2 563 337 66 57 -1 -1 -1 0 
38 3 621 345 27 24 -1 -1 -1 0 
38 8 285 354 49 25 -1 -1 -1 0 
38 10 231 355 51 27 -1 -1 -1 0 
38 14 563 634 686 81 -1 -1 -1 0 
39 1 673 344 21 20 -1 -1 -1 0 
39 2 563 337 66 56 -1 -1 -1 0 
39 3 622 345 25 24 -1 -1 -1 0 
39 4 564 337 65 55 -1 -1 -1 0 
39 8 259 355 54 27 -1 -1 -1 0 
39 10 202 356 55 27 -1 -1 -1 0 
39 15 437 349 25 17 -1 -1 -1 0 
40 1 672 344 22 20 -1 -1 -1 0 
40 2 564 337 65 56 -1 -1 -1 0 
40 3 622 345 25 24 -1 -1 -1 0 
40 4 564 336 64 56 -1 -1 -1 0 
40 8 229 355 60 28 -1 -1 -1 0 
40 10 169 356 64 30 -1 -1 -1 0 
40 14 557 634 711 81 -1 -1 -1 0 
40 15 426 349 29 17 -1 -1 -1 0 
