3 1 765 339 69 48 -1 -1 -1 0 
3 2 681 347 42 35 -1 -1 -1 0 
4 1 765 339 69 48 -1 -1 -1 0 
4 2 679 346 45 36 -1 -1 -1 0 
5 1 765 339 69 48 -1 -1 -1 0 
5 2 679 347 45 35 -1 -1 -1 0 
6 1 764 340 71 47 -1 -1 -1 0 
6 2 680 348 44 34 -1 -1 -1 0 
7 1 764 340 70 47 -1 -1 -1 0 
7 2 680 348 44 34 -1 -1 -1 0 
8 1 764 339 71 48 -1 -1 -1 0 
8 2 681 348 42 34 -1 -1 -1 0 
9 1 764 339 71 48 -1 -1 -1 0 
9 2 681 348 42 34 -1 -1 -1 0 
10 1 764 339 71 48 -1 -1 -1 0 
10 2 680 348 45 34 -1 -1 -1 0 
11 1 763 340 73 47 -1 -1 -1 0 
11 2 680 348 45 34 -1 -1 -1 0 
12 1 765 340 69 48 -1 -1 -1 0 
12 2 679 349 46 34 -1 -1 -1 0 
13 1 764 341 71 47 -1 -1 -1 0 
13 2 681 349 43 34 -1 -1 -1 0 
14 1 764 341 71 47 -1 -1 -1 0 
14 2 681 349 43 34 -1 -1 -1 0 
15 1 765 341 69 47 -1 -1 -1 0 
15 2 681 349 43 34 -1 -1 -1 0 
16 1 765 341 69 47 -1 -1 -1 0 
16 2 681 349 43 34 -1 -1 -1 0 
17 1 764 341 70 47 -1 -1 -1 0 
17 2 680 349 43 34 -1 -1 -1 0 
18 1 764 341 70 48 -1 -1 -1 0 
18 2 679 349 44 34 -1 -1 -1 0 
19 1 764 341 70 48 -1 -1 -1 0 
19 2 679 349 44 34 -1 -1 -1 0 
20 1 762 342 72 47 -1 -1 -1 0 
20 2 679 349 44 34 -1 -1 -1 0 
21 1 764 342 68 48 -1 -1 -1 0 
21 2 679 349 44 35 -1 -1 -1 0 
22 1 762 343 71 47 -1 -1 -1 0 
22 2 678 349 45 35 -1 -1 -1 0 
23 1 763 342 70 48 -1 -1 -1 0 
23 2 678 349 45 35 -1 -1 -1 0 
24 1 763 342 69 48 -1 -1 -1 0 
24 2 679 349 44 35 -1 -1 -1 0 
25 1 763 342 69 48 -1 -1 -1 0 
25 2 678 349 44 35 -1 -1 -1 0 
26 1 762 342 70 48 -1 -1 -1 0 
26 2 678 349 44 35 -1 -1 -1 0 
27 1 761 342 71 47 -1 -1 -1 0 
27 2 676 350 46 33 -1 -1 -1 0 
28 1 761 342 71 47 -1 -1 -1 0 
28 2 677 350 44 33 -1 -1 -1 0 
29 1 761 342 70 47 -1 -1 -1 0 
29 2 676 350 45 33 -1 -1 -1 0 
30 1 761 342 69 47 -1 -1 -1 0 
30 2 676 350 45 33 -1 -1 -1 0 
31 1 761 342 69 47 -1 -1 -1 0 
31 2 676 350 46 34 -1 -1 -1 0 
32 1 760 342 70 47 -1 -1 -1 0 
32 2 676 350 45 34 -1 -1 -1 0 
33 1 759 342 70 47 -1 -1 -1 0 
33 2 675 350 45 34 -1 -1 -1 0 
34 1 759 342 70 48 -1 -1 -1 0 
34 2 675 350 46 34 -1 -1 -1 0 
35 1 759 342 69 47 -1 -1 -1 0 
35 2 675 349 44 35 -1 -1 -1 0 
36 1 760 341 68 47 -1 -1 -1 0 
36 2 675 347 43 36 -1 -1 -1 0 
37 1 759 340 68 48 -1 -1 -1 0 
37 2 674 347 44 36 -1 -1 -1 0 
38 1 758 340 70 47 -1 -1 -1 0 
38 2 673 346 44 37 -1 -1 -1 0 
39 1 757 339 71 48 -1 -1 -1 0 
39 2 673 346 44 36 -1 -1 -1 0 
40 1 757 340 70 48 -1 -1 -1 0 
40 2 672 347 46 35 -1 -1 -1 0 
