3 2 922 333 91 50 -1 -1 -1 0 
3 4 682 344 33 26 -1 -1 -1 0 
3 5 747 341 20 16 -1 -1 -1 0 
4 2 921 333 92 50 -1 -1 -1 0 
4 4 683 344 32 26 -1 -1 -1 0 
4 5 747 341 20 16 -1 -1 -1 0 
4 6 5 364 106 34 -1 -1 -1 0 
4 8 526 345 21 11 -1 -1 -1 0 
4 9 479 347 22 12 -1 -1 -1 0 
5 2 922 333 92 50 -1 -1 -1 0 
5 4 682 343 34 27 -1 -1 -1 0 
5 5 746 341 21 16 -1 -1 -1 0 
5 6 0 365 49 34 -1 -1 -1 0 
5 8 519 345 23 12 -1 -1 -1 0 
5 9 472 346 26 14 -1 -1 -1 0 
5 11 322 338 43 32 -1 -1 -1 0 
6 2 922 333 92 50 -1 -1 -1 0 
6 4 681 343 35 27 -1 -1 -1 0 
6 5 746 341 21 16 -1 -1 -1 0 
6 6 0 365 18 35 -1 -1 -1 0 
6 8 512 346 26 12 -1 -1 -1 0 
6 9 466 347 24 14 -1 -1 -1 0 
6 11 288 336 85 36 -1 -1 -1 0 
6 12 557 634 719 80 -1 -1 -1 0 
7 2 922 333 92 50 -1 -1 -1 0 
7 4 682 343 33 28 -1 -1 -1 0 
7 5 746 341 21 16 -1 -1 -1 0 
7 8 473 347 23 14 -1 -1 -1 0 
7 9 396 351 32 15 -1 -1 -1 0 
7 11 263 336 55 40 -1 -1 -1 0 
7 12 557 634 720 80 -1 -1 -1 0 
8 2 923 332 91 50 -1 -1 -1 0 
8 4 681 343 35 28 -1 -1 -1 0 
8 5 745 340 22 17 -1 -1 -1 0 
8 8 452 347 27 15 -1 -1 -1 0 
8 9 363 353 35 15 -1 -1 -1 0 
8 11 241 336 58 41 -1 -1 -1 0 
9 2 923 332 92 50 -1 -1 -1 0 
9 4 681 343 35 28 -1 -1 -1 0 
9 5 746 340 21 17 -1 -1 -1 0 
9 8 439 347 29 15 -1 -1 -1 0 
9 9 343 354 36 16 -1 -1 -1 0 
9 11 166 336 138 48 -1 -1 -1 0 
10 2 923 331 93 51 -1 -1 -1 0 
10 4 682 343 33 28 -1 -1 -1 0 
10 5 746 340 21 17 -1 -1 -1 0 
10 8 430 348 29 15 -1 -1 -1 0 
10 9 325 355 39 16 -1 -1 -1 0 
10 11 106 335 170 53 -1 -1 -1 0 
11 2 925 331 92 50 -1 -1 -1 0 
11 4 681 344 35 27 -1 -1 -1 0 
11 5 747 340 21 16 -1 -1 -1 0 
11 8 419 348 33 15 -1 -1 -1 0 
11 9 305 356 47 17 -1 -1 -1 0 
11 11 28 336 205 58 -1 -1 -1 0 
11 12 559 634 718 80 -1 -1 -1 0 
11 13 467 348 31 13 -1 -1 -1 0 
12 2 925 331 94 50 -1 -1 -1 0 
12 4 682 344 34 28 -1 -1 -1 0 
12 5 748 340 21 16 -1 -1 -1 0 
12 8 409 350 36 13 -1 -1 -1 0 
12 9 285 356 50 19 -1 -1 -1 0 
12 11 3 335 173 66 -1 -1 -1 0 
12 12 560 634 716 80 -1 -1 -1 0 
12 13 453 348 36 14 -1 -1 -1 0 
13 2 926 330 94 51 -1 -1 -1 0 
13 4 683 344 33 28 -1 -1 -1 0 
13 5 749 340 20 17 -1 -1 -1 0 
13 8 425 348 39 16 -1 -1 -1 0 
13 9 264 357 50 21 -1 -1 -1 0 
13 11 0 335 145 69 -1 -1 -1 0 
13 12 560 634 716 80 -1 -1 -1 0 
13 13 412 349 37 16 -1 -1 -1 0 
14 2 928 330 93 51 -1 -1 -1 0 
14 4 683 344 33 28 -1 -1 -1 0 
14 5 749 340 20 17 -1 -1 -1 0 
14 8 400 350 33 16 -1 -1 -1 0 
14 9 238 358 56 22 -1 -1 -1 0 
14 12 565 634 710 80 -1 -1 -1 0 
14 13 415 349 44 16 -1 -1 -1 0 
15 2 928 330 96 51 -1 -1 -1 0 
15 4 683 343 33 29 -1 -1 -1 0 
15 5 749 340 21 17 -1 -1 -1 0 
15 8 398 349 47 18 -1 -1 -1 0 
15 9 209 359 64 23 -1 -1 -1 0 
15 12 560 634 717 80 -1 -1 -1 0 
15 13 386 348 29 18 -1 -1 -1 0 
16 2 930 330 95 52 -1 -1 -1 0 
16 4 683 344 35 28 -1 -1 -1 0 
16 5 750 340 20 17 -1 -1 -1 0 
16 8 383 349 54 18 -1 -1 -1 0 
16 9 175 360 71 25 -1 -1 -1 0 
16 12 560 634 718 81 -1 -1 -1 0 
16 13 369 348 31 19 -1 -1 -1 0 
17 2 930 330 96 52 -1 -1 -1 0 
17 4 683 344 35 28 -1 -1 -1 0 
17 5 750 340 21 17 -1 -1 -1 0 
17 8 362 350 59 19 -1 -1 -1 0 
17 9 135 361 80 27 -1 -1 -1 0 
18 2 931 330 95 52 -1 -1 -1 0 
18 4 684 343 33 28 -1 -1 -1 0 
18 5 749 340 22 17 -1 -1 -1 0 
18 8 334 349 65 22 -1 -1 -1 0 
18 9 87 363 93 28 -1 -1 -1 0 
19 2 932 330 95 52 -1 -1 -1 0 
19 4 684 343 34 28 -1 -1 -1 0 
19 5 751 340 19 17 -1 -1 -1 0 
19 8 300 350 73 25 -1 -1 -1 0 
19 9 29 365 107 31 -1 -1 -1 0 
20 2 931 331 98 51 -1 -1 -1 0 
20 4 684 343 34 29 -1 -1 -1 0 
20 5 750 340 21 17 -1 -1 -1 0 
20 8 256 352 86 27 -1 -1 -1 0 
20 9 0 368 84 31 -1 -1 -1 0 
21 2 932 331 98 51 -1 -1 -1 0 
21 4 684 343 34 29 -1 -1 -1 0 
21 5 751 340 21 17 -1 -1 -1 0 
21 8 201 354 104 29 -1 -1 -1 0 
21 9 0 369 50 32 -1 -1 -1 0 
21 12 558 634 719 80 -1 -1 -1 0 
22 2 933 331 96 52 -1 -1 -1 0 
22 4 683 344 36 29 -1 -1 -1 0 
22 5 750 340 22 18 -1 -1 -1 0 
22 8 127 355 131 34 -1 -1 -1 0 
22 12 558 634 719 80 -1 -1 -1 0 
22 13 442 346 28 17 -1 -1 -1 0 
23 2 934 331 96 52 -1 -1 -1 0 
23 4 683 344 36 28 -1 -1 -1 0 
23 5 751 340 21 18 -1 -1 -1 0 
23 8 21 357 174 39 -1 -1 -1 0 
23 12 560 634 716 80 -1 -1 -1 0 
23 13 441 346 29 16 -1 -1 -1 0 
24 2 934 331 97 52 -1 -1 -1 0 
24 4 684 344 35 28 -1 -1 -1 0 
24 5 752 340 21 18 -1 -1 -1 0 
24 8 0 359 102 40 -1 -1 -1 0 
24 12 562 634 714 80 -1 -1 -1 0 
24 13 436 346 31 16 -1 -1 -1 0 
25 2 936 330 97 53 -1 -1 -1 0 
25 4 684 344 36 28 -1 -1 -1 0 
25 5 751 340 21 18 -1 -1 -1 0 
25 8 0 361 58 41 -1 -1 -1 0 
25 12 562 634 714 80 -1 -1 -1 0 
25 13 427 348 32 14 -1 -1 -1 0 
25 17 115 353 99 36 -1 -1 -1 0 
26 2 937 330 98 52 -1 -1 -1 0 
26 4 686 342 34 30 -1 -1 -1 0 
26 5 751 340 21 18 -1 -1 -1 0 
26 13 417 349 34 15 -1 -1 -1 0 
26 17 53 355 122 39 -1 -1 -1 0 
27 2 937 330 100 52 -1 -1 -1 0 
27 4 685 342 36 30 -1 -1 -1 0 
27 5 752 340 21 18 -1 -1 -1 0 
27 13 407 348 42 16 -1 -1 -1 0 
27 17 2 357 120 42 -1 -1 -1 0 
28 2 939 330 99 52 -1 -1 -1 0 
28 4 686 342 35 30 -1 -1 -1 0 
28 5 753 340 20 18 -1 -1 -1 0 
28 13 396 348 50 18 -1 -1 -1 0 
28 17 0 359 66 41 -1 -1 -1 0 
29 2 939 330 101 52 -1 -1 -1 0 
29 4 687 342 35 30 -1 -1 -1 0 
29 5 753 340 22 18 -1 -1 -1 0 
29 12 563 634 712 80 -1 -1 -1 0 
29 13 393 348 52 18 -1 -1 -1 0 
29 17 0 360 30 43 -1 -1 -1 0 
30 2 940 330 101 52 -1 -1 -1 0 
30 4 687 342 35 31 -1 -1 -1 0 
30 5 754 340 20 18 -1 -1 -1 0 
30 12 563 633 712 82 -1 -1 -1 0 
30 13 373 352 35 17 -1 -1 -1 0 
30 18 528 344 22 12 -1 -1 -1 0 
31 2 940 330 103 53 -1 -1 -1 0 
31 4 687 342 35 31 -1 -1 -1 0 
31 5 754 340 21 18 -1 -1 -1 0 
31 13 357 354 36 16 -1 -1 -1 0 
31 18 523 343 24 13 -1 -1 -1 0 
32 2 941 330 101 53 -1 -1 -1 0 
32 4 688 342 34 31 -1 -1 -1 0 
32 5 754 341 21 18 -1 -1 -1 0 
32 13 340 355 40 16 -1 -1 -1 0 
32 18 516 344 29 13 -1 -1 -1 0 
33 2 942 330 101 53 -1 -1 -1 0 
33 4 688 342 35 31 -1 -1 -1 0 
33 5 755 341 21 18 -1 -1 -1 0 
33 12 558 635 720 79 -1 -1 -1 0 
33 13 321 356 45 16 -1 -1 -1 0 
33 18 510 344 30 13 -1 -1 -1 0 
33 20 385 350 26 13 -1 -1 -1 0 
34 2 943 329 101 54 -1 -1 -1 0 
34 4 688 341 35 32 -1 -1 -1 0 
34 5 754 341 22 17 -1 -1 -1 0 
34 12 558 636 719 78 -1 -1 -1 0 
34 13 304 356 43 18 -1 -1 -1 0 
34 18 505 344 31 14 -1 -1 -1 0 
34 20 376 350 29 13 -1 -1 -1 0 
35 2 943 330 102 53 -1 -1 -1 0 
35 4 688 341 36 32 -1 -1 -1 0 
35 5 755 340 21 18 -1 -1 -1 0 
35 12 557 636 720 78 -1 -1 -1 0 
35 13 281 355 48 22 -1 -1 -1 0 
35 18 496 345 38 13 -1 -1 -1 0 
35 20 368 351 26 14 -1 -1 -1 0 
36 2 945 330 100 53 -1 -1 -1 0 
36 4 688 341 36 32 -1 -1 -1 0 
36 5 755 341 21 17 -1 -1 -1 0 
36 13 255 357 57 21 -1 -1 -1 0 
36 18 490 344 32 14 -1 -1 -1 0 
36 20 358 351 28 14 -1 -1 -1 0 
37 2 946 330 100 53 -1 -1 -1 0 
37 4 688 341 36 32 -1 -1 -1 0 
37 5 754 341 21 18 -1 -1 -1 0 
37 13 227 359 60 22 -1 -1 -1 0 
37 18 483 347 26 13 -1 -1 -1 0 
37 20 345 352 31 15 -1 -1 -1 0 
38 2 945 330 102 53 -1 -1 -1 0 
38 4 689 341 35 32 -1 -1 -1 0 
38 5 754 341 21 18 -1 -1 -1 0 
38 13 196 361 66 23 -1 -1 -1 0 
38 18 473 347 30 13 -1 -1 -1 0 
38 20 333 353 32 15 -1 -1 -1 0 
39 2 946 330 101 53 -1 -1 -1 0 
39 4 688 341 36 33 -1 -1 -1 0 
39 5 754 340 22 18 -1 -1 -1 0 
39 12 560 634 715 80 -1 -1 -1 0 
39 13 154 362 79 25 -1 -1 -1 0 
39 18 463 348 29 13 -1 -1 -1 0 
39 20 322 353 33 16 -1 -1 -1 0 
40 2 946 329 101 54 -1 -1 -1 0 
40 4 687 341 37 32 -1 -1 -1 0 
40 5 754 341 22 17 -1 -1 -1 0 
40 12 556 634 723 80 -1 -1 -1 0 
40 13 107 363 96 28 -1 -1 -1 0 
40 18 451 348 33 14 -1 -1 -1 0 
40 20 308 353 35 17 -1 -1 -1 0 
