3 1 0 350 415 311 -1 -1 -1 0 
3 2 680 339 51 44 -1 -1 -1 0 
3 3 824 336 131 86 -1 -1 -1 0 
3 4 517 339 56 41 -1 -1 -1 0 
4 1 0 348 418 310 -1 -1 -1 0 
4 2 680 338 52 45 -1 -1 -1 0 
4 3 825 335 132 88 -1 -1 -1 0 
4 4 517 339 57 40 -1 -1 -1 0 
4 5 719 334 27 23 -1 -1 -1 0 
5 1 0 347 421 306 -1 -1 -1 0 
5 2 681 338 51 45 -1 -1 -1 0 
5 3 826 335 133 88 -1 -1 -1 0 
5 4 518 339 55 39 -1 -1 -1 0 
5 5 718 335 28 22 -1 -1 -1 0 
5 6 552 635 723 79 -1 -1 -1 0 
6 1 0 349 424 299 -1 -1 -1 0 
6 2 680 339 53 45 -1 -1 -1 0 
6 3 827 336 135 88 -1 -1 -1 0 
6 4 520 339 54 40 -1 -1 -1 0 
6 5 719 335 25 22 -1 -1 -1 0 
6 6 557 635 718 79 -1 -1 -1 0 
7 1 0 349 426 294 -1 -1 -1 0 
7 2 680 339 53 45 -1 -1 -1 0 
7 3 828 336 136 89 -1 -1 -1 0 
7 4 520 340 55 40 -1 -1 -1 0 
7 5 719 336 25 21 -1 -1 -1 0 
7 6 560 635 714 79 -1 -1 -1 0 
8 1 1 349 428 290 -1 -1 -1 0 
8 2 681 340 52 45 -1 -1 -1 0 
8 3 830 337 137 89 -1 -1 -1 0 
8 4 520 340 55 40 -1 -1 -1 0 
8 5 717 336 28 22 -1 -1 -1 0 
8 6 558 635 717 79 -1 -1 -1 0 
9 1 3 349 427 291 -1 -1 -1 0 
9 2 681 339 51 46 -1 -1 -1 0 
9 3 832 336 137 90 -1 -1 -1 0 
9 4 521 341 54 39 -1 -1 -1 0 
9 5 717 336 27 22 -1 -1 -1 0 
9 6 560 635 716 78 -1 -1 -1 0 
10 1 0 349 434 284 -1 -1 -1 0 
10 2 680 339 53 45 -1 -1 -1 0 
10 3 832 336 141 90 -1 -1 -1 0 
10 4 521 340 54 39 -1 -1 -1 0 
10 5 717 334 27 23 -1 -1 -1 0 
10 6 569 634 703 79 -1 -1 -1 0 
11 1 1 349 435 280 -1 -1 -1 0 
11 2 680 339 53 45 -1 -1 -1 0 
11 3 834 336 140 91 -1 -1 -1 0 
11 4 521 340 54 39 -1 -1 -1 0 
11 5 716 334 28 23 -1 -1 -1 0 
11 6 580 634 690 79 -1 -1 -1 0 
12 1 1 350 436 277 -1 -1 -1 0 
12 2 681 339 51 45 -1 -1 -1 0 
12 3 834 336 143 91 -1 -1 -1 0 
12 4 521 340 54 39 -1 -1 -1 0 
12 6 581 634 694 79 -1 -1 -1 0 
13 1 3 350 435 276 -1 -1 -1 0 
13 2 681 338 52 46 -1 -1 -1 0 
13 3 835 336 144 92 -1 -1 -1 0 
13 4 521 340 54 39 -1 -1 -1 0 
13 6 565 634 714 79 -1 -1 -1 0 
14 1 3 350 437 276 -1 -1 -1 0 
14 2 680 339 53 46 -1 -1 -1 0 
14 3 835 336 147 93 -1 -1 -1 0 
14 4 521 340 55 39 -1 -1 -1 0 
14 6 562 634 714 79 -1 -1 -1 0 
15 1 0 350 443 272 -1 -1 -1 0 
15 2 680 339 53 46 -1 -1 -1 0 
15 3 837 335 147 95 -1 -1 -1 0 
15 4 522 340 53 39 -1 -1 -1 0 
15 6 569 633 705 80 -1 -1 -1 0 
16 1 0 350 446 265 -1 -1 -1 0 
16 2 680 339 52 46 -1 -1 -1 0 
16 3 837 335 150 95 -1 -1 -1 0 
16 4 521 340 55 40 -1 -1 -1 0 
16 6 560 634 717 79 -1 -1 -1 0 
17 1 0 349 447 263 -1 -1 -1 0 
17 2 680 339 52 47 -1 -1 -1 0 
17 3 838 335 153 96 -1 -1 -1 0 
17 4 522 340 54 40 -1 -1 -1 0 
17 6 564 634 710 79 -1 -1 -1 0 
18 1 2 349 445 261 -1 -1 -1 0 
18 2 679 339 54 47 -1 -1 -1 0 
18 3 839 335 154 97 -1 -1 -1 0 
18 4 522 341 54 39 -1 -1 -1 0 
18 6 563 634 712 80 -1 -1 -1 0 
19 1 1 349 448 258 -1 -1 -1 0 
19 2 679 339 53 47 -1 -1 -1 0 
19 3 840 335 155 98 -1 -1 -1 0 
19 4 522 342 54 38 -1 -1 -1 0 
19 6 561 634 713 80 -1 -1 -1 0 
20 1 2 349 447 258 -1 -1 -1 0 
20 2 678 339 55 47 -1 -1 -1 0 
20 3 841 335 157 99 -1 -1 -1 0 
20 4 522 342 54 39 -1 -1 -1 0 
20 6 560 634 716 80 -1 -1 -1 0 
21 1 0 350 453 254 -1 -1 -1 0 
21 2 678 339 54 48 -1 -1 -1 0 
21 3 843 335 159 101 -1 -1 -1 0 
21 4 523 343 53 38 -1 -1 -1 0 
21 6 579 635 693 79 -1 -1 -1 0 
22 1 0 350 454 250 -1 -1 -1 0 
22 2 678 340 53 48 -1 -1 -1 0 
22 3 842 336 164 101 -1 -1 -1 0 
22 4 522 344 54 37 -1 -1 -1 0 
22 5 712 336 30 22 -1 -1 -1 0 
22 6 573 635 703 79 -1 -1 -1 0 
23 1 0 351 456 244 -1 -1 -1 0 
23 2 677 340 54 49 -1 -1 -1 0 
23 3 844 336 164 102 -1 -1 -1 0 
23 4 523 344 53 37 -1 -1 -1 0 
23 5 712 337 29 22 -1 -1 -1 0 
23 6 574 635 701 79 -1 -1 -1 0 
24 1 1 351 455 243 -1 -1 -1 0 
24 2 675 340 57 49 -1 -1 -1 0 
24 3 845 336 166 103 -1 -1 -1 0 
24 4 523 344 52 37 -1 -1 -1 0 
24 6 583 635 692 78 -1 -1 -1 0 
25 1 0 351 459 241 -1 -1 -1 0 
25 2 676 341 55 48 -1 -1 -1 0 
25 3 846 337 168 103 -1 -1 -1 0 
25 4 522 344 54 38 -1 -1 -1 0 
25 6 567 634 710 79 -1 -1 -1 0 
26 1 0 352 460 237 -1 -1 -1 0 
26 2 675 341 57 48 -1 -1 -1 0 
26 3 847 337 170 104 -1 -1 -1 0 
26 4 523 344 52 38 -1 -1 -1 0 
26 6 556 634 723 79 -1 -1 -1 0 
27 1 1 353 461 234 -1 -1 -1 0 
27 2 676 341 54 49 -1 -1 -1 0 
27 3 847 339 173 105 -1 -1 -1 0 
27 4 523 344 53 38 -1 -1 -1 0 
27 6 557 635 720 78 -1 -1 -1 0 
28 1 0 353 463 230 -1 -1 -1 0 
28 2 675 342 55 48 -1 -1 -1 0 
28 3 850 339 174 106 -1 -1 -1 0 
28 4 523 344 53 37 -1 -1 -1 0 
28 6 560 635 714 78 -1 -1 -1 0 
29 1 1 353 462 227 -1 -1 -1 0 
29 2 675 342 55 49 -1 -1 -1 0 
29 3 852 339 175 107 -1 -1 -1 0 
29 4 524 344 52 37 -1 -1 -1 0 
29 6 560 635 714 78 -1 -1 -1 0 
30 1 3 353 462 225 -1 -1 -1 0 
30 2 675 342 56 48 -1 -1 -1 0 
30 3 852 339 178 108 -1 -1 -1 0 
30 4 523 344 53 37 -1 -1 -1 0 
30 6 559 635 715 78 -1 -1 -1 0 
31 1 10 351 455 223 -1 -1 -1 0 
31 2 675 340 56 49 -1 -1 -1 0 
31 3 854 338 180 109 -1 -1 -1 0 
31 4 524 342 52 37 -1 -1 -1 0 
31 6 565 635 710 79 -1 -1 -1 0 
32 1 19 351 447 220 -1 -1 -1 0 
32 2 675 339 57 49 -1 -1 -1 0 
32 3 855 336 182 110 -1 -1 -1 0 
32 4 523 341 54 36 -1 -1 -1 0 
32 6 566 635 709 79 -1 -1 -1 0 
33 1 28 351 439 218 -1 -1 -1 0 
33 2 675 339 58 48 -1 -1 -1 0 
33 3 857 335 184 112 -1 -1 -1 0 
33 4 524 341 52 36 -1 -1 -1 0 
33 6 576 635 698 79 -1 -1 -1 0 
34 1 38 350 431 217 -1 -1 -1 0 
34 2 675 338 58 49 -1 -1 -1 0 
34 3 861 335 182 113 -1 -1 -1 0 
34 4 525 340 51 36 -1 -1 -1 0 
34 6 566 635 711 79 -1 -1 -1 0 
35 1 47 350 424 215 -1 -1 -1 0 
35 2 676 338 56 48 -1 -1 -1 0 
35 3 859 334 190 114 -1 -1 -1 0 
35 4 525 340 51 35 -1 -1 -1 0 
35 6 564 634 711 80 -1 -1 -1 0 
36 1 56 350 416 212 -1 -1 -1 0 
36 2 676 338 56 49 -1 -1 -1 0 
36 3 859 334 194 115 -1 -1 -1 0 
36 4 525 339 51 36 -1 -1 -1 0 
36 6 563 634 712 80 -1 -1 -1 0 
37 1 65 350 409 209 -1 -1 -1 0 
37 2 674 339 59 48 -1 -1 -1 0 
37 3 861 335 195 116 -1 -1 -1 0 
37 4 526 339 50 36 -1 -1 -1 0 
37 6 561 634 715 80 -1 -1 -1 0 
38 1 73 348 402 208 -1 -1 -1 0 
38 2 674 339 59 48 -1 -1 -1 0 
38 3 863 335 196 117 -1 -1 -1 0 
38 4 526 339 50 36 -1 -1 -1 0 
38 6 556 633 723 80 -1 -1 -1 0 
39 1 80 348 396 206 -1 -1 -1 0 
39 2 675 339 57 48 -1 -1 -1 0 
39 3 864 336 199 118 -1 -1 -1 0 
39 4 526 339 49 36 -1 -1 -1 0 
39 6 561 633 714 80 -1 -1 -1 0 
40 1 85 347 393 203 -1 -1 -1 0 
40 2 675 338 56 49 -1 -1 -1 0 
40 3 865 336 203 119 -1 -1 -1 0 
40 4 526 339 50 36 -1 -1 -1 0 
40 6 566 634 710 79 -1 -1 -1 0 
