3 1 0 350 458 353 -1 -1 -1 0 
3 2 961 333 318 221 -1 -1 -1 0 
3 3 746 338 32 25 -1 -1 -1 0 
3 4 649 347 20 15 -1 -1 -1 0 
3 5 322 345 38 20 -1 -1 -1 0 
3 6 601 336 29 30 -1 -1 -1 0 
4 1 0 351 464 341 -1 -1 -1 0 
4 2 962 333 316 220 -1 -1 -1 0 
4 3 746 338 31 25 -1 -1 -1 0 
4 4 648 347 22 16 -1 -1 -1 0 
4 5 315 345 41 21 -1 -1 -1 0 
4 6 600 336 29 30 -1 -1 -1 0 
5 1 0 348 468 331 -1 -1 -1 0 
5 2 962 333 316 221 -1 -1 -1 0 
5 3 746 339 32 25 -1 -1 -1 0 
5 4 648 348 21 15 -1 -1 -1 0 
5 6 599 337 30 29 -1 -1 -1 0 
6 1 0 348 472 323 -1 -1 -1 0 
6 2 961 333 317 222 -1 -1 -1 0 
6 3 747 339 32 25 -1 -1 -1 0 
6 4 648 348 23 15 -1 -1 -1 0 
6 6 600 338 29 28 -1 -1 -1 0 
7 1 0 347 478 312 -1 -1 -1 0 
7 2 960 333 319 221 -1 -1 -1 0 
7 3 747 339 32 26 -1 -1 -1 0 
7 4 649 348 22 16 -1 -1 -1 0 
7 6 600 339 29 27 -1 -1 -1 0 
8 1 0 347 483 301 -1 -1 -1 0 
8 2 960 333 319 221 -1 -1 -1 0 
8 3 747 339 33 26 -1 -1 -1 0 
8 4 649 348 23 17 -1 -1 -1 0 
8 6 601 339 29 28 -1 -1 -1 0 
9 1 1 347 485 292 -1 -1 -1 0 
9 2 962 332 316 221 -1 -1 -1 0 
9 3 748 339 32 26 -1 -1 -1 0 
9 4 649 348 25 17 -1 -1 -1 0 
9 6 602 339 28 28 -1 -1 -1 0 
10 1 0 347 492 283 -1 -1 -1 0 
10 2 962 332 316 221 -1 -1 -1 0 
10 3 748 339 33 26 -1 -1 -1 0 
10 4 650 349 23 16 -1 -1 -1 0 
10 6 602 339 29 28 -1 -1 -1 0 
11 1 2 347 491 276 -1 -1 -1 0 
11 2 962 331 317 221 -1 -1 -1 0 
11 3 749 339 34 25 -1 -1 -1 0 
11 4 650 349 24 16 -1 -1 -1 0 
11 6 603 339 28 28 -1 -1 -1 0 
12 1 18 349 477 269 -1 -1 -1 0 
12 2 963 331 316 220 -1 -1 -1 0 
12 3 750 340 33 24 -1 -1 -1 0 
12 4 651 351 23 14 -1 -1 -1 0 
12 6 603 339 29 28 -1 -1 -1 0 
13 1 41 351 456 263 -1 -1 -1 0 
13 2 964 330 314 221 -1 -1 -1 0 
13 3 750 340 34 25 -1 -1 -1 0 
13 4 652 351 22 15 -1 -1 -1 0 
13 5 49 360 102 29 -1 -1 -1 0 
13 6 605 340 28 27 -1 -1 -1 0 
14 1 64 353 439 258 -1 -1 -1 0 
14 2 965 330 313 220 -1 -1 -1 0 
14 3 752 341 33 24 -1 -1 -1 0 
14 4 653 351 22 15 -1 -1 -1 0 
14 5 2 363 110 31 -1 -1 -1 0 
14 6 606 340 27 28 -1 -1 -1 0 
15 1 85 355 423 251 -1 -1 -1 0 
15 2 967 330 311 221 -1 -1 -1 0 
15 3 752 341 34 24 -1 -1 -1 0 
15 4 653 352 23 15 -1 -1 -1 0 
15 5 0 366 59 30 -1 -1 -1 0 
15 6 606 340 29 28 -1 -1 -1 0 
16 1 107 355 406 245 -1 -1 -1 0 
16 2 967 330 311 221 -1 -1 -1 0 
16 3 753 340 34 25 -1 -1 -1 0 
16 4 654 351 22 15 -1 -1 -1 0 
16 5 0 367 33 32 -1 -1 -1 0 
16 6 608 340 27 29 -1 -1 -1 0 
17 1 125 355 394 240 -1 -1 -1 0 
17 2 968 331 310 221 -1 -1 -1 0 
17 3 753 340 35 25 -1 -1 -1 0 
17 4 655 351 22 15 -1 -1 -1 0 
17 6 607 340 30 29 -1 -1 -1 0 
18 1 143 353 381 235 -1 -1 -1 0 
18 2 968 332 311 220 -1 -1 -1 0 
18 3 754 339 33 26 -1 -1 -1 0 
18 4 656 351 22 15 -1 -1 -1 0 
18 6 608 340 29 28 -1 -1 -1 0 
19 1 161 352 366 229 -1 -1 -1 0 
19 2 968 332 311 219 -1 -1 -1 0 
19 3 754 338 33 27 -1 -1 -1 0 
19 4 655 351 24 14 -1 -1 -1 0 
19 6 607 338 29 29 -1 -1 -1 0 
20 1 176 350 356 225 -1 -1 -1 0 
20 2 969 332 310 218 -1 -1 -1 0 
20 3 754 338 34 27 -1 -1 -1 0 
20 4 656 349 22 15 -1 -1 -1 0 
20 6 607 338 29 29 -1 -1 -1 0 
21 1 191 350 344 219 -1 -1 -1 0 
21 2 970 333 309 217 -1 -1 -1 0 
21 3 754 338 33 26 -1 -1 -1 0 
21 4 656 349 23 15 -1 -1 -1 0 
21 6 606 337 30 30 -1 -1 -1 0 
22 1 205 349 335 215 -1 -1 -1 0 
22 2 969 333 310 216 -1 -1 -1 0 
22 3 753 338 34 26 -1 -1 -1 0 
22 4 656 349 22 15 -1 -1 -1 0 
22 6 606 337 30 29 -1 -1 -1 0 
23 1 218 349 324 211 -1 -1 -1 0 
23 2 969 333 309 216 -1 -1 -1 0 
23 3 752 340 35 25 -1 -1 -1 0 
23 4 656 349 21 16 -1 -1 -1 0 
23 6 606 337 30 29 -1 -1 -1 0 
24 1 230 348 315 206 -1 -1 -1 0 
24 2 969 333 310 215 -1 -1 -1 0 
24 3 753 340 34 25 -1 -1 -1 0 
24 4 656 349 22 16 -1 -1 -1 0 
24 6 605 337 31 29 -1 -1 -1 0 
25 1 241 346 306 204 -1 -1 -1 0 
25 2 970 333 309 215 -1 -1 -1 0 
25 3 752 340 34 25 -1 -1 -1 0 
25 4 656 349 22 16 -1 -1 -1 0 
25 6 606 337 29 29 -1 -1 -1 0 
26 1 251 345 299 201 -1 -1 -1 0 
26 2 970 333 308 215 -1 -1 -1 0 
26 3 752 340 34 25 -1 -1 -1 0 
26 4 656 349 22 16 -1 -1 -1 0 
26 6 606 337 30 28 -1 -1 -1 0 
26 9 200 349 52 22 -1 -1 -1 0 
27 1 261 345 292 196 -1 -1 -1 0 
27 2 970 333 308 215 -1 -1 -1 0 
27 3 752 339 34 25 -1 -1 -1 0 
27 4 656 348 22 17 -1 -1 -1 0 
27 6 606 337 30 28 -1 -1 -1 0 
27 9 174 348 59 24 -1 -1 -1 0 
28 1 272 345 284 193 -1 -1 -1 0 
28 2 970 332 309 214 -1 -1 -1 0 
28 3 752 339 34 25 -1 -1 -1 0 
28 4 656 348 22 17 -1 -1 -1 0 
28 6 606 337 30 28 -1 -1 -1 0 
28 9 144 348 68 26 -1 -1 -1 0 
29 1 281 345 277 190 -1 -1 -1 0 
29 2 971 332 308 214 -1 -1 -1 0 
29 3 752 339 34 25 -1 -1 -1 0 
29 4 656 348 23 17 -1 -1 -1 0 
29 6 606 336 30 29 -1 -1 -1 0 
29 9 112 349 74 28 -1 -1 -1 0 
29 10 188 350 65 24 -1 -1 -1 0 
30 1 290 345 270 187 -1 -1 -1 0 
30 2 972 332 306 213 -1 -1 -1 0 
30 3 752 338 34 25 -1 -1 -1 0 
30 4 656 348 24 17 -1 -1 -1 0 
30 6 606 337 29 29 -1 -1 -1 0 
30 9 84 350 69 29 -1 -1 -1 0 
30 10 151 351 75 25 -1 -1 -1 0 
31 1 298 345 264 185 -1 -1 -1 0 
31 2 971 332 308 213 -1 -1 -1 0 
31 3 751 339 35 24 -1 -1 -1 0 
31 4 656 350 24 15 -1 -1 -1 0 
31 6 607 337 29 29 -1 -1 -1 0 
31 9 28 352 93 30 -1 -1 -1 0 
31 10 110 352 84 27 -1 -1 -1 0 
32 1 305 346 260 181 -1 -1 -1 0 
32 2 972 333 307 212 -1 -1 -1 0 
32 3 752 339 33 24 -1 -1 -1 0 
32 4 657 351 23 14 -1 -1 -1 0 
32 6 606 338 30 28 -1 -1 -1 0 
32 9 0 354 74 30 -1 -1 -1 0 
32 10 58 354 100 28 -1 -1 -1 0 
33 1 313 346 252 179 -1 -1 -1 0 
33 2 972 334 307 211 -1 -1 -1 0 
33 3 752 339 33 24 -1 -1 -1 0 
33 4 657 351 23 15 -1 -1 -1 0 
33 6 605 338 31 28 -1 -1 -1 0 
33 9 0 355 42 31 -1 -1 -1 0 
33 10 3 355 111 30 -1 -1 -1 0 
34 1 319 346 248 177 -1 -1 -1 0 
34 2 971 334 308 210 -1 -1 -1 0 
34 3 751 340 34 23 -1 -1 -1 0 
34 4 657 351 22 15 -1 -1 -1 0 
34 6 605 339 31 28 -1 -1 -1 0 
34 10 0 355 57 31 -1 -1 -1 0 
34 11 284 350 37 16 -1 -1 -1 0 
35 1 324 346 245 174 -1 -1 -1 0 
35 2 970 335 309 207 -1 -1 -1 0 
35 3 750 340 34 23 -1 -1 -1 0 
35 4 656 351 23 15 -1 -1 -1 0 
35 10 0 357 23 31 -1 -1 -1 0 
35 11 267 350 41 17 -1 -1 -1 0 
36 1 330 347 239 171 -1 -1 -1 0 
36 2 970 335 309 207 -1 -1 -1 0 
36 3 749 340 34 23 -1 -1 -1 0 
36 4 655 351 23 15 -1 -1 -1 0 
36 6 604 339 29 28 -1 -1 -1 0 
36 11 249 351 45 18 -1 -1 -1 0 
36 12 333 350 35 16 -1 -1 -1 0 
37 1 336 347 234 169 -1 -1 -1 0 
37 2 969 335 310 206 -1 -1 -1 0 
37 3 749 340 34 24 -1 -1 -1 0 
37 4 656 348 21 18 -1 -1 -1 0 
37 6 604 339 29 28 -1 -1 -1 0 
37 11 229 351 47 20 -1 -1 -1 0 
37 12 317 349 40 18 -1 -1 -1 0 
38 1 340 347 231 167 -1 -1 -1 0 
38 2 968 335 311 204 -1 -1 -1 0 
38 3 748 340 34 24 -1 -1 -1 0 
38 4 655 348 23 18 -1 -1 -1 0 
38 11 207 349 50 23 -1 -1 -1 0 
38 12 303 349 42 18 -1 -1 -1 0 
39 1 345 346 226 165 -1 -1 -1 0 
39 2 968 334 310 205 -1 -1 -1 0 
39 3 748 339 34 24 -1 -1 -1 0 
39 4 655 346 22 19 -1 -1 -1 0 
39 6 603 338 28 28 -1 -1 -1 0 
39 11 179 349 61 24 -1 -1 -1 0 
39 12 288 347 42 20 -1 -1 -1 0 
40 1 348 347 224 161 -1 -1 -1 0 
40 2 967 335 312 203 -1 -1 -1 0 
40 3 748 339 33 24 -1 -1 -1 0 
40 4 654 346 24 19 -1 -1 -1 0 
40 6 602 338 28 28 -1 -1 -1 0 
40 11 153 349 64 25 -1 -1 -1 0 
40 12 270 345 46 22 -1 -1 -1 0 
