3 1 891 355 252 113 -1 -1 -1 0 
3 2 721 341 43 27 -1 -1 -1 0 
3 3 446 346 142 99 -1 -1 -1 0 
3 4 627 315 28 33 -1 -1 -1 0 
4 1 891 354 249 113 -1 -1 -1 0 
4 2 721 340 42 28 -1 -1 -1 0 
4 3 450 346 139 97 -1 -1 -1 0 
4 4 627 314 28 34 -1 -1 -1 0 
4 5 562 635 713 80 -1 -1 -1 0 
5 1 890 353 248 113 -1 -1 -1 0 
5 2 721 339 42 28 -1 -1 -1 0 
5 3 454 345 135 96 -1 -1 -1 0 
5 4 626 314 30 34 -1 -1 -1 0 
5 5 558 635 718 80 -1 -1 -1 0 
6 1 888 352 248 113 -1 -1 -1 0 
6 2 720 338 44 29 -1 -1 -1 0 
6 3 458 345 132 93 -1 -1 -1 0 
6 4 626 314 30 33 -1 -1 -1 0 
6 5 558 635 719 80 -1 -1 -1 0 
7 1 888 352 245 111 -1 -1 -1 0 
7 2 720 338 43 28 -1 -1 -1 0 
7 3 462 344 128 92 -1 -1 -1 0 
7 4 627 314 28 33 -1 -1 -1 0 
7 5 558 636 720 78 -1 -1 -1 0 
8 1 887 351 244 111 -1 -1 -1 0 
8 2 720 338 43 28 -1 -1 -1 0 
8 3 466 344 125 90 -1 -1 -1 0 
8 4 627 314 28 33 -1 -1 -1 0 
8 5 562 636 714 78 -1 -1 -1 0 
9 1 886 350 243 112 -1 -1 -1 0 
9 2 719 338 44 28 -1 -1 -1 0 
9 3 469 343 123 88 -1 -1 -1 0 
9 4 627 314 28 33 -1 -1 -1 0 
9 5 559 636 718 78 -1 -1 -1 0 
10 1 885 351 241 112 -1 -1 -1 0 
10 2 720 338 42 28 -1 -1 -1 0 
10 3 475 342 118 88 -1 -1 -1 0 
10 4 627 315 28 32 -1 -1 -1 0 
10 5 564 634 709 79 -1 -1 -1 0 
11 1 884 351 240 112 -1 -1 -1 0 
11 2 720 338 42 28 -1 -1 -1 0 
11 3 479 342 115 86 -1 -1 -1 0 
11 4 626 315 29 32 -1 -1 -1 0 
11 5 560 634 717 79 -1 -1 -1 0 
12 1 884 352 239 111 -1 -1 -1 0 
12 2 719 338 43 28 -1 -1 -1 0 
12 3 480 341 117 85 -1 -1 -1 0 
12 4 627 315 27 32 -1 -1 -1 0 
12 5 563 634 714 79 -1 -1 -1 0 
13 1 883 352 238 109 -1 -1 -1 0 
13 2 719 338 44 28 -1 -1 -1 0 
13 3 485 341 111 83 -1 -1 -1 0 
13 4 627 314 27 33 -1 -1 -1 0 
13 5 562 634 714 80 -1 -1 -1 0 
14 1 883 351 235 110 -1 -1 -1 0 
14 2 719 338 44 27 -1 -1 -1 0 
14 3 489 340 109 82 -1 -1 -1 0 
14 4 627 314 27 33 -1 -1 -1 0 
14 5 561 636 717 78 -1 -1 -1 0 
15 1 881 350 236 110 -1 -1 -1 0 
15 2 720 337 43 28 -1 -1 -1 0 
15 3 492 340 107 81 -1 -1 -1 0 
15 4 627 314 28 33 -1 -1 -1 0 
15 5 558 636 721 78 -1 -1 -1 0 
16 1 882 350 232 110 -1 -1 -1 0 
16 2 720 338 43 28 -1 -1 -1 0 
16 3 495 340 105 80 -1 -1 -1 0 
16 4 627 315 29 32 -1 -1 -1 0 
16 5 563 636 712 78 -1 -1 -1 0 
17 1 880 350 233 109 -1 -1 -1 0 
17 2 721 338 41 29 -1 -1 -1 0 
17 3 498 341 104 78 -1 -1 -1 0 
17 4 628 315 27 33 -1 -1 -1 0 
17 5 562 636 714 78 -1 -1 -1 0 
18 1 880 350 230 109 -1 -1 -1 0 
18 2 720 338 43 29 -1 -1 -1 0 
18 3 502 341 100 77 -1 -1 -1 0 
18 4 628 315 27 33 -1 -1 -1 0 
18 5 568 636 707 77 -1 -1 -1 0 
19 1 880 350 228 109 -1 -1 -1 0 
19 2 720 340 43 27 -1 -1 -1 0 
19 3 504 341 100 76 -1 -1 -1 0 
19 4 627 317 28 31 -1 -1 -1 0 
19 5 563 636 714 77 -1 -1 -1 0 
20 1 878 350 228 109 -1 -1 -1 0 
20 2 720 341 42 27 -1 -1 -1 0 
20 3 507 341 97 75 -1 -1 -1 0 
20 4 628 317 26 32 -1 -1 -1 0 
20 5 563 636 713 77 -1 -1 -1 0 
21 1 877 350 228 109 -1 -1 -1 0 
21 2 720 341 42 27 -1 -1 -1 0 
21 3 509 341 96 74 -1 -1 -1 0 
21 4 628 318 26 31 -1 -1 -1 0 
21 5 561 636 716 77 -1 -1 -1 0 
22 1 876 350 228 109 -1 -1 -1 0 
22 2 720 341 42 28 -1 -1 -1 0 
22 3 512 341 94 73 -1 -1 -1 0 
22 4 627 318 28 32 -1 -1 -1 0 
22 5 561 635 714 78 -1 -1 -1 0 
23 1 875 350 226 108 -1 -1 -1 0 
23 2 720 341 42 28 -1 -1 -1 0 
23 3 514 341 93 72 -1 -1 -1 0 
23 4 628 319 26 31 -1 -1 -1 0 
23 5 563 635 713 79 -1 -1 -1 0 
24 1 875 350 224 107 -1 -1 -1 0 
24 2 720 341 43 29 -1 -1 -1 0 
24 3 518 341 89 71 -1 -1 -1 0 
24 4 627 319 28 31 -1 -1 -1 0 
24 5 557 636 722 78 -1 -1 -1 0 
25 1 875 350 222 107 -1 -1 -1 0 
25 2 720 342 42 28 -1 -1 -1 0 
25 3 518 341 90 70 -1 -1 -1 0 
25 4 627 318 27 32 -1 -1 -1 0 
25 5 568 636 705 78 -1 -1 -1 0 
26 1 873 350 223 107 -1 -1 -1 0 
26 2 720 342 43 28 -1 -1 -1 0 
26 3 520 341 89 69 -1 -1 -1 0 
26 4 627 318 27 33 -1 -1 -1 0 
26 5 562 636 714 78 -1 -1 -1 0 
27 1 874 350 218 106 -1 -1 -1 0 
27 2 720 343 43 27 -1 -1 -1 0 
27 3 522 342 88 66 -1 -1 -1 0 
27 4 627 318 28 33 -1 -1 -1 0 
27 5 562 636 715 78 -1 -1 -1 0 
28 1 872 350 219 106 -1 -1 -1 0 
28 2 721 343 41 27 -1 -1 -1 0 
28 3 525 342 85 65 -1 -1 -1 0 
28 4 628 318 26 33 -1 -1 -1 0 
28 5 561 636 716 79 -1 -1 -1 0 
28 8 524 342 85 67 -1 -1 -1 0 
29 1 872 349 217 107 -1 -1 -1 0 
29 2 721 343 41 27 -1 -1 -1 0 
29 3 527 342 83 66 -1 -1 -1 0 
29 4 627 319 28 32 -1 -1 -1 0 
29 5 560 635 717 79 -1 -1 -1 0 
29 8 527 343 83 65 -1 -1 -1 0 
30 1 870 351 218 105 -1 -1 -1 0 
30 2 720 344 43 27 -1 -1 -1 0 
30 3 529 344 83 64 -1 -1 -1 0 
30 4 627 320 28 32 -1 -1 -1 0 
30 5 563 635 714 79 -1 -1 -1 0 
30 8 529 344 81 64 -1 -1 -1 0 
31 1 869 351 217 105 -1 -1 -1 0 
31 2 720 344 43 27 -1 -1 -1 0 
31 3 532 344 80 63 -1 -1 -1 0 
31 4 626 320 29 32 -1 -1 -1 0 
31 5 561 634 715 79 -1 -1 -1 0 
31 8 531 344 80 64 -1 -1 -1 0 
32 1 870 351 213 106 -1 -1 -1 0 
32 2 720 345 42 27 -1 -1 -1 0 
32 3 533 346 79 62 -1 -1 -1 0 
32 4 626 321 28 32 -1 -1 -1 0 
32 5 560 636 717 77 -1 -1 -1 0 
32 8 532 346 81 62 -1 -1 -1 0 
33 1 868 352 214 104 -1 -1 -1 0 
33 2 720 346 41 27 -1 -1 -1 0 
33 3 535 346 78 61 -1 -1 -1 0 
33 4 626 322 28 32 -1 -1 -1 0 
33 5 561 636 715 77 -1 -1 -1 0 
33 8 535 347 77 61 -1 -1 -1 0 
34 1 867 352 213 104 -1 -1 -1 0 
34 2 721 345 39 28 -1 -1 -1 0 
34 3 536 346 77 61 -1 -1 -1 0 
34 4 626 322 29 31 -1 -1 -1 0 
34 5 561 636 715 77 -1 -1 -1 0 
34 8 536 345 76 62 -1 -1 -1 0 
35 1 867 353 209 102 -1 -1 -1 0 
35 2 720 344 41 27 -1 -1 -1 0 
35 3 538 346 75 60 -1 -1 -1 0 
35 4 627 321 27 32 -1 -1 -1 0 
35 5 558 636 718 77 -1 -1 -1 0 
35 8 537 345 76 60 -1 -1 -1 0 
36 1 866 353 208 101 -1 -1 -1 0 
36 2 720 344 41 27 -1 -1 -1 0 
36 4 626 321 29 31 -1 -1 -1 0 
36 5 561 636 714 78 -1 -1 -1 0 
36 8 539 345 74 60 -1 -1 -1 0 
37 1 866 352 205 102 -1 -1 -1 0 
37 2 720 343 40 27 -1 -1 -1 0 
37 4 626 319 28 32 -1 -1 -1 0 
37 5 563 635 713 79 -1 -1 -1 0 
37 8 540 344 74 59 -1 -1 -1 0 
38 1 864 352 206 101 -1 -1 -1 0 
38 2 720 343 40 27 -1 -1 -1 0 
38 4 626 319 28 32 -1 -1 -1 0 
38 5 575 635 700 79 -1 -1 -1 0 
38 8 542 344 73 58 -1 -1 -1 0 
39 1 863 352 204 100 -1 -1 -1 0 
39 2 720 342 40 28 -1 -1 -1 0 
39 4 625 319 29 31 -1 -1 -1 0 
39 5 562 635 716 79 -1 -1 -1 0 
39 8 544 344 71 57 -1 -1 -1 0 
40 1 862 352 203 100 -1 -1 -1 0 
40 2 720 341 39 28 -1 -1 -1 0 
40 4 626 318 27 32 -1 -1 -1 0 
40 5 561 635 717 79 -1 -1 -1 0 
40 8 545 344 70 56 -1 -1 -1 0 
