3 1 203 369 294 156 -1 -1 -1 0 
3 2 734 341 42 34 -1 -1 -1 0 
3 3 602 342 35 34 -1 -1 -1 0 
3 4 656 307 65 81 -1 -1 -1 0 
3 5 548 343 43 34 -1 -1 -1 0 
3 6 556 635 722 80 -1 -1 -1 0 
4 1 214 369 286 151 -1 -1 -1 0 
4 2 734 341 42 34 -1 -1 -1 0 
4 3 603 342 35 34 -1 -1 -1 0 
4 4 657 307 64 81 -1 -1 -1 0 
4 5 549 343 43 34 -1 -1 -1 0 
4 6 558 636 718 79 -1 -1 -1 0 
5 1 224 368 280 146 -1 -1 -1 0 
5 2 734 340 43 34 -1 -1 -1 0 
5 3 603 342 36 34 -1 -1 -1 0 
5 4 657 307 65 81 -1 -1 -1 0 
5 5 550 343 42 33 -1 -1 -1 0 
5 6 558 636 716 79 -1 -1 -1 0 
6 1 235 367 270 143 -1 -1 -1 0 
6 2 733 340 44 33 -1 -1 -1 0 
6 3 604 341 35 34 -1 -1 -1 0 
6 4 656 307 66 80 -1 -1 -1 0 
6 5 552 342 40 33 -1 -1 -1 0 
6 6 557 636 719 79 -1 -1 -1 0 
7 1 245 366 262 142 -1 -1 -1 0 
7 2 733 339 43 33 -1 -1 -1 0 
7 3 605 342 36 32 -1 -1 -1 0 
7 4 657 306 65 81 -1 -1 -1 0 
7 5 552 342 42 32 -1 -1 -1 0 
7 6 556 636 720 79 -1 -1 -1 0 
8 1 253 365 256 141 -1 -1 -1 0 
8 2 734 339 41 32 -1 -1 -1 0 
8 3 606 340 35 33 -1 -1 -1 0 
8 4 658 305 64 81 -1 -1 -1 0 
8 5 553 341 42 32 -1 -1 -1 0 
8 6 564 635 705 82 -1 -1 -1 0 
9 1 261 364 251 139 -1 -1 -1 0 
9 2 734 339 41 32 -1 -1 -1 0 
9 3 606 340 35 32 -1 -1 -1 0 
9 4 659 304 63 83 -1 -1 -1 0 
9 5 555 340 40 32 -1 -1 -1 0 
9 6 557 635 720 81 -1 -1 -1 0 
10 1 270 364 243 135 -1 -1 -1 0 
10 2 735 339 40 32 -1 -1 -1 0 
10 3 607 339 34 33 -1 -1 -1 0 
10 4 659 304 64 83 -1 -1 -1 0 
10 5 556 340 39 32 -1 -1 -1 0 
10 6 556 635 719 81 -1 -1 -1 0 
11 1 276 363 241 133 -1 -1 -1 0 
11 2 735 339 40 32 -1 -1 -1 0 
11 3 607 340 34 32 -1 -1 -1 0 
11 4 658 304 65 83 -1 -1 -1 0 
11 5 556 340 40 32 -1 -1 -1 0 
11 6 556 635 722 80 -1 -1 -1 0 
12 1 284 362 234 130 -1 -1 -1 0 
12 2 735 339 39 32 -1 -1 -1 0 
12 3 608 340 32 32 -1 -1 -1 0 
12 4 658 304 65 83 -1 -1 -1 0 
12 5 557 340 39 32 -1 -1 -1 0 
12 6 562 635 711 80 -1 -1 -1 0 
13 1 291 361 228 128 -1 -1 -1 0 
13 2 735 339 39 32 -1 -1 -1 0 
13 3 609 341 33 31 -1 -1 -1 0 
13 4 658 304 64 83 -1 -1 -1 0 
13 5 557 341 40 31 -1 -1 -1 0 
13 6 561 636 712 81 -1 -1 -1 0 
14 1 299 360 222 128 -1 -1 -1 0 
14 2 735 339 38 31 -1 -1 -1 0 
14 3 609 341 33 29 -1 -1 -1 0 
14 4 658 304 65 83 -1 -1 -1 0 
14 5 558 341 37 30 -1 -1 -1 0 
14 6 559 636 716 81 -1 -1 -1 0 
15 1 304 360 220 127 -1 -1 -1 0 
15 2 735 339 38 31 -1 -1 -1 0 
15 3 610 341 32 28 -1 -1 -1 0 
15 4 659 303 63 84 -1 -1 -1 0 
15 5 558 342 38 27 -1 -1 -1 0 
15 6 556 635 721 81 -1 -1 -1 0 
15 13 450 339 71 54 -1 -1 -1 0 
16 1 311 359 214 126 -1 -1 -1 0 
16 2 735 338 38 31 -1 -1 -1 0 
16 3 611 341 31 28 -1 -1 -1 0 
16 4 658 303 65 84 -1 -1 -1 0 
16 5 560 342 37 26 -1 -1 -1 0 
16 6 557 635 720 81 -1 -1 -1 0 
16 13 451 338 71 54 -1 -1 -1 0 
17 1 318 359 209 125 -1 -1 -1 0 
17 2 735 338 37 30 -1 -1 -1 0 
17 4 659 302 64 85 -1 -1 -1 0 
17 5 561 342 36 25 -1 -1 -1 0 
17 6 564 632 705 84 -1 -1 -1 0 
17 13 451 339 74 53 -1 -1 -1 0 
18 1 324 359 205 122 -1 -1 -1 0 
18 2 735 337 36 29 -1 -1 -1 0 
18 4 660 301 64 85 -1 -1 -1 0 
18 6 555 633 724 83 -1 -1 -1 0 
18 13 455 336 70 55 -1 -1 -1 0 
19 1 329 359 202 120 -1 -1 -1 0 
19 2 735 337 36 28 -1 -1 -1 0 
19 4 659 303 64 83 -1 -1 -1 0 
19 6 555 634 724 82 -1 -1 -1 0 
19 13 459 338 68 52 -1 -1 -1 0 
19 18 128 318 87 27 -1 -1 -1 0 
20 1 336 359 195 119 -1 -1 -1 0 
20 4 660 303 63 83 -1 -1 -1 0 
20 6 560 634 716 82 -1 -1 -1 0 
20 13 461 339 68 51 -1 -1 -1 0 
20 18 110 318 88 28 -1 -1 -1 0 
21 1 340 359 194 116 -1 -1 -1 0 
21 4 660 303 63 83 -1 -1 -1 0 
21 6 562 632 711 84 -1 -1 -1 0 
21 13 467 339 62 51 -1 -1 -1 0 
22 1 345 358 191 114 -1 -1 -1 0 
22 4 660 303 64 83 -1 -1 -1 0 
22 5 564 340 37 29 -1 -1 -1 0 
22 6 551 634 728 82 -1 -1 -1 0 
22 13 475 340 55 49 -1 -1 -1 0 
23 1 350 358 187 111 -1 -1 -1 0 
23 2 735 337 35 27 -1 -1 -1 0 
23 4 660 303 64 83 -1 -1 -1 0 
23 5 564 340 38 30 -1 -1 -1 0 
23 6 557 634 720 82 -1 -1 -1 0 
23 13 472 340 61 49 -1 -1 -1 0 
24 1 355 358 184 109 -1 -1 -1 0 
24 2 734 337 36 27 -1 -1 -1 0 
24 3 616 340 29 28 -1 -1 -1 0 
24 4 660 304 64 82 -1 -1 -1 0 
24 5 564 340 39 30 -1 -1 -1 0 
24 6 557 635 721 81 -1 -1 -1 0 
24 13 474 340 61 49 -1 -1 -1 0 
25 1 361 358 180 108 -1 -1 -1 0 
25 2 737 337 30 32 -1 -1 -1 0 
25 3 616 341 29 29 -1 -1 -1 0 
25 4 660 304 65 82 -1 -1 -1 0 
25 5 566 340 37 28 -1 -1 -1 0 
25 6 557 635 719 80 -1 -1 -1 0 
26 1 366 358 176 106 -1 -1 -1 0 
26 2 735 337 33 33 -1 -1 -1 0 
26 3 617 340 29 30 -1 -1 -1 0 
26 4 660 304 65 81 -1 -1 -1 0 
26 5 568 340 34 28 -1 -1 -1 0 
26 6 552 634 723 81 -1 -1 -1 0 
26 13 477 340 60 47 -1 -1 -1 0 
27 1 370 358 174 104 -1 -1 -1 0 
27 2 735 337 33 33 -1 -1 -1 0 
27 3 616 340 30 29 -1 -1 -1 0 
27 4 661 304 64 81 -1 -1 -1 0 
27 5 568 340 35 28 -1 -1 -1 0 
27 6 556 635 719 81 -1 -1 -1 0 
27 13 479 339 59 47 -1 -1 -1 0 
28 1 376 357 168 104 -1 -1 -1 0 
28 3 616 340 32 29 -1 -1 -1 0 
28 4 661 304 66 81 -1 -1 -1 0 
28 5 569 340 35 28 -1 -1 -1 0 
28 6 559 635 715 81 -1 -1 -1 0 
28 13 481 339 58 46 -1 -1 -1 0 
28 18 231 325 73 18 -1 -1 -1 0 
29 1 379 356 168 102 -1 -1 -1 0 
29 3 617 340 31 29 -1 -1 -1 0 
29 4 662 303 64 82 -1 -1 -1 0 
29 5 570 340 35 28 -1 -1 -1 0 
29 6 560 633 714 83 -1 -1 -1 0 
29 18 211 324 85 19 -1 -1 -1 0 
30 1 384 356 164 100 -1 -1 -1 0 
30 2 734 337 35 31 -1 -1 -1 0 
30 3 618 340 29 28 -1 -1 -1 0 
30 4 662 303 64 81 -1 -1 -1 0 
30 5 569 340 38 28 -1 -1 -1 0 
30 6 558 634 721 82 -1 -1 -1 0 
30 18 220 324 83 19 -1 -1 -1 0 
31 1 389 355 160 100 -1 -1 -1 0 
31 2 734 336 35 31 -1 -1 -1 0 
31 3 619 340 29 28 -1 -1 -1 0 
31 4 662 302 64 81 -1 -1 -1 0 
31 5 603 340 30 27 -1 -1 -1 0 
31 6 562 634 713 82 -1 -1 -1 0 
32 1 393 356 158 97 -1 -1 -1 0 
32 2 732 336 37 30 -1 -1 -1 0 
32 4 663 303 63 77 -1 -1 -1 0 
32 5 615 341 29 26 -1 -1 -1 0 
32 6 560 634 716 82 -1 -1 -1 0 
33 1 397 356 156 95 -1 -1 -1 0 
33 2 729 336 39 29 -1 -1 -1 0 
33 3 580 340 34 28 -1 -1 -1 0 
33 4 664 303 62 76 -1 -1 -1 0 
33 5 620 340 29 27 -1 -1 -1 0 
33 6 559 633 718 83 -1 -1 -1 0 
33 23 1 317 51 23 -1 -1 -1 0 
34 1 401 355 153 95 -1 -1 -1 0 
34 2 729 335 39 30 -1 -1 -1 0 
34 3 575 340 34 28 -1 -1 -1 0 
34 4 662 303 65 70 -1 -1 -1 0 
34 5 621 340 29 27 -1 -1 -1 0 
34 6 556 633 722 83 -1 -1 -1 0 
34 23 0 316 22 23 -1 -1 -1 0 
35 1 404 355 151 93 -1 -1 -1 0 
35 2 728 335 39 29 -1 -1 -1 0 
35 3 574 341 34 27 -1 -1 -1 0 
35 4 664 302 62 70 -1 -1 -1 0 
35 5 622 341 29 26 -1 -1 -1 0 
35 6 556 634 722 82 -1 -1 -1 0 
35 24 827 330 22 15 -1 -1 -1 0 
36 1 409 356 148 91 -1 -1 -1 0 
36 2 729 335 38 29 -1 -1 -1 0 
36 3 575 341 33 26 -1 -1 -1 0 
36 4 664 302 62 73 -1 -1 -1 0 
36 5 622 341 29 26 -1 -1 -1 0 
36 6 559 634 718 82 -1 -1 -1 0 
36 24 828 331 22 14 -1 -1 -1 0 
37 1 412 356 146 91 -1 -1 -1 0 
37 2 730 337 37 28 -1 -1 -1 0 
37 3 575 343 33 24 -1 -1 -1 0 
37 4 665 304 60 76 -1 -1 -1 0 
37 5 622 341 29 26 -1 -1 -1 0 
37 6 556 634 721 81 -1 -1 -1 0 
37 24 829 332 21 13 -1 -1 -1 0 
38 1 414 356 147 89 -1 -1 -1 0 
38 2 730 337 36 28 -1 -1 -1 0 
38 3 575 342 34 25 -1 -1 -1 0 
38 4 664 304 62 78 -1 -1 -1 0 
38 5 623 342 28 25 -1 -1 -1 0 
38 6 559 634 716 81 -1 -1 -1 0 
39 1 418 356 144 88 -1 -1 -1 0 
39 2 732 337 34 27 -1 -1 -1 0 
39 3 576 342 33 25 -1 -1 -1 0 
39 4 664 303 63 79 -1 -1 -1 0 
39 5 623 342 28 25 -1 -1 -1 0 
39 6 559 633 716 82 -1 -1 -1 0 
40 1 421 355 141 88 -1 -1 -1 0 
40 2 732 337 34 28 -1 -1 -1 0 
40 3 577 342 32 25 -1 -1 -1 0 
40 4 664 303 62 80 -1 -1 -1 0 
40 5 623 342 28 24 -1 -1 -1 0 
40 6 562 632 711 83 -1 -1 -1 0 
