3 1 1259 401 20 56 -1 -1 -1 0 
3 2 310 356 82 28 -1 -1 -1 0 
3 3 771 341 41 27 -1 -1 -1 0 
3 4 609 340 42 36 -1 -1 -1 0 
3 5 463 342 37 25 -1 -1 -1 0 
4 1 1263 402 16 52 -1 -1 -1 0 
4 2 280 357 89 30 -1 -1 -1 0 
4 3 772 341 41 27 -1 -1 -1 0 
4 4 609 339 42 36 -1 -1 -1 0 
4 5 454 343 36 24 -1 -1 -1 0 
4 8 492 349 28 16 -1 -1 -1 0 
5 2 246 358 92 34 -1 -1 -1 0 
5 3 773 341 39 27 -1 -1 -1 0 
5 4 608 340 44 35 -1 -1 -1 0 
5 5 443 343 40 26 -1 -1 -1 0 
5 8 482 349 29 17 -1 -1 -1 0 
6 2 198 359 104 38 -1 -1 -1 0 
6 3 773 342 40 26 -1 -1 -1 0 
6 4 609 340 42 36 -1 -1 -1 0 
6 5 431 343 42 27 -1 -1 -1 0 
6 8 472 350 31 17 -1 -1 -1 0 
6 10 516 347 27 16 -1 -1 -1 0 
6 11 329 350 46 21 -1 -1 -1 0 
7 2 129 360 128 45 -1 -1 -1 0 
7 3 774 342 40 27 -1 -1 -1 0 
7 4 609 340 43 36 -1 -1 -1 0 
7 5 419 343 43 27 -1 -1 -1 0 
7 8 460 350 33 19 -1 -1 -1 0 
7 10 509 346 27 18 -1 -1 -1 0 
7 11 312 350 46 23 -1 -1 -1 0 
8 2 28 364 179 51 -1 -1 -1 0 
8 3 775 342 40 27 -1 -1 -1 0 
8 4 609 340 43 36 -1 -1 -1 0 
8 5 405 343 44 28 -1 -1 -1 0 
8 8 446 351 38 20 -1 -1 -1 0 
8 10 500 346 29 19 -1 -1 -1 0 
8 11 291 351 50 24 -1 -1 -1 0 
9 2 0 373 122 46 -1 -1 -1 0 
9 3 776 342 40 27 -1 -1 -1 0 
9 4 610 340 42 35 -1 -1 -1 0 
9 5 389 343 46 30 -1 -1 -1 0 
9 8 432 351 39 22 -1 -1 -1 0 
9 10 491 345 31 21 -1 -1 -1 0 
9 11 268 349 55 27 -1 -1 -1 0 
10 2 0 369 101 46 -1 -1 -1 0 
10 3 777 341 39 28 -1 -1 -1 0 
10 4 610 340 42 35 -1 -1 -1 0 
10 5 371 343 49 32 -1 -1 -1 0 
10 8 415 352 43 22 -1 -1 -1 0 
10 10 480 345 35 22 -1 -1 -1 0 
10 11 241 350 61 28 -1 -1 -1 0 
11 1 19 381 17 25 -1 -1 -1 0 
11 2 0 371 74 48 -1 -1 -1 0 
11 3 777 341 41 28 -1 -1 -1 0 
11 4 610 339 43 36 -1 -1 -1 0 
11 5 351 344 51 34 -1 -1 -1 0 
11 8 395 354 43 22 -1 -1 -1 0 
11 10 469 346 37 22 -1 -1 -1 0 
11 11 212 351 67 30 -1 -1 -1 0 
12 1 0 379 -95 21 -1 -1 -1 0 
12 3 778 340 39 29 -1 -1 -1 0 
12 4 610 339 42 36 -1 -1 -1 0 
12 5 328 345 59 35 -1 -1 -1 0 
12 8 372 353 51 25 -1 -1 -1 0 
12 10 458 346 39 23 -1 -1 -1 0 
12 11 179 351 73 33 -1 -1 -1 0 
13 3 778 340 41 29 -1 -1 -1 0 
13 4 611 339 41 36 -1 -1 -1 0 
13 5 301 347 66 36 -1 -1 -1 0 
13 8 418 350 42 24 -1 -1 -1 0 
13 10 401 348 47 21 -1 -1 -1 0 
13 11 138 352 85 35 -1 -1 -1 0 
14 3 778 339 41 30 -1 -1 -1 0 
14 4 610 340 42 35 -1 -1 -1 0 
14 5 296 353 76 33 -1 -1 -1 0 
14 8 383 349 46 23 -1 -1 -1 0 
14 10 417 347 42 24 -1 -1 -1 0 
14 11 90 353 98 37 -1 -1 -1 0 
15 3 778 339 42 30 -1 -1 -1 0 
15 4 610 340 42 35 -1 -1 -1 0 
15 5 268 355 84 35 -1 -1 -1 0 
15 8 359 349 47 23 -1 -1 -1 0 
15 10 408 346 47 28 -1 -1 -1 0 
15 11 31 353 113 41 -1 -1 -1 0 
16 3 778 339 42 30 -1 -1 -1 0 
16 4 610 340 42 35 -1 -1 -1 0 
16 5 225 356 93 40 -1 -1 -1 0 
16 8 338 349 49 25 -1 -1 -1 0 
16 10 390 347 53 30 -1 -1 -1 0 
16 11 1 353 91 45 -1 -1 -1 0 
17 3 779 339 42 30 -1 -1 -1 0 
17 4 610 340 42 35 -1 -1 -1 0 
17 5 160 359 116 43 -1 -1 -1 0 
17 8 315 349 54 27 -1 -1 -1 0 
17 10 369 346 58 32 -1 -1 -1 0 
17 11 0 354 32 46 -1 -1 -1 0 
17 15 519 346 34 16 -1 -1 -1 0 
18 3 779 339 44 31 -1 -1 -1 0 
18 4 611 339 41 36 -1 -1 -1 0 
18 5 69 361 151 49 -1 -1 -1 0 
18 8 290 351 54 27 -1 -1 -1 0 
18 10 343 346 65 35 -1 -1 -1 0 
18 11 0 355 -4 47 -1 -1 -1 0 
18 15 511 345 35 18 -1 -1 -1 0 
19 3 779 340 44 30 -1 -1 -1 0 
19 4 610 339 43 36 -1 -1 -1 0 
19 5 9 364 130 55 -1 -1 -1 0 
19 8 262 351 50 30 -1 -1 -1 0 
19 10 311 346 73 39 -1 -1 -1 0 
19 15 500 345 38 20 -1 -1 -1 0 
20 3 780 340 43 30 -1 -1 -1 0 
20 4 610 339 42 36 -1 -1 -1 0 
20 5 2 354 74 64 -1 -1 -1 0 
20 8 229 350 56 33 -1 -1 -1 0 
20 10 272 346 85 44 -1 -1 -1 0 
20 15 486 345 47 22 -1 -1 -1 0 
21 3 780 340 45 31 -1 -1 -1 0 
21 4 610 341 43 34 -1 -1 -1 0 
21 5 0 354 35 67 -1 -1 -1 0 
21 8 187 351 65 35 -1 -1 -1 0 
21 10 222 346 101 49 -1 -1 -1 0 
21 15 473 345 47 23 -1 -1 -1 0 
22 3 780 340 46 31 -1 -1 -1 0 
22 4 611 342 42 33 -1 -1 -1 0 
22 8 163 351 68 37 -1 -1 -1 0 
22 10 156 348 127 54 -1 -1 -1 0 
22 15 457 345 48 25 -1 -1 -1 0 
22 17 714 341 21 17 -1 -1 -1 0 
23 3 782 340 44 31 -1 -1 -1 0 
23 4 612 342 40 32 -1 -1 -1 0 
23 10 68 349 159 61 -1 -1 -1 0 
23 15 472 345 37 23 -1 -1 -1 0 
23 17 715 341 20 16 -1 -1 -1 0 
24 3 783 340 44 31 -1 -1 -1 0 
24 4 612 342 41 33 -1 -1 -1 0 
24 10 7 351 142 68 -1 -1 -1 0 
24 15 427 347 57 27 -1 -1 -1 0 
24 17 715 342 21 17 -1 -1 -1 0 
25 3 782 340 47 31 -1 -1 -1 0 
25 4 612 342 41 33 -1 -1 -1 0 
25 8 151 350 74 31 -1 -1 -1 0 
25 10 0 352 107 71 -1 -1 -1 0 
25 15 453 344 36 26 -1 -1 -1 0 
25 17 715 343 22 16 -1 -1 -1 0 
26 3 783 339 46 32 -1 -1 -1 0 
26 4 612 341 42 34 -1 -1 -1 0 
26 8 125 349 76 33 -1 -1 -1 0 
26 15 452 344 37 24 -1 -1 -1 0 
26 17 717 344 20 16 -1 -1 -1 0 
27 3 784 339 45 32 -1 -1 -1 0 
27 4 613 342 41 33 -1 -1 -1 0 
27 8 81 351 91 34 -1 -1 -1 0 
27 15 444 344 37 25 -1 -1 -1 0 
27 17 717 344 19 16 -1 -1 -1 0 
27 22 314 349 89 38 -1 -1 -1 0 
28 3 783 340 47 31 -1 -1 -1 0 
28 4 612 342 42 33 -1 -1 -1 0 
28 8 30 351 101 36 -1 -1 -1 0 
28 15 433 346 39 24 -1 -1 -1 0 
28 17 717 344 20 16 -1 -1 -1 0 
28 22 257 349 110 44 -1 -1 -1 0 
29 3 785 340 44 32 -1 -1 -1 0 
29 4 613 343 41 32 -1 -1 -1 0 
29 8 2 352 80 38 -1 -1 -1 0 
29 15 418 347 47 24 -1 -1 -1 0 
29 17 717 344 20 16 -1 -1 -1 0 
29 22 184 350 117 51 -1 -1 -1 0 
30 3 784 340 47 32 -1 -1 -1 0 
30 4 613 343 40 32 -1 -1 -1 0 
30 8 0 353 27 37 -1 -1 -1 0 
30 15 403 347 50 25 -1 -1 -1 0 
30 22 66 351 172 61 -1 -1 -1 0 
31 3 785 339 45 33 -1 -1 -1 0 
31 4 613 343 40 32 -1 -1 -1 0 
31 8 0 353 -2 38 -1 -1 -1 0 
31 15 387 346 46 27 -1 -1 -1 0 
31 22 23 351 145 63 -1 -1 -1 0 
32 3 785 339 46 34 -1 -1 -1 0 
32 4 612 341 40 34 -1 -1 -1 0 
32 15 366 346 50 29 -1 -1 -1 0 
32 22 0 351 116 68 -1 -1 -1 0 
33 3 784 340 48 33 -1 -1 -1 0 
33 4 612 341 41 33 -1 -1 -1 0 
33 15 341 346 57 31 -1 -1 -1 0 
33 17 417 349 32 16 -1 -1 -1 0 
34 3 785 340 47 33 -1 -1 -1 0 
34 4 612 343 41 31 -1 -1 -1 0 
34 15 313 346 62 33 -1 -1 -1 0 
34 17 380 349 33 17 -1 -1 -1 0 
35 3 785 340 48 32 -1 -1 -1 0 
35 4 612 343 41 31 -1 -1 -1 0 
35 15 280 347 72 34 -1 -1 -1 0 
35 17 358 350 37 17 -1 -1 -1 0 
36 3 786 339 47 33 -1 -1 -1 0 
36 4 612 344 41 30 -1 -1 -1 0 
36 15 244 347 78 37 -1 -1 -1 0 
36 17 338 350 44 18 -1 -1 -1 0 
37 3 786 339 48 33 -1 -1 -1 0 
37 4 613 344 39 30 -1 -1 -1 0 
37 15 199 347 89 42 -1 -1 -1 0 
37 17 324 350 43 20 -1 -1 -1 0 
38 3 786 339 49 33 -1 -1 -1 0 
38 4 613 345 39 29 -1 -1 -1 0 
38 15 140 346 110 48 -1 -1 -1 0 
38 17 305 351 48 20 -1 -1 -1 0 
39 3 788 339 49 33 -1 -1 -1 0 
39 4 614 344 39 30 -1 -1 -1 0 
39 15 65 347 136 53 -1 -1 -1 0 
39 17 286 352 50 21 -1 -1 -1 0 
40 3 789 339 49 34 -1 -1 -1 0 
40 4 614 343 39 30 -1 -1 -1 0 
40 15 9 346 129 61 -1 -1 -1 0 
40 17 262 352 55 23 -1 -1 -1 0 
