3 1 562 635 709 82 -1 -1 -1 0 
4 1 556 634 722 82 -1 -1 -1 0 
5 1 554 634 724 81 -1 -1 -1 0 
6 1 557 635 720 80 -1 -1 -1 0 
7 1 560 635 715 79 -1 -1 -1 0 
8 1 560 635 715 80 -1 -1 -1 0 
9 1 562 633 710 82 -1 -1 -1 0 
9 4 666 339 31 28 -1 -1 -1 0 
10 1 557 633 718 82 -1 -1 -1 0 
10 4 665 339 32 27 -1 -1 -1 0 
13 4 666 337 31 26 -1 -1 -1 0 
14 4 666 336 31 26 -1 -1 -1 0 
15 1 558 634 720 81 -1 -1 -1 0 
15 4 667 336 30 26 -1 -1 -1 0 
15 7 0 502 135 212 -1 -1 -1 0 
16 1 560 634 714 81 -1 -1 -1 0 
16 4 667 335 30 26 -1 -1 -1 0 
16 7 0 494 157 220 -1 -1 -1 0 
17 1 563 634 708 81 -1 -1 -1 0 
17 7 0 487 178 227 -1 -1 -1 0 
18 1 572 634 700 81 -1 -1 -1 0 
18 7 0 479 197 234 -1 -1 -1 0 
19 1 563 634 712 81 -1 -1 -1 0 
19 4 667 338 30 26 -1 -1 -1 0 
19 7 0 472 214 239 -1 -1 -1 0 
20 1 558 634 719 81 -1 -1 -1 0 
20 4 667 338 30 26 -1 -1 -1 0 
20 7 3 450 225 257 -1 -1 -1 0 
21 1 561 634 713 81 -1 -1 -1 0 
21 4 667 338 30 26 -1 -1 -1 0 
21 7 4 425 238 280 -1 -1 -1 0 
22 1 582 635 686 81 -1 -1 -1 0 
22 4 667 338 30 26 -1 -1 -1 0 
22 7 5 400 251 306 -1 -1 -1 0 
23 1 561 635 718 80 -1 -1 -1 0 
23 4 667 338 30 26 -1 -1 -1 0 
23 7 2 387 271 319 -1 -1 -1 0 
23 10 609 344 31 26 -1 -1 -1 0 
24 1 558 636 718 79 -1 -1 -1 0 
24 4 668 339 28 24 -1 -1 -1 0 
24 7 0 379 287 326 -1 -1 -1 0 
24 10 610 343 31 27 -1 -1 -1 0 
25 1 562 636 711 79 -1 -1 -1 0 
25 4 668 339 28 24 -1 -1 -1 0 
25 7 0 375 301 327 -1 -1 -1 0 
25 10 610 342 31 27 -1 -1 -1 0 
26 1 557 636 719 79 -1 -1 -1 0 
26 7 0 374 311 328 -1 -1 -1 0 
26 10 611 342 30 27 -1 -1 -1 0 
27 1 559 635 714 80 -1 -1 -1 0 
27 7 0 373 323 329 -1 -1 -1 0 
27 10 611 343 31 26 -1 -1 -1 0 
28 1 553 635 726 80 -1 -1 -1 0 
28 4 669 338 28 26 -1 -1 -1 0 
28 7 0 371 333 331 -1 -1 -1 0 
28 10 612 343 30 26 -1 -1 -1 0 
29 1 556 635 721 80 -1 -1 -1 0 
29 4 669 339 28 25 -1 -1 -1 0 
29 7 0 370 342 329 -1 -1 -1 0 
29 10 612 343 30 26 -1 -1 -1 0 
30 1 560 635 713 80 -1 -1 -1 0 
30 4 668 339 30 25 -1 -1 -1 0 
30 7 1 370 348 333 -1 -1 -1 0 
30 10 612 343 31 27 -1 -1 -1 0 
31 1 558 634 717 81 -1 -1 -1 0 
31 4 669 339 29 26 -1 -1 -1 0 
31 7 0 369 359 335 -1 -1 -1 0 
31 10 612 343 31 27 -1 -1 -1 0 
32 1 561 632 711 83 -1 -1 -1 0 
32 4 669 340 29 25 -1 -1 -1 0 
32 7 1 369 365 340 -1 -1 -1 0 
32 10 612 344 32 27 -1 -1 -1 0 
33 1 559 633 720 82 -1 -1 -1 0 
33 4 669 340 30 26 -1 -1 -1 0 
33 7 2 368 372 343 -1 -1 -1 0 
33 10 612 344 32 26 -1 -1 -1 0 
34 1 556 633 721 82 -1 -1 -1 0 
34 4 668 340 30 24 -1 -1 -1 0 
34 7 2 367 380 344 -1 -1 -1 0 
34 10 613 344 31 25 -1 -1 -1 0 
35 1 579 634 693 81 -1 -1 -1 0 
35 4 669 339 29 25 -1 -1 -1 0 
35 7 2 365 387 347 -1 -1 -1 0 
35 10 614 344 30 25 -1 -1 -1 0 
36 1 560 634 719 80 -1 -1 -1 0 
36 4 669 339 29 25 -1 -1 -1 0 
36 7 3 362 391 350 -1 -1 -1 0 
36 10 614 342 29 25 -1 -1 -1 0 
37 1 558 635 721 79 -1 -1 -1 0 
37 7 2 360 399 351 -1 -1 -1 0 
37 10 613 341 30 26 -1 -1 -1 0 
38 1 558 635 721 79 -1 -1 -1 0 
38 4 669 338 27 25 -1 -1 -1 0 
38 7 2 359 404 351 -1 -1 -1 0 
38 10 613 341 30 25 -1 -1 -1 0 
39 4 669 338 27 24 -1 -1 -1 0 
39 7 0 359 412 346 -1 -1 -1 0 
39 10 613 341 29 25 -1 -1 -1 0 
40 1 559 635 716 80 -1 -1 -1 0 
40 4 668 339 29 24 -1 -1 -1 0 
40 7 0 359 420 337 -1 -1 -1 0 
40 10 613 341 30 26 -1 -1 -1 0 
