3 1 450 338 21 13 -1 -1 -1 0 
3 2 654 342 21 20 -1 -1 -1 0 
3 3 772 333 92 58 -1 -1 -1 0 
3 4 521 333 22 19 -1 -1 -1 0 
3 5 773 332 91 59 -1 -1 -1 0 
4 1 444 337 23 15 -1 -1 -1 0 
4 2 655 342 21 20 -1 -1 -1 0 
4 3 774 333 91 58 -1 -1 -1 0 
4 4 520 332 22 20 -1 -1 -1 0 
4 5 774 332 91 59 -1 -1 -1 0 
5 1 437 336 24 16 -1 -1 -1 0 
5 2 655 341 22 21 -1 -1 -1 0 
5 3 775 333 93 59 -1 -1 -1 0 
5 4 509 335 28 19 -1 -1 -1 0 
5 5 775 332 92 60 -1 -1 -1 0 
6 1 430 337 26 15 -1 -1 -1 0 
6 2 656 342 22 20 -1 -1 -1 0 
6 3 777 333 91 59 -1 -1 -1 0 
6 4 505 336 26 19 -1 -1 -1 0 
6 5 776 333 93 59 -1 -1 -1 0 
6 6 475 337 16 11 -1 -1 -1 0 
7 1 423 338 27 15 -1 -1 -1 0 
7 2 656 343 24 20 -1 -1 -1 0 
7 3 778 333 91 60 -1 -1 -1 0 
7 4 500 338 26 18 -1 -1 -1 0 
7 5 778 333 91 60 -1 -1 -1 0 
7 6 473 338 16 10 -1 -1 -1 0 
8 1 416 338 27 16 -1 -1 -1 0 
8 2 657 344 24 19 -1 -1 -1 0 
8 3 778 333 93 61 -1 -1 -1 0 
8 4 493 336 29 22 -1 -1 -1 0 
8 5 779 334 91 59 -1 -1 -1 0 
8 6 468 338 17 10 -1 -1 -1 0 
9 1 407 339 29 16 -1 -1 -1 0 
9 2 657 345 25 19 -1 -1 -1 0 
9 3 778 334 94 60 -1 -1 -1 0 
9 4 485 338 33 21 -1 -1 -1 0 
9 5 779 334 93 60 -1 -1 -1 0 
9 6 463 339 20 11 -1 -1 -1 0 
10 1 396 339 32 17 -1 -1 -1 0 
10 2 658 346 24 17 -1 -1 -1 0 
10 3 779 334 94 61 -1 -1 -1 0 
10 4 476 338 34 23 -1 -1 -1 0 
10 5 780 334 93 61 -1 -1 -1 0 
10 6 459 338 19 12 -1 -1 -1 0 
10 7 519 331 18 14 -1 -1 -1 0 
11 1 385 339 33 17 -1 -1 -1 0 
11 2 659 346 23 17 -1 -1 -1 0 
11 3 780 335 94 60 -1 -1 -1 0 
11 4 463 339 39 23 -1 -1 -1 0 
11 5 781 335 92 60 -1 -1 -1 0 
11 6 456 338 19 13 -1 -1 -1 0 
11 7 516 330 19 16 -1 -1 -1 0 
12 1 371 339 37 18 -1 -1 -1 0 
12 2 659 346 22 17 -1 -1 -1 0 
12 3 780 335 95 61 -1 -1 -1 0 
12 4 449 338 43 25 -1 -1 -1 0 
12 5 779 335 95 61 -1 -1 -1 0 
12 6 479 333 21 14 -1 -1 -1 0 
12 7 513 330 20 17 -1 -1 -1 0 
12 8 690 343 14 11 -1 -1 -1 0 
13 1 357 337 39 20 -1 -1 -1 0 
13 2 659 345 22 18 -1 -1 -1 0 
13 3 779 335 97 61 -1 -1 -1 0 
13 4 434 337 47 28 -1 -1 -1 0 
13 5 780 335 96 61 -1 -1 -1 0 
13 6 502 331 17 16 -1 -1 -1 0 
13 7 488 331 24 16 -1 -1 -1 0 
13 8 691 343 14 10 -1 -1 -1 0 
14 1 341 337 42 21 -1 -1 -1 0 
14 2 659 345 22 18 -1 -1 -1 0 
14 3 780 335 97 62 -1 -1 -1 0 
14 4 415 336 53 30 -1 -1 -1 0 
14 5 780 335 97 62 -1 -1 -1 0 
14 6 506 330 19 16 -1 -1 -1 0 
14 7 479 331 23 16 -1 -1 -1 0 
14 8 580 338 15 12 -1 -1 -1 0 
15 1 323 337 45 22 -1 -1 -1 0 
15 2 659 345 23 18 -1 -1 -1 0 
15 3 780 335 97 62 -1 -1 -1 0 
15 4 394 336 59 32 -1 -1 -1 0 
15 5 780 335 99 62 -1 -1 -1 0 
15 6 506 329 20 18 -1 -1 -1 0 
15 7 474 331 22 16 -1 -1 -1 0 
15 8 539 337 18 11 -1 -1 -1 0 
16 1 302 337 51 23 -1 -1 -1 0 
16 2 660 345 23 19 -1 -1 -1 0 
16 3 781 335 97 63 -1 -1 -1 0 
16 4 367 336 68 33 -1 -1 -1 0 
16 5 781 335 99 62 -1 -1 -1 0 
16 6 502 329 22 18 -1 -1 -1 0 
16 7 469 330 22 17 -1 -1 -1 0 
16 8 527 336 18 12 -1 -1 -1 0 
17 1 279 336 57 25 -1 -1 -1 0 
17 2 661 345 23 18 -1 -1 -1 0 
17 3 780 335 100 63 -1 -1 -1 0 
17 4 337 334 77 38 -1 -1 -1 0 
17 6 499 328 21 19 -1 -1 -1 0 
17 7 464 330 24 17 -1 -1 -1 0 
17 8 522 336 18 12 -1 -1 -1 0 
18 1 254 337 58 27 -1 -1 -1 0 
18 2 661 346 24 17 -1 -1 -1 0 
18 3 781 335 100 63 -1 -1 -1 0 
18 4 295 335 92 40 -1 -1 -1 0 
18 6 494 329 23 19 -1 -1 -1 0 
18 7 460 331 24 17 -1 -1 -1 0 
18 8 519 336 19 13 -1 -1 -1 0 
19 1 224 338 50 27 -1 -1 -1 0 
19 2 663 345 21 18 -1 -1 -1 0 
19 3 784 334 97 65 -1 -1 -1 0 
19 4 244 335 108 45 -1 -1 -1 0 
19 6 489 329 24 19 -1 -1 -1 0 
19 7 455 331 25 17 -1 -1 -1 0 
19 8 516 336 21 13 -1 -1 -1 0 
19 10 387 336 35 19 -1 -1 -1 0 
20 1 206 338 52 28 -1 -1 -1 0 
20 2 663 345 22 18 -1 -1 -1 0 
20 3 784 334 99 65 -1 -1 -1 0 
20 4 170 335 138 52 -1 -1 -1 0 
20 5 785 335 98 64 -1 -1 -1 0 
20 6 483 329 26 21 -1 -1 -1 0 
20 7 449 331 26 18 -1 -1 -1 0 
20 8 514 336 20 14 -1 -1 -1 0 
20 10 376 337 34 18 -1 -1 -1 0 
21 2 664 345 21 18 -1 -1 -1 0 
21 3 785 334 100 66 -1 -1 -1 0 
21 4 58 335 188 61 -1 -1 -1 0 
21 5 785 335 100 64 -1 -1 -1 0 
21 6 478 329 27 22 -1 -1 -1 0 
21 7 444 330 28 20 -1 -1 -1 0 
21 8 511 336 21 15 -1 -1 -1 0 
21 10 363 338 37 18 -1 -1 -1 0 
22 1 129 340 63 33 -1 -1 -1 0 
22 2 665 343 21 20 -1 -1 -1 0 
22 3 786 334 100 66 -1 -1 -1 0 
22 4 8 335 142 67 -1 -1 -1 0 
22 5 786 335 101 65 -1 -1 -1 0 
22 6 471 329 29 23 -1 -1 -1 0 
22 7 438 330 28 21 -1 -1 -1 0 
22 8 508 336 21 16 -1 -1 -1 0 
22 10 348 338 41 19 -1 -1 -1 0 
23 1 105 341 66 33 -1 -1 -1 0 
23 2 665 343 23 20 -1 -1 -1 0 
23 3 786 335 103 65 -1 -1 -1 0 
23 4 0 338 160 52 -1 -1 -1 0 
23 5 786 335 103 65 -1 -1 -1 0 
23 6 466 328 29 24 -1 -1 -1 0 
23 7 431 330 30 22 -1 -1 -1 0 
23 8 504 336 23 16 -1 -1 -1 0 
23 10 333 338 42 21 -1 -1 -1 0 
24 2 666 343 22 20 -1 -1 -1 0 
24 3 787 335 103 65 -1 -1 -1 0 
24 4 0 342 90 45 -1 -1 -1 0 
24 5 787 335 103 65 -1 -1 -1 0 
24 6 459 328 31 25 -1 -1 -1 0 
24 7 424 330 32 23 -1 -1 -1 0 
24 8 499 336 24 17 -1 -1 -1 0 
24 10 315 338 46 23 -1 -1 -1 0 
25 2 668 345 22 18 -1 -1 -1 0 
25 3 788 335 104 66 -1 -1 -1 0 
25 4 0 342 62 47 -1 -1 -1 0 
25 5 788 335 104 66 -1 -1 -1 0 
25 6 451 327 34 27 -1 -1 -1 0 
25 7 415 330 34 24 -1 -1 -1 0 
25 8 494 336 26 18 -1 -1 -1 0 
25 10 294 339 52 23 -1 -1 -1 0 
26 2 669 345 22 18 -1 -1 -1 0 
26 3 790 335 103 66 -1 -1 -1 0 
26 5 790 335 103 66 -1 -1 -1 0 
26 6 443 326 35 28 -1 -1 -1 0 
26 7 407 329 34 25 -1 -1 -1 0 
26 8 488 336 28 18 -1 -1 -1 0 
26 10 270 339 58 25 -1 -1 -1 0 
27 2 670 345 22 18 -1 -1 -1 0 
27 3 791 335 104 66 -1 -1 -1 0 
27 5 791 335 104 67 -1 -1 -1 0 
27 6 434 325 36 30 -1 -1 -1 0 
27 7 396 329 38 26 -1 -1 -1 0 
27 8 481 336 29 20 -1 -1 -1 0 
27 10 245 340 61 26 -1 -1 -1 0 
28 2 671 343 22 19 -1 -1 -1 0 
28 3 792 335 105 67 -1 -1 -1 0 
28 5 791 335 106 68 -1 -1 -1 0 
28 6 423 325 39 31 -1 -1 -1 0 
28 7 389 329 39 27 -1 -1 -1 0 
28 8 473 336 32 21 -1 -1 -1 0 
28 10 213 341 68 28 -1 -1 -1 0 
29 2 671 344 24 18 -1 -1 -1 0 
29 3 794 335 104 68 -1 -1 -1 0 
29 5 792 335 107 68 -1 -1 -1 0 
29 6 385 326 42 31 -1 -1 -1 0 
29 8 464 336 34 21 -1 -1 -1 0 
29 10 176 340 79 30 -1 -1 -1 0 
30 2 672 344 23 18 -1 -1 -1 0 
30 3 794 335 105 69 -1 -1 -1 0 
30 5 793 335 107 68 -1 -1 -1 0 
30 6 362 327 43 30 -1 -1 -1 0 
30 7 392 323 44 35 -1 -1 -1 0 
30 8 453 336 37 22 -1 -1 -1 0 
30 10 129 341 92 32 -1 -1 -1 0 
31 2 672 344 24 18 -1 -1 -1 0 
31 3 793 335 109 69 -1 -1 -1 0 
31 5 794 335 108 69 -1 -1 -1 0 
31 6 343 327 42 31 -1 -1 -1 0 
31 7 381 321 49 38 -1 -1 -1 0 
31 8 442 335 39 24 -1 -1 -1 0 
31 10 70 341 111 35 -1 -1 -1 0 
32 2 673 343 23 19 -1 -1 -1 0 
32 3 795 336 107 68 -1 -1 -1 0 
32 5 796 336 106 68 -1 -1 -1 0 
32 6 324 327 45 32 -1 -1 -1 0 
32 7 363 321 56 39 -1 -1 -1 0 
32 8 429 335 41 26 -1 -1 -1 0 
32 10 11 341 119 38 -1 -1 -1 0 
33 2 674 343 23 18 -1 -1 -1 0 
33 3 796 335 108 70 -1 -1 -1 0 
33 5 796 335 108 70 -1 -1 -1 0 
33 6 305 327 43 33 -1 -1 -1 0 
33 7 343 321 62 40 -1 -1 -1 0 
33 8 413 335 46 27 -1 -1 -1 0 
33 10 0 341 61 41 -1 -1 -1 0 
33 13 516 336 21 12 -1 -1 -1 0 
33 14 541 335 24 10 -1 -1 -1 0 
34 2 675 344 23 17 -1 -1 -1 0 
34 3 796 335 110 71 -1 -1 -1 0 
34 5 796 335 110 70 -1 -1 -1 0 
34 6 283 327 42 35 -1 -1 -1 0 
34 7 317 320 71 43 -1 -1 -1 0 
34 8 395 335 50 28 -1 -1 -1 0 
34 10 0 341 24 43 -1 -1 -1 0 
34 13 512 337 21 11 -1 -1 -1 0 
34 14 540 335 21 13 -1 -1 -1 0 
35 2 676 344 22 18 -1 -1 -1 0 
35 3 796 337 111 69 -1 -1 -1 0 
35 5 796 337 111 68 -1 -1 -1 0 
35 6 256 326 49 37 -1 -1 -1 0 
35 7 291 318 76 48 -1 -1 -1 0 
35 8 374 335 54 31 -1 -1 -1 0 
35 13 506 337 23 12 -1 -1 -1 0 
35 14 534 336 24 13 -1 -1 -1 0 
36 2 676 344 22 18 -1 -1 -1 0 
36 3 797 337 111 69 -1 -1 -1 0 
36 5 798 337 110 69 -1 -1 -1 0 
36 6 227 324 51 41 -1 -1 -1 0 
36 7 260 317 85 52 -1 -1 -1 0 
36 8 349 335 61 33 -1 -1 -1 0 
36 13 502 337 22 13 -1 -1 -1 0 
36 14 531 336 25 14 -1 -1 -1 0 
37 2 675 344 23 18 -1 -1 -1 0 
37 3 797 337 112 69 -1 -1 -1 0 
37 5 798 337 111 69 -1 -1 -1 0 
37 6 208 324 53 42 -1 -1 -1 0 
37 7 220 315 100 56 -1 -1 -1 0 
37 8 319 335 70 36 -1 -1 -1 0 
37 13 545 337 16 14 -1 -1 -1 0 
37 14 527 336 24 14 -1 -1 -1 0 
38 2 673 344 26 18 -1 -1 -1 0 
38 3 798 336 111 70 -1 -1 -1 0 
38 5 799 336 110 70 -1 -1 -1 0 
38 7 158 313 132 61 -1 -1 -1 0 
38 8 284 335 79 38 -1 -1 -1 0 
38 13 556 337 18 15 -1 -1 -1 0 
38 14 524 336 24 14 -1 -1 -1 0 
38 19 720 341 14 12 -1 -1 -1 0 
39 2 674 344 25 18 -1 -1 -1 0 
39 3 799 336 112 70 -1 -1 -1 0 
39 5 798 335 113 71 -1 -1 -1 0 
39 7 101 310 149 68 -1 -1 -1 0 
39 8 236 334 96 44 -1 -1 -1 0 
39 13 557 338 19 13 -1 -1 -1 0 
39 14 518 336 25 14 -1 -1 -1 0 
39 19 720 341 15 12 -1 -1 -1 0 
39 20 485 335 24 15 -1 -1 -1 0 
40 2 675 344 24 18 -1 -1 -1 0 
40 3 800 335 111 71 -1 -1 -1 0 
40 5 798 335 114 71 -1 -1 -1 0 
40 7 31 308 168 76 -1 -1 -1 0 
40 8 179 334 113 49 -1 -1 -1 0 
40 13 555 338 20 14 -1 -1 -1 0 
40 14 514 336 25 14 -1 -1 -1 0 
40 19 721 341 16 11 -1 -1 -1 0 
40 20 478 336 25 15 -1 -1 -1 0 
