3 1 23 361 305 115 -1 -1 -1 0 
3 2 499 337 95 71 -1 -1 -1 0 
3 3 661 309 57 66 -1 -1 -1 0 
3 4 557 637 719 79 -1 -1 -1 0 
3 5 381 345 45 19 -1 -1 -1 0 
3 6 724 340 27 20 -1 -1 -1 0 
3 7 444 345 24 15 -1 -1 -1 0 
3 10 499 337 96 70 -1 -1 -1 0 
4 1 39 361 292 113 -1 -1 -1 0 
4 2 500 337 95 71 -1 -1 -1 0 
4 3 661 310 57 66 -1 -1 -1 0 
4 4 560 637 715 78 -1 -1 -1 0 
4 5 361 347 54 19 -1 -1 -1 0 
4 6 724 340 27 21 -1 -1 -1 0 
4 7 438 346 24 15 -1 -1 -1 0 
4 10 500 338 95 69 -1 -1 -1 0 
5 1 55 361 281 110 -1 -1 -1 0 
5 2 502 338 92 69 -1 -1 -1 0 
5 3 661 309 56 67 -1 -1 -1 0 
5 4 561 637 714 78 -1 -1 -1 0 
5 5 350 348 56 19 -1 -1 -1 0 
5 6 724 340 27 21 -1 -1 -1 0 
5 7 430 346 26 16 -1 -1 -1 0 
5 10 502 338 92 68 -1 -1 -1 0 
6 1 67 361 275 108 -1 -1 -1 0 
6 2 503 338 91 70 -1 -1 -1 0 
6 3 660 309 58 67 -1 -1 -1 0 
6 4 565 634 706 81 -1 -1 -1 0 
6 5 312 353 57 19 -1 -1 -1 0 
6 6 724 340 28 21 -1 -1 -1 0 
6 7 422 346 28 17 -1 -1 -1 0 
6 10 503 338 91 69 -1 -1 -1 0 
7 1 80 360 266 106 -1 -1 -1 0 
7 2 503 338 92 70 -1 -1 -1 0 
7 3 661 309 56 67 -1 -1 -1 0 
7 4 558 635 720 80 -1 -1 -1 0 
7 5 288 354 52 20 -1 -1 -1 0 
7 6 724 340 27 21 -1 -1 -1 0 
7 7 413 347 29 17 -1 -1 -1 0 
7 10 503 338 91 69 -1 -1 -1 0 
8 1 91 360 259 104 -1 -1 -1 0 
8 2 504 338 90 70 -1 -1 -1 0 
8 3 661 309 55 67 -1 -1 -1 0 
8 4 557 636 721 79 -1 -1 -1 0 
8 5 300 352 53 22 -1 -1 -1 0 
8 6 723 340 28 21 -1 -1 -1 0 
8 7 406 347 31 18 -1 -1 -1 0 
8 10 503 338 92 69 -1 -1 -1 0 
9 1 103 359 251 100 -1 -1 -1 0 
9 2 503 338 93 69 -1 -1 -1 0 
9 3 660 309 56 67 -1 -1 -1 0 
9 4 559 636 718 80 -1 -1 -1 0 
9 5 292 351 53 24 -1 -1 -1 0 
9 6 723 340 28 21 -1 -1 -1 0 
9 10 504 338 91 69 -1 -1 -1 0 
10 1 114 360 245 97 -1 -1 -1 0 
10 2 504 338 92 69 -1 -1 -1 0 
10 3 660 308 57 69 -1 -1 -1 0 
10 4 560 636 715 80 -1 -1 -1 0 
10 5 280 352 55 24 -1 -1 -1 0 
10 6 724 341 26 20 -1 -1 -1 0 
10 10 504 338 92 68 -1 -1 -1 0 
11 1 125 360 237 96 -1 -1 -1 0 
11 2 505 338 91 68 -1 -1 -1 0 
11 3 659 310 58 67 -1 -1 -1 0 
11 4 561 636 711 80 -1 -1 -1 0 
11 6 724 341 26 21 -1 -1 -1 0 
11 7 369 349 53 19 -1 -1 -1 0 
11 10 505 338 91 68 -1 -1 -1 0 
12 1 136 358 229 96 -1 -1 -1 0 
12 2 505 338 91 68 -1 -1 -1 0 
12 3 660 310 56 68 -1 -1 -1 0 
12 4 558 636 717 80 -1 -1 -1 0 
12 6 723 341 28 21 -1 -1 -1 0 
12 7 361 350 55 19 -1 -1 -1 0 
12 10 505 338 91 67 -1 -1 -1 0 
13 1 144 359 227 93 -1 -1 -1 0 
13 2 506 338 90 67 -1 -1 -1 0 
13 3 660 310 56 68 -1 -1 -1 0 
13 4 554 637 725 79 -1 -1 -1 0 
13 6 723 341 28 21 -1 -1 -1 0 
13 10 507 338 88 67 -1 -1 -1 0 
13 18 11 367 54 30 -1 -1 -1 0 
14 1 154 359 221 91 -1 -1 -1 0 
14 2 507 338 89 66 -1 -1 -1 0 
14 3 659 310 57 68 -1 -1 -1 0 
14 4 558 637 715 80 -1 -1 -1 0 
14 5 150 354 77 32 -1 -1 -1 0 
14 6 722 341 29 22 -1 -1 -1 0 
14 7 336 351 49 20 -1 -1 -1 0 
14 10 507 338 89 67 -1 -1 -1 0 
14 18 5 370 51 28 -1 -1 -1 0 
15 1 164 358 214 90 -1 -1 -1 0 
15 2 507 338 89 66 -1 -1 -1 0 
15 3 660 310 55 68 -1 -1 -1 0 
15 4 557 637 719 79 -1 -1 -1 0 
15 5 109 353 99 37 -1 -1 -1 0 
15 6 723 341 27 22 -1 -1 -1 0 
15 7 322 351 45 23 -1 -1 -1 0 
15 10 507 338 89 66 -1 -1 -1 0 
16 1 173 357 209 89 -1 -1 -1 0 
16 2 509 339 86 64 -1 -1 -1 0 
16 3 659 310 55 68 -1 -1 -1 0 
16 4 571 629 690 87 -1 -1 -1 0 
16 5 56 353 122 39 -1 -1 -1 0 
16 6 723 341 27 22 -1 -1 -1 0 
16 7 312 351 46 24 -1 -1 -1 0 
16 10 508 338 88 66 -1 -1 -1 0 
17 1 183 356 202 89 -1 -1 -1 0 
17 2 510 339 86 64 -1 -1 -1 0 
17 3 659 309 56 69 -1 -1 -1 0 
17 4 551 632 728 85 -1 -1 -1 0 
17 5 27 353 128 41 -1 -1 -1 0 
17 6 723 341 28 21 -1 -1 -1 0 
17 10 510 338 86 65 -1 -1 -1 0 
18 1 191 356 200 88 -1 -1 -1 0 
18 2 511 339 85 64 -1 -1 -1 0 
18 3 659 309 56 69 -1 -1 -1 0 
18 4 553 634 726 82 -1 -1 -1 0 
18 6 723 341 28 21 -1 -1 -1 0 
18 10 511 338 85 64 -1 -1 -1 0 
18 20 70 362 114 28 -1 -1 -1 0 
19 1 199 355 196 85 -1 -1 -1 0 
19 2 512 338 84 65 -1 -1 -1 0 
19 3 659 308 57 69 -1 -1 -1 0 
19 4 554 635 725 80 -1 -1 -1 0 
19 6 723 340 28 21 -1 -1 -1 0 
19 10 512 338 84 64 -1 -1 -1 0 
19 20 5 363 100 30 -1 -1 -1 0 
20 1 207 355 191 84 -1 -1 -1 0 
20 2 514 338 82 65 -1 -1 -1 0 
20 3 659 308 57 69 -1 -1 -1 0 
20 4 559 635 719 80 -1 -1 -1 0 
20 6 723 340 28 21 -1 -1 -1 0 
20 7 205 352 68 28 -1 -1 -1 0 
20 10 513 338 84 65 -1 -1 -1 0 
20 20 0 365 58 30 -1 -1 -1 0 
21 1 215 356 187 81 -1 -1 -1 0 
21 2 513 338 85 65 -1 -1 -1 0 
21 3 659 309 58 68 -1 -1 -1 0 
21 4 561 635 714 80 -1 -1 -1 0 
21 6 724 340 27 22 -1 -1 -1 0 
21 7 172 353 78 30 -1 -1 -1 0 
21 10 514 338 83 65 -1 -1 -1 0 
22 1 224 356 181 81 -1 -1 -1 0 
22 2 515 338 83 65 -1 -1 -1 0 
22 3 660 310 58 68 -1 -1 -1 0 
22 4 560 635 716 80 -1 -1 -1 0 
22 6 724 341 28 21 -1 -1 -1 0 
22 7 136 355 87 31 -1 -1 -1 0 
22 10 514 338 85 65 -1 -1 -1 0 
23 1 231 357 178 79 -1 -1 -1 0 
23 2 516 338 83 64 -1 -1 -1 0 
23 3 660 310 59 68 -1 -1 -1 0 
23 4 559 635 716 80 -1 -1 -1 0 
23 6 725 341 26 22 -1 -1 -1 0 
23 7 93 357 100 33 -1 -1 -1 0 
23 10 516 339 84 64 -1 -1 -1 0 
24 1 239 357 174 79 -1 -1 -1 0 
24 3 661 311 58 68 -1 -1 -1 0 
24 4 556 636 722 79 -1 -1 -1 0 
24 6 725 341 27 22 -1 -1 -1 0 
24 7 38 359 116 36 -1 -1 -1 0 
24 10 517 339 83 64 -1 -1 -1 0 
25 1 245 358 171 77 -1 -1 -1 0 
25 2 519 339 82 64 -1 -1 -1 0 
25 3 661 311 59 68 -1 -1 -1 0 
25 4 555 636 723 79 -1 -1 -1 0 
25 6 725 341 27 22 -1 -1 -1 0 
25 7 2 362 105 39 -1 -1 -1 0 
25 10 519 340 82 63 -1 -1 -1 0 
25 21 134 357 81 33 -1 -1 -1 0 
26 1 252 358 168 76 -1 -1 -1 0 
26 2 521 339 81 64 -1 -1 -1 0 
26 3 661 311 59 69 -1 -1 -1 0 
26 4 560 637 715 79 -1 -1 -1 0 
26 6 725 341 28 22 -1 -1 -1 0 
26 7 0 364 52 39 -1 -1 -1 0 
26 10 520 340 82 63 -1 -1 -1 0 
26 21 94 361 94 32 -1 -1 -1 0 
27 1 259 358 165 76 -1 -1 -1 0 
27 2 522 340 81 63 -1 -1 -1 0 
27 3 661 311 59 69 -1 -1 -1 0 
27 4 561 637 714 79 -1 -1 -1 0 
27 6 726 342 27 22 -1 -1 -1 0 
27 7 0 365 20 41 -1 -1 -1 0 
27 21 51 365 107 31 -1 -1 -1 0 
28 1 266 358 161 75 -1 -1 -1 0 
28 2 523 340 81 63 -1 -1 -1 0 
28 3 661 311 59 69 -1 -1 -1 0 
28 4 561 636 713 80 -1 -1 -1 0 
28 6 727 342 27 22 -1 -1 -1 0 
28 21 17 365 97 35 -1 -1 -1 0 
29 1 272 358 157 74 -1 -1 -1 0 
29 2 524 340 80 63 -1 -1 -1 0 
29 3 661 311 59 69 -1 -1 -1 0 
29 4 558 636 719 79 -1 -1 -1 0 
29 6 727 342 26 23 -1 -1 -1 0 
29 21 0 366 73 36 -1 -1 -1 0 
30 1 278 358 155 72 -1 -1 -1 0 
30 2 526 340 79 62 -1 -1 -1 0 
30 3 661 312 59 68 -1 -1 -1 0 
30 4 557 636 720 79 -1 -1 -1 0 
30 6 726 341 28 23 -1 -1 -1 0 
30 21 0 368 43 37 -1 -1 -1 0 
31 1 283 357 154 72 -1 -1 -1 0 
31 2 527 340 78 62 -1 -1 -1 0 
31 3 662 312 58 68 -1 -1 -1 0 
31 4 555 637 724 78 -1 -1 -1 0 
31 6 728 341 26 23 -1 -1 -1 0 
31 10 526 340 79 62 -1 -1 -1 0 
32 1 290 357 148 71 -1 -1 -1 0 
32 2 528 340 78 62 -1 -1 -1 0 
32 3 662 311 58 69 -1 -1 -1 0 
32 4 560 636 712 79 -1 -1 -1 0 
32 6 727 341 28 23 -1 -1 -1 0 
32 10 528 340 78 62 -1 -1 -1 0 
33 1 295 356 146 70 -1 -1 -1 0 
33 2 529 340 78 61 -1 -1 -1 0 
33 3 660 311 61 69 -1 -1 -1 0 
33 4 558 636 718 79 -1 -1 -1 0 
33 6 727 340 28 23 -1 -1 -1 0 
34 1 300 356 143 71 -1 -1 -1 0 
34 2 530 340 77 61 -1 -1 -1 0 
34 3 661 312 59 69 -1 -1 -1 0 
34 4 560 635 714 80 -1 -1 -1 0 
34 6 728 339 27 25 -1 -1 -1 0 
34 10 529 340 79 61 -1 -1 -1 0 
35 1 304 355 144 70 -1 -1 -1 0 
35 2 531 340 77 60 -1 -1 -1 0 
35 3 662 312 58 69 -1 -1 -1 0 
35 4 557 635 718 80 -1 -1 -1 0 
35 6 727 339 29 25 -1 -1 -1 0 
35 10 531 340 78 60 -1 -1 -1 0 
36 1 310 355 139 69 -1 -1 -1 0 
36 2 533 340 75 60 -1 -1 -1 0 
36 3 662 312 59 69 -1 -1 -1 0 
36 4 553 637 726 78 -1 -1 -1 0 
36 6 728 339 27 25 -1 -1 -1 0 
36 10 533 340 76 60 -1 -1 -1 0 
37 1 315 354 137 68 -1 -1 -1 0 
37 2 534 341 76 59 -1 -1 -1 0 
37 3 662 312 58 70 -1 -1 -1 0 
37 4 561 638 714 77 -1 -1 -1 0 
37 6 728 340 28 24 -1 -1 -1 0 
37 10 534 340 76 59 -1 -1 -1 0 
38 1 321 352 132 69 -1 -1 -1 0 
38 2 536 341 74 58 -1 -1 -1 0 
38 3 662 313 59 69 -1 -1 -1 0 
38 4 562 638 712 78 -1 -1 -1 0 
38 6 728 340 29 25 -1 -1 -1 0 
38 10 535 340 76 59 -1 -1 -1 0 
39 1 324 353 134 67 -1 -1 -1 0 
39 2 536 341 76 58 -1 -1 -1 0 
39 3 663 311 57 71 -1 -1 -1 0 
39 4 564 636 706 81 -1 -1 -1 0 
39 6 729 340 27 25 -1 -1 -1 0 
39 10 537 341 74 57 -1 -1 -1 0 
39 23 261 355 57 24 -1 -1 -1 0 
39 24 474 349 25 13 -1 -1 -1 0 
40 1 329 353 130 67 -1 -1 -1 0 
40 2 537 341 75 57 -1 -1 -1 0 
40 3 663 311 59 70 -1 -1 -1 0 
40 4 555 636 724 79 -1 -1 -1 0 
40 6 729 340 28 24 -1 -1 -1 0 
40 10 537 341 76 57 -1 -1 -1 0 
40 23 235 356 60 24 -1 -1 -1 0 
40 24 469 349 26 14 -1 -1 -1 0 
