3 1 907 334 309 157 -1 -1 -1 0 
3 2 524 350 45 28 -1 -1 -1 0 
3 3 680 345 26 23 -1 -1 -1 0 
3 4 381 348 36 16 -1 -1 -1 0 
3 6 624 342 36 26 -1 -1 -1 0 
3 7 442 347 25 12 -1 -1 -1 0 
4 1 909 333 316 159 -1 -1 -1 0 
4 2 525 350 47 27 -1 -1 -1 0 
4 3 679 345 29 22 -1 -1 -1 0 
4 4 369 347 38 18 -1 -1 -1 0 
4 6 625 342 34 26 -1 -1 -1 0 
4 7 429 347 30 12 -1 -1 -1 0 
4 8 712 335 28 19 -1 -1 -1 0 
4 9 490 342 22 11 -1 -1 -1 0 
5 1 911 334 322 160 -1 -1 -1 0 
5 2 527 351 45 25 -1 -1 -1 0 
5 3 680 346 26 21 -1 -1 -1 0 
5 4 354 346 46 20 -1 -1 -1 0 
5 6 625 342 34 25 -1 -1 -1 0 
5 7 418 347 33 12 -1 -1 -1 0 
5 8 712 335 28 19 -1 -1 -1 0 
5 9 483 342 23 13 -1 -1 -1 0 
6 1 913 334 328 163 -1 -1 -1 0 
6 2 529 350 44 26 -1 -1 -1 0 
6 3 680 346 26 21 -1 -1 -1 0 
6 4 344 346 48 21 -1 -1 -1 0 
6 6 626 342 33 25 -1 -1 -1 0 
6 7 411 347 33 13 -1 -1 -1 0 
6 8 712 335 28 19 -1 -1 -1 0 
6 9 475 342 26 14 -1 -1 -1 0 
7 1 915 335 335 164 -1 -1 -1 0 
7 2 530 350 44 26 -1 -1 -1 0 
7 3 680 346 26 21 -1 -1 -1 0 
7 4 322 346 54 21 -1 -1 -1 0 
7 6 626 342 33 25 -1 -1 -1 0 
7 7 398 348 37 13 -1 -1 -1 0 
7 8 712 335 28 20 -1 -1 -1 0 
7 9 468 342 26 14 -1 -1 -1 0 
8 1 918 335 341 166 -1 -1 -1 0 
8 2 531 349 44 27 -1 -1 -1 0 
8 3 679 345 27 23 -1 -1 -1 0 
8 4 304 346 57 22 -1 -1 -1 0 
8 6 626 340 33 27 -1 -1 -1 0 
8 7 389 348 34 14 -1 -1 -1 0 
8 8 711 335 31 20 -1 -1 -1 0 
8 9 461 341 26 16 -1 -1 -1 0 
9 1 920 336 350 167 -1 -1 -1 0 
9 2 531 349 45 26 -1 -1 -1 0 
9 3 678 345 29 23 -1 -1 -1 0 
9 4 283 346 62 24 -1 -1 -1 0 
9 6 627 340 32 27 -1 -1 -1 0 
9 7 379 348 34 16 -1 -1 -1 0 
9 8 712 335 29 21 -1 -1 -1 0 
9 9 451 342 30 15 -1 -1 -1 0 
10 1 922 336 355 168 -1 -1 -1 0 
10 2 533 348 44 27 -1 -1 -1 0 
10 3 678 345 29 22 -1 -1 -1 0 
10 4 261 347 67 24 -1 -1 -1 0 
10 6 626 339 34 28 -1 -1 -1 0 
10 7 367 348 36 17 -1 -1 -1 0 
10 8 712 335 30 21 -1 -1 -1 0 
10 9 442 342 32 16 -1 -1 -1 0 
11 1 927 336 351 173 -1 -1 -1 0 
11 2 534 348 44 27 -1 -1 -1 0 
11 3 679 345 27 22 -1 -1 -1 0 
11 4 234 347 77 26 -1 -1 -1 0 
11 6 627 339 33 28 -1 -1 -1 0 
11 7 353 349 41 16 -1 -1 -1 0 
11 8 712 334 29 22 -1 -1 -1 0 
11 9 432 343 34 16 -1 -1 -1 0 
12 1 930 336 349 176 -1 -1 -1 0 
12 2 536 347 43 28 -1 -1 -1 0 
12 3 679 344 27 23 -1 -1 -1 0 
12 4 205 348 85 26 -1 -1 -1 0 
12 6 627 339 34 28 -1 -1 -1 0 
12 7 340 349 41 17 -1 -1 -1 0 
12 8 712 334 30 22 -1 -1 -1 0 
12 9 422 343 33 17 -1 -1 -1 0 
13 1 930 336 349 175 -1 -1 -1 0 
13 2 537 347 43 27 -1 -1 -1 0 
13 3 679 343 27 24 -1 -1 -1 0 
13 4 174 350 91 28 -1 -1 -1 0 
13 6 626 339 35 28 -1 -1 -1 0 
13 7 324 350 45 17 -1 -1 -1 0 
13 8 711 335 31 21 -1 -1 -1 0 
13 9 414 344 34 17 -1 -1 -1 0 
14 1 934 334 345 177 -1 -1 -1 0 
14 2 538 346 43 27 -1 -1 -1 0 
14 3 679 343 27 23 -1 -1 -1 0 
14 4 135 350 104 30 -1 -1 -1 0 
14 6 628 338 31 28 -1 -1 -1 0 
14 7 306 351 50 17 -1 -1 -1 0 
14 8 711 335 31 20 -1 -1 -1 0 
15 1 936 334 343 179 -1 -1 -1 0 
15 2 539 347 43 26 -1 -1 -1 0 
15 3 678 342 28 24 -1 -1 -1 0 
15 4 90 352 116 32 -1 -1 -1 0 
15 6 627 338 33 28 -1 -1 -1 0 
15 7 287 352 54 19 -1 -1 -1 0 
15 8 711 335 31 20 -1 -1 -1 0 
16 1 938 334 341 179 -1 -1 -1 0 
16 2 542 347 40 26 -1 -1 -1 0 
16 3 678 342 28 24 -1 -1 -1 0 
16 4 61 352 123 34 -1 -1 -1 0 
16 6 628 338 33 28 -1 -1 -1 0 
16 7 274 353 56 19 -1 -1 -1 0 
16 8 712 335 30 20 -1 -1 -1 0 
17 1 942 333 337 182 -1 -1 -1 0 
17 2 543 347 40 26 -1 -1 -1 0 
17 3 678 342 29 24 -1 -1 -1 0 
17 6 628 338 32 28 -1 -1 -1 0 
17 7 240 356 58 20 -1 -1 -1 0 
17 8 712 335 29 20 -1 -1 -1 0 
17 9 350 346 50 19 -1 -1 -1 0 
18 1 944 333 335 183 -1 -1 -1 0 
18 2 545 348 39 24 -1 -1 -1 0 
18 3 678 342 29 24 -1 -1 -1 0 
18 6 627 338 34 28 -1 -1 -1 0 
18 7 211 358 66 19 -1 -1 -1 0 
18 8 711 335 31 20 -1 -1 -1 0 
18 9 331 347 52 20 -1 -1 -1 0 
19 1 946 332 333 186 -1 -1 -1 0 
19 2 546 348 39 24 -1 -1 -1 0 
19 3 678 342 29 24 -1 -1 -1 0 
19 6 629 338 31 27 -1 -1 -1 0 
19 7 230 357 48 18 -1 -1 -1 0 
19 8 712 334 31 21 -1 -1 -1 0 
19 9 310 348 52 20 -1 -1 -1 0 
20 1 950 332 329 190 -1 -1 -1 0 
20 2 547 348 39 23 -1 -1 -1 0 
20 3 678 342 29 24 -1 -1 -1 0 
20 6 628 338 33 27 -1 -1 -1 0 
20 7 214 357 51 19 -1 -1 -1 0 
20 8 713 333 30 22 -1 -1 -1 0 
20 9 284 349 61 20 -1 -1 -1 0 
21 1 952 333 327 191 -1 -1 -1 0 
21 2 548 347 38 24 -1 -1 -1 0 
21 3 678 342 29 24 -1 -1 -1 0 
21 6 629 338 32 27 -1 -1 -1 0 
21 7 192 357 56 20 -1 -1 -1 0 
21 8 713 333 30 22 -1 -1 -1 0 
21 9 255 349 68 23 -1 -1 -1 0 
21 16 101 360 95 26 -1 -1 -1 0 
22 1 955 334 324 192 -1 -1 -1 0 
22 2 549 347 38 25 -1 -1 -1 0 
22 3 678 342 29 24 -1 -1 -1 0 
22 6 629 338 32 27 -1 -1 -1 0 
22 7 163 358 61 22 -1 -1 -1 0 
22 8 713 333 31 22 -1 -1 -1 0 
22 9 231 350 71 24 -1 -1 -1 0 
22 16 44 363 110 27 -1 -1 -1 0 
23 1 958 334 321 194 -1 -1 -1 0 
23 2 549 347 40 25 -1 -1 -1 0 
23 3 679 342 28 24 -1 -1 -1 0 
23 6 631 337 29 27 -1 -1 -1 0 
23 7 137 358 55 23 -1 -1 -1 0 
23 8 713 333 31 22 -1 -1 -1 0 
23 9 203 351 70 25 -1 -1 -1 0 
23 16 1 364 107 29 -1 -1 -1 0 
24 1 961 334 317 198 -1 -1 -1 0 
24 2 550 347 39 24 -1 -1 -1 0 
24 3 679 342 28 24 -1 -1 -1 0 
24 6 631 338 30 26 -1 -1 -1 0 
24 7 109 360 47 23 -1 -1 -1 0 
24 8 713 333 30 22 -1 -1 -1 0 
24 9 158 352 71 28 -1 -1 -1 0 
24 16 0 367 54 26 -1 -1 -1 0 
25 1 964 334 314 201 -1 -1 -1 0 
25 2 553 347 36 24 -1 -1 -1 0 
25 3 678 342 29 24 -1 -1 -1 0 
25 6 631 337 31 27 -1 -1 -1 0 
25 7 88 361 47 23 -1 -1 -1 0 
25 8 713 333 31 22 -1 -1 -1 0 
25 9 102 353 85 30 -1 -1 -1 0 
25 16 0 369 21 26 -1 -1 -1 0 
26 1 968 333 310 206 -1 -1 -1 0 
26 2 554 347 36 24 -1 -1 -1 0 
26 3 679 343 28 23 -1 -1 -1 0 
26 6 631 337 31 27 -1 -1 -1 0 
26 8 713 332 31 23 -1 -1 -1 0 
26 9 12 354 139 35 -1 -1 -1 0 
27 1 970 333 309 208 -1 -1 -1 0 
27 2 554 346 38 25 -1 -1 -1 0 
27 3 680 343 26 22 -1 -1 -1 0 
27 6 632 337 31 27 -1 -1 -1 0 
27 8 713 332 32 23 -1 -1 -1 0 
27 9 0 356 55 35 -1 -1 -1 0 
28 1 974 332 304 211 -1 -1 -1 0 
28 2 556 346 37 24 -1 -1 -1 0 
28 3 680 343 26 22 -1 -1 -1 0 
28 6 632 337 31 27 -1 -1 -1 0 
28 8 714 332 30 23 -1 -1 -1 0 
28 9 0 357 14 36 -1 -1 -1 0 
29 1 976 332 302 215 -1 -1 -1 0 
29 2 556 346 37 24 -1 -1 -1 0 
29 3 680 343 26 23 -1 -1 -1 0 
29 6 631 338 32 26 -1 -1 -1 0 
29 8 713 332 32 24 -1 -1 -1 0 
30 1 980 332 299 217 -1 -1 -1 0 
30 2 557 346 36 24 -1 -1 -1 0 
30 3 680 345 27 21 -1 -1 -1 0 
30 6 632 338 31 26 -1 -1 -1 0 
30 8 713 332 32 24 -1 -1 -1 0 
31 1 983 332 296 220 -1 -1 -1 0 
31 2 558 346 36 24 -1 -1 -1 0 
31 3 680 345 27 21 -1 -1 -1 0 
31 6 633 338 30 26 -1 -1 -1 0 
31 8 713 333 33 23 -1 -1 -1 0 
32 1 986 332 293 223 -1 -1 -1 0 
32 2 559 346 36 24 -1 -1 -1 0 
32 3 680 345 27 21 -1 -1 -1 0 
32 6 633 337 30 27 -1 -1 -1 0 
32 8 713 333 33 23 -1 -1 -1 0 
33 1 989 331 290 227 -1 -1 -1 0 
33 2 561 346 34 24 -1 -1 -1 0 
33 3 680 345 26 21 -1 -1 -1 0 
33 6 633 337 31 27 -1 -1 -1 0 
33 8 714 332 31 24 -1 -1 -1 0 
33 18 369 349 56 15 -1 -1 -1 0 
34 1 993 331 285 230 -1 -1 -1 0 
34 2 562 346 34 23 -1 -1 -1 0 
34 3 680 343 26 23 -1 -1 -1 0 
34 6 633 336 30 27 -1 -1 -1 0 
34 8 714 332 31 24 -1 -1 -1 0 
34 18 360 349 57 16 -1 -1 -1 0 
35 1 997 331 281 235 -1 -1 -1 0 
35 2 563 346 33 23 -1 -1 -1 0 
35 3 679 343 28 22 -1 -1 -1 0 
35 6 633 336 30 27 -1 -1 -1 0 
35 8 713 332 33 24 -1 -1 -1 0 
35 18 367 350 25 15 -1 -1 -1 0 
36 1 1001 331 276 240 -1 -1 -1 0 
36 2 563 346 34 22 -1 -1 -1 0 
36 3 679 342 27 23 -1 -1 -1 0 
36 6 633 335 30 28 -1 -1 -1 0 
36 8 714 332 32 24 -1 -1 -1 0 
36 18 353 351 29 14 -1 -1 -1 0 
37 1 1004 332 274 244 -1 -1 -1 0 
37 2 563 346 34 21 -1 -1 -1 0 
37 3 679 342 27 23 -1 -1 -1 0 
37 6 632 336 32 27 -1 -1 -1 0 
37 8 713 332 34 24 -1 -1 -1 0 
37 18 343 352 29 14 -1 -1 -1 0 
38 1 1009 332 269 249 -1 -1 -1 0 
38 2 564 346 33 21 -1 -1 -1 0 
38 3 678 341 28 24 -1 -1 -1 0 
38 6 632 336 32 26 -1 -1 -1 0 
38 8 712 333 34 23 -1 -1 -1 0 
39 1 1012 332 266 253 -1 -1 -1 0 
39 2 565 346 32 21 -1 -1 -1 0 
39 3 678 342 28 23 -1 -1 -1 0 
39 6 633 336 30 26 -1 -1 -1 0 
39 8 713 333 33 23 -1 -1 -1 0 
40 1 1015 333 264 254 -1 -1 -1 0 
40 2 565 346 33 21 -1 -1 -1 0 
40 3 679 342 27 24 -1 -1 -1 0 
40 6 633 336 31 26 -1 -1 -1 0 
40 8 712 335 35 22 -1 -1 -1 0 
