3 1 479 353 94 60 -1 -1 -1 0 
3 2 753 338 60 45 -1 -1 -1 0 
3 3 1161 337 118 121 -1 -1 -1 0 
3 4 605 340 25 21 -1 -1 -1 0 
4 1 483 353 91 59 -1 -1 -1 0 
4 2 751 339 62 44 -1 -1 -1 0 
4 3 1155 334 124 123 -1 -1 -1 0 
4 4 606 340 24 21 -1 -1 -1 0 
5 1 486 353 89 59 -1 -1 -1 0 
5 2 751 339 61 44 -1 -1 -1 0 
5 3 1149 332 130 124 -1 -1 -1 0 
5 4 607 340 24 21 -1 -1 -1 0 
6 1 488 353 90 58 -1 -1 -1 0 
6 2 750 339 62 44 -1 -1 -1 0 
6 3 1143 331 136 124 -1 -1 -1 0 
6 4 606 341 25 20 -1 -1 -1 0 
7 1 490 354 89 56 -1 -1 -1 0 
7 2 750 339 60 45 -1 -1 -1 0 
7 3 1136 330 143 124 -1 -1 -1 0 
7 4 607 341 25 21 -1 -1 -1 0 
8 1 493 354 86 55 -1 -1 -1 0 
8 2 749 340 61 44 -1 -1 -1 0 
8 3 1131 329 148 123 -1 -1 -1 0 
8 4 608 341 23 21 -1 -1 -1 0 
9 1 496 354 85 54 -1 -1 -1 0 
9 2 749 340 59 44 -1 -1 -1 0 
9 3 1127 329 152 122 -1 -1 -1 0 
9 4 608 341 24 21 -1 -1 -1 0 
10 1 499 354 82 54 -1 -1 -1 0 
10 2 748 341 60 43 -1 -1 -1 0 
10 3 1121 328 158 122 -1 -1 -1 0 
10 4 608 341 23 21 -1 -1 -1 0 
11 1 501 354 82 54 -1 -1 -1 0 
11 2 748 341 58 43 -1 -1 -1 0 
11 3 1116 329 163 120 -1 -1 -1 0 
11 4 608 343 24 19 -1 -1 -1 0 
12 1 504 354 80 53 -1 -1 -1 0 
12 2 748 341 57 42 -1 -1 -1 0 
12 3 1113 327 164 125 -1 -1 -1 0 
12 4 609 343 22 19 -1 -1 -1 0 
12 6 558 634 721 81 -1 -1 -1 0 
13 1 505 353 81 53 -1 -1 -1 0 
13 2 749 340 54 43 -1 -1 -1 0 
13 3 1110 327 165 136 -1 -1 -1 0 
13 4 609 343 23 19 -1 -1 -1 0 
13 6 559 634 717 81 -1 -1 -1 0 
14 1 507 353 80 52 -1 -1 -1 0 
14 2 747 340 56 42 -1 -1 -1 0 
14 3 1102 326 176 141 -1 -1 -1 0 
14 4 608 342 25 19 -1 -1 -1 0 
14 6 557 633 720 82 -1 -1 -1 0 
15 1 509 353 79 51 -1 -1 -1 0 
15 2 747 340 54 42 -1 -1 -1 0 
15 3 1098 325 181 145 -1 -1 -1 0 
15 4 609 342 25 19 -1 -1 -1 0 
16 1 513 353 75 50 -1 -1 -1 0 
16 2 745 340 56 42 -1 -1 -1 0 
16 3 1092 326 187 145 -1 -1 -1 0 
16 4 609 341 23 20 -1 -1 -1 0 
17 1 515 353 75 50 -1 -1 -1 0 
17 2 745 340 55 42 -1 -1 -1 0 
17 3 1087 327 192 142 -1 -1 -1 0 
17 4 610 341 23 20 -1 -1 -1 0 
18 1 517 353 75 49 -1 -1 -1 0 
18 2 744 341 56 41 -1 -1 -1 0 
18 3 1083 327 196 141 -1 -1 -1 0 
19 1 519 353 73 49 -1 -1 -1 0 
19 2 744 341 54 41 -1 -1 -1 0 
19 3 1077 328 202 139 -1 -1 -1 0 
20 1 520 353 73 49 -1 -1 -1 0 
20 2 744 342 54 40 -1 -1 -1 0 
20 3 1073 329 205 136 -1 -1 -1 0 
21 1 521 353 74 48 -1 -1 -1 0 
21 2 743 342 54 40 -1 -1 -1 0 
21 3 1069 330 210 133 -1 -1 -1 0 
22 1 524 353 71 47 -1 -1 -1 0 
22 2 743 342 52 39 -1 -1 -1 0 
22 3 1067 331 210 130 -1 -1 -1 0 
23 1 527 353 68 46 -1 -1 -1 0 
23 2 741 342 55 39 -1 -1 -1 0 
23 3 1065 332 211 129 -1 -1 -1 0 
24 1 529 352 67 46 -1 -1 -1 0 
24 2 741 342 53 39 -1 -1 -1 0 
24 3 1059 331 219 128 -1 -1 -1 0 
25 1 530 352 68 45 -1 -1 -1 0 
25 2 740 342 54 39 -1 -1 -1 0 
25 3 1056 331 223 126 -1 -1 -1 0 
26 1 532 352 67 44 -1 -1 -1 0 
26 2 740 340 51 40 -1 -1 -1 0 
26 3 1053 331 223 124 -1 -1 -1 0 
27 1 534 352 65 43 -1 -1 -1 0 
27 2 739 340 52 40 -1 -1 -1 0 
27 3 1048 330 231 125 -1 -1 -1 0 
28 1 535 351 66 43 -1 -1 -1 0 
28 2 739 340 51 39 -1 -1 -1 0 
28 3 1043 330 236 124 -1 -1 -1 0 
29 1 538 351 64 43 -1 -1 -1 0 
29 2 739 339 51 40 -1 -1 -1 0 
29 3 1041 330 237 123 -1 -1 -1 0 
29 6 560 634 717 82 -1 -1 -1 0 
30 1 540 351 63 42 -1 -1 -1 0 
30 2 739 339 49 39 -1 -1 -1 0 
30 3 1037 330 242 121 -1 -1 -1 0 
30 6 562 635 715 80 -1 -1 -1 0 
31 1 541 351 64 42 -1 -1 -1 0 
31 2 738 339 50 39 -1 -1 -1 0 
31 3 1034 330 245 120 -1 -1 -1 0 
31 6 557 635 722 80 -1 -1 -1 0 
32 1 544 351 61 41 -1 -1 -1 0 
32 2 738 340 50 38 -1 -1 -1 0 
32 3 1030 331 249 119 -1 -1 -1 0 
32 6 557 635 722 80 -1 -1 -1 0 
33 1 546 351 61 41 -1 -1 -1 0 
33 2 738 340 49 38 -1 -1 -1 0 
33 3 1027 331 252 117 -1 -1 -1 0 
33 6 560 635 718 79 -1 -1 -1 0 
34 1 548 351 59 40 -1 -1 -1 0 
34 2 738 340 48 38 -1 -1 -1 0 
34 3 1023 331 256 116 -1 -1 -1 0 
34 6 560 635 718 79 -1 -1 -1 0 
35 1 549 351 59 40 -1 -1 -1 0 
35 2 737 340 49 37 -1 -1 -1 0 
35 3 1021 331 258 115 -1 -1 -1 0 
36 1 551 351 57 39 -1 -1 -1 0 
36 2 737 340 49 37 -1 -1 -1 0 
36 3 1018 331 261 114 -1 -1 -1 0 
37 1 552 351 57 39 -1 -1 -1 0 
37 2 738 339 46 38 -1 -1 -1 0 
37 3 1016 331 256 113 -1 -1 -1 0 
38 1 553 352 58 37 -1 -1 -1 0 
38 2 737 339 46 38 -1 -1 -1 0 
38 3 1011 331 256 112 -1 -1 -1 0 
39 1 556 352 55 37 -1 -1 -1 0 
39 2 736 339 47 38 -1 -1 -1 0 
39 3 1007 331 252 109 -1 -1 -1 0 
40 1 557 351 55 37 -1 -1 -1 0 
40 2 736 339 47 37 -1 -1 -1 0 
40 3 1006 332 244 107 -1 -1 -1 0 
