3 1 652 336 38 35 -1 -1 -1 0 
4 1 652 336 38 35 -1 -1 -1 0 
5 1 652 336 39 35 -1 -1 -1 0 
6 1 653 336 37 36 -1 -1 -1 0 
7 1 652 336 40 36 -1 -1 -1 0 
8 1 652 336 40 35 -1 -1 -1 0 
9 1 652 337 40 34 -1 -1 -1 0 
10 1 653 337 38 34 -1 -1 -1 0 
11 1 653 337 38 34 -1 -1 -1 0 
12 1 654 337 37 34 -1 -1 -1 0 
13 1 654 337 38 33 -1 -1 -1 0 
14 1 654 337 39 33 -1 -1 -1 0 
15 1 655 337 37 33 -1 -1 -1 0 
16 1 655 337 38 33 -1 -1 -1 0 
17 1 656 337 37 33 -1 -1 -1 0 
18 1 656 337 37 33 -1 -1 -1 0 
19 1 655 337 38 32 -1 -1 -1 0 
20 1 656 337 37 32 -1 -1 -1 0 
21 1 656 337 37 32 -1 -1 -1 0 
22 1 657 338 36 31 -1 -1 -1 0 
23 1 657 337 36 32 -1 -1 -1 0 
24 1 658 337 35 32 -1 -1 -1 0 
25 1 657 337 38 32 -1 -1 -1 0 
26 1 658 337 36 32 -1 -1 -1 0 
26 5 0 471 105 181 -1 -1 -1 0 
27 1 659 337 36 32 -1 -1 -1 0 
27 5 0 468 124 185 -1 -1 -1 0 
27 6 578 635 687 79 -1 -1 -1 0 
28 5 0 461 144 183 -1 -1 -1 0 
28 6 562 635 711 79 -1 -1 -1 0 
29 1 660 337 34 32 -1 -1 -1 0 
29 5 0 458 161 176 -1 -1 -1 0 
29 6 562 636 711 78 -1 -1 -1 0 
30 1 659 336 37 33 -1 -1 -1 0 
30 5 0 454 176 173 -1 -1 -1 0 
30 6 564 636 709 78 -1 -1 -1 0 
31 1 660 336 36 33 -1 -1 -1 0 
31 5 1 442 188 180 -1 -1 -1 0 
31 6 564 637 703 77 -1 -1 -1 0 
32 1 659 337 38 31 -1 -1 -1 0 
32 5 1 427 203 186 -1 -1 -1 0 
32 6 565 634 701 81 -1 -1 -1 0 
33 1 660 337 36 31 -1 -1 -1 0 
33 5 3 412 213 199 -1 -1 -1 0 
33 6 564 634 711 80 -1 -1 -1 0 
34 1 661 337 36 31 -1 -1 -1 0 
34 5 4 394 226 216 -1 -1 -1 0 
34 6 561 634 715 80 -1 -1 -1 0 
35 1 661 338 36 30 -1 -1 -1 0 
35 5 4 378 238 232 -1 -1 -1 0 
35 6 560 634 714 80 -1 -1 -1 0 
36 1 661 338 36 30 -1 -1 -1 0 
36 5 1 372 257 240 -1 -1 -1 0 
36 6 574 634 698 80 -1 -1 -1 0 
37 1 662 338 35 30 -1 -1 -1 0 
37 5 0 368 274 237 -1 -1 -1 0 
37 6 562 634 715 80 -1 -1 -1 0 
38 1 662 338 35 30 -1 -1 -1 0 
38 5 0 366 284 238 -1 -1 -1 0 
38 6 558 635 719 78 -1 -1 -1 0 
39 1 662 337 35 31 -1 -1 -1 0 
39 5 2 364 290 248 -1 -1 -1 0 
39 6 560 635 715 78 -1 -1 -1 0 
40 1 663 337 34 31 -1 -1 -1 0 
40 5 2 365 300 253 -1 -1 -1 0 
40 6 577 635 693 78 -1 -1 -1 0 
