3 1 1190 135 86 426 -1 -1 -1 0 
3 2 428 334 163 113 -1 -1 -1 0 
3 3 585 347 46 33 -1 -1 -1 0 
3 5 561 636 713 78 -1 -1 -1 0 
3 6 49 359 134 42 -1 -1 -1 0 
3 7 174 360 74 31 -1 -1 -1 0 
3 8 241 352 83 31 -1 -1 -1 0 
3 9 1 358 50 46 -1 -1 -1 0 
3 11 720 340 28 22 -1 -1 -1 0 
4 1 1198 135 81 422 -1 -1 -1 0 
4 2 432 334 159 111 -1 -1 -1 0 
4 3 585 347 45 32 -1 -1 -1 0 
4 5 564 636 710 79 -1 -1 -1 0 
4 6 10 360 137 44 -1 -1 -1 0 
4 7 142 361 88 31 -1 -1 -1 0 
4 8 217 352 90 33 -1 -1 -1 0 
4 9 0 359 39 45 -1 -1 -1 0 
4 11 719 341 29 21 -1 -1 -1 0 
4 12 308 354 70 22 -1 -1 -1 0 
5 2 435 333 157 110 -1 -1 -1 0 
5 3 586 346 44 34 -1 -1 -1 0 
5 5 561 635 715 80 -1 -1 -1 0 
5 6 1 361 103 47 -1 -1 -1 0 
5 7 113 362 84 33 -1 -1 -1 0 
5 8 187 352 103 36 -1 -1 -1 0 
5 11 720 341 27 21 -1 -1 -1 0 
5 12 289 355 79 23 -1 -1 -1 0 
5 13 387 352 39 19 -1 -1 -1 0 
6 2 438 334 155 107 -1 -1 -1 0 
6 3 583 347 48 33 -1 -1 -1 0 
6 5 570 635 706 80 -1 -1 -1 0 
6 6 0 363 55 46 -1 -1 -1 0 
6 7 79 364 88 35 -1 -1 -1 0 
6 8 157 354 117 36 -1 -1 -1 0 
6 11 720 341 26 21 -1 -1 -1 0 
6 12 272 355 83 25 -1 -1 -1 0 
6 13 375 353 48 20 -1 -1 -1 0 
7 2 441 334 152 106 -1 -1 -1 0 
7 3 585 348 45 32 -1 -1 -1 0 
7 5 560 636 719 79 -1 -1 -1 0 
7 6 0 364 30 48 -1 -1 -1 0 
7 7 40 366 98 35 -1 -1 -1 0 
7 8 125 354 124 40 -1 -1 -1 0 
7 11 720 342 27 20 -1 -1 -1 0 
7 12 253 356 83 28 -1 -1 -1 0 
7 13 365 353 50 21 -1 -1 -1 0 
7 16 339 356 30 19 -1 -1 -1 0 
8 2 444 334 150 105 -1 -1 -1 0 
8 3 584 348 47 32 -1 -1 -1 0 
8 5 559 636 718 79 -1 -1 -1 0 
8 7 1 367 99 37 -1 -1 -1 0 
8 8 88 354 134 44 -1 -1 -1 0 
8 11 720 342 26 20 -1 -1 -1 0 
8 12 231 355 95 30 -1 -1 -1 0 
8 13 354 353 49 22 -1 -1 -1 0 
8 16 326 356 31 20 -1 -1 -1 0 
9 2 446 336 149 102 -1 -1 -1 0 
9 3 588 349 44 31 -1 -1 -1 0 
9 5 561 636 716 79 -1 -1 -1 0 
9 7 0 369 60 38 -1 -1 -1 0 
9 8 50 355 145 46 -1 -1 -1 0 
9 11 719 342 27 20 -1 -1 -1 0 
9 12 212 356 100 30 -1 -1 -1 0 
9 13 341 354 53 23 -1 -1 -1 0 
9 16 309 358 38 20 -1 -1 -1 0 
10 2 450 335 145 102 -1 -1 -1 0 
10 3 591 349 41 30 -1 -1 -1 0 
10 5 559 636 718 79 -1 -1 -1 0 
10 7 0 371 33 38 -1 -1 -1 0 
10 8 3 356 161 48 -1 -1 -1 0 
10 11 720 342 25 20 -1 -1 -1 0 
10 12 188 357 108 31 -1 -1 -1 0 
10 13 327 354 58 24 -1 -1 -1 0 
10 16 294 358 40 21 -1 -1 -1 0 
11 2 453 335 143 100 -1 -1 -1 0 
11 3 593 349 39 30 -1 -1 -1 0 
11 5 563 637 713 78 -1 -1 -1 0 
11 8 0 356 133 50 -1 -1 -1 0 
11 11 719 342 27 20 -1 -1 -1 0 
11 12 169 360 110 30 -1 -1 -1 0 
11 13 314 354 63 25 -1 -1 -1 0 
11 16 278 359 44 21 -1 -1 -1 0 
12 2 456 336 141 97 -1 -1 -1 0 
12 3 593 348 40 30 -1 -1 -1 0 
12 5 562 636 713 79 -1 -1 -1 0 
12 8 0 358 93 49 -1 -1 -1 0 
12 11 720 341 25 21 -1 -1 -1 0 
12 12 143 360 114 32 -1 -1 -1 0 
12 13 299 355 66 24 -1 -1 -1 0 
12 16 264 359 48 23 -1 -1 -1 0 
12 18 395 350 53 20 -1 -1 -1 0 
13 2 458 336 139 98 -1 -1 -1 0 
13 3 593 349 42 30 -1 -1 -1 0 
13 5 564 636 711 79 -1 -1 -1 0 
13 8 0 358 69 51 -1 -1 -1 0 
13 11 720 343 26 20 -1 -1 -1 0 
13 12 109 362 128 34 -1 -1 -1 0 
13 13 282 357 68 24 -1 -1 -1 0 
13 16 248 359 49 24 -1 -1 -1 0 
13 18 386 350 55 22 -1 -1 -1 0 
14 2 461 337 137 96 -1 -1 -1 0 
14 3 592 349 43 30 -1 -1 -1 0 
14 5 563 636 714 79 -1 -1 -1 0 
14 11 720 344 27 19 -1 -1 -1 0 
14 12 71 362 137 37 -1 -1 -1 0 
14 13 262 358 75 25 -1 -1 -1 0 
14 16 231 360 48 25 -1 -1 -1 0 
14 18 379 350 54 22 -1 -1 -1 0 
14 19 746 340 18 15 -1 -1 -1 0 
15 2 464 337 135 95 -1 -1 -1 0 
15 3 593 349 41 29 -1 -1 -1 0 
15 5 560 636 716 79 -1 -1 -1 0 
15 11 721 344 26 20 -1 -1 -1 0 
15 12 23 361 152 43 -1 -1 -1 0 
15 13 247 359 73 25 -1 -1 -1 0 
15 16 211 361 52 26 -1 -1 -1 0 
15 18 365 351 65 22 -1 -1 -1 0 
15 19 747 340 18 15 -1 -1 -1 0 
16 2 466 337 134 94 -1 -1 -1 0 
16 3 592 349 43 29 -1 -1 -1 0 
16 5 560 636 715 79 -1 -1 -1 0 
16 11 721 344 26 20 -1 -1 -1 0 
16 12 1 360 142 46 -1 -1 -1 0 
16 13 219 359 87 27 -1 -1 -1 0 
16 16 190 362 58 27 -1 -1 -1 0 
16 18 356 351 69 23 -1 -1 -1 0 
16 19 747 340 18 16 -1 -1 -1 0 
17 2 467 337 134 92 -1 -1 -1 0 
17 3 594 348 41 29 -1 -1 -1 0 
17 5 564 636 711 79 -1 -1 -1 0 
17 11 721 343 26 20 -1 -1 -1 0 
17 12 0 359 115 46 -1 -1 -1 0 
17 13 174 359 116 31 -1 -1 -1 0 
17 16 132 364 66 26 -1 -1 -1 0 
17 18 346 351 69 24 -1 -1 -1 0 
17 19 747 340 19 16 -1 -1 -1 0 
17 21 416 350 50 22 -1 -1 -1 0 
18 2 471 337 130 91 -1 -1 -1 0 
18 3 597 346 38 31 -1 -1 -1 0 
18 5 566 636 710 79 -1 -1 -1 0 
18 11 721 342 26 21 -1 -1 -1 0 
18 12 0 361 88 43 -1 -1 -1 0 
18 13 143 359 125 34 -1 -1 -1 0 
18 16 89 365 75 27 -1 -1 -1 0 
18 18 332 351 75 25 -1 -1 -1 0 
18 19 748 340 17 16 -1 -1 -1 0 
18 21 413 349 51 24 -1 -1 -1 0 
19 2 473 335 128 91 -1 -1 -1 0 
19 3 597 345 38 31 -1 -1 -1 0 
19 5 561 636 717 79 -1 -1 -1 0 
19 11 721 341 26 21 -1 -1 -1 0 
19 12 0 363 48 43 -1 -1 -1 0 
19 13 111 359 134 35 -1 -1 -1 0 
19 16 53 365 71 28 -1 -1 -1 0 
19 18 320 350 76 25 -1 -1 -1 0 
19 19 747 340 20 15 -1 -1 -1 0 
20 2 475 334 127 90 -1 -1 -1 0 
20 3 598 344 38 31 -1 -1 -1 0 
20 5 559 636 719 79 -1 -1 -1 0 
20 11 721 341 26 21 -1 -1 -1 0 
20 12 0 364 24 43 -1 -1 -1 0 
20 13 78 359 141 37 -1 -1 -1 0 
20 16 15 366 83 28 -1 -1 -1 0 
20 18 306 350 78 26 -1 -1 -1 0 
20 19 748 339 19 16 -1 -1 -1 0 
20 21 275 353 39 26 -1 -1 -1 0 
21 2 479 334 123 89 -1 -1 -1 0 
21 3 599 344 38 30 -1 -1 -1 0 
21 5 560 637 717 78 -1 -1 -1 0 
21 11 720 341 27 21 -1 -1 -1 0 
21 13 40 360 153 40 -1 -1 -1 0 
21 16 0 368 55 30 -1 -1 -1 0 
21 18 291 351 83 26 -1 -1 -1 0 
21 19 749 339 19 15 -1 -1 -1 0 
21 21 245 354 45 27 -1 -1 -1 0 
22 2 481 333 122 89 -1 -1 -1 0 
22 3 600 344 37 30 -1 -1 -1 0 
22 5 558 637 720 78 -1 -1 -1 0 
22 11 721 341 26 20 -1 -1 -1 0 
22 13 3 361 161 42 -1 -1 -1 0 
22 16 0 369 26 31 -1 -1 -1 0 
22 18 273 351 105 27 -1 -1 -1 0 
22 19 750 339 18 15 -1 -1 -1 0 
22 21 224 355 46 27 -1 -1 -1 0 
23 2 483 334 121 87 -1 -1 -1 0 
23 3 601 345 37 29 -1 -1 -1 0 
23 5 562 637 712 78 -1 -1 -1 0 
23 11 722 342 25 19 -1 -1 -1 0 
23 13 0 363 128 44 -1 -1 -1 0 
23 18 285 351 62 28 -1 -1 -1 0 
23 19 750 340 19 15 -1 -1 -1 0 
23 21 202 355 53 29 -1 -1 -1 0 
24 2 486 334 118 87 -1 -1 -1 0 
24 3 602 346 37 28 -1 -1 -1 0 
24 5 562 636 712 79 -1 -1 -1 0 
24 11 722 342 26 20 -1 -1 -1 0 
24 13 0 365 85 43 -1 -1 -1 0 
24 18 257 353 81 28 -1 -1 -1 0 
24 19 750 340 20 15 -1 -1 -1 0 
24 21 178 356 61 30 -1 -1 -1 0 
25 2 489 334 116 87 -1 -1 -1 0 
25 3 603 347 37 28 -1 -1 -1 0 
25 5 563 636 711 80 -1 -1 -1 0 
25 11 723 343 25 20 -1 -1 -1 0 
25 13 0 366 61 44 -1 -1 -1 0 
25 18 225 354 98 31 -1 -1 -1 0 
25 19 751 340 20 16 -1 -1 -1 0 
25 21 154 357 64 33 -1 -1 -1 0 
26 2 490 335 117 85 -1 -1 -1 0 
26 3 605 347 35 28 -1 -1 -1 0 
26 5 560 636 718 80 -1 -1 -1 0 
26 11 723 344 26 19 -1 -1 -1 0 
26 18 204 356 57 31 -1 -1 -1 0 
26 19 752 341 20 15 -1 -1 -1 0 
26 21 124 358 73 34 -1 -1 -1 0 
26 26 303 356 38 23 -1 -1 -1 0 
26 27 344 350 63 25 -1 -1 -1 0 
27 2 492 336 117 83 -1 -1 -1 0 
27 3 605 347 36 28 -1 -1 -1 0 
27 5 562 636 715 80 -1 -1 -1 0 
27 11 724 344 25 20 -1 -1 -1 0 
27 18 168 357 90 32 -1 -1 -1 0 
27 19 753 341 19 15 -1 -1 -1 0 
27 21 90 359 85 37 -1 -1 -1 0 
27 26 286 357 45 23 -1 -1 -1 0 
27 27 331 350 66 26 -1 -1 -1 0 
27 29 6 338 85 68 -1 -1 -1 0 
28 2 496 335 112 84 -1 -1 -1 0 
28 3 604 345 37 30 -1 -1 -1 0 
28 5 560 637 717 79 -1 -1 -1 0 
28 11 725 344 24 20 -1 -1 -1 0 
28 18 143 358 81 33 -1 -1 -1 0 
28 19 754 340 19 16 -1 -1 -1 0 
28 21 49 360 101 38 -1 -1 -1 0 
28 26 266 357 55 25 -1 -1 -1 0 
28 27 317 350 70 27 -1 -1 -1 0 
28 29 1 323 50 84 -1 -1 -1 0 
29 2 498 335 111 83 -1 -1 -1 0 
29 3 604 345 38 30 -1 -1 -1 0 
29 5 560 636 716 79 -1 -1 -1 0 
29 11 725 344 25 20 -1 -1 -1 0 
29 18 110 360 77 34 -1 -1 -1 0 
29 19 755 340 19 15 -1 -1 -1 0 
29 21 9 361 107 40 -1 -1 -1 0 
29 26 247 357 63 26 -1 -1 -1 0 
29 27 303 350 76 28 -1 -1 -1 0 
29 29 0 313 30 94 -1 -1 -1 0 
30 2 499 335 111 82 -1 -1 -1 0 
30 3 605 346 37 28 -1 -1 -1 0 
30 5 559 636 717 79 -1 -1 -1 0 
30 11 725 344 25 20 -1 -1 -1 0 
30 18 71 362 77 35 -1 -1 -1 0 
30 19 756 340 18 15 -1 -1 -1 0 
30 21 0 362 83 42 -1 -1 -1 0 
30 26 226 358 57 29 -1 -1 -1 0 
30 27 291 350 71 30 -1 -1 -1 0 
30 31 401 351 48 19 -1 -1 -1 0 
31 2 501 335 110 81 -1 -1 -1 0 
31 3 606 346 36 29 -1 -1 -1 0 
31 5 561 636 714 79 -1 -1 -1 0 
31 11 724 344 26 20 -1 -1 -1 0 
31 18 25 364 86 37 -1 -1 -1 0 
31 19 758 340 17 16 -1 -1 -1 0 
31 21 0 364 45 41 -1 -1 -1 0 
31 26 254 354 76 30 -1 -1 -1 0 
31 27 222 357 73 29 -1 -1 -1 0 
31 31 395 351 47 20 -1 -1 -1 0 
31 32 79 358 125 40 -1 -1 -1 0 
32 2 503 335 108 81 -1 -1 -1 0 
32 3 606 346 37 29 -1 -1 -1 0 
32 5 564 634 709 81 -1 -1 -1 0 
32 11 723 345 28 19 -1 -1 -1 0 
32 18 0 365 83 38 -1 -1 -1 0 
32 19 758 341 18 15 -1 -1 -1 0 
32 21 0 365 21 42 -1 -1 -1 0 
32 26 249 353 83 31 -1 -1 -1 0 
32 27 184 360 67 30 -1 -1 -1 0 
32 31 388 351 45 21 -1 -1 -1 0 
32 32 30 359 143 43 -1 -1 -1 0 
33 2 504 336 108 79 -1 -1 -1 0 
33 3 605 346 39 29 -1 -1 -1 0 
33 5 559 634 719 81 -1 -1 -1 0 
33 11 724 345 27 20 -1 -1 -1 0 
33 19 760 341 16 15 -1 -1 -1 0 
33 26 231 352 89 33 -1 -1 -1 0 
33 27 154 361 72 32 -1 -1 -1 0 
33 31 377 353 51 20 -1 -1 -1 0 
33 32 0 361 134 44 -1 -1 -1 0 
34 2 506 336 107 78 -1 -1 -1 0 
34 3 607 347 36 28 -1 -1 -1 0 
34 5 559 635 719 80 -1 -1 -1 0 
34 11 724 346 26 19 -1 -1 -1 0 
34 19 759 343 20 14 -1 -1 -1 0 
34 26 209 353 99 35 -1 -1 -1 0 
34 27 126 362 78 34 -1 -1 -1 0 
34 31 366 354 52 20 -1 -1 -1 0 
34 32 0 362 95 44 -1 -1 -1 0 
34 33 419 353 34 16 -1 -1 -1 0 
35 2 508 337 106 77 -1 -1 -1 0 
35 3 607 348 36 27 -1 -1 -1 0 
35 5 557 636 722 79 -1 -1 -1 0 
35 11 724 346 27 19 -1 -1 -1 0 
35 19 760 343 20 14 -1 -1 -1 0 
35 26 182 354 109 37 -1 -1 -1 0 
35 27 94 363 85 37 -1 -1 -1 0 
35 31 351 355 58 22 -1 -1 -1 0 
35 32 0 364 47 45 -1 -1 -1 0 
35 33 409 354 41 16 -1 -1 -1 0 
36 2 510 337 105 76 -1 -1 -1 0 
36 3 607 347 36 28 -1 -1 -1 0 
36 5 558 636 719 79 -1 -1 -1 0 
36 11 724 345 27 20 -1 -1 -1 0 
36 19 761 343 20 14 -1 -1 -1 0 
36 26 151 354 115 41 -1 -1 -1 0 
36 27 57 365 95 38 -1 -1 -1 0 
36 31 339 356 57 24 -1 -1 -1 0 
36 32 0 366 19 45 -1 -1 -1 0 
36 33 403 354 40 17 -1 -1 -1 0 
37 2 513 338 102 75 -1 -1 -1 0 
37 3 607 347 37 28 -1 -1 -1 0 
37 5 560 636 716 79 -1 -1 -1 0 
37 11 724 345 28 20 -1 -1 -1 0 
37 19 761 342 20 15 -1 -1 -1 0 
37 26 114 356 130 43 -1 -1 -1 0 
37 27 14 367 108 41 -1 -1 -1 0 
37 31 322 356 63 25 -1 -1 -1 0 
37 33 393 354 45 18 -1 -1 -1 0 
38 2 514 338 102 74 -1 -1 -1 0 
38 3 608 347 36 27 -1 -1 -1 0 
38 5 560 636 716 79 -1 -1 -1 0 
38 11 724 345 28 20 -1 -1 -1 0 
38 19 762 341 21 16 -1 -1 -1 0 
38 26 73 356 145 46 -1 -1 -1 0 
38 27 0 369 82 41 -1 -1 -1 0 
38 31 308 356 62 26 -1 -1 -1 0 
38 33 384 354 48 18 -1 -1 -1 0 
39 2 517 338 99 74 -1 -1 -1 0 
39 3 609 348 35 26 -1 -1 -1 0 
39 5 559 636 719 79 -1 -1 -1 0 
39 11 724 345 28 20 -1 -1 -1 0 
39 19 762 341 22 16 -1 -1 -1 0 
39 26 20 359 167 47 -1 -1 -1 0 
39 27 0 370 40 44 -1 -1 -1 0 
39 31 290 357 71 26 -1 -1 -1 0 
39 33 374 355 45 20 -1 -1 -1 0 
40 2 518 338 99 73 -1 -1 -1 0 
40 3 608 346 36 28 -1 -1 -1 0 
40 5 559 636 718 78 -1 -1 -1 0 
40 11 725 345 27 20 -1 -1 -1 0 
40 19 763 341 21 16 -1 -1 -1 0 
40 26 2 360 142 51 -1 -1 -1 0 
40 27 0 372 12 45 -1 -1 -1 0 
40 31 272 358 76 27 -1 -1 -1 0 
40 33 359 356 52 20 -1 -1 -1 0 
