3 1 971 348 110 51 -1 -1 -1 0 
3 2 1064 335 215 152 -1 -1 -1 0 
3 3 276 362 132 39 -1 -1 -1 0 
3 4 629 344 36 29 -1 -1 -1 0 
3 5 678 344 44 36 -1 -1 -1 0 
3 6 743 343 36 31 -1 -1 -1 0 
3 7 583 342 32 18 -1 -1 -1 0 
3 8 850 337 22 17 -1 -1 -1 0 
4 1 971 348 110 51 -1 -1 -1 0 
4 2 1063 335 216 151 -1 -1 -1 0 
4 3 175 367 176 49 -1 -1 -1 0 
4 4 629 344 37 29 -1 -1 -1 0 
4 5 678 344 44 37 -1 -1 -1 0 
4 6 743 345 36 29 -1 -1 -1 0 
4 7 574 342 36 20 -1 -1 -1 0 
4 8 850 336 22 19 -1 -1 -1 0 
5 1 972 348 110 49 -1 -1 -1 0 
5 2 1064 334 214 152 -1 -1 -1 0 
5 3 19 373 255 61 -1 -1 -1 0 
5 4 630 344 37 28 -1 -1 -1 0 
5 5 678 344 45 37 -1 -1 -1 0 
5 6 744 345 34 28 -1 -1 -1 0 
5 7 563 342 38 21 -1 -1 -1 0 
5 8 850 337 23 18 -1 -1 -1 0 
6 1 972 348 110 49 -1 -1 -1 0 
6 2 1063 334 216 150 -1 -1 -1 0 
6 3 0 384 153 60 -1 -1 -1 0 
6 4 631 344 36 28 -1 -1 -1 0 
6 5 678 345 46 36 -1 -1 -1 0 
6 6 744 345 34 28 -1 -1 -1 0 
6 7 552 344 42 20 -1 -1 -1 0 
6 8 851 337 22 18 -1 -1 -1 0 
7 1 973 347 109 48 -1 -1 -1 0 
7 2 1063 332 216 149 -1 -1 -1 0 
7 3 0 390 86 65 -1 -1 -1 0 
7 4 631 344 37 28 -1 -1 -1 0 
7 5 679 345 45 35 -1 -1 -1 0 
7 6 744 345 35 28 -1 -1 -1 0 
7 7 541 345 44 21 -1 -1 -1 0 
7 8 851 337 24 17 -1 -1 -1 0 
8 1 974 346 109 48 -1 -1 -1 0 
8 2 1063 331 216 147 -1 -1 -1 0 
8 4 633 344 36 28 -1 -1 -1 0 
8 5 680 346 45 34 -1 -1 -1 0 
8 6 745 345 34 28 -1 -1 -1 0 
8 7 528 346 47 23 -1 -1 -1 0 
8 8 852 338 23 16 -1 -1 -1 0 
9 1 974 345 113 49 -1 -1 -1 0 
9 2 1064 330 214 147 -1 -1 -1 0 
9 4 635 344 35 28 -1 -1 -1 0 
9 5 681 346 45 34 -1 -1 -1 0 
9 6 746 346 34 28 -1 -1 -1 0 
9 7 512 346 53 26 -1 -1 -1 0 
9 8 853 337 24 16 -1 -1 -1 0 
10 1 975 344 112 50 -1 -1 -1 0 
10 2 1066 329 212 148 -1 -1 -1 0 
10 4 636 345 35 28 -1 -1 -1 0 
10 5 682 346 45 34 -1 -1 -1 0 
10 6 746 345 36 28 -1 -1 -1 0 
10 7 493 347 61 28 -1 -1 -1 0 
10 8 855 337 23 16 -1 -1 -1 0 
11 1 976 344 111 49 -1 -1 -1 0 
11 2 1067 328 211 149 -1 -1 -1 0 
11 4 637 346 36 27 -1 -1 -1 0 
11 5 683 346 45 34 -1 -1 -1 0 
11 6 747 346 36 27 -1 -1 -1 0 
11 7 470 348 68 30 -1 -1 -1 0 
11 8 855 336 24 17 -1 -1 -1 0 
12 1 976 344 111 49 -1 -1 -1 0 
12 2 1066 328 212 148 -1 -1 -1 0 
12 4 639 346 35 27 -1 -1 -1 0 
12 5 684 346 45 34 -1 -1 -1 0 
12 6 748 346 35 26 -1 -1 -1 0 
12 7 443 349 77 33 -1 -1 -1 0 
12 8 857 336 23 17 -1 -1 -1 0 
13 1 976 345 113 48 -1 -1 -1 0 
13 2 1066 330 213 146 -1 -1 -1 0 
13 4 640 346 36 26 -1 -1 -1 0 
13 5 687 345 42 35 -1 -1 -1 0 
13 6 748 345 36 27 -1 -1 -1 0 
13 7 409 350 91 37 -1 -1 -1 0 
13 8 858 336 23 17 -1 -1 -1 0 
14 1 977 345 112 48 -1 -1 -1 0 
14 2 1067 330 211 146 -1 -1 -1 0 
14 4 641 344 36 27 -1 -1 -1 0 
14 5 686 345 45 35 -1 -1 -1 0 
14 6 749 343 35 29 -1 -1 -1 0 
14 7 365 350 108 43 -1 -1 -1 0 
14 8 857 336 24 17 -1 -1 -1 0 
15 1 978 345 110 49 -1 -1 -1 0 
15 2 1068 330 210 146 -1 -1 -1 0 
15 4 642 343 34 28 -1 -1 -1 0 
15 5 688 344 43 35 -1 -1 -1 0 
15 6 749 341 35 30 -1 -1 -1 0 
15 7 304 350 134 52 -1 -1 -1 0 
15 8 857 336 25 17 -1 -1 -1 0 
16 1 977 346 113 48 -1 -1 -1 0 
16 2 1068 330 210 146 -1 -1 -1 0 
16 4 642 343 35 27 -1 -1 -1 0 
16 5 687 344 44 33 -1 -1 -1 0 
16 6 749 341 36 30 -1 -1 -1 0 
16 7 216 351 175 61 -1 -1 -1 0 
16 8 857 336 25 17 -1 -1 -1 0 
17 1 977 347 112 47 -1 -1 -1 0 
17 2 1067 332 212 144 -1 -1 -1 0 
17 4 641 343 36 27 -1 -1 -1 0 
17 5 688 344 43 33 -1 -1 -1 0 
17 6 748 342 37 29 -1 -1 -1 0 
17 7 73 354 255 75 -1 -1 -1 0 
17 8 858 336 23 18 -1 -1 -1 0 
18 1 978 347 111 47 -1 -1 -1 0 
18 2 1067 332 212 143 -1 -1 -1 0 
18 4 641 343 37 27 -1 -1 -1 0 
18 5 687 344 43 33 -1 -1 -1 0 
18 6 749 342 35 30 -1 -1 -1 0 
18 7 12 357 207 85 -1 -1 -1 0 
18 8 858 336 24 18 -1 -1 -1 0 
19 1 978 347 111 48 -1 -1 -1 0 
19 2 1068 333 210 142 -1 -1 -1 0 
19 4 643 345 35 24 -1 -1 -1 0 
19 5 688 344 41 34 -1 -1 -1 0 
19 6 748 343 38 29 -1 -1 -1 0 
19 7 0 359 170 89 -1 -1 -1 0 
19 8 857 337 25 17 -1 -1 -1 0 
20 1 978 348 112 47 -1 -1 -1 0 
20 2 1069 333 209 142 -1 -1 -1 0 
20 4 643 345 35 25 -1 -1 -1 0 
20 5 688 345 42 33 -1 -1 -1 0 
20 6 749 346 36 26 -1 -1 -1 0 
20 8 858 337 24 18 -1 -1 -1 0 
21 1 980 348 109 49 -1 -1 -1 0 
21 2 1067 334 212 141 -1 -1 -1 0 
21 4 645 345 32 26 -1 -1 -1 0 
21 5 688 345 43 33 -1 -1 -1 0 
21 6 749 348 36 24 -1 -1 -1 0 
21 8 858 337 24 19 -1 -1 -1 0 
22 1 980 349 110 48 -1 -1 -1 0 
22 2 1067 334 211 141 -1 -1 -1 0 
22 4 645 345 33 26 -1 -1 -1 0 
22 5 689 346 43 32 -1 -1 -1 0 
22 6 751 348 33 25 -1 -1 -1 0 
22 8 858 338 25 19 -1 -1 -1 0 
23 1 980 349 111 49 -1 -1 -1 0 
23 2 1068 334 208 142 -1 -1 -1 0 
23 4 644 345 36 26 -1 -1 -1 0 
23 5 691 345 40 33 -1 -1 -1 0 
23 6 751 348 33 25 -1 -1 -1 0 
23 8 858 337 25 20 -1 -1 -1 0 
24 1 981 349 111 49 -1 -1 -1 0 
24 2 1068 334 209 142 -1 -1 -1 0 
24 4 644 345 37 26 -1 -1 -1 0 
24 5 691 344 40 34 -1 -1 -1 0 
24 6 752 346 32 27 -1 -1 -1 0 
24 8 857 337 26 20 -1 -1 -1 0 
25 1 982 349 109 49 -1 -1 -1 0 
25 2 1069 335 209 140 -1 -1 -1 0 
25 4 646 345 35 26 -1 -1 -1 0 
25 5 689 345 44 33 -1 -1 -1 0 
25 6 751 347 34 26 -1 -1 -1 0 
25 8 858 338 25 19 -1 -1 -1 0 
25 12 590 346 28 16 -1 -1 -1 0 
26 1 982 349 110 49 -1 -1 -1 0 
26 2 1073 335 204 141 -1 -1 -1 0 
26 4 648 345 33 26 -1 -1 -1 0 
26 5 690 345 43 33 -1 -1 -1 0 
26 6 751 345 33 28 -1 -1 -1 0 
26 8 858 338 25 19 -1 -1 -1 0 
26 12 582 347 29 16 -1 -1 -1 0 
27 1 982 349 111 49 -1 -1 -1 0 
27 2 1074 333 204 143 -1 -1 -1 0 
27 4 648 345 33 26 -1 -1 -1 0 
27 5 690 345 42 33 -1 -1 -1 0 
27 6 751 345 33 28 -1 -1 -1 0 
27 8 857 338 25 19 -1 -1 -1 0 
27 12 572 348 30 17 -1 -1 -1 0 
28 1 983 348 111 50 -1 -1 -1 0 
28 2 1069 333 210 141 -1 -1 -1 0 
28 4 648 345 33 26 -1 -1 -1 0 
28 5 690 345 43 33 -1 -1 -1 0 
28 6 751 343 33 30 -1 -1 -1 0 
28 8 856 338 27 18 -1 -1 -1 0 
28 12 562 348 32 18 -1 -1 -1 0 
29 1 983 348 111 50 -1 -1 -1 0 
29 2 1069 332 209 141 -1 -1 -1 0 
29 4 648 345 32 26 -1 -1 -1 0 
29 5 690 344 43 34 -1 -1 -1 0 
29 6 749 344 36 29 -1 -1 -1 0 
29 8 857 338 25 18 -1 -1 -1 0 
29 12 552 350 30 17 -1 -1 -1 0 
30 1 983 348 112 50 -1 -1 -1 0 
30 2 1073 331 204 142 -1 -1 -1 0 
30 4 648 345 32 26 -1 -1 -1 0 
30 5 690 344 42 33 -1 -1 -1 0 
30 6 750 344 35 29 -1 -1 -1 0 
30 8 857 338 25 18 -1 -1 -1 0 
30 12 540 349 32 19 -1 -1 -1 0 
31 1 983 347 112 51 -1 -1 -1 0 
31 2 1068 332 211 140 -1 -1 -1 0 
31 4 648 345 32 25 -1 -1 -1 0 
31 5 691 344 41 33 -1 -1 -1 0 
31 6 749 346 37 27 -1 -1 -1 0 
31 8 857 338 24 18 -1 -1 -1 0 
31 12 527 351 34 19 -1 -1 -1 0 
31 16 590 347 23 13 -1 -1 -1 0 
32 1 983 348 112 50 -1 -1 -1 0 
32 2 1073 332 205 142 -1 -1 -1 0 
32 4 648 347 33 24 -1 -1 -1 0 
32 5 690 346 42 32 -1 -1 -1 0 
32 6 749 348 35 24 -1 -1 -1 0 
32 8 856 338 25 18 -1 -1 -1 0 
32 12 511 352 40 20 -1 -1 -1 0 
32 16 577 348 30 14 -1 -1 -1 0 
32 17 551 345 24 17 -1 -1 -1 0 
33 1 984 348 111 50 -1 -1 -1 0 
33 2 1067 332 212 141 -1 -1 -1 0 
33 4 649 347 31 24 -1 -1 -1 0 
33 5 691 346 41 32 -1 -1 -1 0 
33 6 750 348 33 25 -1 -1 -1 0 
33 8 855 338 25 18 -1 -1 -1 0 
33 12 495 353 42 21 -1 -1 -1 0 
33 16 566 349 32 15 -1 -1 -1 0 
33 17 541 346 25 17 -1 -1 -1 0 
34 1 984 348 112 50 -1 -1 -1 0 
34 2 1067 332 211 141 -1 -1 -1 0 
34 4 649 347 31 25 -1 -1 -1 0 
34 5 691 346 41 32 -1 -1 -1 0 
34 6 749 347 34 26 -1 -1 -1 0 
34 8 855 338 24 20 -1 -1 -1 0 
34 12 477 354 46 24 -1 -1 -1 0 
34 16 558 350 34 16 -1 -1 -1 0 
34 17 533 347 23 17 -1 -1 -1 0 
35 1 984 348 112 50 -1 -1 -1 0 
35 2 1067 332 211 141 -1 -1 -1 0 
35 4 649 347 31 25 -1 -1 -1 0 
35 5 690 346 42 32 -1 -1 -1 0 
35 6 748 347 35 26 -1 -1 -1 0 
35 8 853 338 27 20 -1 -1 -1 0 
35 12 456 355 50 25 -1 -1 -1 0 
35 17 522 348 25 16 -1 -1 -1 0 
36 1 983 349 113 50 -1 -1 -1 0 
36 2 1070 334 208 140 -1 -1 -1 0 
36 4 649 345 31 28 -1 -1 -1 0 
36 5 691 347 40 31 -1 -1 -1 0 
36 6 747 347 35 26 -1 -1 -1 0 
36 8 853 339 26 19 -1 -1 -1 0 
36 12 430 356 58 28 -1 -1 -1 0 
36 16 553 350 22 17 -1 -1 -1 0 
36 17 511 348 30 18 -1 -1 -1 0 
37 1 983 349 113 50 -1 -1 -1 0 
37 2 1065 335 214 137 -1 -1 -1 0 
37 4 649 343 31 29 -1 -1 -1 0 
37 5 691 347 40 31 -1 -1 -1 0 
37 6 747 347 35 26 -1 -1 -1 0 
37 8 853 339 25 20 -1 -1 -1 0 
37 12 400 357 67 30 -1 -1 -1 0 
37 16 544 349 23 18 -1 -1 -1 0 
37 17 499 348 37 21 -1 -1 -1 0 
38 1 982 350 114 49 -1 -1 -1 0 
38 2 1070 335 208 139 -1 -1 -1 0 
38 4 648 342 32 29 -1 -1 -1 0 
38 5 691 347 39 31 -1 -1 -1 0 
38 6 747 346 34 28 -1 -1 -1 0 
38 8 852 339 27 20 -1 -1 -1 0 
38 12 361 358 80 33 -1 -1 -1 0 
38 16 531 349 26 19 -1 -1 -1 0 
38 17 486 348 36 23 -1 -1 -1 0 
39 1 982 350 115 50 -1 -1 -1 0 
39 2 1070 335 208 141 -1 -1 -1 0 
39 4 648 342 31 28 -1 -1 -1 0 
39 5 692 346 37 31 -1 -1 -1 0 
39 6 747 344 34 29 -1 -1 -1 0 
39 8 852 338 26 20 -1 -1 -1 0 
39 12 314 359 95 37 -1 -1 -1 0 
39 16 517 349 30 20 -1 -1 -1 0 
39 17 476 349 38 23 -1 -1 -1 0 
40 1 984 350 112 50 -1 -1 -1 0 
40 2 1069 334 209 142 -1 -1 -1 0 
40 4 646 343 34 26 -1 -1 -1 0 
40 5 691 345 37 30 -1 -1 -1 0 
40 6 746 344 35 28 -1 -1 -1 0 
40 8 851 338 27 19 -1 -1 -1 0 
40 12 256 360 112 44 -1 -1 -1 0 
40 16 505 348 30 21 -1 -1 -1 0 
40 17 462 347 33 23 -1 -1 -1 0 
40 18 1218 448 61 195 -1 -1 -1 0 
