3 1 346 340 50 25 -1 -1 -1 0 
3 2 805 336 120 74 -1 -1 -1 0 
3 3 465 341 39 23 -1 -1 -1 0 
3 4 408 341 44 25 -1 -1 -1 0 
3 5 680 345 23 18 -1 -1 -1 0 
4 1 324 341 53 26 -1 -1 -1 0 
4 2 805 335 122 75 -1 -1 -1 0 
4 3 448 341 45 25 -1 -1 -1 0 
4 4 388 342 48 26 -1 -1 -1 0 
4 5 681 343 22 19 -1 -1 -1 0 
4 6 539 340 22 12 -1 -1 -1 0 
5 1 299 341 57 29 -1 -1 -1 0 
5 2 806 334 121 76 -1 -1 -1 0 
5 3 430 341 48 27 -1 -1 -1 0 
5 4 366 343 52 27 -1 -1 -1 0 
5 5 681 342 23 20 -1 -1 -1 0 
5 6 534 339 21 14 -1 -1 -1 0 
5 7 413 336 31 23 -1 -1 -1 0 
6 1 268 342 67 31 -1 -1 -1 0 
6 2 807 334 123 76 -1 -1 -1 0 
6 3 408 342 58 28 -1 -1 -1 0 
6 4 339 343 58 30 -1 -1 -1 0 
6 5 680 341 25 20 -1 -1 -1 0 
6 6 529 340 22 14 -1 -1 -1 0 
6 7 395 337 35 25 -1 -1 -1 0 
7 1 233 343 75 34 -1 -1 -1 0 
7 2 807 334 125 76 -1 -1 -1 0 
7 3 380 342 64 32 -1 -1 -1 0 
7 4 307 344 68 33 -1 -1 -1 0 
7 5 680 341 25 19 -1 -1 -1 0 
7 6 523 340 24 15 -1 -1 -1 0 
7 7 383 338 38 26 -1 -1 -1 0 
7 9 551 338 25 15 -1 -1 -1 0 
8 1 190 345 86 35 -1 -1 -1 0 
8 2 809 334 124 76 -1 -1 -1 0 
8 3 352 340 69 37 -1 -1 -1 0 
8 4 267 345 81 36 -1 -1 -1 0 
8 5 681 342 24 19 -1 -1 -1 0 
8 6 518 341 24 14 -1 -1 -1 0 
8 9 547 338 24 17 -1 -1 -1 0 
8 10 732 340 15 11 -1 -1 -1 0 
9 1 138 346 99 39 -1 -1 -1 0 
9 2 809 334 126 77 -1 -1 -1 0 
9 3 312 340 81 43 -1 -1 -1 0 
9 4 221 347 91 40 -1 -1 -1 0 
9 5 682 342 22 19 -1 -1 -1 0 
9 6 512 342 24 14 -1 -1 -1 0 
9 7 404 343 35 18 -1 -1 -1 0 
9 9 541 339 26 17 -1 -1 -1 0 
9 10 733 341 13 11 -1 -1 -1 0 
10 1 71 348 113 44 -1 -1 -1 0 
10 2 810 334 127 78 -1 -1 -1 0 
10 3 262 344 99 46 -1 -1 -1 0 
10 4 157 349 111 44 -1 -1 -1 0 
10 5 682 343 22 19 -1 -1 -1 0 
10 6 506 342 24 15 -1 -1 -1 0 
10 7 397 344 35 18 -1 -1 -1 0 
10 9 536 340 26 18 -1 -1 -1 0 
10 10 733 342 14 10 -1 -1 -1 0 
11 1 6 350 107 48 -1 -1 -1 0 
11 2 811 334 126 79 -1 -1 -1 0 
11 3 190 348 128 50 -1 -1 -1 0 
11 4 69 351 140 51 -1 -1 -1 0 
11 5 682 343 23 18 -1 -1 -1 0 
11 6 499 342 25 16 -1 -1 -1 0 
11 7 386 346 36 17 -1 -1 -1 0 
11 9 528 340 29 19 -1 -1 -1 0 
11 10 735 341 13 12 -1 -1 -1 0 
12 1 0 352 69 50 -1 -1 -1 0 
12 2 811 334 128 80 -1 -1 -1 0 
12 3 88 351 170 58 -1 -1 -1 0 
12 4 7 355 107 59 -1 -1 -1 0 
12 5 683 343 21 18 -1 -1 -1 0 
12 6 491 342 26 18 -1 -1 -1 0 
12 7 371 347 39 18 -1 -1 -1 0 
12 9 521 340 29 20 -1 -1 -1 0 
12 10 734 341 15 12 -1 -1 -1 0 
13 2 812 334 128 80 -1 -1 -1 0 
13 3 10 354 158 66 -1 -1 -1 0 
13 4 0 357 63 62 -1 -1 -1 0 
13 5 682 343 23 18 -1 -1 -1 0 
13 6 481 343 29 18 -1 -1 -1 0 
13 7 354 346 44 20 -1 -1 -1 0 
13 9 510 340 34 21 -1 -1 -1 0 
13 10 735 340 15 11 -1 -1 -1 0 
14 2 812 334 131 80 -1 -1 -1 0 
14 3 0 356 120 70 -1 -1 -1 0 
14 5 683 342 22 19 -1 -1 -1 0 
14 6 471 343 31 20 -1 -1 -1 0 
14 7 335 347 47 22 -1 -1 -1 0 
14 9 501 340 36 22 -1 -1 -1 0 
14 10 736 340 14 11 -1 -1 -1 0 
14 16 139 342 114 49 -1 -1 -1 0 
14 17 549 339 29 14 -1 -1 -1 0 
15 2 813 334 132 80 -1 -1 -1 0 
15 5 682 342 24 19 -1 -1 -1 0 
15 6 460 344 32 20 -1 -1 -1 0 
15 7 314 347 52 23 -1 -1 -1 0 
15 9 489 340 47 23 -1 -1 -1 0 
15 10 737 341 14 10 -1 -1 -1 0 
15 16 63 343 140 55 -1 -1 -1 0 
15 17 543 340 32 14 -1 -1 -1 0 
16 2 815 334 131 80 -1 -1 -1 0 
16 5 682 344 24 17 -1 -1 -1 0 
16 6 449 344 31 21 -1 -1 -1 0 
16 7 290 347 57 25 -1 -1 -1 0 
16 9 479 341 38 24 -1 -1 -1 0 
16 10 737 340 16 11 -1 -1 -1 0 
16 16 2 344 138 60 -1 -1 -1 0 
16 17 539 341 25 14 -1 -1 -1 0 
17 2 816 333 131 81 -1 -1 -1 0 
17 5 683 344 23 16 -1 -1 -1 0 
17 6 436 345 31 22 -1 -1 -1 0 
17 7 262 348 63 27 -1 -1 -1 0 
17 9 464 341 43 25 -1 -1 -1 0 
17 10 737 340 15 11 -1 -1 -1 0 
17 16 0 344 57 64 -1 -1 -1 0 
17 17 530 341 28 15 -1 -1 -1 0 
18 2 816 333 133 82 -1 -1 -1 0 
18 5 683 345 22 15 -1 -1 -1 0 
18 6 419 345 34 24 -1 -1 -1 0 
18 7 231 350 70 28 -1 -1 -1 0 
18 9 446 340 48 27 -1 -1 -1 0 
18 10 737 340 16 11 -1 -1 -1 0 
18 16 0 345 10 67 -1 -1 -1 0 
18 17 523 342 27 16 -1 -1 -1 0 
19 2 816 333 134 82 -1 -1 -1 0 
19 5 682 345 23 15 -1 -1 -1 0 
19 6 401 345 35 27 -1 -1 -1 0 
19 7 194 351 78 30 -1 -1 -1 0 
19 9 427 340 53 29 -1 -1 -1 0 
19 10 738 339 15 12 -1 -1 -1 0 
19 17 514 342 30 17 -1 -1 -1 0 
19 20 492 343 22 15 -1 -1 -1 0 
19 21 545 339 21 15 -1 -1 -1 0 
20 2 817 332 134 84 -1 -1 -1 0 
20 5 682 345 23 15 -1 -1 -1 0 
20 6 380 345 36 30 -1 -1 -1 0 
20 7 148 352 90 34 -1 -1 -1 0 
20 9 402 342 60 30 -1 -1 -1 0 
20 10 738 339 16 11 -1 -1 -1 0 
20 17 504 344 31 18 -1 -1 -1 0 
20 20 483 343 25 16 -1 -1 -1 0 
20 21 537 340 26 15 -1 -1 -1 0 
21 2 817 332 136 84 -1 -1 -1 0 
21 5 683 344 20 16 -1 -1 -1 0 
21 6 353 346 46 32 -1 -1 -1 0 
21 7 89 353 109 37 -1 -1 -1 0 
21 9 375 342 66 33 -1 -1 -1 0 
21 10 737 339 17 11 -1 -1 -1 0 
21 17 492 344 34 19 -1 -1 -1 0 
21 20 475 343 23 17 -1 -1 -1 0 
21 21 535 340 23 15 -1 -1 -1 0 
22 2 817 332 137 84 -1 -1 -1 0 
22 5 682 343 21 17 -1 -1 -1 0 
22 6 339 347 48 32 -1 -1 -1 0 
22 7 14 355 135 41 -1 -1 -1 0 
22 9 333 343 84 39 -1 -1 -1 0 
22 10 738 339 16 11 -1 -1 -1 0 
22 17 536 340 28 18 -1 -1 -1 0 
22 20 472 344 39 20 -1 -1 -1 0 
22 21 520 340 36 16 -1 -1 -1 0 
23 2 817 332 138 84 -1 -1 -1 0 
23 5 681 343 22 16 -1 -1 -1 0 
23 7 0 358 85 42 -1 -1 -1 0 
23 9 291 344 95 45 -1 -1 -1 0 
23 10 739 339 14 11 -1 -1 -1 0 
23 17 548 339 29 16 -1 -1 -1 0 
23 20 459 345 48 22 -1 -1 -1 0 
23 21 517 340 32 17 -1 -1 -1 0 
24 2 818 331 138 85 -1 -1 -1 0 
24 5 681 343 22 16 -1 -1 -1 0 
24 7 0 360 49 43 -1 -1 -1 0 
24 9 230 345 118 51 -1 -1 -1 0 
24 10 738 339 16 11 -1 -1 -1 0 
24 17 550 339 23 16 -1 -1 -1 0 
24 20 448 345 48 24 -1 -1 -1 0 
24 21 517 340 26 17 -1 -1 -1 0 
25 2 817 331 141 85 -1 -1 -1 0 
25 5 681 344 21 15 -1 -1 -1 0 
25 9 144 346 156 60 -1 -1 -1 0 
25 10 738 339 17 11 -1 -1 -1 0 
25 17 547 338 21 17 -1 -1 -1 0 
25 20 433 345 50 27 -1 -1 -1 0 
25 21 506 340 34 18 -1 -1 -1 0 
26 2 818 331 140 85 -1 -1 -1 0 
26 5 682 344 19 16 -1 -1 -1 0 
26 9 26 348 198 72 -1 -1 -1 0 
26 10 738 339 17 11 -1 -1 -1 0 
26 17 540 339 24 17 -1 -1 -1 0 
26 20 412 346 56 30 -1 -1 -1 0 
26 21 498 341 36 18 -1 -1 -1 0 
27 2 817 331 143 86 -1 -1 -1 0 
27 5 681 344 21 16 -1 -1 -1 0 
27 9 1 351 112 75 -1 -1 -1 0 
27 10 617 341 19 12 -1 -1 -1 0 
27 17 533 339 26 18 -1 -1 -1 0 
27 20 385 347 66 33 -1 -1 -1 0 
27 21 493 341 35 19 -1 -1 -1 0 
28 2 818 331 142 86 -1 -1 -1 0 
28 5 681 344 21 16 -1 -1 -1 0 
28 6 395 348 33 26 -1 -1 -1 0 
28 9 0 359 108 67 -1 -1 -1 0 
28 10 700 339 16 12 -1 -1 -1 0 
28 17 526 340 27 19 -1 -1 -1 0 
28 20 355 349 77 35 -1 -1 -1 0 
28 21 482 341 40 21 -1 -1 -1 0 
29 2 818 331 143 86 -1 -1 -1 0 
29 5 680 344 22 16 -1 -1 -1 0 
29 6 385 349 35 25 -1 -1 -1 0 
29 9 0 361 84 70 -1 -1 -1 0 
29 10 724 339 17 12 -1 -1 -1 0 
29 17 516 340 31 21 -1 -1 -1 0 
29 20 316 352 88 37 -1 -1 -1 0 
29 21 476 343 38 20 -1 -1 -1 0 
30 2 818 331 144 87 -1 -1 -1 0 
30 5 680 344 21 17 -1 -1 -1 0 
30 6 363 350 45 24 -1 -1 -1 0 
30 10 734 339 17 12 -1 -1 -1 0 
30 17 508 340 31 22 -1 -1 -1 0 
30 20 267 353 104 42 -1 -1 -1 0 
30 21 465 343 41 22 -1 -1 -1 0 
31 2 818 331 144 87 -1 -1 -1 0 
31 5 680 344 21 17 -1 -1 -1 0 
31 6 337 352 53 25 -1 -1 -1 0 
31 10 738 339 17 13 -1 -1 -1 0 
31 17 497 342 34 23 -1 -1 -1 0 
31 20 202 356 126 49 -1 -1 -1 0 
31 21 455 344 41 24 -1 -1 -1 0 
32 2 818 330 145 89 -1 -1 -1 0 
32 5 679 344 21 17 -1 -1 -1 0 
32 6 311 353 58 27 -1 -1 -1 0 
32 10 740 340 17 12 -1 -1 -1 0 
32 17 484 342 39 24 -1 -1 -1 0 
32 20 108 359 165 58 -1 -1 -1 0 
32 21 443 345 42 24 -1 -1 -1 0 
32 31 537 345 19 14 -1 -1 -1 0 
33 2 817 330 147 88 -1 -1 -1 0 
33 5 679 344 21 16 -1 -1 -1 0 
33 6 280 354 65 30 -1 -1 -1 0 
33 10 741 339 15 12 -1 -1 -1 0 
33 17 473 342 38 25 -1 -1 -1 0 
33 20 14 363 182 65 -1 -1 -1 0 
33 21 431 345 42 26 -1 -1 -1 0 
33 31 529 345 24 15 -1 -1 -1 0 
34 2 818 330 146 88 -1 -1 -1 0 
34 5 679 344 20 16 -1 -1 -1 0 
34 6 244 356 73 33 -1 -1 -1 0 
34 10 741 340 16 12 -1 -1 -1 0 
34 17 457 342 43 28 -1 -1 -1 0 
34 20 0 370 79 64 -1 -1 -1 0 
34 21 418 345 42 29 -1 -1 -1 0 
34 31 524 346 24 15 -1 -1 -1 0 
34 33 549 343 26 15 -1 -1 -1 0 
35 2 817 329 149 90 -1 -1 -1 0 
35 5 679 344 20 16 -1 -1 -1 0 
35 6 199 358 86 37 -1 -1 -1 0 
35 10 741 340 16 12 -1 -1 -1 0 
35 17 438 343 49 30 -1 -1 -1 0 
35 20 0 373 25 66 -1 -1 -1 0 
35 21 402 346 41 31 -1 -1 -1 0 
35 31 518 346 25 16 -1 -1 -1 0 
35 33 544 344 25 15 -1 -1 -1 0 
35 34 575 342 20 14 -1 -1 -1 0 
36 2 817 329 150 90 -1 -1 -1 0 
36 5 679 344 20 16 -1 -1 -1 0 
36 6 143 360 104 40 -1 -1 -1 0 
36 10 740 340 17 12 -1 -1 -1 0 
36 17 417 344 54 32 -1 -1 -1 0 
36 21 382 347 43 32 -1 -1 -1 0 
36 31 512 346 26 17 -1 -1 -1 0 
36 33 538 345 26 14 -1 -1 -1 0 
36 34 572 342 21 14 -1 -1 -1 0 
37 2 818 329 149 90 -1 -1 -1 0 
37 5 678 345 21 16 -1 -1 -1 0 
37 6 71 363 125 45 -1 -1 -1 0 
37 10 741 341 16 11 -1 -1 -1 0 
37 17 401 344 51 35 -1 -1 -1 0 
37 21 357 348 64 35 -1 -1 -1 0 
37 31 505 348 27 16 -1 -1 -1 0 
37 33 533 345 25 16 -1 -1 -1 0 
37 34 570 342 21 14 -1 -1 -1 0 
38 2 817 329 152 91 -1 -1 -1 0 
38 5 677 345 22 16 -1 -1 -1 0 
38 6 8 367 123 50 -1 -1 -1 0 
38 10 740 340 17 12 -1 -1 -1 0 
38 17 371 345 63 38 -1 -1 -1 0 
38 21 334 349 58 38 -1 -1 -1 0 
38 31 498 348 27 17 -1 -1 -1 0 
38 33 526 345 27 17 -1 -1 -1 0 
38 34 567 343 20 13 -1 -1 -1 0 
39 2 818 329 150 91 -1 -1 -1 0 
39 5 677 346 22 16 -1 -1 -1 0 
39 6 0 372 48 50 -1 -1 -1 0 
39 10 740 340 17 13 -1 -1 -1 0 
39 17 311 347 99 43 -1 -1 -1 0 
39 21 319 350 60 39 -1 -1 -1 0 
39 31 490 349 28 17 -1 -1 -1 0 
39 33 435 352 26 17 -1 -1 -1 0 
39 34 563 344 19 14 -1 -1 -1 0 
40 2 817 329 153 92 -1 -1 -1 0 
40 5 676 346 22 16 -1 -1 -1 0 
40 6 0 374 5 51 -1 -1 -1 0 
40 10 740 340 16 13 -1 -1 -1 0 
40 17 267 348 107 50 -1 -1 -1 0 
40 31 481 349 29 19 -1 -1 -1 0 
40 33 380 354 40 19 -1 -1 -1 0 
40 34 559 344 20 15 -1 -1 -1 0 
