3 1 581 344 49 36 -1 -1 -1 0 
3 2 560 635 713 80 -1 -1 -1 0 
3 3 663 338 31 25 -1 -1 -1 0 
3 4 641 340 22 15 -1 -1 -1 0 
3 5 373 345 43 16 -1 -1 -1 0 
4 1 582 345 48 35 -1 -1 -1 0 
4 2 562 635 711 81 -1 -1 -1 0 
4 3 664 338 30 25 -1 -1 -1 0 
4 4 642 341 20 14 -1 -1 -1 0 
4 5 356 344 47 18 -1 -1 -1 0 
5 1 583 345 47 35 -1 -1 -1 0 
5 2 560 635 715 81 -1 -1 -1 0 
5 3 664 338 29 25 -1 -1 -1 0 
5 4 642 342 20 13 -1 -1 -1 0 
5 5 338 345 52 18 -1 -1 -1 0 
6 1 582 346 49 34 -1 -1 -1 0 
6 2 560 635 714 81 -1 -1 -1 0 
6 3 665 338 28 25 -1 -1 -1 0 
6 4 642 342 19 14 -1 -1 -1 0 
6 5 317 345 56 19 -1 -1 -1 0 
7 1 583 346 47 34 -1 -1 -1 0 
7 2 558 636 717 79 -1 -1 -1 0 
7 3 665 338 29 26 -1 -1 -1 0 
7 4 642 342 19 14 -1 -1 -1 0 
7 5 291 346 63 18 -1 -1 -1 0 
8 1 583 346 47 34 -1 -1 -1 0 
8 2 561 636 714 79 -1 -1 -1 0 
8 3 664 339 30 25 -1 -1 -1 0 
8 4 643 342 18 14 -1 -1 -1 0 
8 5 267 345 65 21 -1 -1 -1 0 
9 1 583 345 46 35 -1 -1 -1 0 
9 2 561 636 714 79 -1 -1 -1 0 
9 3 663 341 31 23 -1 -1 -1 0 
9 4 643 342 18 14 -1 -1 -1 0 
9 5 236 345 74 22 -1 -1 -1 0 
10 1 581 345 50 34 -1 -1 -1 0 
10 2 561 635 712 79 -1 -1 -1 0 
10 3 663 340 30 24 -1 -1 -1 0 
10 4 642 340 19 15 -1 -1 -1 0 
10 5 200 346 84 23 -1 -1 -1 0 
11 1 583 344 47 35 -1 -1 -1 0 
11 2 561 635 713 80 -1 -1 -1 0 
11 3 662 342 33 22 -1 -1 -1 0 
11 4 642 341 19 14 -1 -1 -1 0 
11 5 155 346 98 26 -1 -1 -1 0 
12 1 583 344 48 34 -1 -1 -1 0 
12 2 559 635 716 80 -1 -1 -1 0 
12 3 664 339 30 24 -1 -1 -1 0 
12 4 641 341 20 14 -1 -1 -1 0 
12 5 103 347 113 28 -1 -1 -1 0 
13 1 583 344 48 34 -1 -1 -1 0 
13 2 559 635 717 79 -1 -1 -1 0 
13 3 662 338 32 25 -1 -1 -1 0 
13 4 642 340 19 15 -1 -1 -1 0 
13 5 53 349 118 29 -1 -1 -1 0 
14 1 583 345 48 34 -1 -1 -1 0 
14 2 560 636 715 79 -1 -1 -1 0 
14 3 662 342 33 22 -1 -1 -1 0 
14 4 642 341 20 14 -1 -1 -1 0 
14 5 3 350 114 32 -1 -1 -1 0 
15 1 583 345 48 34 -1 -1 -1 0 
15 2 562 635 711 80 -1 -1 -1 0 
15 3 663 340 30 24 -1 -1 -1 0 
15 4 642 340 20 15 -1 -1 -1 0 
15 5 0 351 80 33 -1 -1 -1 0 
16 1 585 346 45 33 -1 -1 -1 0 
16 2 562 636 709 79 -1 -1 -1 0 
16 3 664 340 29 24 -1 -1 -1 0 
16 4 642 341 20 15 -1 -1 -1 0 
17 1 585 345 45 33 -1 -1 -1 0 
17 2 561 636 714 79 -1 -1 -1 0 
17 3 663 341 32 23 -1 -1 -1 0 
17 4 642 340 20 16 -1 -1 -1 0 
18 1 586 346 44 33 -1 -1 -1 0 
18 2 560 636 712 79 -1 -1 -1 0 
18 3 665 340 28 25 -1 -1 -1 0 
18 4 641 342 20 14 -1 -1 -1 0 
19 1 586 346 44 33 -1 -1 -1 0 
19 2 561 636 713 80 -1 -1 -1 0 
19 3 664 340 30 25 -1 -1 -1 0 
19 4 641 342 21 14 -1 -1 -1 0 
20 1 586 346 44 33 -1 -1 -1 0 
20 2 559 636 716 80 -1 -1 -1 0 
20 3 663 340 31 25 -1 -1 -1 0 
20 4 642 342 19 15 -1 -1 -1 0 
21 1 586 345 45 33 -1 -1 -1 0 
21 2 558 636 718 80 -1 -1 -1 0 
21 3 662 340 33 25 -1 -1 -1 0 
21 4 642 343 18 14 -1 -1 -1 0 
22 1 586 345 46 33 -1 -1 -1 0 
22 2 558 636 717 80 -1 -1 -1 0 
22 3 662 339 32 26 -1 -1 -1 0 
23 1 587 346 44 32 -1 -1 -1 0 
23 2 562 634 710 82 -1 -1 -1 0 
23 3 662 339 31 26 -1 -1 -1 0 
24 1 586 346 45 32 -1 -1 -1 0 
24 2 553 635 726 80 -1 -1 -1 0 
24 3 662 341 33 24 -1 -1 -1 0 
25 1 587 346 44 32 -1 -1 -1 0 
25 2 558 635 718 80 -1 -1 -1 0 
25 3 662 341 32 25 -1 -1 -1 0 
26 1 588 346 43 31 -1 -1 -1 0 
26 2 563 636 712 79 -1 -1 -1 0 
26 3 662 340 32 26 -1 -1 -1 0 
27 1 587 346 45 31 -1 -1 -1 0 
27 2 562 636 713 79 -1 -1 -1 0 
27 3 662 339 32 27 -1 -1 -1 0 
28 1 588 346 44 31 -1 -1 -1 0 
28 2 561 636 714 79 -1 -1 -1 0 
28 3 662 339 32 27 -1 -1 -1 0 
29 1 587 346 45 30 -1 -1 -1 0 
29 2 561 636 713 80 -1 -1 -1 0 
29 3 662 339 33 27 -1 -1 -1 0 
29 4 642 343 19 15 -1 -1 -1 0 
30 1 589 346 42 31 -1 -1 -1 0 
30 2 561 636 714 80 -1 -1 -1 0 
30 3 663 339 31 27 -1 -1 -1 0 
30 4 643 343 18 15 -1 -1 -1 0 
31 1 588 346 44 31 -1 -1 -1 0 
31 2 561 635 713 81 -1 -1 -1 0 
31 3 663 339 32 27 -1 -1 -1 0 
32 1 589 345 43 31 -1 -1 -1 0 
32 2 559 636 716 80 -1 -1 -1 0 
32 3 663 340 33 26 -1 -1 -1 0 
33 1 589 344 43 32 -1 -1 -1 0 
33 2 549 634 726 82 -1 -1 -1 0 
33 3 664 339 32 27 -1 -1 -1 0 
34 1 590 342 43 33 -1 -1 -1 0 
34 2 555 634 719 82 -1 -1 -1 0 
34 3 663 338 34 27 -1 -1 -1 0 
35 1 589 342 45 32 -1 -1 -1 0 
35 2 556 634 717 82 -1 -1 -1 0 
35 3 663 337 35 27 -1 -1 -1 0 
36 1 590 341 44 32 -1 -1 -1 0 
36 2 559 634 715 82 -1 -1 -1 0 
36 3 665 336 33 27 -1 -1 -1 0 
37 1 590 341 44 31 -1 -1 -1 0 
37 2 559 634 715 82 -1 -1 -1 0 
37 3 665 336 35 26 -1 -1 -1 0 
38 1 591 340 43 31 -1 -1 -1 0 
38 2 559 634 715 82 -1 -1 -1 0 
38 3 666 335 33 27 -1 -1 -1 0 
38 4 651 336 18 18 -1 -1 -1 0 
39 1 591 340 44 31 -1 -1 -1 0 
39 2 558 633 715 83 -1 -1 -1 0 
39 3 667 336 33 26 -1 -1 -1 0 
39 4 651 336 19 18 -1 -1 -1 0 
40 1 591 342 44 30 -1 -1 -1 0 
40 2 561 633 711 83 -1 -1 -1 0 
40 3 667 338 32 26 -1 -1 -1 0 
40 4 652 337 18 18 -1 -1 -1 0 
