3 2 254 356 53 23 -1 -1 -1 0 
3 3 593 341 46 37 -1 -1 -1 0 
3 4 882 332 35 23 -1 -1 -1 0 
3 5 637 339 31 19 -1 -1 -1 0 
4 2 226 358 59 23 -1 -1 -1 0 
4 3 593 341 46 37 -1 -1 -1 0 
4 4 884 332 34 23 -1 -1 -1 0 
4 5 636 339 32 19 -1 -1 -1 0 
5 2 196 359 64 24 -1 -1 -1 0 
5 3 592 342 48 36 -1 -1 -1 0 
5 4 885 332 36 24 -1 -1 -1 0 
5 5 636 339 32 19 -1 -1 -1 0 
6 2 159 360 74 25 -1 -1 -1 0 
6 3 593 343 46 35 -1 -1 -1 0 
6 4 887 332 36 24 -1 -1 -1 0 
6 5 636 340 33 19 -1 -1 -1 0 
7 2 119 361 81 28 -1 -1 -1 0 
7 3 592 343 48 36 -1 -1 -1 0 
7 4 888 332 38 23 -1 -1 -1 0 
7 5 637 339 31 20 -1 -1 -1 0 
8 2 69 362 96 31 -1 -1 -1 0 
8 3 593 342 46 36 -1 -1 -1 0 
8 4 889 332 39 23 -1 -1 -1 0 
8 5 636 339 32 20 -1 -1 -1 0 
8 7 319 351 43 20 -1 -1 -1 0 
9 2 7 363 113 34 -1 -1 -1 0 
9 3 592 342 48 36 -1 -1 -1 0 
9 4 891 332 38 23 -1 -1 -1 0 
9 5 636 339 32 20 -1 -1 -1 0 
9 7 295 351 51 22 -1 -1 -1 0 
10 2 0 366 66 34 -1 -1 -1 0 
10 3 593 343 46 35 -1 -1 -1 0 
10 4 893 332 37 22 -1 -1 -1 0 
10 5 637 339 31 20 -1 -1 -1 0 
10 7 269 352 57 24 -1 -1 -1 0 
11 2 0 367 32 35 -1 -1 -1 0 
11 3 593 342 45 36 -1 -1 -1 0 
11 4 895 332 37 22 -1 -1 -1 0 
11 5 636 338 32 21 -1 -1 -1 0 
11 7 237 352 65 26 -1 -1 -1 0 
12 3 593 342 45 36 -1 -1 -1 0 
12 4 896 332 39 22 -1 -1 -1 0 
12 5 637 338 31 22 -1 -1 -1 0 
12 7 202 354 73 28 -1 -1 -1 0 
13 3 593 341 45 37 -1 -1 -1 0 
13 4 897 332 40 22 -1 -1 -1 0 
13 5 636 338 32 22 -1 -1 -1 0 
13 7 159 354 84 31 -1 -1 -1 0 
14 3 593 341 45 37 -1 -1 -1 0 
14 4 899 332 40 22 -1 -1 -1 0 
14 5 636 338 33 23 -1 -1 -1 0 
14 7 107 356 96 33 -1 -1 -1 0 
15 3 592 341 47 37 -1 -1 -1 0 
15 4 913 332 27 21 -1 -1 -1 0 
15 5 637 338 31 23 -1 -1 -1 0 
15 7 41 358 113 37 -1 -1 -1 0 
16 3 592 341 47 37 -1 -1 -1 0 
16 4 915 332 27 21 -1 -1 -1 0 
16 5 637 338 32 23 -1 -1 -1 0 
16 7 0 361 96 39 -1 -1 -1 0 
16 9 279 355 82 23 -1 -1 -1 0 
17 3 592 341 47 37 -1 -1 -1 0 
17 7 0 362 56 41 -1 -1 -1 0 
17 9 229 356 95 25 -1 -1 -1 0 
18 3 592 343 47 35 -1 -1 -1 0 
18 5 638 339 29 23 -1 -1 -1 0 
18 9 164 358 117 28 -1 -1 -1 0 
19 3 593 341 45 37 -1 -1 -1 0 
19 5 636 338 32 24 -1 -1 -1 0 
19 9 95 360 126 32 -1 -1 -1 0 
20 3 593 341 45 37 -1 -1 -1 0 
20 5 636 338 32 24 -1 -1 -1 0 
20 9 7 363 139 36 -1 -1 -1 0 
21 3 592 341 47 37 -1 -1 -1 0 
21 5 637 338 30 24 -1 -1 -1 0 
21 9 0 365 92 38 -1 -1 -1 0 
22 3 591 344 48 34 -1 -1 -1 0 
22 5 638 339 29 24 -1 -1 -1 0 
23 3 593 344 44 34 -1 -1 -1 0 
23 5 638 339 29 25 -1 -1 -1 0 
24 3 593 342 45 36 -1 -1 -1 0 
25 3 592 341 46 37 -1 -1 -1 0 
26 3 592 341 45 37 -1 -1 -1 0 
26 13 562 634 716 81 -1 -1 -1 0 
27 3 592 340 46 37 -1 -1 -1 0 
27 13 560 634 719 80 -1 -1 -1 0 
28 3 592 340 45 37 -1 -1 -1 0 
28 13 563 634 712 80 -1 -1 -1 0 
29 3 591 340 46 37 -1 -1 -1 0 
29 13 568 634 707 80 -1 -1 -1 0 
30 3 590 341 47 36 -1 -1 -1 0 
30 13 566 633 710 81 -1 -1 -1 0 
31 3 591 341 45 36 -1 -1 -1 0 
31 13 566 633 710 81 -1 -1 -1 0 
32 3 590 341 46 36 -1 -1 -1 0 
32 13 559 634 720 81 -1 -1 -1 0 
33 3 591 340 45 37 -1 -1 -1 0 
33 13 560 633 716 82 -1 -1 -1 0 
34 3 592 340 44 37 -1 -1 -1 0 
34 13 560 633 716 82 -1 -1 -1 0 
35 3 592 339 44 39 -1 -1 -1 0 
35 13 557 634 721 81 -1 -1 -1 0 
36 3 591 340 45 39 -1 -1 -1 0 
36 5 637 338 28 23 -1 -1 -1 0 
36 13 557 634 721 81 -1 -1 -1 0 
37 3 592 340 45 39 -1 -1 -1 0 
37 4 936 330 53 24 -1 -1 -1 0 
37 5 638 339 26 23 -1 -1 -1 0 
37 13 561 634 716 81 -1 -1 -1 0 
38 3 592 340 44 39 -1 -1 -1 0 
38 4 939 330 51 25 -1 -1 -1 0 
38 5 637 339 28 23 -1 -1 -1 0 
38 13 555 635 724 79 -1 -1 -1 0 
39 3 592 340 44 39 -1 -1 -1 0 
39 4 954 331 36 24 -1 -1 -1 0 
39 5 638 339 26 21 -1 -1 -1 0 
39 13 576 635 695 80 -1 -1 -1 0 
40 3 592 340 44 39 -1 -1 -1 0 
40 4 968 331 23 23 -1 -1 -1 0 
40 5 638 339 26 21 -1 -1 -1 0 
40 13 560 635 719 80 -1 -1 -1 0 
