3 1 573 345 52 40 -1 -1 -1 0 
3 3 565 636 710 79 -1 -1 -1 0 
4 1 573 346 52 39 -1 -1 -1 0 
4 3 562 635 712 80 -1 -1 -1 0 
5 1 574 346 51 39 -1 -1 -1 0 
5 3 560 635 714 80 -1 -1 -1 0 
6 1 575 344 50 41 -1 -1 -1 0 
6 3 559 634 717 81 -1 -1 -1 0 
7 1 574 344 52 40 -1 -1 -1 0 
7 3 556 634 720 80 -1 -1 -1 0 
8 1 575 344 51 40 -1 -1 -1 0 
8 3 557 634 719 80 -1 -1 -1 0 
8 6 576 344 50 40 -1 -1 -1 0 
9 1 575 344 51 40 -1 -1 -1 0 
9 3 558 635 718 78 -1 -1 -1 0 
9 6 575 344 51 40 -1 -1 -1 0 
10 1 575 344 50 39 -1 -1 -1 0 
10 3 565 635 708 78 -1 -1 -1 0 
10 6 576 344 50 40 -1 -1 -1 0 
11 1 576 343 50 40 -1 -1 -1 0 
11 3 565 635 708 79 -1 -1 -1 0 
11 6 576 344 51 39 -1 -1 -1 0 
12 1 576 343 50 40 -1 -1 -1 0 
12 3 557 634 720 80 -1 -1 -1 0 
12 6 576 343 51 40 -1 -1 -1 0 
13 1 575 345 51 38 -1 -1 -1 0 
13 3 560 635 716 79 -1 -1 -1 0 
13 6 576 343 51 40 -1 -1 -1 0 
14 1 576 345 49 38 -1 -1 -1 0 
14 3 559 635 717 79 -1 -1 -1 0 
14 6 649 339 34 31 -1 -1 -1 0 
15 1 577 345 49 38 -1 -1 -1 0 
15 3 559 635 717 79 -1 -1 -1 0 
15 6 664 338 32 28 -1 -1 -1 0 
16 1 576 346 52 37 -1 -1 -1 0 
16 3 560 635 716 78 -1 -1 -1 0 
16 6 670 338 30 28 -1 -1 -1 0 
17 1 577 346 49 38 -1 -1 -1 0 
17 3 556 635 720 78 -1 -1 -1 0 
17 6 671 338 31 28 -1 -1 -1 0 
18 1 578 345 48 39 -1 -1 -1 0 
18 3 567 635 706 78 -1 -1 -1 0 
18 6 671 338 31 28 -1 -1 -1 0 
19 1 577 344 50 39 -1 -1 -1 0 
19 3 561 635 715 78 -1 -1 -1 0 
19 6 680 338 29 26 -1 -1 -1 0 
20 1 577 344 51 39 -1 -1 -1 0 
20 3 561 635 715 79 -1 -1 -1 0 
20 6 671 337 31 29 -1 -1 -1 0 
21 1 578 344 50 38 -1 -1 -1 0 
21 3 570 635 703 79 -1 -1 -1 0 
21 6 670 337 31 28 -1 -1 -1 0 
22 1 578 344 50 38 -1 -1 -1 0 
22 3 558 635 720 79 -1 -1 -1 0 
22 6 670 338 30 28 -1 -1 -1 0 
23 1 577 344 51 38 -1 -1 -1 0 
23 3 561 635 714 79 -1 -1 -1 0 
23 6 669 337 31 28 -1 -1 -1 0 
24 1 578 345 50 37 -1 -1 -1 0 
24 3 559 634 716 80 -1 -1 -1 0 
24 6 669 338 31 28 -1 -1 -1 0 
25 1 579 345 48 37 -1 -1 -1 0 
25 3 558 634 718 80 -1 -1 -1 0 
25 6 673 338 30 27 -1 -1 -1 0 
26 1 579 346 48 37 -1 -1 -1 0 
26 3 558 635 719 80 -1 -1 -1 0 
26 6 669 338 31 28 -1 -1 -1 0 
27 1 578 346 49 37 -1 -1 -1 0 
27 3 557 635 720 79 -1 -1 -1 0 
27 6 668 338 31 28 -1 -1 -1 0 
28 1 579 345 48 37 -1 -1 -1 0 
28 3 561 634 712 80 -1 -1 -1 0 
28 6 669 337 31 29 -1 -1 -1 0 
29 1 580 345 47 37 -1 -1 -1 0 
29 3 568 632 702 82 -1 -1 -1 0 
29 6 669 337 31 28 -1 -1 -1 0 
30 1 579 345 49 37 -1 -1 -1 0 
30 3 553 634 726 80 -1 -1 -1 0 
30 6 669 337 31 28 -1 -1 -1 0 
31 1 579 345 49 37 -1 -1 -1 0 
31 3 558 635 720 79 -1 -1 -1 0 
31 6 669 338 30 28 -1 -1 -1 0 
32 1 581 345 46 36 -1 -1 -1 0 
32 3 561 635 714 79 -1 -1 -1 0 
32 6 669 338 30 28 -1 -1 -1 0 
33 1 581 345 46 36 -1 -1 -1 0 
33 3 560 635 714 79 -1 -1 -1 0 
33 6 668 338 31 28 -1 -1 -1 0 
34 1 580 345 48 36 -1 -1 -1 0 
34 3 560 635 714 79 -1 -1 -1 0 
34 6 668 338 31 28 -1 -1 -1 0 
35 1 581 345 47 36 -1 -1 -1 0 
35 3 561 635 713 79 -1 -1 -1 0 
35 6 668 338 31 28 -1 -1 -1 0 
36 1 581 345 47 36 -1 -1 -1 0 
36 3 560 635 713 80 -1 -1 -1 0 
36 6 668 338 31 28 -1 -1 -1 0 
37 1 581 345 46 36 -1 -1 -1 0 
37 3 558 634 717 81 -1 -1 -1 0 
37 6 668 337 31 29 -1 -1 -1 0 
38 1 582 345 45 36 -1 -1 -1 0 
38 3 557 635 719 80 -1 -1 -1 0 
38 6 668 338 31 28 -1 -1 -1 0 
39 1 583 344 44 36 -1 -1 -1 0 
39 3 560 635 712 80 -1 -1 -1 0 
39 6 668 338 32 28 -1 -1 -1 0 
40 1 583 344 44 36 -1 -1 -1 0 
40 3 556 635 722 79 -1 -1 -1 0 
