3 1 573 345 29 19 -1 -1 -1 0 
3 2 669 341 32 28 -1 -1 -1 0 
3 3 558 634 716 81 -1 -1 -1 0 
3 4 609 337 34 30 -1 -1 -1 0 
4 1 575 344 27 20 -1 -1 -1 0 
4 2 670 341 31 27 -1 -1 -1 0 
4 3 562 635 714 80 -1 -1 -1 0 
4 4 608 336 36 32 -1 -1 -1 0 
5 1 576 345 28 19 -1 -1 -1 0 
5 2 670 340 31 28 -1 -1 -1 0 
5 3 558 635 718 79 -1 -1 -1 0 
5 4 608 336 36 32 -1 -1 -1 0 
6 1 577 344 27 19 -1 -1 -1 0 
6 2 669 340 33 28 -1 -1 -1 0 
6 3 559 636 716 79 -1 -1 -1 0 
7 1 577 345 26 19 -1 -1 -1 0 
7 2 669 343 33 26 -1 -1 -1 0 
7 3 558 636 717 79 -1 -1 -1 0 
7 4 610 339 35 29 -1 -1 -1 0 
8 1 578 346 25 19 -1 -1 -1 0 
8 2 669 343 32 28 -1 -1 -1 0 
8 3 558 635 715 81 -1 -1 -1 0 
8 4 610 339 35 29 -1 -1 -1 0 
9 1 577 347 26 18 -1 -1 -1 0 
9 2 669 344 33 27 -1 -1 -1 0 
9 3 559 633 714 82 -1 -1 -1 0 
10 1 579 347 24 18 -1 -1 -1 0 
10 2 669 345 34 27 -1 -1 -1 0 
10 3 555 634 724 81 -1 -1 -1 0 
11 1 581 347 23 19 -1 -1 -1 0 
11 2 669 345 33 28 -1 -1 -1 0 
11 3 556 635 721 80 -1 -1 -1 0 
11 5 295 352 38 13 -1 -1 -1 0 
12 1 581 347 24 19 -1 -1 -1 0 
12 2 669 345 33 28 -1 -1 -1 0 
12 3 561 635 715 80 -1 -1 -1 0 
12 5 288 353 38 13 -1 -1 -1 0 
13 1 582 346 23 19 -1 -1 -1 0 
13 2 669 344 33 28 -1 -1 -1 0 
13 3 561 634 712 82 -1 -1 -1 0 
14 1 583 346 23 18 -1 -1 -1 0 
14 2 669 344 34 27 -1 -1 -1 0 
14 3 557 635 718 81 -1 -1 -1 0 
15 1 584 345 22 19 -1 -1 -1 0 
15 2 669 344 34 27 -1 -1 -1 0 
15 3 557 635 719 81 -1 -1 -1 0 
16 1 584 345 23 18 -1 -1 -1 0 
16 2 670 344 33 27 -1 -1 -1 0 
16 3 557 635 718 81 -1 -1 -1 0 
17 1 583 345 25 18 -1 -1 -1 0 
17 2 670 344 33 27 -1 -1 -1 0 
17 3 557 635 718 81 -1 -1 -1 0 
17 4 615 342 32 25 -1 -1 -1 0 
18 1 584 345 24 18 -1 -1 -1 0 
18 2 670 344 33 27 -1 -1 -1 0 
18 3 556 634 720 82 -1 -1 -1 0 
18 4 616 342 32 25 -1 -1 -1 0 
19 1 585 345 24 18 -1 -1 -1 0 
19 2 671 345 32 26 -1 -1 -1 0 
19 3 560 633 712 83 -1 -1 -1 0 
20 1 586 345 22 18 -1 -1 -1 0 
20 2 671 344 31 27 -1 -1 -1 0 
20 3 553 635 725 81 -1 -1 -1 0 
20 4 617 341 31 26 -1 -1 -1 0 
21 1 586 345 23 18 -1 -1 -1 0 
21 2 671 343 32 27 -1 -1 -1 0 
21 3 559 635 714 81 -1 -1 -1 0 
21 4 616 341 33 25 -1 -1 -1 0 
22 1 587 344 23 19 -1 -1 -1 0 
22 2 672 342 31 28 -1 -1 -1 0 
22 3 557 635 719 81 -1 -1 -1 0 
22 4 617 341 33 25 -1 -1 -1 0 
23 1 587 344 24 19 -1 -1 -1 0 
23 2 672 342 31 27 -1 -1 -1 0 
23 3 557 635 719 80 -1 -1 -1 0 
23 4 618 342 32 24 -1 -1 -1 0 
24 1 587 343 24 19 -1 -1 -1 0 
24 2 671 342 33 27 -1 -1 -1 0 
24 3 557 635 718 80 -1 -1 -1 0 
24 5 296 350 50 14 -1 -1 -1 0 
25 1 588 343 24 19 -1 -1 -1 0 
25 2 672 341 33 28 -1 -1 -1 0 
25 3 556 635 718 80 -1 -1 -1 0 
25 5 278 350 56 16 -1 -1 -1 0 
26 1 589 343 23 18 -1 -1 -1 0 
26 2 671 342 34 27 -1 -1 -1 0 
26 3 557 635 718 81 -1 -1 -1 0 
26 5 250 350 65 17 -1 -1 -1 0 
27 1 590 343 23 18 -1 -1 -1 0 
27 2 637 343 33 23 -1 -1 -1 0 
27 3 557 635 717 81 -1 -1 -1 0 
27 5 222 351 67 18 -1 -1 -1 0 
28 1 590 343 24 18 -1 -1 -1 0 
28 2 626 343 30 22 -1 -1 -1 0 
28 3 556 635 717 81 -1 -1 -1 0 
28 5 184 351 79 20 -1 -1 -1 0 
29 1 591 344 23 19 -1 -1 -1 0 
29 2 657 345 30 23 -1 -1 -1 0 
29 3 564 633 704 84 -1 -1 -1 0 
29 4 622 341 32 24 -1 -1 -1 0 
29 5 147 353 82 20 -1 -1 -1 0 
30 1 591 346 24 18 -1 -1 -1 0 
30 2 668 345 31 25 -1 -1 -1 0 
30 3 549 635 730 82 -1 -1 -1 0 
30 4 622 342 32 25 -1 -1 -1 0 
30 5 132 353 86 21 -1 -1 -1 0 
31 1 592 346 23 18 -1 -1 -1 0 
31 2 672 345 32 26 -1 -1 -1 0 
31 3 559 634 713 83 -1 -1 -1 0 
31 4 623 342 31 25 -1 -1 -1 0 
32 1 592 348 22 17 -1 -1 -1 0 
32 2 673 346 33 26 -1 -1 -1 0 
32 3 556 635 720 82 -1 -1 -1 0 
32 4 624 342 30 26 -1 -1 -1 0 
33 1 593 349 22 16 -1 -1 -1 0 
33 2 675 346 32 27 -1 -1 -1 0 
33 3 560 635 713 83 -1 -1 -1 0 
33 4 625 343 29 25 -1 -1 -1 0 
34 1 595 349 19 17 -1 -1 -1 0 
34 2 674 347 34 26 -1 -1 -1 0 
34 3 558 634 717 83 -1 -1 -1 0 
34 4 625 343 29 26 -1 -1 -1 0 
35 1 596 349 18 17 -1 -1 -1 0 
35 2 675 347 33 26 -1 -1 -1 0 
35 3 567 631 699 87 -1 -1 -1 0 
35 4 625 343 30 26 -1 -1 -1 0 
36 1 596 349 19 17 -1 -1 -1 0 
36 2 675 347 33 26 -1 -1 -1 0 
36 3 549 633 730 83 -1 -1 -1 0 
36 4 625 343 31 26 -1 -1 -1 0 
37 1 596 349 20 17 -1 -1 -1 0 
37 2 676 347 31 26 -1 -1 -1 0 
37 3 556 635 723 81 -1 -1 -1 0 
37 4 626 344 30 25 -1 -1 -1 0 
38 1 595 349 22 17 -1 -1 -1 0 
38 2 675 348 32 26 -1 -1 -1 0 
38 3 557 635 721 81 -1 -1 -1 0 
38 4 626 344 31 25 -1 -1 -1 0 
39 1 597 348 20 18 -1 -1 -1 0 
39 2 676 347 32 27 -1 -1 -1 0 
39 3 558 635 719 81 -1 -1 -1 0 
39 4 626 345 31 23 -1 -1 -1 0 
40 1 597 346 21 18 -1 -1 -1 0 
40 2 675 347 33 25 -1 -1 -1 0 
40 3 559 636 717 79 -1 -1 -1 0 
40 4 627 344 29 22 -1 -1 -1 0 
