3 1 418 356 46 23 -1 -1 -1 0 
3 2 369 358 49 24 -1 -1 -1 0 
3 3 743 346 41 30 -1 -1 -1 0 
3 4 2 351 185 93 -1 -1 -1 0 
3 5 530 351 22 13 -1 -1 -1 0 
3 7 642 343 26 22 -1 -1 -1 0 
3 8 564 343 25 20 -1 -1 -1 0 
4 1 401 357 46 26 -1 -1 -1 0 
4 2 348 359 52 26 -1 -1 -1 0 
4 3 743 345 41 31 -1 -1 -1 0 
4 4 0 352 156 95 -1 -1 -1 0 
4 5 525 351 21 14 -1 -1 -1 0 
4 7 642 344 26 20 -1 -1 -1 0 
4 8 559 343 26 23 -1 -1 -1 0 
5 1 379 355 51 30 -1 -1 -1 0 
5 2 324 359 56 28 -1 -1 -1 0 
5 3 742 345 43 31 -1 -1 -1 0 
5 5 518 350 23 16 -1 -1 -1 0 
5 7 711 342 19 18 -1 -1 -1 0 
5 8 619 343 27 22 -1 -1 -1 0 
6 1 310 358 61 31 -1 -1 -1 0 
6 2 338 358 60 30 -1 -1 -1 0 
6 3 743 345 41 31 -1 -1 -1 0 
6 5 510 351 26 15 -1 -1 -1 0 
6 7 733 342 18 15 -1 -1 -1 0 
6 8 639 343 27 21 -1 -1 -1 0 
7 1 308 358 68 34 -1 -1 -1 0 
7 2 281 360 65 32 -1 -1 -1 0 
7 3 744 345 41 31 -1 -1 -1 0 
7 5 502 351 27 17 -1 -1 -1 0 
7 7 740 343 18 15 -1 -1 -1 0 
7 8 569 348 28 21 -1 -1 -1 0 
8 1 279 359 78 37 -1 -1 -1 0 
8 2 233 362 70 34 -1 -1 -1 0 
8 3 744 345 42 31 -1 -1 -1 0 
8 5 495 351 27 18 -1 -1 -1 0 
8 7 742 342 18 15 -1 -1 -1 0 
8 8 622 345 26 20 -1 -1 -1 0 
9 1 236 360 92 42 -1 -1 -1 0 
9 2 185 365 71 36 -1 -1 -1 0 
9 3 745 345 41 31 -1 -1 -1 0 
9 5 530 345 20 17 -1 -1 -1 0 
9 7 741 341 19 16 -1 -1 -1 0 
9 8 639 345 26 20 -1 -1 -1 0 
10 1 177 363 113 46 -1 -1 -1 0 
10 2 127 366 84 41 -1 -1 -1 0 
10 3 746 345 41 31 -1 -1 -1 0 
10 5 537 343 22 17 -1 -1 -1 0 
10 7 741 341 19 16 -1 -1 -1 0 
10 8 646 344 25 20 -1 -1 -1 0 
10 13 503 346 39 25 -1 -1 -1 0 
11 1 144 364 121 49 -1 -1 -1 0 
11 2 85 366 133 53 -1 -1 -1 0 
11 3 745 345 42 31 -1 -1 -1 0 
11 5 538 342 21 17 -1 -1 -1 0 
11 7 740 341 20 16 -1 -1 -1 0 
11 8 648 344 25 20 -1 -1 -1 0 
11 13 484 346 47 28 -1 -1 -1 0 
11 14 463 352 30 22 -1 -1 -1 0 
12 2 15 369 146 62 -1 -1 -1 0 
12 3 747 345 40 32 -1 -1 -1 0 
12 5 536 342 21 18 -1 -1 -1 0 
12 7 740 341 20 16 -1 -1 -1 0 
12 8 649 344 24 20 -1 -1 -1 0 
12 13 454 346 64 33 -1 -1 -1 0 
12 14 457 353 31 22 -1 -1 -1 0 
13 2 0 376 62 62 -1 -1 -1 0 
13 3 746 345 43 32 -1 -1 -1 0 
13 5 532 341 21 20 -1 -1 -1 0 
13 7 739 341 19 16 -1 -1 -1 0 
13 8 649 343 24 21 -1 -1 -1 0 
13 13 435 347 66 36 -1 -1 -1 0 
14 2 0 379 16 64 -1 -1 -1 0 
14 3 747 345 42 32 -1 -1 -1 0 
14 5 527 341 24 20 -1 -1 -1 0 
14 7 739 341 19 16 -1 -1 -1 0 
14 8 648 343 24 21 -1 -1 -1 0 
14 13 405 347 79 39 -1 -1 -1 0 
15 3 747 345 43 32 -1 -1 -1 0 
15 5 522 341 26 21 -1 -1 -1 0 
15 7 738 341 20 16 -1 -1 -1 0 
15 8 648 343 24 21 -1 -1 -1 0 
15 13 367 348 92 45 -1 -1 -1 0 
16 3 748 345 41 32 -1 -1 -1 0 
16 5 515 342 30 20 -1 -1 -1 0 
16 7 738 341 19 15 -1 -1 -1 0 
16 8 648 343 24 21 -1 -1 -1 0 
16 13 316 349 104 52 -1 -1 -1 0 
17 3 748 345 42 32 -1 -1 -1 0 
17 5 510 341 28 21 -1 -1 -1 0 
17 7 737 342 19 14 -1 -1 -1 0 
17 8 647 343 24 20 -1 -1 -1 0 
17 13 241 349 146 63 -1 -1 -1 0 
17 14 372 353 42 31 -1 -1 -1 0 
18 3 748 345 42 33 -1 -1 -1 0 
18 5 504 340 27 23 -1 -1 -1 0 
18 7 737 342 19 15 -1 -1 -1 0 
18 8 647 343 23 20 -1 -1 -1 0 
18 13 129 350 198 77 -1 -1 -1 0 
18 14 329 355 68 33 -1 -1 -1 0 
19 3 748 345 42 33 -1 -1 -1 0 
19 5 496 340 29 24 -1 -1 -1 0 
19 7 736 342 20 15 -1 -1 -1 0 
19 8 647 343 23 20 -1 -1 -1 0 
19 13 23 350 213 95 -1 -1 -1 0 
19 14 293 357 77 36 -1 -1 -1 0 
20 3 747 345 43 32 -1 -1 -1 0 
20 5 488 340 31 25 -1 -1 -1 0 
20 7 736 342 19 15 -1 -1 -1 0 
20 8 646 343 23 20 -1 -1 -1 0 
20 13 1 351 87 102 -1 -1 -1 0 
20 14 250 359 90 39 -1 -1 -1 0 
21 3 747 345 44 32 -1 -1 -1 0 
21 5 479 340 32 25 -1 -1 -1 0 
21 7 735 342 20 14 -1 -1 -1 0 
21 8 644 342 25 21 -1 -1 -1 0 
21 13 0 353 20 107 -1 -1 -1 0 
21 14 195 360 107 44 -1 -1 -1 0 
22 3 748 345 43 32 -1 -1 -1 0 
22 5 470 340 33 27 -1 -1 -1 0 
22 7 735 342 19 14 -1 -1 -1 0 
22 8 644 342 24 21 -1 -1 -1 0 
22 14 122 364 133 49 -1 -1 -1 0 
23 3 747 345 44 32 -1 -1 -1 0 
23 5 460 341 36 27 -1 -1 -1 0 
23 7 734 342 20 14 -1 -1 -1 0 
23 8 644 342 24 21 -1 -1 -1 0 
23 14 19 367 173 58 -1 -1 -1 0 
24 3 747 345 43 32 -1 -1 -1 0 
24 5 450 341 36 29 -1 -1 -1 0 
24 7 734 342 20 13 -1 -1 -1 0 
24 8 643 342 25 21 -1 -1 -1 0 
24 14 0 372 105 61 -1 -1 -1 0 
25 3 747 345 44 32 -1 -1 -1 0 
25 5 437 341 43 30 -1 -1 -1 0 
25 7 734 342 20 14 -1 -1 -1 0 
25 8 642 342 25 21 -1 -1 -1 0 
25 14 0 374 60 63 -1 -1 -1 0 
26 3 747 345 44 32 -1 -1 -1 0 
26 5 424 341 48 31 -1 -1 -1 0 
26 7 733 342 21 14 -1 -1 -1 0 
26 8 642 342 24 21 -1 -1 -1 0 
27 3 746 345 46 33 -1 -1 -1 0 
27 5 410 341 47 34 -1 -1 -1 0 
27 7 733 342 20 13 -1 -1 -1 0 
27 8 642 342 24 21 -1 -1 -1 0 
27 16 582 346 21 11 -1 -1 -1 0 
28 3 748 345 43 33 -1 -1 -1 0 
28 5 394 341 49 36 -1 -1 -1 0 
28 7 733 343 19 13 -1 -1 -1 0 
28 8 642 342 24 21 -1 -1 -1 0 
28 16 579 346 21 12 -1 -1 -1 0 
29 3 747 345 45 33 -1 -1 -1 0 
29 5 376 341 53 38 -1 -1 -1 0 
29 7 733 343 18 13 -1 -1 -1 0 
29 8 642 342 24 21 -1 -1 -1 0 
29 16 576 347 21 12 -1 -1 -1 0 
30 3 747 345 46 34 -1 -1 -1 0 
30 5 355 341 58 39 -1 -1 -1 0 
30 7 733 343 18 13 -1 -1 -1 0 
30 8 642 342 24 22 -1 -1 -1 0 
30 16 571 347 23 13 -1 -1 -1 0 
31 3 748 346 45 33 -1 -1 -1 0 
31 5 332 341 63 42 -1 -1 -1 0 
31 7 733 344 17 14 -1 -1 -1 0 
31 8 642 343 23 21 -1 -1 -1 0 
31 16 568 347 21 13 -1 -1 -1 0 
32 3 748 346 45 33 -1 -1 -1 0 
32 5 305 341 70 45 -1 -1 -1 0 
32 7 733 344 18 14 -1 -1 -1 0 
32 8 642 343 23 21 -1 -1 -1 0 
32 16 562 348 22 14 -1 -1 -1 0 
33 3 748 346 45 33 -1 -1 -1 0 
33 5 272 341 80 49 -1 -1 -1 0 
33 7 733 344 17 13 -1 -1 -1 0 
33 8 642 342 23 21 -1 -1 -1 0 
33 16 556 348 24 15 -1 -1 -1 0 
34 3 747 346 47 33 -1 -1 -1 0 
34 5 234 340 92 54 -1 -1 -1 0 
34 7 733 344 18 13 -1 -1 -1 0 
34 8 642 342 23 20 -1 -1 -1 0 
34 16 550 348 25 15 -1 -1 -1 0 
35 3 747 346 47 32 -1 -1 -1 0 
35 5 187 340 106 59 -1 -1 -1 0 
35 7 732 343 20 13 -1 -1 -1 0 
35 8 642 342 24 20 -1 -1 -1 0 
35 16 543 348 28 15 -1 -1 -1 0 
36 3 748 346 46 33 -1 -1 -1 0 
36 5 124 340 133 67 -1 -1 -1 0 
36 7 733 343 19 13 -1 -1 -1 0 
36 8 642 343 24 20 -1 -1 -1 0 
36 16 535 348 33 18 -1 -1 -1 0 
37 3 748 345 46 34 -1 -1 -1 0 
37 5 43 340 166 75 -1 -1 -1 0 
37 7 732 343 20 13 -1 -1 -1 0 
37 8 642 343 24 20 -1 -1 -1 0 
37 16 524 349 38 18 -1 -1 -1 0 
38 3 747 345 49 34 -1 -1 -1 0 
38 5 5 340 137 83 -1 -1 -1 0 
38 7 733 342 17 14 -1 -1 -1 0 
38 8 642 343 24 20 -1 -1 -1 0 
38 16 512 349 45 19 -1 -1 -1 0 
39 3 748 345 47 34 -1 -1 -1 0 
39 5 0 339 62 86 -1 -1 -1 0 
39 7 733 343 17 13 -1 -1 -1 0 
39 8 642 343 24 20 -1 -1 -1 0 
39 16 502 350 42 20 -1 -1 -1 0 
40 3 748 345 47 34 -1 -1 -1 0 
40 5 0 339 19 90 -1 -1 -1 0 
40 7 732 343 18 13 -1 -1 -1 0 
40 8 642 343 24 20 -1 -1 -1 0 
40 16 519 349 26 20 -1 -1 -1 0 
