3 1 660 348 45 34 -1 -1 -1 0 
4 1 660 348 46 34 -1 -1 -1 0 
5 1 661 349 45 33 -1 -1 -1 0 
6 1 662 349 44 33 -1 -1 -1 0 
7 1 662 348 44 34 -1 -1 -1 0 
8 1 662 348 45 34 -1 -1 -1 0 
9 1 662 348 45 34 -1 -1 -1 0 
10 1 662 347 45 34 -1 -1 -1 0 
11 1 662 346 45 35 -1 -1 -1 0 
12 1 663 346 44 34 -1 -1 -1 0 
13 1 663 346 45 35 -1 -1 -1 0 
14 1 663 346 44 35 -1 -1 -1 0 
15 1 665 347 42 34 -1 -1 -1 0 
16 1 665 347 43 34 -1 -1 -1 0 
17 1 666 347 43 35 -1 -1 -1 0 
18 1 667 347 42 35 -1 -1 -1 0 
19 1 667 347 43 35 -1 -1 -1 0 
20 1 667 347 43 35 -1 -1 -1 0 
21 1 668 347 43 35 -1 -1 -1 0 
21 5 0 548 125 167 -1 -1 -1 0 
22 1 667 347 44 35 -1 -1 -1 0 
22 5 0 534 151 181 -1 -1 -1 0 
23 1 668 347 44 34 -1 -1 -1 0 
23 5 0 520 177 193 -1 -1 -1 0 
24 1 669 347 42 34 -1 -1 -1 0 
24 5 0 511 200 202 -1 -1 -1 0 
25 1 669 346 43 35 -1 -1 -1 0 
25 5 0 503 221 210 -1 -1 -1 0 
26 1 669 347 44 34 -1 -1 -1 0 
26 5 0 495 240 218 -1 -1 -1 0 
27 1 670 347 43 34 -1 -1 -1 0 
27 5 0 487 258 226 -1 -1 -1 0 
28 1 669 347 45 34 -1 -1 -1 0 
28 5 0 482 274 231 -1 -1 -1 0 
29 1 670 347 44 34 -1 -1 -1 0 
29 5 1 475 288 238 -1 -1 -1 0 
30 1 671 347 43 35 -1 -1 -1 0 
30 5 6 451 292 261 -1 -1 -1 0 
31 1 670 347 45 35 -1 -1 -1 0 
31 5 8 422 303 289 -1 -1 -1 0 
32 1 671 347 44 35 -1 -1 -1 0 
32 5 7 393 317 316 -1 -1 -1 0 
33 1 671 346 44 36 -1 -1 -1 0 
33 5 4 376 335 332 -1 -1 -1 0 
34 1 672 346 44 36 -1 -1 -1 0 
34 5 0 366 354 340 -1 -1 -1 0 
35 1 672 346 44 36 -1 -1 -1 0 
35 5 0 362 365 343 -1 -1 -1 0 
36 1 673 346 43 36 -1 -1 -1 0 
36 5 0 360 376 343 -1 -1 -1 0 
37 1 673 346 44 35 -1 -1 -1 0 
37 5 0 359 385 344 -1 -1 -1 0 
38 1 673 345 44 36 -1 -1 -1 0 
38 5 0 358 393 347 -1 -1 -1 0 
39 1 674 345 42 37 -1 -1 -1 0 
39 5 1 358 400 349 -1 -1 -1 0 
40 1 673 345 44 37 -1 -1 -1 0 
40 5 1 358 408 349 -1 -1 -1 0 
