3 1 676 350 39 29 -1 -1 -1 0 
3 2 639 345 23 15 -1 -1 -1 0 
4 1 675 350 39 29 -1 -1 -1 0 
4 2 638 346 24 14 -1 -1 -1 0 
5 1 675 350 40 29 -1 -1 -1 0 
5 2 638 345 23 15 -1 -1 -1 0 
6 1 676 350 37 29 -1 -1 -1 0 
6 2 638 345 23 15 -1 -1 -1 0 
7 1 675 350 39 28 -1 -1 -1 0 
7 2 637 345 23 14 -1 -1 -1 0 
8 1 675 350 39 30 -1 -1 -1 0 
8 2 637 345 23 14 -1 -1 -1 0 
9 1 674 350 40 30 -1 -1 -1 0 
9 2 637 345 22 14 -1 -1 -1 0 
10 1 674 350 40 31 -1 -1 -1 0 
10 2 637 346 22 13 -1 -1 -1 0 
11 1 674 350 40 30 -1 -1 -1 0 
11 2 638 346 20 13 -1 -1 -1 0 
12 1 675 350 38 30 -1 -1 -1 0 
12 2 637 346 21 13 -1 -1 -1 0 
13 1 674 350 40 30 -1 -1 -1 0 
13 2 638 346 20 13 -1 -1 -1 0 
14 1 674 351 40 29 -1 -1 -1 0 
14 2 638 346 20 13 -1 -1 -1 0 
15 1 675 350 39 30 -1 -1 -1 0 
15 2 638 346 20 13 -1 -1 -1 0 
16 1 674 351 41 29 -1 -1 -1 0 
16 2 637 345 23 14 -1 -1 -1 0 
17 1 675 351 39 29 -1 -1 -1 0 
17 2 639 345 20 15 -1 -1 -1 0 
18 1 675 350 39 30 -1 -1 -1 0 
18 2 639 345 20 15 -1 -1 -1 0 
19 1 675 350 39 31 -1 -1 -1 0 
19 2 638 345 21 15 -1 -1 -1 0 
20 1 674 350 40 30 -1 -1 -1 0 
20 2 638 345 21 15 -1 -1 -1 0 
21 1 674 350 40 30 -1 -1 -1 0 
21 2 637 345 22 15 -1 -1 -1 0 
22 1 674 350 40 30 -1 -1 -1 0 
22 2 637 344 23 15 -1 -1 -1 0 
23 1 675 350 39 30 -1 -1 -1 0 
23 2 636 344 24 15 -1 -1 -1 0 
23 8 560 635 716 80 -1 -1 -1 0 
24 1 674 349 40 31 -1 -1 -1 0 
24 2 637 344 22 14 -1 -1 -1 0 
24 8 561 635 715 79 -1 -1 -1 0 
25 1 675 349 39 30 -1 -1 -1 0 
25 2 638 344 20 14 -1 -1 -1 0 
25 8 560 635 717 79 -1 -1 -1 0 
26 1 675 348 38 31 -1 -1 -1 0 
26 2 637 344 22 14 -1 -1 -1 0 
26 8 560 635 715 80 -1 -1 -1 0 
27 1 674 349 40 30 -1 -1 -1 0 
27 2 637 343 22 15 -1 -1 -1 0 
27 8 561 635 715 80 -1 -1 -1 0 
28 1 674 349 40 30 -1 -1 -1 0 
28 2 637 343 21 14 -1 -1 -1 0 
28 8 557 635 720 80 -1 -1 -1 0 
29 1 675 350 39 29 -1 -1 -1 0 
29 2 637 343 21 14 -1 -1 -1 0 
29 8 556 634 722 82 -1 -1 -1 0 
30 1 675 350 39 29 -1 -1 -1 0 
30 2 637 343 21 14 -1 -1 -1 0 
30 8 555 634 723 82 -1 -1 -1 0 
31 1 675 350 39 29 -1 -1 -1 0 
31 2 637 343 22 14 -1 -1 -1 0 
31 8 555 635 724 81 -1 -1 -1 0 
32 1 676 351 38 29 -1 -1 -1 0 
32 2 638 344 21 14 -1 -1 -1 0 
32 8 554 635 725 81 -1 -1 -1 0 
33 1 675 351 40 29 -1 -1 -1 0 
33 2 638 344 20 14 -1 -1 -1 0 
34 1 676 351 39 29 -1 -1 -1 0 
34 2 637 345 22 13 -1 -1 -1 0 
34 8 556 635 720 81 -1 -1 -1 0 
35 1 675 351 41 29 -1 -1 -1 0 
35 2 638 344 21 14 -1 -1 -1 0 
35 8 555 634 722 82 -1 -1 -1 0 
36 1 677 351 38 29 -1 -1 -1 0 
36 2 638 344 21 14 -1 -1 -1 0 
37 1 675 351 42 29 -1 -1 -1 0 
37 2 638 344 22 14 -1 -1 -1 0 
37 8 559 634 718 82 -1 -1 -1 0 
38 1 675 351 42 29 -1 -1 -1 0 
38 2 638 345 22 13 -1 -1 -1 0 
38 8 559 635 720 80 -1 -1 -1 0 
39 1 676 351 41 29 -1 -1 -1 0 
39 2 638 345 22 14 -1 -1 -1 0 
39 8 559 635 720 80 -1 -1 -1 0 
40 1 676 351 41 29 -1 -1 -1 0 
40 2 638 345 21 14 -1 -1 -1 0 
40 8 565 635 711 80 -1 -1 -1 0 
