3 1 669 341 43 36 -1 -1 -1 0 
3 2 631 342 28 23 -1 -1 -1 0 
4 1 668 340 43 36 -1 -1 -1 0 
4 2 632 343 26 22 -1 -1 -1 0 
5 1 667 340 43 35 -1 -1 -1 0 
5 2 632 340 26 24 -1 -1 -1 0 
6 1 667 339 42 36 -1 -1 -1 0 
6 2 631 340 27 24 -1 -1 -1 0 
6 4 383 348 26 14 -1 -1 -1 0 
7 1 666 339 43 37 -1 -1 -1 0 
7 2 630 341 28 23 -1 -1 -1 0 
7 4 373 350 25 13 -1 -1 -1 0 
7 5 443 346 23 15 -1 -1 -1 0 
8 1 665 340 45 37 -1 -1 -1 0 
8 2 630 341 27 24 -1 -1 -1 0 
8 4 363 351 26 14 -1 -1 -1 0 
8 5 433 348 26 15 -1 -1 -1 0 
9 1 666 342 42 37 -1 -1 -1 0 
9 2 629 342 28 25 -1 -1 -1 0 
9 4 352 354 28 13 -1 -1 -1 0 
9 5 423 349 28 15 -1 -1 -1 0 
10 1 665 342 43 38 -1 -1 -1 0 
10 2 629 342 27 26 -1 -1 -1 0 
10 4 341 355 28 13 -1 -1 -1 0 
10 5 413 351 30 15 -1 -1 -1 0 
11 1 666 343 41 38 -1 -1 -1 0 
11 2 628 343 28 26 -1 -1 -1 0 
11 4 330 356 27 14 -1 -1 -1 0 
11 5 401 352 31 15 -1 -1 -1 0 
12 1 665 343 43 39 -1 -1 -1 0 
12 2 628 343 28 26 -1 -1 -1 0 
12 4 316 357 31 13 -1 -1 -1 0 
12 5 389 351 33 17 -1 -1 -1 0 
13 1 663 341 46 39 -1 -1 -1 0 
13 2 628 343 29 25 -1 -1 -1 0 
13 4 302 356 34 15 -1 -1 -1 0 
13 5 377 351 36 18 -1 -1 -1 0 
14 1 662 341 47 39 -1 -1 -1 0 
14 2 628 343 29 24 -1 -1 -1 0 
14 4 289 355 34 17 -1 -1 -1 0 
14 5 361 351 41 18 -1 -1 -1 0 
14 7 407 351 32 15 -1 -1 -1 0 
15 1 663 341 45 38 -1 -1 -1 0 
15 2 628 342 28 25 -1 -1 -1 0 
15 4 274 355 36 18 -1 -1 -1 0 
15 5 347 351 41 18 -1 -1 -1 0 
15 7 394 351 34 15 -1 -1 -1 0 
15 8 559 634 717 81 -1 -1 -1 0 
16 1 664 339 44 39 -1 -1 -1 0 
16 2 628 342 29 24 -1 -1 -1 0 
16 4 256 355 41 18 -1 -1 -1 0 
16 5 330 351 44 19 -1 -1 -1 0 
16 7 380 350 36 17 -1 -1 -1 0 
16 8 558 635 719 80 -1 -1 -1 0 
17 1 665 339 43 38 -1 -1 -1 0 
17 2 629 341 27 25 -1 -1 -1 0 
17 4 241 355 39 19 -1 -1 -1 0 
17 5 311 351 49 19 -1 -1 -1 0 
17 7 364 350 37 17 -1 -1 -1 0 
17 8 563 633 709 82 -1 -1 -1 0 
18 1 665 339 44 38 -1 -1 -1 0 
18 2 628 341 29 24 -1 -1 -1 0 
18 4 229 354 34 19 -1 -1 -1 0 
18 5 291 351 50 21 -1 -1 -1 0 
18 7 344 351 41 17 -1 -1 -1 0 
18 8 559 633 717 82 -1 -1 -1 0 
19 1 665 339 43 37 -1 -1 -1 0 
19 2 628 341 29 24 -1 -1 -1 0 
19 4 216 354 34 20 -1 -1 -1 0 
19 5 268 351 55 23 -1 -1 -1 0 
19 7 325 351 44 18 -1 -1 -1 0 
19 8 558 633 719 81 -1 -1 -1 0 
20 1 665 338 43 38 -1 -1 -1 0 
20 2 629 341 28 23 -1 -1 -1 0 
20 5 240 351 61 25 -1 -1 -1 0 
20 7 304 351 47 19 -1 -1 -1 0 
20 8 560 633 717 81 -1 -1 -1 0 
21 1 665 338 43 37 -1 -1 -1 0 
21 2 629 340 28 24 -1 -1 -1 0 
21 5 208 351 69 27 -1 -1 -1 0 
21 7 279 351 50 21 -1 -1 -1 0 
21 8 560 633 717 81 -1 -1 -1 0 
22 1 665 338 43 37 -1 -1 -1 0 
22 2 628 340 29 24 -1 -1 -1 0 
22 5 171 352 77 29 -1 -1 -1 0 
22 7 249 351 55 23 -1 -1 -1 0 
23 1 666 338 43 38 -1 -1 -1 0 
23 2 629 340 27 25 -1 -1 -1 0 
23 5 125 354 91 30 -1 -1 -1 0 
23 7 212 353 65 24 -1 -1 -1 0 
23 8 561 634 716 80 -1 -1 -1 0 
24 1 666 338 43 39 -1 -1 -1 0 
24 2 628 340 29 25 -1 -1 -1 0 
24 5 72 354 104 34 -1 -1 -1 0 
24 7 168 354 76 27 -1 -1 -1 0 
24 8 561 634 716 80 -1 -1 -1 0 
25 1 666 338 44 40 -1 -1 -1 0 
25 2 628 341 30 25 -1 -1 -1 0 
25 5 7 356 118 38 -1 -1 -1 0 
25 7 121 357 83 28 -1 -1 -1 0 
26 1 666 339 45 39 -1 -1 -1 0 
26 2 628 341 30 25 -1 -1 -1 0 
26 5 0 357 66 37 -1 -1 -1 0 
26 7 61 357 91 32 -1 -1 -1 0 
26 8 561 635 715 79 -1 -1 -1 0 
26 9 420 351 29 14 -1 -1 -1 0 
27 1 667 339 43 39 -1 -1 -1 0 
27 2 629 341 29 26 -1 -1 -1 0 
27 5 0 358 31 38 -1 -1 -1 0 
27 7 3 359 86 34 -1 -1 -1 0 
27 8 563 635 712 79 -1 -1 -1 0 
27 9 410 352 29 13 -1 -1 -1 0 
28 1 667 339 44 38 -1 -1 -1 0 
28 2 629 342 29 24 -1 -1 -1 0 
28 7 0 360 48 36 -1 -1 -1 0 
28 8 563 633 710 81 -1 -1 -1 0 
28 9 476 348 29 12 -1 -1 -1 0 
28 10 374 350 27 14 -1 -1 -1 0 
29 1 667 339 44 37 -1 -1 -1 0 
29 2 630 340 28 25 -1 -1 -1 0 
29 8 557 634 722 81 -1 -1 -1 0 
29 9 493 346 28 12 -1 -1 -1 0 
29 10 363 349 26 14 -1 -1 -1 0 
30 1 667 338 43 37 -1 -1 -1 0 
30 2 630 339 28 25 -1 -1 -1 0 
30 8 559 634 719 80 -1 -1 -1 0 
30 9 495 345 28 12 -1 -1 -1 0 
30 10 363 348 37 16 -1 -1 -1 0 
30 12 526 342 20 13 -1 -1 -1 0 
31 1 668 337 43 38 -1 -1 -1 0 
31 2 629 339 30 24 -1 -1 -1 0 
31 8 558 635 720 79 -1 -1 -1 0 
31 9 489 344 28 12 -1 -1 -1 0 
31 10 349 348 45 16 -1 -1 -1 0 
31 12 523 341 19 13 -1 -1 -1 0 
32 1 667 337 45 37 -1 -1 -1 0 
32 2 630 338 28 25 -1 -1 -1 0 
32 8 561 634 712 81 -1 -1 -1 0 
32 9 482 345 29 11 -1 -1 -1 0 
32 10 335 349 46 17 -1 -1 -1 0 
32 12 517 341 21 13 -1 -1 -1 0 
33 1 668 338 44 37 -1 -1 -1 0 
33 2 630 338 27 25 -1 -1 -1 0 
33 8 564 634 712 81 -1 -1 -1 0 
33 9 490 344 28 11 -1 -1 -1 0 
33 10 318 351 46 17 -1 -1 -1 0 
33 12 513 343 19 13 -1 -1 -1 0 
34 1 668 339 44 37 -1 -1 -1 0 
34 2 629 340 29 25 -1 -1 -1 0 
34 8 560 635 719 79 -1 -1 -1 0 
34 9 469 347 26 11 -1 -1 -1 0 
34 10 297 352 48 19 -1 -1 -1 0 
34 12 505 343 23 14 -1 -1 -1 0 
35 1 668 340 44 37 -1 -1 -1 0 
35 2 630 340 29 26 -1 -1 -1 0 
35 8 559 635 717 79 -1 -1 -1 0 
35 9 457 348 29 12 -1 -1 -1 0 
35 10 272 354 53 21 -1 -1 -1 0 
35 12 498 345 28 13 -1 -1 -1 0 
36 1 668 341 43 37 -1 -1 -1 0 
36 2 630 341 29 27 -1 -1 -1 0 
36 8 579 635 691 80 -1 -1 -1 0 
36 9 447 350 28 13 -1 -1 -1 0 
36 10 243 357 61 22 -1 -1 -1 0 
36 12 493 345 29 16 -1 -1 -1 0 
37 1 668 343 44 37 -1 -1 -1 0 
37 2 628 343 31 26 -1 -1 -1 0 
37 8 565 635 712 80 -1 -1 -1 0 
37 9 430 352 38 13 -1 -1 -1 0 
37 10 210 359 67 24 -1 -1 -1 0 
37 12 484 348 32 15 -1 -1 -1 0 
38 1 668 345 45 36 -1 -1 -1 0 
38 2 629 344 29 26 -1 -1 -1 0 
38 4 238 358 40 22 -1 -1 -1 0 
38 8 563 635 713 80 -1 -1 -1 0 
38 9 418 354 39 13 -1 -1 -1 0 
38 10 169 362 78 25 -1 -1 -1 0 
38 12 477 348 30 17 -1 -1 -1 0 
39 1 669 345 43 36 -1 -1 -1 0 
39 2 628 345 30 26 -1 -1 -1 0 
39 4 224 359 46 21 -1 -1 -1 0 
39 8 563 634 711 81 -1 -1 -1 0 
39 9 404 355 39 14 -1 -1 -1 0 
39 10 122 364 88 28 -1 -1 -1 0 
39 12 467 349 34 17 -1 -1 -1 0 
40 1 669 344 43 37 -1 -1 -1 0 
40 2 629 344 28 26 -1 -1 -1 0 
40 4 199 359 51 24 -1 -1 -1 0 
40 8 558 634 720 82 -1 -1 -1 0 
40 9 386 355 44 15 -1 -1 -1 0 
40 10 63 366 105 30 -1 -1 -1 0 
40 12 459 348 30 18 -1 -1 -1 0 
