3 1 199 360 66 25 -1 -1 -1 0 
3 2 635 343 33 28 -1 -1 -1 0 
3 3 674 336 13 15 -1 -1 -1 0 
4 1 165 361 72 26 -1 -1 -1 0 
4 2 635 343 33 28 -1 -1 -1 0 
4 3 674 336 13 14 -1 -1 -1 0 
5 1 125 363 82 29 -1 -1 -1 0 
5 2 634 344 33 26 -1 -1 -1 0 
5 3 674 336 13 14 -1 -1 -1 0 
6 1 78 364 94 30 -1 -1 -1 0 
6 2 634 344 32 26 -1 -1 -1 0 
6 3 674 336 13 14 -1 -1 -1 0 
7 1 25 365 107 32 -1 -1 -1 0 
7 2 633 344 33 26 -1 -1 -1 0 
7 3 674 335 14 15 -1 -1 -1 0 
8 1 0 367 82 34 -1 -1 -1 0 
8 2 633 344 32 26 -1 -1 -1 0 
8 3 673 335 15 15 -1 -1 -1 0 
9 1 0 369 47 35 -1 -1 -1 0 
9 2 633 343 31 27 -1 -1 -1 0 
9 3 673 334 15 16 -1 -1 -1 0 
10 2 632 343 32 27 -1 -1 -1 0 
10 3 673 334 15 15 -1 -1 -1 0 
11 2 631 343 34 27 -1 -1 -1 0 
11 3 674 335 14 14 -1 -1 -1 0 
12 2 631 343 33 27 -1 -1 -1 0 
12 3 674 335 14 14 -1 -1 -1 0 
13 2 632 343 31 27 -1 -1 -1 0 
13 3 674 335 14 14 -1 -1 -1 0 
14 2 631 342 33 28 -1 -1 -1 0 
14 3 674 336 14 13 -1 -1 -1 0 
15 2 631 342 32 28 -1 -1 -1 0 
15 3 674 336 14 13 -1 -1 -1 0 
16 2 631 342 32 28 -1 -1 -1 0 
16 3 675 337 12 12 -1 -1 -1 0 
16 8 562 636 712 79 -1 -1 -1 0 
17 2 631 343 32 27 -1 -1 -1 0 
17 3 675 337 13 12 -1 -1 -1 0 
17 8 560 636 713 80 -1 -1 -1 0 
18 2 631 343 31 27 -1 -1 -1 0 
18 3 676 337 12 12 -1 -1 -1 0 
19 2 630 343 33 28 -1 -1 -1 0 
19 3 677 337 11 13 -1 -1 -1 0 
20 2 630 343 32 28 -1 -1 -1 0 
20 3 676 337 12 13 -1 -1 -1 0 
21 2 630 343 31 28 -1 -1 -1 0 
21 3 676 338 11 13 -1 -1 -1 0 
22 2 629 344 32 28 -1 -1 -1 0 
22 3 675 338 13 13 -1 -1 -1 0 
23 2 628 344 33 28 -1 -1 -1 0 
23 3 675 338 13 13 -1 -1 -1 0 
24 2 628 344 34 28 -1 -1 -1 0 
24 3 676 338 12 13 -1 -1 -1 0 
24 8 560 635 715 79 -1 -1 -1 0 
25 2 628 344 33 28 -1 -1 -1 0 
25 3 675 338 14 13 -1 -1 -1 0 
25 8 560 634 714 79 -1 -1 -1 0 
26 2 628 345 33 27 -1 -1 -1 0 
26 3 676 338 12 13 -1 -1 -1 0 
26 8 560 634 714 79 -1 -1 -1 0 
27 2 628 345 34 27 -1 -1 -1 0 
27 3 676 338 12 13 -1 -1 -1 0 
27 8 559 634 715 79 -1 -1 -1 0 
28 2 628 345 33 27 -1 -1 -1 0 
28 3 676 338 13 13 -1 -1 -1 0 
29 2 628 344 32 28 -1 -1 -1 0 
29 3 676 338 13 13 -1 -1 -1 0 
30 2 626 344 35 28 -1 -1 -1 0 
30 3 675 338 14 12 -1 -1 -1 0 
30 8 561 635 714 79 -1 -1 -1 0 
31 2 627 344 33 28 -1 -1 -1 0 
31 3 676 338 12 12 -1 -1 -1 0 
31 8 559 636 717 78 -1 -1 -1 0 
32 2 627 344 33 28 -1 -1 -1 0 
32 3 676 338 12 12 -1 -1 -1 0 
32 8 559 636 717 78 -1 -1 -1 0 
33 2 626 344 33 28 -1 -1 -1 0 
33 3 676 338 13 12 -1 -1 -1 0 
34 2 627 344 32 28 -1 -1 -1 0 
34 3 676 338 13 12 -1 -1 -1 0 
34 13 332 354 36 15 -1 -1 -1 0 
35 2 626 344 34 29 -1 -1 -1 0 
35 3 677 338 12 13 -1 -1 -1 0 
35 8 560 635 714 79 -1 -1 -1 0 
35 13 412 348 26 16 -1 -1 -1 0 
36 2 626 344 33 29 -1 -1 -1 0 
36 3 677 338 12 13 -1 -1 -1 0 
36 8 563 635 708 79 -1 -1 -1 0 
36 13 430 347 27 15 -1 -1 -1 0 
37 2 625 344 34 29 -1 -1 -1 0 
37 3 676 338 14 14 -1 -1 -1 0 
37 8 558 634 718 80 -1 -1 -1 0 
37 13 428 346 28 17 -1 -1 -1 0 
37 17 274 357 47 18 -1 -1 -1 0 
38 2 625 345 34 29 -1 -1 -1 0 
38 3 676 338 13 14 -1 -1 -1 0 
38 8 558 634 718 80 -1 -1 -1 0 
38 13 418 347 31 17 -1 -1 -1 0 
38 17 249 358 51 20 -1 -1 -1 0 
39 2 626 345 33 29 -1 -1 -1 0 
39 3 676 338 14 14 -1 -1 -1 0 
39 8 561 634 714 80 -1 -1 -1 0 
39 13 406 347 31 18 -1 -1 -1 0 
39 17 221 359 55 22 -1 -1 -1 0 
39 18 322 346 54 27 -1 -1 -1 0 
40 2 624 344 35 28 -1 -1 -1 0 
40 3 676 338 15 12 -1 -1 -1 0 
40 8 561 634 715 79 -1 -1 -1 0 
40 13 392 346 33 20 -1 -1 -1 0 
40 17 189 359 60 24 -1 -1 -1 0 
40 18 301 345 59 29 -1 -1 -1 0 
