3 1 1 364 316 310 -1 -1 -1 0 
3 2 481 344 63 43 -1 -1 -1 0 
3 3 798 338 86 60 -1 -1 -1 0 
3 4 669 341 44 38 -1 -1 -1 0 
4 1 0 364 320 308 -1 -1 -1 0 
4 2 481 344 64 43 -1 -1 -1 0 
4 3 799 339 86 60 -1 -1 -1 0 
4 4 668 340 45 40 -1 -1 -1 0 
5 1 1 364 321 310 -1 -1 -1 0 
5 2 481 344 65 43 -1 -1 -1 0 
5 3 799 339 87 61 -1 -1 -1 0 
5 4 668 341 46 39 -1 -1 -1 0 
5 5 561 634 712 78 -1 -1 -1 0 
6 1 1 364 324 313 -1 -1 -1 0 
6 2 482 342 64 43 -1 -1 -1 0 
6 3 800 338 88 61 -1 -1 -1 0 
6 4 667 340 48 38 -1 -1 -1 0 
6 5 560 635 715 77 -1 -1 -1 0 
7 1 0 364 329 314 -1 -1 -1 0 
7 2 483 342 64 43 -1 -1 -1 0 
7 3 801 337 88 62 -1 -1 -1 0 
7 4 669 340 46 38 -1 -1 -1 0 
7 5 562 636 713 77 -1 -1 -1 0 
8 1 0 363 331 313 -1 -1 -1 0 
8 2 484 341 63 43 -1 -1 -1 0 
8 3 802 335 88 63 -1 -1 -1 0 
8 4 669 339 46 38 -1 -1 -1 0 
8 5 562 636 712 77 -1 -1 -1 0 
9 1 0 362 333 311 -1 -1 -1 0 
9 2 484 340 64 43 -1 -1 -1 0 
9 3 802 334 91 62 -1 -1 -1 0 
9 4 670 338 46 38 -1 -1 -1 0 
9 5 567 635 706 79 -1 -1 -1 0 
10 1 1 361 334 313 -1 -1 -1 0 
10 2 485 339 63 44 -1 -1 -1 0 
10 3 803 333 90 63 -1 -1 -1 0 
10 4 671 338 45 38 -1 -1 -1 0 
10 5 559 635 717 79 -1 -1 -1 0 
11 1 1 361 336 313 -1 -1 -1 0 
11 2 485 340 64 43 -1 -1 -1 0 
11 3 803 333 92 63 -1 -1 -1 0 
11 4 671 338 45 38 -1 -1 -1 0 
11 5 562 635 713 79 -1 -1 -1 0 
12 1 2 361 335 318 -1 -1 -1 0 
12 2 486 342 63 42 -1 -1 -1 0 
12 3 804 335 91 63 -1 -1 -1 0 
12 4 671 340 46 38 -1 -1 -1 0 
12 5 559 635 719 79 -1 -1 -1 0 
13 1 1 360 340 319 -1 -1 -1 0 
13 2 486 343 64 41 -1 -1 -1 0 
13 3 804 336 93 64 -1 -1 -1 0 
13 4 671 340 45 38 -1 -1 -1 0 
13 5 559 635 716 79 -1 -1 -1 0 
14 1 0 359 344 315 -1 -1 -1 0 
14 2 487 344 63 41 -1 -1 -1 0 
14 3 804 337 94 65 -1 -1 -1 0 
14 4 670 340 46 40 -1 -1 -1 0 
14 5 567 635 706 78 -1 -1 -1 0 
15 1 3 358 338 324 -1 -1 -1 0 
15 2 487 344 63 41 -1 -1 -1 0 
15 3 804 337 95 65 -1 -1 -1 0 
15 4 670 340 47 40 -1 -1 -1 0 
15 5 563 635 713 78 -1 -1 -1 0 
16 1 3 357 341 334 -1 -1 -1 0 
16 2 488 344 63 41 -1 -1 -1 0 
16 3 805 337 95 66 -1 -1 -1 0 
16 4 670 340 47 41 -1 -1 -1 0 
16 5 558 635 719 78 -1 -1 -1 0 
17 1 0 358 348 335 -1 -1 -1 0 
17 2 489 343 62 41 -1 -1 -1 0 
17 3 805 337 96 66 -1 -1 -1 0 
17 4 669 340 49 40 -1 -1 -1 0 
17 5 559 634 714 79 -1 -1 -1 0 
18 1 1 358 348 339 -1 -1 -1 0 
18 2 490 343 62 41 -1 -1 -1 0 
18 3 805 337 97 66 -1 -1 -1 0 
18 4 669 345 50 35 -1 -1 -1 0 
18 5 560 634 715 79 -1 -1 -1 0 
19 1 1 358 351 343 -1 -1 -1 0 
19 2 491 343 62 41 -1 -1 -1 0 
19 3 806 337 97 66 -1 -1 -1 0 
19 4 671 343 46 36 -1 -1 -1 0 
19 5 562 634 713 79 -1 -1 -1 0 
20 1 1 357 353 349 -1 -1 -1 0 
20 2 492 342 61 41 -1 -1 -1 0 
20 3 807 336 98 67 -1 -1 -1 0 
20 4 670 341 48 38 -1 -1 -1 0 
20 5 565 634 708 80 -1 -1 -1 0 
21 1 1 357 356 352 -1 -1 -1 0 
21 2 491 342 64 41 -1 -1 -1 0 
21 3 808 336 98 67 -1 -1 -1 0 
21 4 671 340 47 39 -1 -1 -1 0 
21 5 559 634 719 79 -1 -1 -1 0 
22 1 1 356 358 356 -1 -1 -1 0 
22 2 492 342 63 41 -1 -1 -1 0 
22 3 808 336 99 68 -1 -1 -1 0 
22 4 672 340 46 40 -1 -1 -1 0 
22 5 560 634 714 79 -1 -1 -1 0 
23 1 0 356 361 358 -1 -1 -1 0 
23 2 494 343 61 41 -1 -1 -1 0 
23 3 807 337 102 68 -1 -1 -1 0 
23 4 672 339 46 42 -1 -1 -1 0 
23 5 560 634 714 79 -1 -1 -1 0 
24 1 0 356 363 358 -1 -1 -1 0 
24 2 494 343 63 41 -1 -1 -1 0 
24 3 808 337 102 69 -1 -1 -1 0 
24 4 672 339 46 42 -1 -1 -1 0 
24 5 561 634 717 79 -1 -1 -1 0 
25 1 0 357 365 358 -1 -1 -1 0 
25 2 495 344 61 40 -1 -1 -1 0 
25 3 808 337 103 69 -1 -1 -1 0 
25 4 672 340 46 42 -1 -1 -1 0 
25 5 561 634 717 79 -1 -1 -1 0 
26 1 0 357 367 358 -1 -1 -1 0 
26 2 496 344 60 40 -1 -1 -1 0 
26 3 808 337 104 70 -1 -1 -1 0 
26 4 671 340 49 42 -1 -1 -1 0 
27 1 0 358 368 357 -1 -1 -1 0 
27 2 497 345 60 40 -1 -1 -1 0 
27 3 810 338 103 71 -1 -1 -1 0 
27 4 672 341 48 42 -1 -1 -1 0 
28 1 0 358 369 357 -1 -1 -1 0 
28 2 499 344 58 41 -1 -1 -1 0 
28 3 810 338 104 72 -1 -1 -1 0 
28 4 672 341 48 42 -1 -1 -1 0 
28 5 562 633 714 80 -1 -1 -1 0 
29 1 0 358 371 357 -1 -1 -1 0 
29 2 499 344 59 41 -1 -1 -1 0 
29 3 810 339 106 72 -1 -1 -1 0 
29 4 673 340 48 43 -1 -1 -1 0 
29 5 565 633 710 80 -1 -1 -1 0 
30 1 0 358 372 357 -1 -1 -1 0 
30 2 500 342 59 41 -1 -1 -1 0 
30 3 810 338 108 72 -1 -1 -1 0 
30 4 673 339 49 43 -1 -1 -1 0 
30 5 565 633 710 80 -1 -1 -1 0 
31 1 1 357 372 358 -1 -1 -1 0 
31 2 501 341 59 41 -1 -1 -1 0 
31 3 812 337 107 74 -1 -1 -1 0 
31 4 674 339 49 42 -1 -1 -1 0 
31 5 557 634 721 79 -1 -1 -1 0 
32 1 1 356 373 360 -1 -1 -1 0 
32 2 502 341 59 41 -1 -1 -1 0 
32 3 811 337 110 73 -1 -1 -1 0 
32 4 674 338 49 42 -1 -1 -1 0 
32 5 562 634 710 80 -1 -1 -1 0 
33 1 0 355 377 361 -1 -1 -1 0 
33 2 502 340 59 41 -1 -1 -1 0 
33 3 812 337 110 73 -1 -1 -1 0 
33 4 675 338 48 42 -1 -1 -1 0 
33 5 559 634 718 80 -1 -1 -1 0 
34 1 0 354 379 361 -1 -1 -1 0 
34 2 504 340 58 41 -1 -1 -1 0 
34 3 812 336 112 75 -1 -1 -1 0 
34 4 675 338 48 42 -1 -1 -1 0 
34 5 558 634 719 80 -1 -1 -1 0 
35 1 0 354 382 360 -1 -1 -1 0 
35 2 504 339 59 42 -1 -1 -1 0 
35 3 813 336 112 75 -1 -1 -1 0 
35 4 676 338 48 42 -1 -1 -1 0 
35 5 557 634 720 79 -1 -1 -1 0 
36 1 0 354 384 357 -1 -1 -1 0 
36 2 505 340 60 41 -1 -1 -1 0 
36 3 813 336 114 76 -1 -1 -1 0 
36 4 676 338 48 43 -1 -1 -1 0 
36 5 560 635 716 78 -1 -1 -1 0 
37 1 0 354 385 356 -1 -1 -1 0 
37 2 506 340 59 41 -1 -1 -1 0 
37 3 814 336 115 77 -1 -1 -1 0 
37 4 676 338 50 43 -1 -1 -1 0 
37 5 565 633 705 80 -1 -1 -1 0 
38 1 0 354 387 356 -1 -1 -1 0 
38 2 507 341 60 40 -1 -1 -1 0 
38 3 815 336 115 77 -1 -1 -1 0 
38 4 678 338 47 43 -1 -1 -1 0 
38 5 556 634 722 79 -1 -1 -1 0 
38 7 720 338 26 18 -1 -1 -1 0 
39 1 0 354 389 355 -1 -1 -1 0 
39 2 508 341 59 40 -1 -1 -1 0 
39 3 816 336 115 78 -1 -1 -1 0 
39 4 677 338 50 43 -1 -1 -1 0 
39 5 559 634 718 79 -1 -1 -1 0 
39 7 721 339 24 17 -1 -1 -1 0 
40 1 1 354 389 356 -1 -1 -1 0 
40 2 509 341 59 40 -1 -1 -1 0 
40 3 816 336 118 78 -1 -1 -1 0 
40 4 679 339 47 43 -1 -1 -1 0 
40 5 564 634 711 80 -1 -1 -1 0 
40 7 722 339 24 17 -1 -1 -1 0 
