3 1 605 340 45 34 -1 -1 -1 0 
3 2 666 338 51 45 -1 -1 -1 0 
3 3 732 343 23 18 -1 -1 -1 0 
3 4 559 633 714 81 -1 -1 -1 0 
4 1 606 341 44 33 -1 -1 -1 0 
4 2 666 339 51 45 -1 -1 -1 0 
4 3 733 342 22 20 -1 -1 -1 0 
4 4 549 636 730 78 -1 -1 -1 0 
5 1 606 340 44 34 -1 -1 -1 0 
5 2 665 339 52 44 -1 -1 -1 0 
5 3 733 342 24 19 -1 -1 -1 0 
5 4 559 636 715 78 -1 -1 -1 0 
6 1 607 340 44 33 -1 -1 -1 0 
6 2 666 338 50 45 -1 -1 -1 0 
6 3 734 341 22 20 -1 -1 -1 0 
6 4 560 636 713 78 -1 -1 -1 0 
7 1 608 339 43 34 -1 -1 -1 0 
7 2 664 338 53 44 -1 -1 -1 0 
7 3 733 342 25 18 -1 -1 -1 0 
7 4 560 636 713 78 -1 -1 -1 0 
8 1 608 339 44 33 -1 -1 -1 0 
8 2 664 338 52 44 -1 -1 -1 0 
8 3 733 342 25 18 -1 -1 -1 0 
8 4 558 636 717 78 -1 -1 -1 0 
9 1 608 339 43 33 -1 -1 -1 0 
9 2 665 338 50 44 -1 -1 -1 0 
9 3 734 342 24 17 -1 -1 -1 0 
9 4 556 637 722 77 -1 -1 -1 0 
10 1 608 339 43 33 -1 -1 -1 0 
10 2 664 338 51 44 -1 -1 -1 0 
10 3 736 341 21 18 -1 -1 -1 0 
10 4 560 637 715 77 -1 -1 -1 0 
11 1 608 339 43 31 -1 -1 -1 0 
11 2 665 336 49 45 -1 -1 -1 0 
11 3 736 340 22 18 -1 -1 -1 0 
11 4 563 637 708 78 -1 -1 -1 0 
12 1 610 338 40 32 -1 -1 -1 0 
12 2 664 336 51 44 -1 -1 -1 0 
12 3 736 340 23 18 -1 -1 -1 0 
12 4 563 637 713 78 -1 -1 -1 0 
13 1 609 338 42 31 -1 -1 -1 0 
13 2 664 336 50 44 -1 -1 -1 0 
13 3 737 339 22 18 -1 -1 -1 0 
13 4 563 637 712 78 -1 -1 -1 0 
14 1 610 337 40 32 -1 -1 -1 0 
14 2 664 336 51 44 -1 -1 -1 0 
14 3 737 339 22 18 -1 -1 -1 0 
14 4 557 637 721 78 -1 -1 -1 0 
15 1 610 337 41 32 -1 -1 -1 0 
15 2 664 336 50 44 -1 -1 -1 0 
15 3 737 340 23 17 -1 -1 -1 0 
15 4 557 637 719 78 -1 -1 -1 0 
16 1 611 337 41 31 -1 -1 -1 0 
16 2 663 336 52 44 -1 -1 -1 0 
16 3 738 340 22 17 -1 -1 -1 0 
16 4 562 637 710 78 -1 -1 -1 0 
17 1 611 337 41 31 -1 -1 -1 0 
17 2 664 336 50 44 -1 -1 -1 0 
17 3 739 339 22 18 -1 -1 -1 0 
17 4 562 637 712 78 -1 -1 -1 0 
18 1 612 336 41 31 -1 -1 -1 0 
18 2 664 335 50 44 -1 -1 -1 0 
18 3 739 339 23 18 -1 -1 -1 0 
18 4 578 638 697 77 -1 -1 -1 0 
19 1 613 336 39 31 -1 -1 -1 0 
19 2 664 335 50 44 -1 -1 -1 0 
19 3 739 337 25 19 -1 -1 -1 0 
19 4 568 637 708 78 -1 -1 -1 0 
20 1 613 336 40 31 -1 -1 -1 0 
20 2 664 334 50 45 -1 -1 -1 0 
20 3 740 337 24 19 -1 -1 -1 0 
20 4 563 637 714 78 -1 -1 -1 0 
21 1 613 336 40 31 -1 -1 -1 0 
21 2 663 334 51 45 -1 -1 -1 0 
21 3 740 336 25 20 -1 -1 -1 0 
21 4 559 637 718 77 -1 -1 -1 0 
22 1 615 337 39 29 -1 -1 -1 0 
22 2 664 334 49 45 -1 -1 -1 0 
22 3 741 336 24 20 -1 -1 -1 0 
22 4 562 636 712 78 -1 -1 -1 0 
23 1 616 337 37 30 -1 -1 -1 0 
23 2 662 335 52 44 -1 -1 -1 0 
23 3 741 338 25 19 -1 -1 -1 0 
23 4 560 636 716 78 -1 -1 -1 0 
24 1 616 337 38 30 -1 -1 -1 0 
24 2 663 335 50 44 -1 -1 -1 0 
24 3 743 337 23 20 -1 -1 -1 0 
24 4 560 636 715 78 -1 -1 -1 0 
25 1 617 337 36 29 -1 -1 -1 0 
25 2 663 337 50 42 -1 -1 -1 0 
25 3 743 337 24 20 -1 -1 -1 0 
25 4 554 637 725 77 -1 -1 -1 0 
26 1 617 337 37 29 -1 -1 -1 0 
26 2 663 338 50 41 -1 -1 -1 0 
26 3 744 336 24 21 -1 -1 -1 0 
26 4 559 637 717 77 -1 -1 -1 0 
27 1 618 336 36 30 -1 -1 -1 0 
27 2 663 339 50 40 -1 -1 -1 0 
27 3 744 336 25 21 -1 -1 -1 0 
27 4 562 637 712 77 -1 -1 -1 0 
28 1 618 336 38 29 -1 -1 -1 0 
28 2 664 337 49 42 -1 -1 -1 0 
28 3 745 336 26 21 -1 -1 -1 0 
28 4 559 637 717 77 -1 -1 -1 0 
29 1 619 336 38 29 -1 -1 -1 0 
29 2 664 336 50 43 -1 -1 -1 0 
29 3 746 336 25 20 -1 -1 -1 0 
29 4 560 636 715 78 -1 -1 -1 0 
30 1 620 335 37 29 -1 -1 -1 0 
30 2 665 336 49 42 -1 -1 -1 0 
30 3 747 336 24 20 -1 -1 -1 0 
30 4 560 636 715 78 -1 -1 -1 0 
31 1 621 335 37 28 -1 -1 -1 0 
31 2 666 334 49 44 -1 -1 -1 0 
31 3 749 335 23 20 -1 -1 -1 0 
31 4 560 636 715 79 -1 -1 -1 0 
32 1 623 334 35 29 -1 -1 -1 0 
32 2 666 332 49 45 -1 -1 -1 0 
32 3 749 335 25 21 -1 -1 -1 0 
32 4 556 637 723 78 -1 -1 -1 0 
33 1 625 334 36 28 -1 -1 -1 0 
33 2 665 332 52 44 -1 -1 -1 0 
33 3 750 334 25 21 -1 -1 -1 0 
33 4 559 636 715 79 -1 -1 -1 0 
34 1 626 333 36 28 -1 -1 -1 0 
34 2 666 331 50 45 -1 -1 -1 0 
34 3 752 335 24 20 -1 -1 -1 0 
34 4 561 636 715 79 -1 -1 -1 0 
35 1 627 333 36 28 -1 -1 -1 0 
35 2 666 332 52 44 -1 -1 -1 0 
35 3 753 335 25 20 -1 -1 -1 0 
35 4 560 636 715 79 -1 -1 -1 0 
36 1 630 333 33 29 -1 -1 -1 0 
36 2 667 332 50 44 -1 -1 -1 0 
36 3 754 335 25 20 -1 -1 -1 0 
36 4 558 637 720 78 -1 -1 -1 0 
37 1 630 335 36 27 -1 -1 -1 0 
37 2 668 334 50 43 -1 -1 -1 0 
37 3 756 337 25 19 -1 -1 -1 0 
37 4 560 637 716 78 -1 -1 -1 0 
38 1 631 336 35 27 -1 -1 -1 0 
38 2 669 334 49 43 -1 -1 -1 0 
38 3 758 337 24 20 -1 -1 -1 0 
38 4 562 637 712 78 -1 -1 -1 0 
39 1 632 337 36 26 -1 -1 -1 0 
39 2 670 335 49 43 -1 -1 -1 0 
39 3 759 338 26 19 -1 -1 -1 0 
39 4 561 637 714 78 -1 -1 -1 0 
40 1 634 337 33 26 -1 -1 -1 0 
40 2 670 335 49 43 -1 -1 -1 0 
40 3 760 339 26 18 -1 -1 -1 0 
40 4 562 635 710 80 -1 -1 -1 0 
