3 1 287 322 182 102 -1 -1 -1 0 
3 2 555 340 60 49 -1 -1 -1 0 
3 3 562 634 713 81 -1 -1 -1 0 
4 1 298 322 177 100 -1 -1 -1 0 
4 2 557 343 61 46 -1 -1 -1 0 
4 3 561 634 714 81 -1 -1 -1 0 
4 4 662 296 81 91 -1 -1 -1 0 
5 1 307 323 174 95 -1 -1 -1 0 
5 2 561 339 58 50 -1 -1 -1 0 
5 3 565 634 709 82 -1 -1 -1 0 
5 4 663 296 81 90 -1 -1 -1 0 
6 1 309 324 178 91 -1 -1 -1 0 
6 2 562 338 60 50 -1 -1 -1 0 
6 3 559 635 715 81 -1 -1 -1 0 
6 4 664 298 79 90 -1 -1 -1 0 
7 1 330 325 156 87 -1 -1 -1 0 
7 2 563 338 61 50 -1 -1 -1 0 
7 3 558 635 717 82 -1 -1 -1 0 
7 4 664 299 80 90 -1 -1 -1 0 
8 1 340 324 153 87 -1 -1 -1 0 
8 2 564 338 62 49 -1 -1 -1 0 
8 4 666 299 80 90 -1 -1 -1 0 
9 1 349 327 149 83 -1 -1 -1 0 
9 2 567 339 60 48 -1 -1 -1 0 
9 4 668 297 77 92 -1 -1 -1 0 
10 1 358 326 143 82 -1 -1 -1 0 
10 2 570 337 58 50 -1 -1 -1 0 
10 4 670 295 76 95 -1 -1 -1 0 
11 1 368 327 136 79 -1 -1 -1 0 
11 2 570 342 62 44 -1 -1 -1 0 
11 4 671 295 76 94 -1 -1 -1 0 
12 1 377 326 131 79 -1 -1 -1 0 
12 2 574 344 58 41 -1 -1 -1 0 
12 4 671 295 77 93 -1 -1 -1 0 
13 1 386 325 126 79 -1 -1 -1 0 
13 2 578 344 55 41 -1 -1 -1 0 
13 4 672 295 77 93 -1 -1 -1 0 
13 8 382 326 130 79 -1 -1 -1 0 
13 9 638 339 28 26 -1 -1 -1 0 
13 10 567 637 704 78 -1 -1 -1 0 
14 1 394 325 123 77 -1 -1 -1 0 
14 2 580 338 53 47 -1 -1 -1 0 
14 4 672 295 78 93 -1 -1 -1 0 
14 8 390 324 125 80 -1 -1 -1 0 
14 9 639 339 28 25 -1 -1 -1 0 
14 10 573 635 694 81 -1 -1 -1 0 
15 1 397 322 124 80 -1 -1 -1 0 
15 2 582 336 55 48 -1 -1 -1 0 
15 4 673 294 78 93 -1 -1 -1 0 
15 8 395 322 125 80 -1 -1 -1 0 
15 9 640 339 27 25 -1 -1 -1 0 
15 10 564 636 713 80 -1 -1 -1 0 
16 1 403 325 123 75 -1 -1 -1 0 
16 2 584 335 54 49 -1 -1 -1 0 
16 4 674 294 77 93 -1 -1 -1 0 
16 8 401 325 125 75 -1 -1 -1 0 
16 9 643 337 28 26 -1 -1 -1 0 
16 10 564 637 712 79 -1 -1 -1 0 
17 1 411 325 120 73 -1 -1 -1 0 
17 2 585 340 56 43 -1 -1 -1 0 
17 4 675 294 77 93 -1 -1 -1 0 
17 8 409 327 121 71 -1 -1 -1 0 
17 9 645 337 27 26 -1 -1 -1 0 
17 10 565 638 711 78 -1 -1 -1 0 
18 2 586 346 56 38 -1 -1 -1 0 
18 4 677 294 76 93 -1 -1 -1 0 
18 8 418 327 114 70 -1 -1 -1 0 
18 9 646 338 28 24 -1 -1 -1 0 
18 10 567 638 707 78 -1 -1 -1 0 
19 2 590 346 52 38 -1 -1 -1 0 
19 4 678 295 76 92 -1 -1 -1 0 
19 8 424 327 112 69 -1 -1 -1 0 
19 9 648 338 26 24 -1 -1 -1 0 
19 10 569 636 704 80 -1 -1 -1 0 
20 2 592 347 50 36 -1 -1 -1 0 
20 4 679 295 76 92 -1 -1 -1 0 
20 8 430 327 109 68 -1 -1 -1 0 
20 9 649 338 25 24 -1 -1 -1 0 
20 10 570 636 703 80 -1 -1 -1 0 
21 2 594 346 48 37 -1 -1 -1 0 
21 4 680 296 76 92 -1 -1 -1 0 
21 8 430 326 113 68 -1 -1 -1 0 
21 9 651 338 23 24 -1 -1 -1 0 
22 2 595 347 50 35 -1 -1 -1 0 
22 4 680 296 78 92 -1 -1 -1 0 
22 8 439 326 105 67 -1 -1 -1 0 
22 9 651 337 25 23 -1 -1 -1 0 
22 10 566 635 708 81 -1 -1 -1 0 
23 2 597 346 48 35 -1 -1 -1 0 
23 4 681 296 77 91 -1 -1 -1 0 
23 8 444 326 105 65 -1 -1 -1 0 
23 9 653 337 23 23 -1 -1 -1 0 
23 10 564 636 709 82 -1 -1 -1 0 
24 2 599 346 48 35 -1 -1 -1 0 
24 4 683 297 74 91 -1 -1 -1 0 
24 8 452 325 97 65 -1 -1 -1 0 
24 9 653 337 25 23 -1 -1 -1 0 
24 10 559 638 720 80 -1 -1 -1 0 
25 2 601 347 48 34 -1 -1 -1 0 
25 4 683 297 76 91 -1 -1 -1 0 
25 8 456 325 97 65 -1 -1 -1 0 
25 9 654 338 24 22 -1 -1 -1 0 
25 10 559 640 720 79 -1 -1 -1 0 
25 15 1163 429 116 138 -1 -1 -1 0 
26 2 602 347 48 33 -1 -1 -1 0 
26 4 684 298 75 90 -1 -1 -1 0 
26 8 461 326 95 63 -1 -1 -1 0 
26 9 655 338 24 20 -1 -1 -1 0 
26 10 564 639 708 80 -1 -1 -1 0 
26 15 1138 408 141 148 -1 -1 -1 0 
26 16 0 414 130 117 -1 -1 -1 0 
27 2 604 347 46 33 -1 -1 -1 0 
27 4 685 298 75 90 -1 -1 -1 0 
27 8 466 326 92 63 -1 -1 -1 0 
27 9 656 339 23 19 -1 -1 -1 0 
27 10 562 638 713 80 -1 -1 -1 0 
27 15 1114 384 162 167 -1 -1 -1 0 
27 16 0 383 156 136 -1 -1 -1 0 
28 1 217 327 108 45 -1 -1 -1 0 
28 2 605 347 46 33 -1 -1 -1 0 
28 4 686 299 74 89 -1 -1 -1 0 
28 8 470 326 90 62 -1 -1 -1 0 
28 9 657 339 23 19 -1 -1 -1 0 
28 10 579 638 694 80 -1 -1 -1 0 
28 15 1091 371 186 179 -1 -1 -1 0 
28 16 0 362 185 148 -1 -1 -1 0 
29 1 179 325 113 47 -1 -1 -1 0 
29 2 607 346 44 33 -1 -1 -1 0 
29 4 687 299 73 89 -1 -1 -1 0 
29 8 474 326 89 61 -1 -1 -1 0 
29 9 659 338 22 20 -1 -1 -1 0 
29 10 578 639 699 78 -1 -1 -1 0 
29 15 1071 360 206 190 -1 -1 -1 0 
29 16 0 349 211 157 -1 -1 -1 0 
30 1 166 325 110 46 -1 -1 -1 0 
30 2 608 347 45 32 -1 -1 -1 0 
30 4 687 299 73 89 -1 -1 -1 0 
30 8 476 326 90 60 -1 -1 -1 0 
30 9 660 338 22 20 -1 -1 -1 0 
30 10 584 639 659 78 -1 -1 -1 0 
30 15 1053 354 225 196 -1 -1 -1 0 
30 16 0 342 232 163 -1 -1 -1 0 
31 2 610 347 44 31 -1 -1 -1 0 
31 4 688 299 72 89 -1 -1 -1 0 
31 8 482 326 85 60 -1 -1 -1 0 
31 10 571 639 696 78 -1 -1 -1 0 
31 15 1040 353 235 212 -1 -1 -1 0 
31 16 0 337 252 168 -1 -1 -1 0 
32 2 611 346 43 31 -1 -1 -1 0 
32 4 688 298 73 90 -1 -1 -1 0 
32 8 486 327 84 58 -1 -1 -1 0 
32 10 570 638 699 79 -1 -1 -1 0 
32 15 1023 349 254 222 -1 -1 -1 0 
32 16 6 337 259 191 -1 -1 -1 0 
33 2 613 346 41 31 -1 -1 -1 0 
33 4 688 298 73 89 -1 -1 -1 0 
33 8 489 327 83 57 -1 -1 -1 0 
33 9 661 338 22 18 -1 -1 -1 0 
33 10 565 638 702 78 -1 -1 -1 0 
33 15 1003 347 276 216 -1 -1 -1 0 
33 16 0 343 293 189 -1 -1 -1 0 
34 2 614 348 39 28 -1 -1 -1 0 
34 4 688 298 73 89 -1 -1 -1 0 
34 8 491 327 83 57 -1 -1 -1 0 
34 9 662 337 22 18 -1 -1 -1 0 
34 10 563 638 701 78 -1 -1 -1 0 
34 15 988 346 291 206 -1 -1 -1 0 
34 16 0 344 307 181 -1 -1 -1 0 
35 2 616 348 37 27 -1 -1 -1 0 
35 4 688 299 72 88 -1 -1 -1 0 
35 8 498 328 76 55 -1 -1 -1 0 
35 9 661 337 24 21 -1 -1 -1 0 
35 10 561 637 712 79 -1 -1 -1 0 
35 15 976 346 303 193 -1 -1 -1 0 
35 16 0 347 325 171 -1 -1 -1 0 
36 2 616 340 39 35 -1 -1 -1 0 
36 4 688 298 72 88 -1 -1 -1 0 
36 8 500 328 76 55 -1 -1 -1 0 
36 9 662 337 24 21 -1 -1 -1 0 
36 10 564 636 708 80 -1 -1 -1 0 
36 15 968 346 311 181 -1 -1 -1 0 
36 16 0 348 337 161 -1 -1 -1 0 
37 2 616 337 42 37 -1 -1 -1 0 
37 4 688 298 72 88 -1 -1 -1 0 
37 8 504 328 71 54 -1 -1 -1 0 
37 9 663 338 24 20 -1 -1 -1 0 
37 10 567 636 704 80 -1 -1 -1 0 
37 15 959 346 320 172 -1 -1 -1 0 
37 16 0 347 344 154 -1 -1 -1 0 
38 2 616 338 43 36 -1 -1 -1 0 
38 4 689 298 70 88 -1 -1 -1 0 
38 8 507 327 66 54 -1 -1 -1 0 
38 9 664 338 24 20 -1 -1 -1 0 
38 10 578 635 660 81 -1 -1 -1 0 
38 15 950 345 329 164 -1 -1 -1 0 
38 16 0 344 354 149 -1 -1 -1 0 
39 2 618 337 41 37 -1 -1 -1 0 
39 4 689 298 71 88 -1 -1 -1 0 
39 8 511 328 59 53 -1 -1 -1 0 
39 9 664 338 24 20 -1 -1 -1 0 
39 10 566 635 684 81 -1 -1 -1 0 
39 15 942 345 335 156 -1 -1 -1 0 
39 16 1 341 361 144 -1 -1 -1 0 
40 2 620 335 39 39 -1 -1 -1 0 
40 4 689 297 71 89 -1 -1 -1 0 
40 8 510 328 71 52 -1 -1 -1 0 
40 9 664 338 24 20 -1 -1 -1 0 
40 10 564 635 699 81 -1 -1 -1 0 
40 15 938 345 312 147 -1 -1 -1 0 
40 16 29 333 334 146 -1 -1 -1 0 
