3 1 602 351 37 27 -1 -1 -1 0 
3 2 336 356 58 23 -1 -1 -1 0 
3 3 709 347 23 15 -1 -1 -1 0 
3 4 561 634 717 78 -1 -1 -1 0 
4 1 603 351 35 27 -1 -1 -1 0 
4 2 318 356 61 25 -1 -1 -1 0 
4 3 709 346 22 15 -1 -1 -1 0 
4 4 558 634 717 79 -1 -1 -1 0 
5 1 604 351 35 26 -1 -1 -1 0 
5 2 298 356 65 27 -1 -1 -1 0 
5 3 709 346 23 16 -1 -1 -1 0 
5 4 561 635 715 78 -1 -1 -1 0 
6 1 603 351 37 26 -1 -1 -1 0 
6 2 274 356 70 28 -1 -1 -1 0 
6 3 710 346 22 16 -1 -1 -1 0 
6 4 561 635 714 78 -1 -1 -1 0 
7 1 604 351 35 26 -1 -1 -1 0 
7 2 252 358 73 28 -1 -1 -1 0 
7 3 710 346 23 16 -1 -1 -1 0 
7 4 559 635 718 79 -1 -1 -1 0 
8 1 604 351 35 26 -1 -1 -1 0 
8 2 224 358 77 31 -1 -1 -1 0 
8 3 711 346 22 15 -1 -1 -1 0 
8 4 563 635 711 79 -1 -1 -1 0 
9 1 604 351 35 26 -1 -1 -1 0 
9 2 189 360 85 33 -1 -1 -1 0 
9 3 712 345 21 16 -1 -1 -1 0 
9 4 575 635 695 79 -1 -1 -1 0 
10 1 605 350 34 27 -1 -1 -1 0 
10 2 149 361 93 35 -1 -1 -1 0 
10 3 712 344 21 17 -1 -1 -1 0 
10 4 558 635 721 79 -1 -1 -1 0 
11 1 605 350 34 27 -1 -1 -1 0 
11 2 97 364 109 37 -1 -1 -1 0 
11 3 711 346 23 15 -1 -1 -1 0 
11 4 560 635 717 79 -1 -1 -1 0 
12 1 606 350 33 27 -1 -1 -1 0 
12 2 28 366 134 40 -1 -1 -1 0 
12 3 711 346 22 15 -1 -1 -1 0 
12 4 557 635 721 79 -1 -1 -1 0 
13 1 605 349 35 28 -1 -1 -1 0 
13 2 2 366 99 45 -1 -1 -1 0 
13 3 710 346 24 15 -1 -1 -1 0 
13 4 566 635 706 79 -1 -1 -1 0 
14 1 606 349 34 28 -1 -1 -1 0 
14 2 0 368 34 45 -1 -1 -1 0 
14 3 710 346 24 15 -1 -1 -1 0 
14 4 557 635 721 79 -1 -1 -1 0 
15 1 606 349 34 27 -1 -1 -1 0 
15 2 0 369 -5 47 -1 -1 -1 0 
15 3 712 346 22 15 -1 -1 -1 0 
15 4 559 635 717 79 -1 -1 -1 0 
16 1 606 349 34 27 -1 -1 -1 0 
16 3 712 346 22 15 -1 -1 -1 0 
16 4 560 635 716 79 -1 -1 -1 0 
17 1 606 349 34 27 -1 -1 -1 0 
17 3 713 346 22 15 -1 -1 -1 0 
17 4 561 635 714 79 -1 -1 -1 0 
18 1 606 349 34 27 -1 -1 -1 0 
18 3 713 346 22 15 -1 -1 -1 0 
18 4 560 635 715 79 -1 -1 -1 0 
19 1 608 349 32 27 -1 -1 -1 0 
19 3 713 347 23 14 -1 -1 -1 0 
19 4 559 635 716 79 -1 -1 -1 0 
20 1 608 348 32 28 -1 -1 -1 0 
20 3 713 347 22 14 -1 -1 -1 0 
20 4 560 635 714 79 -1 -1 -1 0 
21 1 607 349 35 27 -1 -1 -1 0 
21 3 714 347 21 15 -1 -1 -1 0 
21 4 558 635 718 79 -1 -1 -1 0 
22 1 608 349 33 27 -1 -1 -1 0 
22 3 714 347 22 15 -1 -1 -1 0 
22 4 560 635 716 79 -1 -1 -1 0 
23 1 609 349 33 27 -1 -1 -1 0 
23 3 715 347 21 15 -1 -1 -1 0 
23 4 566 634 709 80 -1 -1 -1 0 
24 1 608 349 34 27 -1 -1 -1 0 
24 3 714 346 23 16 -1 -1 -1 0 
24 4 561 634 716 80 -1 -1 -1 0 
24 6 6 345 135 65 -1 -1 -1 0 
25 1 609 349 32 27 -1 -1 -1 0 
25 3 715 346 21 16 -1 -1 -1 0 
25 4 558 635 718 79 -1 -1 -1 0 
25 6 0 345 114 68 -1 -1 -1 0 
26 1 609 349 33 27 -1 -1 -1 0 
26 3 715 346 22 16 -1 -1 -1 0 
26 4 563 635 712 79 -1 -1 -1 0 
27 1 609 349 33 27 -1 -1 -1 0 
27 3 715 346 22 16 -1 -1 -1 0 
27 4 562 635 715 79 -1 -1 -1 0 
28 1 610 349 32 26 -1 -1 -1 0 
28 3 715 346 22 16 -1 -1 -1 0 
28 4 557 635 719 79 -1 -1 -1 0 
29 1 610 349 32 26 -1 -1 -1 0 
29 3 715 345 21 16 -1 -1 -1 0 
29 4 556 635 720 80 -1 -1 -1 0 
30 1 609 349 34 26 -1 -1 -1 0 
30 3 715 345 22 16 -1 -1 -1 0 
30 4 558 635 717 80 -1 -1 -1 0 
31 1 609 349 34 26 -1 -1 -1 0 
31 3 715 344 22 17 -1 -1 -1 0 
31 4 556 635 722 79 -1 -1 -1 0 
32 1 610 349 32 25 -1 -1 -1 0 
32 3 713 344 24 17 -1 -1 -1 0 
32 4 559 634 718 80 -1 -1 -1 0 
33 1 610 348 32 26 -1 -1 -1 0 
33 3 714 344 22 17 -1 -1 -1 0 
33 4 557 634 720 80 -1 -1 -1 0 
34 1 610 347 31 27 -1 -1 -1 0 
34 3 713 344 24 16 -1 -1 -1 0 
34 4 560 635 716 79 -1 -1 -1 0 
35 1 609 347 33 26 -1 -1 -1 0 
35 3 713 344 24 16 -1 -1 -1 0 
35 4 556 635 722 79 -1 -1 -1 0 
36 1 610 347 31 26 -1 -1 -1 0 
36 3 714 344 23 17 -1 -1 -1 0 
36 4 561 635 714 79 -1 -1 -1 0 
37 1 611 347 31 26 -1 -1 -1 0 
37 3 715 345 22 16 -1 -1 -1 0 
37 4 558 636 718 78 -1 -1 -1 0 
38 1 611 347 31 26 -1 -1 -1 0 
38 3 715 345 22 16 -1 -1 -1 0 
38 4 562 636 713 78 -1 -1 -1 0 
39 1 611 347 31 26 -1 -1 -1 0 
39 3 715 345 23 15 -1 -1 -1 0 
39 4 561 636 713 79 -1 -1 -1 0 
40 1 612 346 30 27 -1 -1 -1 0 
40 3 716 345 22 15 -1 -1 -1 0 
40 4 557 635 718 80 -1 -1 -1 0 
