3 1 553 346 33 24 -1 -1 -1 0 
3 2 558 634 718 80 -1 -1 -1 0 
3 3 584 337 54 43 -1 -1 -1 0 
4 1 555 344 33 26 -1 -1 -1 0 
4 2 557 634 720 80 -1 -1 -1 0 
4 3 586 336 51 43 -1 -1 -1 0 
4 4 724 311 85 67 -1 -1 -1 0 
5 1 556 343 33 25 -1 -1 -1 0 
5 2 560 634 714 80 -1 -1 -1 0 
5 3 585 336 54 42 -1 -1 -1 0 
5 4 724 312 86 65 -1 -1 -1 0 
6 1 557 343 33 25 -1 -1 -1 0 
6 2 557 634 722 80 -1 -1 -1 0 
6 3 587 335 50 43 -1 -1 -1 0 
6 4 725 312 84 65 -1 -1 -1 0 
7 1 558 343 33 25 -1 -1 -1 0 
7 2 560 634 715 80 -1 -1 -1 0 
7 3 587 335 51 43 -1 -1 -1 0 
7 4 725 313 85 64 -1 -1 -1 0 
8 1 560 342 31 25 -1 -1 -1 0 
8 2 557 634 721 80 -1 -1 -1 0 
8 3 587 334 51 43 -1 -1 -1 0 
8 4 725 312 84 65 -1 -1 -1 0 
9 1 560 341 32 26 -1 -1 -1 0 
9 2 559 634 717 81 -1 -1 -1 0 
9 3 587 334 52 43 -1 -1 -1 0 
9 4 725 312 85 65 -1 -1 -1 0 
10 1 562 341 30 25 -1 -1 -1 0 
10 2 562 633 712 82 -1 -1 -1 0 
10 3 588 334 51 42 -1 -1 -1 0 
10 4 725 312 84 66 -1 -1 -1 0 
11 1 563 342 31 24 -1 -1 -1 0 
11 2 556 633 722 82 -1 -1 -1 0 
11 3 589 334 49 42 -1 -1 -1 0 
11 4 724 311 85 67 -1 -1 -1 0 
12 1 565 342 29 24 -1 -1 -1 0 
12 2 557 633 722 81 -1 -1 -1 0 
12 3 589 335 50 41 -1 -1 -1 0 
12 4 724 312 85 66 -1 -1 -1 0 
13 1 565 342 30 24 -1 -1 -1 0 
13 2 563 635 714 79 -1 -1 -1 0 
13 3 590 335 49 41 -1 -1 -1 0 
13 4 723 312 86 65 -1 -1 -1 0 
14 1 566 342 30 24 -1 -1 -1 0 
14 2 560 635 718 79 -1 -1 -1 0 
14 3 591 335 48 41 -1 -1 -1 0 
14 4 723 312 86 65 -1 -1 -1 0 
15 1 568 342 28 23 -1 -1 -1 0 
15 2 560 635 717 79 -1 -1 -1 0 
15 3 591 335 49 41 -1 -1 -1 0 
15 4 723 313 85 64 -1 -1 -1 0 
16 1 568 341 29 24 -1 -1 -1 0 
16 2 557 635 721 79 -1 -1 -1 0 
16 3 591 335 49 41 -1 -1 -1 0 
16 4 723 312 84 65 -1 -1 -1 0 
17 1 569 338 30 27 -1 -1 -1 0 
17 2 561 635 714 78 -1 -1 -1 0 
17 3 591 335 50 41 -1 -1 -1 0 
17 4 723 312 84 66 -1 -1 -1 0 
18 1 570 336 31 28 -1 -1 -1 0 
18 2 559 635 718 78 -1 -1 -1 0 
18 3 593 335 47 41 -1 -1 -1 0 
18 4 723 311 84 67 -1 -1 -1 0 
19 1 571 335 31 29 -1 -1 -1 0 
19 2 562 635 713 78 -1 -1 -1 0 
19 3 593 335 46 40 -1 -1 -1 0 
19 4 722 311 85 68 -1 -1 -1 0 
20 1 573 337 28 27 -1 -1 -1 0 
20 2 561 635 713 79 -1 -1 -1 0 
20 3 593 335 47 40 -1 -1 -1 0 
20 4 722 309 84 70 -1 -1 -1 0 
21 1 573 338 28 26 -1 -1 -1 0 
21 2 562 634 711 80 -1 -1 -1 0 
21 3 593 335 46 40 -1 -1 -1 0 
21 4 721 310 86 69 -1 -1 -1 0 
22 1 574 340 27 24 -1 -1 -1 0 
22 2 559 634 716 80 -1 -1 -1 0 
22 3 593 336 47 39 -1 -1 -1 0 
22 4 721 312 86 67 -1 -1 -1 0 
23 1 575 340 26 23 -1 -1 -1 0 
23 2 567 632 705 82 -1 -1 -1 0 
23 3 594 335 46 40 -1 -1 -1 0 
23 4 722 312 84 68 -1 -1 -1 0 
23 9 356 344 44 20 -1 -1 -1 0 
24 1 576 339 25 24 -1 -1 -1 0 
24 2 557 634 722 80 -1 -1 -1 0 
24 3 594 335 47 40 -1 -1 -1 0 
24 4 722 312 84 68 -1 -1 -1 0 
24 9 339 346 50 19 -1 -1 -1 0 
25 1 577 339 25 24 -1 -1 -1 0 
25 2 558 634 721 80 -1 -1 -1 0 
25 3 594 336 47 38 -1 -1 -1 0 
25 4 721 313 87 67 -1 -1 -1 0 
25 9 322 347 54 20 -1 -1 -1 0 
26 1 577 339 25 24 -1 -1 -1 0 
26 2 558 635 719 79 -1 -1 -1 0 
26 3 592 336 49 38 -1 -1 -1 0 
26 4 722 313 85 67 -1 -1 -1 0 
26 9 302 348 59 20 -1 -1 -1 0 
27 1 580 341 21 22 -1 -1 -1 0 
27 2 562 635 712 79 -1 -1 -1 0 
27 3 592 336 49 38 -1 -1 -1 0 
27 4 724 313 82 67 -1 -1 -1 0 
27 9 281 348 62 21 -1 -1 -1 0 
28 1 581 341 20 21 -1 -1 -1 0 
28 2 562 634 714 80 -1 -1 -1 0 
28 3 595 335 44 38 -1 -1 -1 0 
28 4 723 313 84 67 -1 -1 -1 0 
28 9 259 348 66 23 -1 -1 -1 0 
29 1 582 337 21 25 -1 -1 -1 0 
29 2 563 634 712 80 -1 -1 -1 0 
29 3 595 335 45 37 -1 -1 -1 0 
29 4 721 313 87 66 -1 -1 -1 0 
29 9 233 348 71 25 -1 -1 -1 0 
30 1 583 337 21 24 -1 -1 -1 0 
30 2 560 634 717 80 -1 -1 -1 0 
30 3 596 334 43 37 -1 -1 -1 0 
30 4 721 313 86 66 -1 -1 -1 0 
30 9 202 348 79 28 -1 -1 -1 0 
31 1 583 337 21 24 -1 -1 -1 0 
31 2 560 634 716 80 -1 -1 -1 0 
31 3 596 335 44 36 -1 -1 -1 0 
31 4 720 313 87 66 -1 -1 -1 0 
31 9 165 349 93 30 -1 -1 -1 0 
32 2 561 634 713 81 -1 -1 -1 0 
32 3 596 335 43 36 -1 -1 -1 0 
32 4 721 313 85 67 -1 -1 -1 0 
32 9 123 348 103 33 -1 -1 -1 0 
33 2 561 633 713 82 -1 -1 -1 0 
33 3 596 335 44 36 -1 -1 -1 0 
33 4 721 313 85 67 -1 -1 -1 0 
33 9 71 350 122 35 -1 -1 -1 0 
34 2 558 634 720 81 -1 -1 -1 0 
34 3 595 335 45 36 -1 -1 -1 0 
34 4 720 313 86 66 -1 -1 -1 0 
34 9 8 351 144 36 -1 -1 -1 0 
35 2 560 634 716 81 -1 -1 -1 0 
35 3 595 336 45 35 -1 -1 -1 0 
35 4 720 312 85 67 -1 -1 -1 0 
35 9 0 353 100 36 -1 -1 -1 0 
36 2 561 634 715 81 -1 -1 -1 0 
36 3 594 336 47 35 -1 -1 -1 0 
36 4 719 312 87 67 -1 -1 -1 0 
36 9 0 354 69 37 -1 -1 -1 0 
37 2 559 634 718 80 -1 -1 -1 0 
37 3 592 336 49 35 -1 -1 -1 0 
37 4 719 312 87 67 -1 -1 -1 0 
38 2 563 635 712 79 -1 -1 -1 0 
38 3 592 337 49 33 -1 -1 -1 0 
38 4 719 313 88 66 -1 -1 -1 0 
39 2 560 635 716 79 -1 -1 -1 0 
39 3 592 337 49 33 -1 -1 -1 0 
39 4 720 313 85 65 -1 -1 -1 0 
40 2 560 635 717 79 -1 -1 -1 0 
40 3 593 337 48 32 -1 -1 -1 0 
40 4 721 313 84 66 -1 -1 -1 0 
