3 1 140 361 224 93 -1 -1 -1 0 
3 2 0 494 175 196 -1 -1 -1 0 
3 3 738 341 36 27 -1 -1 -1 0 
3 4 560 635 717 78 -1 -1 -1 0 
4 1 151 360 218 90 -1 -1 -1 0 
4 2 0 477 195 195 -1 -1 -1 0 
4 3 737 341 38 27 -1 -1 -1 0 
4 4 563 635 710 79 -1 -1 -1 0 
5 1 162 359 210 89 -1 -1 -1 0 
5 2 0 461 215 195 -1 -1 -1 0 
5 3 737 342 38 26 -1 -1 -1 0 
5 4 555 635 724 79 -1 -1 -1 0 
5 6 7 362 140 40 -1 -1 -1 0 
6 1 173 356 204 90 -1 -1 -1 0 
6 2 3 447 227 208 -1 -1 -1 0 
6 3 737 342 38 27 -1 -1 -1 0 
6 4 559 635 717 79 -1 -1 -1 0 
6 6 1 360 87 44 -1 -1 -1 0 
7 1 181 358 202 88 -1 -1 -1 0 
7 2 5 435 239 233 -1 -1 -1 0 
7 3 737 343 39 27 -1 -1 -1 0 
7 4 560 636 716 78 -1 -1 -1 0 
7 6 0 361 61 45 -1 -1 -1 0 
8 1 191 360 196 84 -1 -1 -1 0 
8 2 0 424 265 238 -1 -1 -1 0 
8 3 738 343 38 28 -1 -1 -1 0 
8 4 561 635 713 79 -1 -1 -1 0 
9 1 201 360 190 83 -1 -1 -1 0 
9 2 1 415 277 244 -1 -1 -1 0 
9 3 738 343 38 27 -1 -1 -1 0 
9 4 558 635 718 80 -1 -1 -1 0 
10 1 211 359 183 83 -1 -1 -1 0 
10 2 0 410 293 249 -1 -1 -1 0 
10 3 739 344 37 26 -1 -1 -1 0 
10 4 559 635 717 80 -1 -1 -1 0 
11 1 218 358 180 82 -1 -1 -1 0 
11 2 2 405 302 256 -1 -1 -1 0 
11 3 739 343 38 27 -1 -1 -1 0 
11 4 563 632 707 83 -1 -1 -1 0 
12 1 227 356 174 82 -1 -1 -1 0 
12 2 0 400 317 258 -1 -1 -1 0 
12 3 739 343 38 27 -1 -1 -1 0 
12 4 553 634 726 80 -1 -1 -1 0 
12 12 130 359 80 33 -1 -1 -1 0 
13 1 233 356 173 79 -1 -1 -1 0 
13 2 0 393 327 260 -1 -1 -1 0 
13 3 738 343 39 26 -1 -1 -1 0 
13 4 557 634 721 80 -1 -1 -1 0 
13 12 83 360 101 35 -1 -1 -1 0 
14 1 241 358 171 75 -1 -1 -1 0 
14 2 2 391 334 264 -1 -1 -1 0 
14 3 738 343 39 26 -1 -1 -1 0 
14 4 558 635 719 79 -1 -1 -1 0 
14 12 45 363 103 33 -1 -1 -1 0 
14 13 416 349 29 18 -1 -1 -1 0 
15 1 249 358 165 73 -1 -1 -1 0 
15 2 11 389 326 301 -1 -1 -1 0 
15 3 739 343 38 26 -1 -1 -1 0 
15 4 560 635 716 79 -1 -1 -1 0 
15 12 0 365 109 31 -1 -1 -1 0 
15 13 406 349 32 20 -1 -1 -1 0 
16 1 257 358 159 69 -1 -1 -1 0 
16 2 5 387 347 319 -1 -1 -1 0 
16 3 738 343 39 27 -1 -1 -1 0 
16 4 560 635 717 79 -1 -1 -1 0 
16 12 0 366 76 32 -1 -1 -1 0 
16 13 421 349 37 17 -1 -1 -1 0 
16 15 150 351 116 39 -1 -1 -1 0 
17 1 265 357 152 70 -1 -1 -1 0 
17 2 0 385 365 322 -1 -1 -1 0 
17 3 739 343 38 27 -1 -1 -1 0 
17 4 559 635 718 79 -1 -1 -1 0 
17 13 418 349 38 18 -1 -1 -1 0 
17 15 88 354 144 37 -1 -1 -1 0 
18 1 269 357 153 68 -1 -1 -1 0 
18 2 0 383 373 322 -1 -1 -1 0 
18 3 739 343 38 27 -1 -1 -1 0 
18 4 559 635 718 79 -1 -1 -1 0 
18 13 408 348 40 19 -1 -1 -1 0 
18 15 56 355 149 38 -1 -1 -1 0 
19 1 275 356 150 67 -1 -1 -1 0 
19 2 0 383 385 308 -1 -1 -1 0 
19 3 739 343 39 27 -1 -1 -1 0 
19 4 564 634 708 81 -1 -1 -1 0 
19 13 449 346 31 18 -1 -1 -1 0 
19 15 2 355 89 38 -1 -1 -1 0 
20 1 284 355 143 67 -1 -1 -1 0 
20 2 0 381 393 292 -1 -1 -1 0 
20 3 738 343 40 27 -1 -1 -1 0 
20 4 559 634 717 81 -1 -1 -1 0 
20 13 454 346 31 18 -1 -1 -1 0 
20 15 0 363 68 33 -1 -1 -1 0 
21 1 290 355 140 66 -1 -1 -1 0 
21 2 0 380 401 274 -1 -1 -1 0 
21 3 739 343 38 27 -1 -1 -1 0 
21 4 556 634 723 81 -1 -1 -1 0 
21 15 0 366 42 24 -1 -1 -1 0 
22 1 296 355 138 65 -1 -1 -1 0 
22 2 0 377 404 265 -1 -1 -1 0 
22 3 738 344 40 26 -1 -1 -1 0 
22 4 557 634 721 81 -1 -1 -1 0 
22 15 0 368 23 23 -1 -1 -1 0 
23 1 303 355 134 64 -1 -1 -1 0 
23 2 0 376 411 254 -1 -1 -1 0 
23 3 739 344 39 26 -1 -1 -1 0 
23 4 559 634 718 81 -1 -1 -1 0 
23 13 437 344 33 20 -1 -1 -1 0 
24 1 309 355 130 63 -1 -1 -1 0 
24 2 0 376 417 240 -1 -1 -1 0 
24 3 739 344 39 26 -1 -1 -1 0 
24 4 557 635 721 80 -1 -1 -1 0 
24 13 430 343 32 21 -1 -1 -1 0 
25 1 312 356 131 62 -1 -1 -1 0 
25 2 0 375 422 228 -1 -1 -1 0 
25 3 739 344 40 27 -1 -1 -1 0 
25 4 559 635 719 79 -1 -1 -1 0 
25 13 422 345 31 21 -1 -1 -1 0 
25 21 217 359 57 20 -1 -1 -1 0 
26 1 315 356 131 61 -1 -1 -1 0 
26 2 0 375 426 219 -1 -1 -1 0 
26 3 739 344 39 27 -1 -1 -1 0 
26 4 561 635 715 79 -1 -1 -1 0 
26 13 421 344 32 22 -1 -1 -1 0 
26 21 208 360 52 18 -1 -1 -1 0 
26 22 232 352 80 27 -1 -1 -1 0 
27 1 323 355 124 61 -1 -1 -1 0 
27 2 0 374 431 209 -1 -1 -1 0 
27 3 739 345 40 27 -1 -1 -1 0 
27 4 559 635 717 79 -1 -1 -1 0 
27 22 219 352 79 27 -1 -1 -1 0 
28 1 333 355 115 60 -1 -1 -1 0 
28 2 0 373 437 196 -1 -1 -1 0 
28 3 740 345 39 27 -1 -1 -1 0 
28 4 559 635 717 79 -1 -1 -1 0 
29 1 335 355 118 57 -1 -1 -1 0 
29 2 1 372 438 190 -1 -1 -1 0 
29 3 739 345 40 27 -1 -1 -1 0 
29 4 558 636 719 78 -1 -1 -1 0 
29 22 297 352 42 23 -1 -1 -1 0 
30 1 342 355 111 55 -1 -1 -1 0 
30 2 18 372 422 184 -1 -1 -1 0 
30 3 739 345 41 27 -1 -1 -1 0 
30 4 557 635 718 79 -1 -1 -1 0 
30 13 417 347 31 18 -1 -1 -1 0 
30 22 291 353 44 21 -1 -1 -1 0 
30 25 5 354 154 49 -1 -1 -1 0 
31 1 343 354 113 56 -1 -1 -1 0 
31 2 42 372 399 179 -1 -1 -1 0 
31 3 740 345 39 27 -1 -1 -1 0 
31 4 557 635 720 80 -1 -1 -1 0 
31 13 416 347 32 18 -1 -1 -1 0 
31 22 273 354 56 20 -1 -1 -1 0 
31 25 0 356 87 50 -1 -1 -1 0 
32 1 351 356 106 54 -1 -1 -1 0 
32 2 66 372 377 180 -1 -1 -1 0 
32 3 740 345 40 27 -1 -1 -1 0 
32 4 557 636 721 79 -1 -1 -1 0 
32 21 314 348 51 27 -1 -1 -1 0 
32 22 254 355 63 21 -1 -1 -1 0 
32 25 0 363 41 40 -1 -1 -1 0 
33 1 353 356 110 52 -1 -1 -1 0 
33 2 86 371 364 177 -1 -1 -1 0 
33 3 740 344 39 29 -1 -1 -1 0 
33 4 561 636 714 79 -1 -1 -1 0 
33 21 308 347 56 27 -1 -1 -1 0 
33 22 234 357 56 21 -1 -1 -1 0 
33 25 0 366 10 37 -1 -1 -1 0 
33 28 3 361 107 44 -1 -1 -1 0 
34 1 361 356 102 51 -1 -1 -1 0 
34 2 107 370 347 176 -1 -1 -1 0 
34 3 740 344 39 29 -1 -1 -1 0 
34 4 561 636 714 79 -1 -1 -1 0 
34 21 316 345 57 29 -1 -1 -1 0 
34 22 260 352 59 23 -1 -1 -1 0 
34 28 0 365 58 41 -1 -1 -1 0 
35 1 366 356 99 49 -1 -1 -1 0 
35 2 122 371 340 168 -1 -1 -1 0 
35 3 740 344 40 29 -1 -1 -1 0 
35 4 560 636 716 79 -1 -1 -1 0 
35 22 261 352 59 23 -1 -1 -1 0 
35 28 0 367 32 41 -1 -1 -1 0 
35 29 98 363 65 23 -1 -1 -1 0 
36 1 364 353 104 51 -1 -1 -1 0 
36 2 142 369 322 164 -1 -1 -1 0 
36 3 739 343 42 29 -1 -1 -1 0 
36 4 557 636 720 79 -1 -1 -1 0 
36 21 239 353 73 32 -1 -1 -1 0 
36 29 72 362 69 25 -1 -1 -1 0 
36 30 145 358 74 31 -1 -1 -1 0 
37 1 375 354 93 49 -1 -1 -1 0 
37 2 157 369 312 159 -1 -1 -1 0 
37 3 740 343 40 29 -1 -1 -1 0 
37 4 558 636 719 78 -1 -1 -1 0 
37 21 240 353 76 32 -1 -1 -1 0 
37 22 335 348 56 22 -1 -1 -1 0 
37 29 54 362 72 25 -1 -1 -1 0 
37 30 109 359 82 33 -1 -1 -1 0 
38 1 380 354 91 48 -1 -1 -1 0 
38 2 173 368 299 156 -1 -1 -1 0 
38 3 739 343 41 29 -1 -1 -1 0 
38 4 563 635 710 79 -1 -1 -1 0 
38 22 332 348 65 22 -1 -1 -1 0 
38 30 67 359 82 36 -1 -1 -1 0 
39 1 383 353 91 48 -1 -1 -1 0 
39 2 188 367 288 155 -1 -1 -1 0 
39 3 740 343 40 29 -1 -1 -1 0 
39 4 560 635 716 79 -1 -1 -1 0 
39 22 317 348 67 24 -1 -1 -1 0 
39 30 14 359 101 39 -1 -1 -1 0 
39 32 102 350 110 43 -1 -1 -1 0 
40 1 390 350 84 52 -1 -1 -1 0 
40 2 200 366 280 151 -1 -1 -1 0 
40 3 739 344 42 28 -1 -1 -1 0 
40 4 562 635 713 80 -1 -1 -1 0 
40 21 267 350 90 30 -1 -1 -1 0 
40 22 323 348 68 23 -1 -1 -1 0 
40 30 0 360 69 40 -1 -1 -1 0 
40 32 37 351 135 46 -1 -1 -1 0 
