3 2 204 353 95 40 -1 -1 -1 0 
3 3 295 349 51 28 -1 -1 -1 0 
3 4 788 331 66 42 -1 -1 -1 0 
3 5 729 341 27 19 -1 -1 -1 0 
3 6 384 341 66 38 -1 -1 -1 0 
3 7 689 340 19 16 -1 -1 -1 0 
4 2 143 354 117 44 -1 -1 -1 0 
4 3 264 349 61 30 -1 -1 -1 0 
4 4 790 329 67 44 -1 -1 -1 0 
4 5 728 340 30 20 -1 -1 -1 0 
4 6 357 341 73 39 -1 -1 -1 0 
4 7 689 340 19 16 -1 -1 -1 0 
4 8 436 347 33 17 -1 -1 -1 0 
5 2 56 356 154 50 -1 -1 -1 0 
5 3 230 349 70 34 -1 -1 -1 0 
5 4 792 328 68 45 -1 -1 -1 0 
5 5 729 339 30 20 -1 -1 -1 0 
5 6 323 341 88 44 -1 -1 -1 0 
5 7 689 340 21 15 -1 -1 -1 0 
5 8 428 347 32 19 -1 -1 -1 0 
6 2 3 358 135 56 -1 -1 -1 0 
6 3 191 349 81 37 -1 -1 -1 0 
6 4 794 328 70 45 -1 -1 -1 0 
6 5 730 339 30 19 -1 -1 -1 0 
6 6 281 339 104 51 -1 -1 -1 0 
6 7 690 340 19 15 -1 -1 -1 0 
6 8 417 345 35 22 -1 -1 -1 0 
7 2 0 360 91 59 -1 -1 -1 0 
7 3 142 350 91 40 -1 -1 -1 0 
7 4 795 327 72 46 -1 -1 -1 0 
7 5 732 339 28 20 -1 -1 -1 0 
7 6 223 339 132 58 -1 -1 -1 0 
7 7 690 340 20 14 -1 -1 -1 0 
7 8 393 344 51 24 -1 -1 -1 0 
8 3 80 352 92 44 -1 -1 -1 0 
8 4 798 327 72 48 -1 -1 -1 0 
8 5 733 339 27 21 -1 -1 -1 0 
8 6 137 339 174 67 -1 -1 -1 0 
8 7 691 340 20 15 -1 -1 -1 0 
8 8 374 344 58 27 -1 -1 -1 0 
9 3 39 352 98 47 -1 -1 -1 0 
9 4 800 328 73 48 -1 -1 -1 0 
9 5 733 341 29 20 -1 -1 -1 0 
9 6 17 339 233 76 -1 -1 -1 0 
9 7 690 342 22 15 -1 -1 -1 0 
9 8 359 346 60 28 -1 -1 -1 0 
10 4 802 329 75 49 -1 -1 -1 0 
10 5 734 342 29 20 -1 -1 -1 0 
10 6 0 339 209 81 -1 -1 -1 0 
10 7 690 344 23 14 -1 -1 -1 0 
10 8 343 347 59 30 -1 -1 -1 0 
10 13 474 335 25 22 -1 -1 -1 0 
10 14 4 340 156 84 -1 -1 -1 0 
11 4 804 331 77 48 -1 -1 -1 0 
11 5 734 344 31 20 -1 -1 -1 0 
11 7 692 343 20 16 -1 -1 -1 0 
11 8 324 348 61 32 -1 -1 -1 0 
11 13 472 337 25 22 -1 -1 -1 0 
11 14 0 340 127 88 -1 -1 -1 0 
12 4 806 333 77 47 -1 -1 -1 0 
12 5 734 346 32 18 -1 -1 -1 0 
12 7 691 344 23 16 -1 -1 -1 0 
12 8 296 348 68 36 -1 -1 -1 0 
12 13 471 337 25 23 -1 -1 -1 0 
12 16 496 342 20 18 -1 -1 -1 0 
13 4 808 333 79 48 -1 -1 -1 0 
13 5 736 346 30 19 -1 -1 -1 0 
13 7 692 345 23 15 -1 -1 -1 0 
13 8 259 349 83 40 -1 -1 -1 0 
13 13 469 337 26 24 -1 -1 -1 0 
13 16 494 342 22 18 -1 -1 -1 0 
14 4 810 332 81 48 -1 -1 -1 0 
14 5 736 345 31 19 -1 -1 -1 0 
14 7 692 345 23 14 -1 -1 -1 0 
14 8 214 351 97 43 -1 -1 -1 0 
14 16 493 342 23 19 -1 -1 -1 0 
15 4 812 331 83 48 -1 -1 -1 0 
15 5 736 344 32 19 -1 -1 -1 0 
15 7 693 344 23 14 -1 -1 -1 0 
15 8 155 355 115 46 -1 -1 -1 0 
16 4 816 329 82 50 -1 -1 -1 0 
16 5 737 343 32 19 -1 -1 -1 0 
16 7 695 342 21 14 -1 -1 -1 0 
16 8 72 358 144 52 -1 -1 -1 0 
16 13 458 326 29 34 -1 -1 -1 0 
17 4 818 327 85 51 -1 -1 -1 0 
17 5 738 341 31 19 -1 -1 -1 0 
17 7 695 341 22 15 -1 -1 -1 0 
17 8 9 360 131 59 -1 -1 -1 0 
17 13 456 324 29 36 -1 -1 -1 0 
17 16 543 340 21 11 -1 -1 -1 0 
18 4 820 327 87 51 -1 -1 -1 0 
18 5 739 341 32 19 -1 -1 -1 0 
18 7 696 340 21 15 -1 -1 -1 0 
18 8 0 361 100 62 -1 -1 -1 0 
18 16 532 340 18 13 -1 -1 -1 0 
19 4 824 326 89 52 -1 -1 -1 0 
19 5 740 340 32 20 -1 -1 -1 0 
19 7 696 340 22 15 -1 -1 -1 0 
19 16 527 340 20 13 -1 -1 -1 0 
20 4 826 326 91 53 -1 -1 -1 0 
20 5 741 341 31 19 -1 -1 -1 0 
20 7 698 340 20 14 -1 -1 -1 0 
20 16 531 340 19 12 -1 -1 -1 0 
20 25 462 337 32 22 -1 -1 -1 0 
20 27 2 348 41 55 -1 -1 -1 0 
21 4 828 327 94 54 -1 -1 -1 0 
21 5 742 343 31 18 -1 -1 -1 0 
21 7 698 340 21 15 -1 -1 -1 0 
21 16 512 340 31 14 -1 -1 -1 0 
21 25 456 335 33 24 -1 -1 -1 0 
21 27 0 348 16 55 -1 -1 -1 0 
22 4 832 328 95 55 -1 -1 -1 0 
22 5 742 343 31 18 -1 -1 -1 0 
22 7 698 341 21 15 -1 -1 -1 0 
22 16 514 340 30 14 -1 -1 -1 0 
22 25 448 334 35 26 -1 -1 -1 0 
23 4 833 330 100 56 -1 -1 -1 0 
23 5 741 345 33 18 -1 -1 -1 0 
23 7 697 342 23 15 -1 -1 -1 0 
23 25 439 335 39 27 -1 -1 -1 0 
24 4 835 332 102 56 -1 -1 -1 0 
24 5 742 346 31 19 -1 -1 -1 0 
24 7 697 343 23 16 -1 -1 -1 0 
24 25 429 335 41 29 -1 -1 -1 0 
25 4 838 332 104 57 -1 -1 -1 0 
25 5 743 347 31 18 -1 -1 -1 0 
25 7 698 343 21 17 -1 -1 -1 0 
25 25 417 336 45 31 -1 -1 -1 0 
26 4 841 333 105 57 -1 -1 -1 0 
26 5 744 347 30 19 -1 -1 -1 0 
26 7 698 344 22 16 -1 -1 -1 0 
26 25 401 338 54 30 -1 -1 -1 0 
27 4 844 332 108 59 -1 -1 -1 0 
27 5 744 348 30 19 -1 -1 -1 0 
27 7 697 344 25 17 -1 -1 -1 0 
27 16 487 343 32 21 -1 -1 -1 0 
27 25 387 338 56 33 -1 -1 -1 0 
28 4 847 331 110 60 -1 -1 -1 0 
28 5 746 346 29 20 -1 -1 -1 0 
28 7 698 344 24 16 -1 -1 -1 0 
28 16 483 342 29 22 -1 -1 -1 0 
28 25 370 338 60 35 -1 -1 -1 0 
29 4 849 330 113 61 -1 -1 -1 0 
29 5 746 346 31 19 -1 -1 -1 0 
29 7 698 345 24 15 -1 -1 -1 0 
29 16 476 342 33 23 -1 -1 -1 0 
29 25 349 338 68 38 -1 -1 -1 0 
29 31 577 634 700 79 -1 -1 -1 0 
30 4 853 329 116 62 -1 -1 -1 0 
30 5 747 345 30 20 -1 -1 -1 0 
30 7 699 344 23 15 -1 -1 -1 0 
30 16 469 342 33 25 -1 -1 -1 0 
30 25 324 336 76 43 -1 -1 -1 0 
30 31 586 634 689 79 -1 -1 -1 0 
31 4 857 328 118 64 -1 -1 -1 0 
31 5 746 345 33 20 -1 -1 -1 0 
31 7 700 344 23 15 -1 -1 -1 0 
31 16 460 342 38 26 -1 -1 -1 0 
31 25 292 337 88 47 -1 -1 -1 0 
31 31 591 635 685 78 -1 -1 -1 0 
32 4 860 328 121 64 -1 -1 -1 0 
32 5 747 345 31 20 -1 -1 -1 0 
32 7 700 344 22 15 -1 -1 -1 0 
32 13 535 343 31 17 -1 -1 -1 0 
32 16 449 342 43 28 -1 -1 -1 0 
32 25 255 337 104 52 -1 -1 -1 0 
33 4 863 328 126 66 -1 -1 -1 0 
33 5 747 345 33 20 -1 -1 -1 0 
33 7 699 344 25 16 -1 -1 -1 0 
33 13 540 343 30 17 -1 -1 -1 0 
33 16 437 342 47 31 -1 -1 -1 0 
33 25 208 337 120 58 -1 -1 -1 0 
33 31 585 635 693 78 -1 -1 -1 0 
33 33 285 321 119 55 -1 -1 -1 0 
34 4 868 328 127 68 -1 -1 -1 0 
34 5 748 345 31 22 -1 -1 -1 0 
34 7 700 344 23 17 -1 -1 -1 0 
34 16 422 344 53 32 -1 -1 -1 0 
34 25 143 338 152 64 -1 -1 -1 0 
34 31 584 636 692 77 -1 -1 -1 0 
34 33 254 321 134 59 -1 -1 -1 0 
35 4 871 329 131 69 -1 -1 -1 0 
35 5 748 345 32 23 -1 -1 -1 0 
35 7 700 345 24 17 -1 -1 -1 0 
35 16 405 345 58 34 -1 -1 -1 0 
35 25 57 339 190 72 -1 -1 -1 0 
35 31 586 636 690 77 -1 -1 -1 0 
35 33 219 320 151 65 -1 -1 -1 0 
36 4 874 329 136 70 -1 -1 -1 0 
36 5 748 345 33 23 -1 -1 -1 0 
36 7 701 346 24 17 -1 -1 -1 0 
36 13 525 345 28 19 -1 -1 -1 0 
36 16 385 346 64 36 -1 -1 -1 0 
36 25 9 338 171 83 -1 -1 -1 0 
36 33 179 318 174 72 -1 -1 -1 0 
37 4 878 329 142 73 -1 -1 -1 0 
37 7 701 347 24 16 -1 -1 -1 0 
37 13 495 347 31 20 -1 -1 -1 0 
37 16 361 345 72 40 -1 -1 -1 0 
37 25 0 339 145 87 -1 -1 -1 0 
37 33 131 316 202 78 -1 -1 -1 0 
38 4 881 329 148 74 -1 -1 -1 0 
38 5 748 346 35 22 -1 -1 -1 0 
38 7 701 346 24 17 -1 -1 -1 0 
38 13 480 348 31 21 -1 -1 -1 0 
38 16 330 346 84 43 -1 -1 -1 0 
38 33 68 313 245 86 -1 -1 -1 0 
39 4 885 327 151 77 -1 -1 -1 0 
39 5 750 346 32 22 -1 -1 -1 0 
39 7 701 346 25 17 -1 -1 -1 0 
39 13 491 346 34 22 -1 -1 -1 0 
39 16 316 346 89 45 -1 -1 -1 0 
39 33 10 307 272 99 -1 -1 -1 0 
40 4 887 326 159 78 -1 -1 -1 0 
40 5 718 345 27 19 -1 -1 -1 0 
40 7 595 346 22 17 -1 -1 -1 0 
40 13 469 348 32 23 -1 -1 -1 0 
40 16 241 346 120 54 -1 -1 -1 0 
40 33 1 303 248 108 -1 -1 -1 0 
