3 1 1 351 321 289 -1 -1 -1 0 
3 2 123 363 63 22 -1 -1 -1 0 
3 3 705 344 29 25 -1 -1 -1 0 
3 4 626 344 43 33 -1 -1 -1 0 
4 1 1 339 330 302 -1 -1 -1 0 
4 2 108 363 63 23 -1 -1 -1 0 
4 3 706 343 28 25 -1 -1 -1 0 
4 4 626 343 44 33 -1 -1 -1 0 
5 1 4 323 333 328 -1 -1 -1 0 
5 3 706 343 29 25 -1 -1 -1 0 
5 4 627 343 44 32 -1 -1 -1 0 
5 5 459 349 34 12 -1 -1 -1 0 
6 1 0 325 351 335 -1 -1 -1 0 
6 3 705 343 30 25 -1 -1 -1 0 
6 4 628 342 44 33 -1 -1 -1 0 
6 5 444 349 38 13 -1 -1 -1 0 
7 1 4 324 351 362 -1 -1 -1 0 
7 3 706 346 29 22 -1 -1 -1 0 
7 4 627 344 46 31 -1 -1 -1 0 
7 5 428 350 41 12 -1 -1 -1 0 
8 1 2 323 363 382 -1 -1 -1 0 
8 3 707 347 28 21 -1 -1 -1 0 
8 4 630 344 42 31 -1 -1 -1 0 
8 5 412 351 43 12 -1 -1 -1 0 
9 1 0 322 373 391 -1 -1 -1 0 
9 3 708 347 26 22 -1 -1 -1 0 
9 4 631 344 41 32 -1 -1 -1 0 
9 5 394 352 47 12 -1 -1 -1 0 
10 1 0 321 381 395 -1 -1 -1 0 
10 3 708 347 27 22 -1 -1 -1 0 
10 4 631 344 42 32 -1 -1 -1 0 
10 5 376 353 47 12 -1 -1 -1 0 
11 1 0 322 389 392 -1 -1 -1 0 
11 3 708 348 26 23 -1 -1 -1 0 
11 4 632 346 41 32 -1 -1 -1 0 
11 5 355 353 50 15 -1 -1 -1 0 
12 1 0 323 394 388 -1 -1 -1 0 
12 3 708 348 27 23 -1 -1 -1 0 
12 4 632 344 41 34 -1 -1 -1 0 
12 5 329 353 58 16 -1 -1 -1 0 
13 1 0 325 401 380 -1 -1 -1 0 
13 3 708 347 26 24 -1 -1 -1 0 
13 4 631 345 43 33 -1 -1 -1 0 
13 5 300 354 67 17 -1 -1 -1 0 
13 7 513 348 32 13 -1 -1 -1 0 
14 1 0 327 407 365 -1 -1 -1 0 
14 3 707 347 27 23 -1 -1 -1 0 
14 4 632 346 42 31 -1 -1 -1 0 
14 5 281 355 70 17 -1 -1 -1 0 
14 7 504 348 33 13 -1 -1 -1 0 
15 1 0 328 411 349 -1 -1 -1 0 
15 3 706 347 27 23 -1 -1 -1 0 
15 4 632 346 41 30 -1 -1 -1 0 
15 7 495 347 32 14 -1 -1 -1 0 
16 1 0 328 414 336 -1 -1 -1 0 
16 3 705 347 28 22 -1 -1 -1 0 
16 4 632 346 41 30 -1 -1 -1 0 
16 7 483 346 35 15 -1 -1 -1 0 
17 1 0 326 417 328 -1 -1 -1 0 
17 3 706 347 26 21 -1 -1 -1 0 
17 4 632 344 40 31 -1 -1 -1 0 
17 7 470 345 37 16 -1 -1 -1 0 
18 1 0 327 421 318 -1 -1 -1 0 
18 3 705 347 26 21 -1 -1 -1 0 
18 4 632 344 41 31 -1 -1 -1 0 
18 7 457 345 40 18 -1 -1 -1 0 
19 1 0 327 425 311 -1 -1 -1 0 
19 3 704 348 28 21 -1 -1 -1 0 
19 4 632 345 41 30 -1 -1 -1 0 
19 7 447 345 42 18 -1 -1 -1 0 
20 1 0 328 430 301 -1 -1 -1 0 
20 3 704 348 27 21 -1 -1 -1 0 
20 4 632 346 40 29 -1 -1 -1 0 
20 7 424 348 52 17 -1 -1 -1 0 
21 1 0 327 434 290 -1 -1 -1 0 
21 3 705 347 26 22 -1 -1 -1 0 
21 4 633 344 38 31 -1 -1 -1 0 
21 7 425 348 34 18 -1 -1 -1 0 
22 1 0 329 439 276 -1 -1 -1 0 
22 3 704 348 27 23 -1 -1 -1 0 
22 4 632 345 40 32 -1 -1 -1 0 
22 7 412 349 36 18 -1 -1 -1 0 
23 1 0 333 443 261 -1 -1 -1 0 
23 3 704 348 27 23 -1 -1 -1 0 
23 4 631 345 40 32 -1 -1 -1 0 
23 7 397 349 37 19 -1 -1 -1 0 
24 1 1 333 443 254 -1 -1 -1 0 
24 3 703 349 28 23 -1 -1 -1 0 
24 4 632 346 38 31 -1 -1 -1 0 
24 7 379 350 38 19 -1 -1 -1 0 
25 1 2 333 446 246 -1 -1 -1 0 
25 3 704 349 26 22 -1 -1 -1 0 
25 4 631 346 41 30 -1 -1 -1 0 
25 7 366 350 40 20 -1 -1 -1 0 
26 1 2 334 449 240 -1 -1 -1 0 
26 3 704 348 27 22 -1 -1 -1 0 
26 4 631 346 41 30 -1 -1 -1 0 
27 1 1 335 454 234 -1 -1 -1 0 
27 3 703 348 27 22 -1 -1 -1 0 
27 4 632 346 39 30 -1 -1 -1 0 
28 1 2 336 455 229 -1 -1 -1 0 
28 3 702 348 28 22 -1 -1 -1 0 
28 4 632 344 38 31 -1 -1 -1 0 
29 1 2 335 459 225 -1 -1 -1 0 
29 3 702 348 27 21 -1 -1 -1 0 
29 4 632 344 38 31 -1 -1 -1 0 
29 7 400 351 45 14 -1 -1 -1 0 
30 1 15 335 446 220 -1 -1 -1 0 
30 3 701 348 28 21 -1 -1 -1 0 
30 4 631 344 40 30 -1 -1 -1 0 
30 7 397 352 45 13 -1 -1 -1 0 
31 1 34 334 428 217 -1 -1 -1 0 
31 3 700 348 28 21 -1 -1 -1 0 
31 4 632 344 38 30 -1 -1 -1 0 
32 1 51 333 415 213 -1 -1 -1 0 
32 3 701 347 26 22 -1 -1 -1 0 
32 4 631 344 40 30 -1 -1 -1 0 
33 1 68 335 402 208 -1 -1 -1 0 
33 2 0 365 116 30 -1 -1 -1 0 
33 3 700 348 27 21 -1 -1 -1 0 
33 4 632 343 37 31 -1 -1 -1 0 
34 1 84 336 390 203 -1 -1 -1 0 
34 2 0 366 73 29 -1 -1 -1 0 
34 3 699 348 27 21 -1 -1 -1 0 
34 4 631 343 39 31 -1 -1 -1 0 
35 1 100 336 377 199 -1 -1 -1 0 
35 2 0 366 67 30 -1 -1 -1 0 
35 3 700 348 26 21 -1 -1 -1 0 
35 4 631 344 38 30 -1 -1 -1 0 
35 7 538 347 28 11 -1 -1 -1 0 
36 1 116 337 363 195 -1 -1 -1 0 
36 3 700 346 26 23 -1 -1 -1 0 
36 4 631 344 38 30 -1 -1 -1 0 
36 7 542 347 31 11 -1 -1 -1 0 
37 1 127 337 357 192 -1 -1 -1 0 
37 3 698 346 29 23 -1 -1 -1 0 
37 4 631 345 39 29 -1 -1 -1 0 
37 5 89 363 81 31 -1 -1 -1 0 
37 7 552 346 30 12 -1 -1 -1 0 
38 1 142 339 344 188 -1 -1 -1 0 
38 3 698 346 28 24 -1 -1 -1 0 
38 4 631 346 40 28 -1 -1 -1 0 
38 5 81 363 81 31 -1 -1 -1 0 
39 1 154 338 335 185 -1 -1 -1 0 
39 3 697 347 29 23 -1 -1 -1 0 
39 4 632 345 37 29 -1 -1 -1 0 
40 1 166 339 326 179 -1 -1 -1 0 
40 3 697 347 28 23 -1 -1 -1 0 
40 4 632 343 37 31 -1 -1 -1 0 
