3 1 1 305 359 389 -1 -1 -1 0 
3 2 627 342 30 24 -1 -1 -1 0 
3 3 693 341 17 14 -1 -1 -1 0 
4 1 0 304 368 401 -1 -1 -1 0 
4 2 627 342 30 24 -1 -1 -1 0 
4 3 693 342 16 14 -1 -1 -1 0 
5 1 0 305 375 408 -1 -1 -1 0 
5 2 627 340 30 26 -1 -1 -1 0 
5 3 693 342 16 14 -1 -1 -1 0 
6 1 0 304 382 408 -1 -1 -1 0 
6 2 627 339 30 27 -1 -1 -1 0 
6 3 692 342 18 13 -1 -1 -1 0 
7 1 0 304 389 405 -1 -1 -1 0 
7 2 627 341 31 26 -1 -1 -1 0 
7 3 692 342 17 13 -1 -1 -1 0 
8 1 0 305 394 398 -1 -1 -1 0 
8 2 628 341 30 26 -1 -1 -1 0 
8 3 693 343 16 12 -1 -1 -1 0 
9 1 0 305 401 383 -1 -1 -1 0 
9 2 627 341 32 27 -1 -1 -1 0 
9 3 693 343 16 13 -1 -1 -1 0 
10 1 0 306 406 365 -1 -1 -1 0 
10 2 629 340 28 27 -1 -1 -1 0 
10 3 693 342 16 13 -1 -1 -1 0 
11 1 0 306 409 353 -1 -1 -1 0 
11 2 628 342 31 25 -1 -1 -1 0 
11 3 693 342 16 13 -1 -1 -1 0 
12 1 0 307 414 339 -1 -1 -1 0 
12 2 629 341 30 25 -1 -1 -1 0 
12 3 576 337 19 13 -1 -1 -1 0 
13 1 0 307 418 328 -1 -1 -1 0 
13 2 630 340 29 26 -1 -1 -1 0 
13 3 527 336 20 13 -1 -1 -1 0 
14 1 0 310 424 313 -1 -1 -1 0 
14 2 630 339 29 27 -1 -1 -1 0 
14 3 507 336 23 13 -1 -1 -1 0 
15 1 1 310 426 305 -1 -1 -1 0 
15 2 630 338 30 28 -1 -1 -1 0 
15 3 487 335 23 14 -1 -1 -1 0 
15 6 693 338 18 15 -1 -1 -1 0 
16 1 0 314 435 291 -1 -1 -1 0 
16 2 629 338 32 28 -1 -1 -1 0 
16 3 493 336 22 14 -1 -1 -1 0 
16 6 694 339 18 14 -1 -1 -1 0 
17 1 2 315 434 282 -1 -1 -1 0 
17 2 630 338 31 28 -1 -1 -1 0 
17 3 477 336 22 14 -1 -1 -1 0 
17 6 695 340 16 14 -1 -1 -1 0 
18 1 0 317 440 272 -1 -1 -1 0 
18 2 631 337 31 29 -1 -1 -1 0 
18 3 483 335 22 16 -1 -1 -1 0 
18 6 694 341 18 13 -1 -1 -1 0 
19 1 1 319 445 263 -1 -1 -1 0 
19 2 630 338 32 28 -1 -1 -1 0 
19 3 470 335 23 16 -1 -1 -1 0 
19 6 695 341 16 13 -1 -1 -1 0 
20 1 3 318 445 260 -1 -1 -1 0 
20 2 631 338 31 28 -1 -1 -1 0 
20 3 471 335 26 18 -1 -1 -1 0 
20 6 695 341 17 13 -1 -1 -1 0 
21 1 0 320 459 255 -1 -1 -1 0 
21 2 631 340 31 26 -1 -1 -1 0 
21 3 465 336 27 19 -1 -1 -1 0 
21 6 696 341 16 13 -1 -1 -1 0 
22 1 0 321 463 248 -1 -1 -1 0 
22 2 632 340 30 27 -1 -1 -1 0 
22 3 458 336 29 19 -1 -1 -1 0 
22 6 695 341 18 13 -1 -1 -1 0 
22 9 562 636 659 80 -1 -1 -1 0 
23 1 1 322 465 242 -1 -1 -1 0 
23 2 632 341 31 26 -1 -1 -1 0 
23 3 450 337 31 19 -1 -1 -1 0 
23 6 697 341 15 14 -1 -1 -1 0 
23 9 562 636 662 80 -1 -1 -1 0 
24 1 1 322 466 235 -1 -1 -1 0 
24 2 633 341 29 26 -1 -1 -1 0 
24 3 441 338 34 19 -1 -1 -1 0 
24 6 697 342 15 13 -1 -1 -1 0 
24 9 564 636 661 80 -1 -1 -1 0 
25 1 6 322 463 229 -1 -1 -1 0 
25 2 633 341 30 27 -1 -1 -1 0 
25 3 431 338 36 20 -1 -1 -1 0 
25 6 697 342 16 14 -1 -1 -1 0 
26 1 25 323 447 223 -1 -1 -1 0 
26 2 633 339 28 29 -1 -1 -1 0 
26 3 421 338 38 21 -1 -1 -1 0 
26 6 696 342 17 14 -1 -1 -1 0 
27 1 47 321 426 221 -1 -1 -1 0 
27 2 632 339 30 29 -1 -1 -1 0 
27 6 695 343 19 13 -1 -1 -1 0 
28 1 65 322 413 216 -1 -1 -1 0 
28 2 631 340 31 28 -1 -1 -1 0 
28 6 695 343 18 13 -1 -1 -1 0 
29 1 85 323 395 211 -1 -1 -1 0 
29 2 632 340 30 28 -1 -1 -1 0 
29 6 695 343 17 13 -1 -1 -1 0 
29 11 85 324 398 213 -1 -1 -1 0 
30 1 102 324 382 207 -1 -1 -1 0 
30 2 632 342 30 26 -1 -1 -1 0 
30 6 695 343 17 13 -1 -1 -1 0 
30 11 103 325 384 209 -1 -1 -1 0 
31 1 120 325 368 202 -1 -1 -1 0 
31 2 633 342 28 26 -1 -1 -1 0 
31 6 695 342 16 14 -1 -1 -1 0 
31 11 114 327 377 204 -1 -1 -1 0 
32 1 135 325 357 197 -1 -1 -1 0 
32 2 632 340 28 28 -1 -1 -1 0 
32 6 694 341 17 15 -1 -1 -1 0 
32 9 556 635 716 80 -1 -1 -1 0 
33 1 151 324 345 194 -1 -1 -1 0 
33 2 632 339 29 28 -1 -1 -1 0 
33 6 693 341 19 15 -1 -1 -1 0 
33 9 557 634 719 80 -1 -1 -1 0 
33 11 150 325 349 193 -1 -1 -1 0 
34 1 164 323 336 190 -1 -1 -1 0 
34 2 631 338 29 28 -1 -1 -1 0 
34 6 693 341 18 14 -1 -1 -1 0 
34 11 163 326 340 188 -1 -1 -1 0 
35 1 178 323 325 187 -1 -1 -1 0 
35 2 631 337 28 29 -1 -1 -1 0 
35 6 693 341 17 14 -1 -1 -1 0 
36 1 191 324 316 183 -1 -1 -1 0 
36 2 630 338 30 28 -1 -1 -1 0 
36 6 692 341 18 14 -1 -1 -1 0 
37 1 203 323 307 180 -1 -1 -1 0 
37 2 629 340 30 26 -1 -1 -1 0 
37 6 692 340 18 15 -1 -1 -1 0 
37 9 558 634 718 80 -1 -1 -1 0 
38 1 215 324 297 176 -1 -1 -1 0 
38 2 630 340 28 26 -1 -1 -1 0 
38 3 626 340 29 26 -1 -1 -1 0 
38 6 692 340 18 15 -1 -1 -1 0 
38 9 559 633 719 81 -1 -1 -1 0 
39 1 224 325 293 172 -1 -1 -1 0 
39 2 629 340 30 26 -1 -1 -1 0 
39 3 638 340 28 27 -1 -1 -1 0 
39 6 691 340 19 15 -1 -1 -1 0 
40 1 236 325 281 170 -1 -1 -1 0 
40 2 630 340 28 27 -1 -1 -1 0 
40 6 691 342 19 14 -1 -1 -1 0 
40 13 11 355 120 35 -1 -1 -1 0 
