3 1 538 351 99 70 -1 -1 -1 0 
3 2 471 319 63 46 -1 -1 -1 0 
3 3 379 349 40 20 -1 -1 -1 0 
4 1 540 351 98 69 -1 -1 -1 0 
4 2 460 318 44 49 -1 -1 -1 0 
4 3 358 349 44 22 -1 -1 -1 0 
4 4 558 635 718 79 -1 -1 -1 0 
4 5 551 337 26 17 -1 -1 -1 0 
5 1 543 352 96 66 -1 -1 -1 0 
5 2 441 316 46 53 -1 -1 -1 0 
5 3 336 350 48 23 -1 -1 -1 0 
5 4 566 635 709 79 -1 -1 -1 0 
5 5 547 338 26 17 -1 -1 -1 0 
6 1 547 352 93 65 -1 -1 -1 0 
6 2 419 315 84 55 -1 -1 -1 0 
6 3 310 351 54 24 -1 -1 -1 0 
6 4 565 635 709 79 -1 -1 -1 0 
6 5 542 339 28 17 -1 -1 -1 0 
7 1 549 351 92 65 -1 -1 -1 0 
7 2 410 313 56 58 -1 -1 -1 0 
7 3 283 351 58 26 -1 -1 -1 0 
7 4 562 635 713 79 -1 -1 -1 0 
7 5 536 338 27 18 -1 -1 -1 0 
7 6 447 343 51 24 -1 -1 -1 0 
8 1 552 351 91 64 -1 -1 -1 0 
8 2 384 312 96 62 -1 -1 -1 0 
8 3 250 353 67 28 -1 -1 -1 0 
8 4 559 635 717 79 -1 -1 -1 0 
8 5 532 336 26 21 -1 -1 -1 0 
8 6 437 342 53 26 -1 -1 -1 0 
9 1 554 351 91 63 -1 -1 -1 0 
9 2 363 310 107 66 -1 -1 -1 0 
9 3 212 354 75 30 -1 -1 -1 0 
9 4 565 635 710 78 -1 -1 -1 0 
9 5 527 336 28 21 -1 -1 -1 0 
9 6 392 344 69 31 -1 -1 -1 0 
10 1 557 351 89 62 -1 -1 -1 0 
10 2 337 307 120 70 -1 -1 -1 0 
10 3 166 354 88 34 -1 -1 -1 0 
10 4 566 636 709 78 -1 -1 -1 0 
10 5 522 335 28 23 -1 -1 -1 0 
10 6 373 345 74 32 -1 -1 -1 0 
11 1 559 351 89 61 -1 -1 -1 0 
11 2 303 304 138 76 -1 -1 -1 0 
11 3 103 356 109 37 -1 -1 -1 0 
11 4 564 635 711 79 -1 -1 -1 0 
11 5 516 334 27 25 -1 -1 -1 0 
12 1 562 351 87 60 -1 -1 -1 0 
12 2 277 302 143 76 -1 -1 -1 0 
12 3 31 357 126 42 -1 -1 -1 0 
12 4 560 635 716 79 -1 -1 -1 0 
12 5 509 335 29 25 -1 -1 -1 0 
12 6 243 345 126 46 -1 -1 -1 0 
13 1 564 351 85 60 -1 -1 -1 0 
13 2 231 298 168 83 -1 -1 -1 0 
13 3 1 360 88 45 -1 -1 -1 0 
13 4 558 635 719 79 -1 -1 -1 0 
13 5 501 336 30 26 -1 -1 -1 0 
13 6 156 347 164 53 -1 -1 -1 0 
14 1 566 350 83 60 -1 -1 -1 0 
14 2 180 293 189 95 -1 -1 -1 0 
14 3 0 362 47 46 -1 -1 -1 0 
14 4 559 635 716 79 -1 -1 -1 0 
14 5 495 336 31 27 -1 -1 -1 0 
14 6 22 349 226 62 -1 -1 -1 0 
15 1 567 351 82 58 -1 -1 -1 0 
15 2 103 287 234 111 -1 -1 -1 0 
15 4 564 635 710 79 -1 -1 -1 0 
15 5 485 336 31 28 -1 -1 -1 0 
15 6 1 351 151 68 -1 -1 -1 0 
16 1 569 351 81 57 -1 -1 -1 0 
16 2 21 280 271 133 -1 -1 -1 0 
16 4 561 635 714 79 -1 -1 -1 0 
16 5 479 336 31 28 -1 -1 -1 0 
16 6 0 352 102 73 -1 -1 -1 0 
16 8 501 345 27 19 -1 -1 -1 0 
17 1 570 351 80 57 -1 -1 -1 0 
17 2 1 271 242 144 -1 -1 -1 0 
17 4 562 636 712 78 -1 -1 -1 0 
17 8 490 346 27 19 -1 -1 -1 0 
18 1 571 351 79 56 -1 -1 -1 0 
18 2 0 266 179 152 -1 -1 -1 0 
18 4 564 636 710 79 -1 -1 -1 0 
18 8 477 348 28 18 -1 -1 -1 0 
19 1 572 349 78 56 -1 -1 -1 0 
19 2 0 261 91 153 -1 -1 -1 0 
19 4 561 635 714 80 -1 -1 -1 0 
19 5 483 343 43 21 -1 -1 -1 0 
19 8 468 348 29 19 -1 -1 -1 0 
20 1 572 349 77 54 -1 -1 -1 0 
20 2 0 257 45 160 -1 -1 -1 0 
20 4 567 635 709 80 -1 -1 -1 0 
20 5 474 343 42 21 -1 -1 -1 0 
20 9 526 341 29 17 -1 -1 -1 0 
21 1 573 348 76 54 -1 -1 -1 0 
21 4 558 634 720 80 -1 -1 -1 0 
21 5 501 341 33 19 -1 -1 -1 0 
21 9 540 340 30 16 -1 -1 -1 0 
22 1 574 347 74 54 -1 -1 -1 0 
22 4 557 634 721 80 -1 -1 -1 0 
22 5 505 342 31 18 -1 -1 -1 0 
22 9 541 339 28 17 -1 -1 -1 0 
23 1 574 347 74 53 -1 -1 -1 0 
23 4 556 634 721 80 -1 -1 -1 0 
23 5 499 342 32 18 -1 -1 -1 0 
23 9 537 340 29 16 -1 -1 -1 0 
24 1 575 347 73 52 -1 -1 -1 0 
24 4 562 635 713 79 -1 -1 -1 0 
24 5 490 343 33 18 -1 -1 -1 0 
24 9 530 340 31 17 -1 -1 -1 0 
25 1 576 347 72 52 -1 -1 -1 0 
25 4 562 635 713 79 -1 -1 -1 0 
25 5 478 343 36 20 -1 -1 -1 0 
25 8 694 338 19 18 -1 -1 -1 0 
25 9 523 340 32 18 -1 -1 -1 0 
25 12 327 346 88 33 -1 -1 -1 0 
26 1 576 347 72 52 -1 -1 -1 0 
26 5 465 343 40 21 -1 -1 -1 0 
26 8 706 339 20 17 -1 -1 -1 0 
26 9 515 342 31 18 -1 -1 -1 0 
26 12 274 348 103 37 -1 -1 -1 0 
27 1 576 347 71 51 -1 -1 -1 0 
27 4 564 635 711 79 -1 -1 -1 0 
27 5 449 343 45 23 -1 -1 -1 0 
27 8 726 338 20 17 -1 -1 -1 0 
27 9 507 342 30 19 -1 -1 -1 0 
27 12 201 351 137 42 -1 -1 -1 0 
28 1 577 347 70 51 -1 -1 -1 0 
28 4 564 635 711 79 -1 -1 -1 0 
28 5 432 343 49 24 -1 -1 -1 0 
28 9 496 344 33 18 -1 -1 -1 0 
28 12 105 353 169 48 -1 -1 -1 0 
29 1 578 348 68 49 -1 -1 -1 0 
29 4 559 635 718 80 -1 -1 -1 0 
29 5 414 344 52 24 -1 -1 -1 0 
29 9 484 345 37 18 -1 -1 -1 0 
29 12 10 355 174 57 -1 -1 -1 0 
29 13 214 321 137 65 -1 -1 -1 0 
30 1 578 348 67 49 -1 -1 -1 0 
30 4 559 635 718 80 -1 -1 -1 0 
30 5 391 344 59 26 -1 -1 -1 0 
30 8 576 344 21 13 -1 -1 -1 0 
30 9 472 346 38 17 -1 -1 -1 0 
30 12 0 356 126 63 -1 -1 -1 0 
30 13 161 320 164 71 -1 -1 -1 0 
31 1 578 348 67 48 -1 -1 -1 0 
31 5 366 345 64 28 -1 -1 -1 0 
31 8 544 344 22 13 -1 -1 -1 0 
31 9 460 347 40 18 -1 -1 -1 0 
31 13 94 319 198 78 -1 -1 -1 0 
32 1 578 348 67 48 -1 -1 -1 0 
32 5 336 345 73 31 -1 -1 -1 0 
32 8 530 344 24 14 -1 -1 -1 0 
32 9 444 347 44 19 -1 -1 -1 0 
32 13 11 316 240 91 -1 -1 -1 0 
33 1 578 348 65 47 -1 -1 -1 0 
33 4 560 635 716 80 -1 -1 -1 0 
33 5 300 346 85 33 -1 -1 -1 0 
33 8 519 344 24 15 -1 -1 -1 0 
33 9 427 348 47 19 -1 -1 -1 0 
33 13 0 314 206 100 -1 -1 -1 0 
33 19 542 344 24 13 -1 -1 -1 0 
34 1 579 348 63 47 -1 -1 -1 0 
34 4 560 635 716 80 -1 -1 -1 0 
34 5 258 347 96 37 -1 -1 -1 0 
34 8 509 343 28 17 -1 -1 -1 0 
34 9 409 347 49 23 -1 -1 -1 0 
34 13 0 337 164 78 -1 -1 -1 0 
34 19 535 344 22 14 -1 -1 -1 0 
35 1 579 347 62 47 -1 -1 -1 0 
35 5 206 346 111 43 -1 -1 -1 0 
35 8 511 343 35 17 -1 -1 -1 0 
35 9 389 348 52 24 -1 -1 -1 0 
35 13 0 339 134 82 -1 -1 -1 0 
35 19 501 343 48 17 -1 -1 -1 0 
36 1 578 347 62 47 -1 -1 -1 0 
36 5 130 347 142 49 -1 -1 -1 0 
36 8 509 343 37 17 -1 -1 -1 0 
36 9 362 348 62 27 -1 -1 -1 0 
36 19 485 342 54 20 -1 -1 -1 0 
37 1 578 347 62 46 -1 -1 -1 0 
37 5 30 349 183 56 -1 -1 -1 0 
37 9 335 349 67 29 -1 -1 -1 0 
37 19 471 342 61 21 -1 -1 -1 0 
38 1 578 346 62 47 -1 -1 -1 0 
38 5 2 351 130 60 -1 -1 -1 0 
38 9 301 349 76 32 -1 -1 -1 0 
38 19 459 342 63 23 -1 -1 -1 0 
38 21 551 345 19 10 -1 -1 -1 0 
39 1 578 346 61 47 -1 -1 -1 0 
39 5 0 352 91 62 -1 -1 -1 0 
39 9 260 350 88 35 -1 -1 -1 0 
39 19 445 343 63 23 -1 -1 -1 0 
39 21 548 345 17 11 -1 -1 -1 0 
40 1 578 346 60 46 -1 -1 -1 0 
40 9 208 350 104 40 -1 -1 -1 0 
40 19 428 343 65 24 -1 -1 -1 0 
40 21 541 345 20 12 -1 -1 -1 0 
