3 1 673 340 62 52 -1 -1 -1 0 
3 2 600 344 41 31 -1 -1 -1 0 
4 1 674 341 60 51 -1 -1 -1 0 
4 2 602 344 38 31 -1 -1 -1 0 
5 1 675 341 59 51 -1 -1 -1 0 
5 2 601 344 40 31 -1 -1 -1 0 
6 1 675 340 58 51 -1 -1 -1 0 
6 2 602 343 39 32 -1 -1 -1 0 
6 3 560 632 712 81 -1 -1 -1 0 
7 1 674 340 60 50 -1 -1 -1 0 
7 2 602 342 39 32 -1 -1 -1 0 
7 3 556 631 719 83 -1 -1 -1 0 
8 1 675 340 58 50 -1 -1 -1 0 
8 2 603 342 39 32 -1 -1 -1 0 
9 1 675 339 58 51 -1 -1 -1 0 
9 2 602 341 40 32 -1 -1 -1 0 
10 1 674 339 60 51 -1 -1 -1 0 
10 2 603 341 39 32 -1 -1 -1 0 
10 3 575 634 701 80 -1 -1 -1 0 
11 1 675 338 58 52 -1 -1 -1 0 
11 2 604 341 38 31 -1 -1 -1 0 
11 3 566 635 713 79 -1 -1 -1 0 
12 1 675 338 57 51 -1 -1 -1 0 
12 2 604 340 38 32 -1 -1 -1 0 
12 3 560 635 716 79 -1 -1 -1 0 
13 1 674 338 59 51 -1 -1 -1 0 
13 2 604 340 38 32 -1 -1 -1 0 
13 3 555 635 724 78 -1 -1 -1 0 
14 1 674 338 59 51 -1 -1 -1 0 
14 2 604 340 38 32 -1 -1 -1 0 
14 3 562 635 710 78 -1 -1 -1 0 
15 1 675 338 58 51 -1 -1 -1 0 
15 2 604 340 39 32 -1 -1 -1 0 
15 3 558 635 718 78 -1 -1 -1 0 
16 1 675 338 57 51 -1 -1 -1 0 
16 2 604 340 38 32 -1 -1 -1 0 
16 3 561 635 712 79 -1 -1 -1 0 
17 1 674 338 58 51 -1 -1 -1 0 
17 2 605 340 37 32 -1 -1 -1 0 
17 3 558 636 718 78 -1 -1 -1 0 
18 1 674 338 59 50 -1 -1 -1 0 
18 2 604 340 38 31 -1 -1 -1 0 
18 3 562 636 709 78 -1 -1 -1 0 
19 1 675 338 57 50 -1 -1 -1 0 
19 2 605 340 36 31 -1 -1 -1 0 
19 3 560 636 715 78 -1 -1 -1 0 
20 1 675 338 57 49 -1 -1 -1 0 
20 2 604 340 38 30 -1 -1 -1 0 
20 3 560 636 715 78 -1 -1 -1 0 
21 1 675 337 57 50 -1 -1 -1 0 
21 2 605 339 36 31 -1 -1 -1 0 
21 3 564 636 709 78 -1 -1 -1 0 
22 1 675 337 56 50 -1 -1 -1 0 
22 2 605 339 36 31 -1 -1 -1 0 
22 3 564 636 709 78 -1 -1 -1 0 
23 1 674 337 57 51 -1 -1 -1 0 
23 2 605 340 36 30 -1 -1 -1 0 
23 3 561 636 713 78 -1 -1 -1 0 
24 1 674 337 57 51 -1 -1 -1 0 
24 2 605 340 36 30 -1 -1 -1 0 
24 3 575 636 697 79 -1 -1 -1 0 
25 1 673 337 58 51 -1 -1 -1 0 
25 2 604 340 37 29 -1 -1 -1 0 
25 3 563 635 715 79 -1 -1 -1 0 
26 1 673 337 57 50 -1 -1 -1 0 
26 2 605 340 35 29 -1 -1 -1 0 
26 3 558 635 719 79 -1 -1 -1 0 
27 1 673 337 56 50 -1 -1 -1 0 
27 2 604 340 37 29 -1 -1 -1 0 
27 3 561 635 712 80 -1 -1 -1 0 
28 1 672 337 58 50 -1 -1 -1 0 
28 2 604 340 36 30 -1 -1 -1 0 
28 3 556 634 722 80 -1 -1 -1 0 
29 1 671 338 59 49 -1 -1 -1 0 
29 2 604 341 37 29 -1 -1 -1 0 
29 3 561 634 713 80 -1 -1 -1 0 
30 1 672 338 57 50 -1 -1 -1 0 
30 2 605 341 35 29 -1 -1 -1 0 
30 3 561 634 713 80 -1 -1 -1 0 
31 1 671 339 58 50 -1 -1 -1 0 
31 2 604 342 36 29 -1 -1 -1 0 
32 1 670 339 58 50 -1 -1 -1 0 
32 2 604 342 36 29 -1 -1 -1 0 
32 3 558 634 718 80 -1 -1 -1 0 
33 1 671 339 57 49 -1 -1 -1 0 
33 2 604 342 35 29 -1 -1 -1 0 
33 3 558 634 719 80 -1 -1 -1 0 
34 1 671 339 57 49 -1 -1 -1 0 
34 2 604 342 35 29 -1 -1 -1 0 
34 3 558 634 717 80 -1 -1 -1 0 
35 1 671 339 57 49 -1 -1 -1 0 
35 2 604 342 35 29 -1 -1 -1 0 
35 3 558 634 718 80 -1 -1 -1 0 
36 1 671 339 58 48 -1 -1 -1 0 
36 2 605 341 35 30 -1 -1 -1 0 
36 3 557 634 719 80 -1 -1 -1 0 
37 1 672 339 56 48 -1 -1 -1 0 
37 2 605 341 35 30 -1 -1 -1 0 
38 1 672 339 56 48 -1 -1 -1 0 
38 2 605 341 35 29 -1 -1 -1 0 
38 3 557 634 719 80 -1 -1 -1 0 
39 1 672 339 57 48 -1 -1 -1 0 
39 2 606 340 34 30 -1 -1 -1 0 
39 3 561 634 714 81 -1 -1 -1 0 
40 1 672 339 57 48 -1 -1 -1 0 
40 2 606 340 34 30 -1 -1 -1 0 
40 3 561 634 714 81 -1 -1 -1 0 
