3 1 0 336 380 375 -1 -1 -1 0 
3 2 631 344 28 23 -1 -1 -1 0 
4 1 0 338 385 373 -1 -1 -1 0 
4 2 630 344 29 23 -1 -1 -1 0 
5 1 0 338 388 373 -1 -1 -1 0 
5 2 631 344 27 22 -1 -1 -1 0 
6 1 2 336 389 376 -1 -1 -1 0 
6 2 631 343 27 23 -1 -1 -1 0 
6 4 675 346 27 21 -1 -1 -1 0 
7 1 1 337 395 375 -1 -1 -1 0 
7 2 631 343 27 22 -1 -1 -1 0 
7 4 675 346 27 21 -1 -1 -1 0 
8 1 2 337 397 375 -1 -1 -1 0 
8 2 631 342 27 23 -1 -1 -1 0 
8 4 675 346 27 21 -1 -1 -1 0 
8 5 558 635 717 80 -1 -1 -1 0 
9 1 2 338 400 375 -1 -1 -1 0 
9 2 631 343 28 22 -1 -1 -1 0 
9 4 675 347 27 21 -1 -1 -1 0 
9 5 558 634 717 80 -1 -1 -1 0 
10 1 1 338 405 375 -1 -1 -1 0 
10 2 632 343 26 22 -1 -1 -1 0 
10 4 675 347 27 21 -1 -1 -1 0 
10 5 557 634 718 80 -1 -1 -1 0 
11 1 1 338 409 372 -1 -1 -1 0 
11 2 632 343 26 22 -1 -1 -1 0 
11 5 556 634 718 80 -1 -1 -1 0 
12 1 1 338 412 370 -1 -1 -1 0 
12 2 631 343 28 22 -1 -1 -1 0 
12 5 559 634 716 80 -1 -1 -1 0 
13 1 1 339 416 367 -1 -1 -1 0 
13 2 631 343 28 22 -1 -1 -1 0 
13 4 675 345 26 22 -1 -1 -1 0 
13 5 556 634 721 80 -1 -1 -1 0 
13 6 468 349 31 15 -1 -1 -1 0 
14 1 2 336 417 370 -1 -1 -1 0 
14 2 632 343 27 22 -1 -1 -1 0 
14 4 674 344 26 23 -1 -1 -1 0 
14 5 558 635 717 79 -1 -1 -1 0 
14 6 465 348 32 17 -1 -1 -1 0 
15 1 0 336 423 368 -1 -1 -1 0 
15 2 632 342 27 22 -1 -1 -1 0 
15 5 560 635 714 79 -1 -1 -1 0 
15 6 454 349 34 16 -1 -1 -1 0 
16 1 0 336 428 362 -1 -1 -1 0 
16 2 632 341 26 24 -1 -1 -1 0 
16 5 559 635 716 79 -1 -1 -1 0 
16 6 447 350 32 17 -1 -1 -1 0 
17 1 0 335 431 357 -1 -1 -1 0 
17 2 631 341 28 24 -1 -1 -1 0 
17 5 562 635 710 80 -1 -1 -1 0 
17 6 439 350 34 17 -1 -1 -1 0 
18 1 0 334 434 352 -1 -1 -1 0 
18 2 631 342 28 23 -1 -1 -1 0 
18 5 562 635 710 80 -1 -1 -1 0 
18 6 433 350 34 18 -1 -1 -1 0 
19 1 0 334 438 346 -1 -1 -1 0 
19 2 632 342 26 23 -1 -1 -1 0 
19 4 674 347 26 22 -1 -1 -1 0 
19 6 420 351 40 18 -1 -1 -1 0 
20 1 0 334 442 335 -1 -1 -1 0 
20 2 632 342 27 23 -1 -1 -1 0 
20 4 674 347 26 22 -1 -1 -1 0 
20 5 560 635 716 80 -1 -1 -1 0 
20 6 412 351 39 19 -1 -1 -1 0 
21 1 0 333 444 328 -1 -1 -1 0 
21 2 632 342 27 24 -1 -1 -1 0 
21 4 673 348 27 21 -1 -1 -1 0 
21 5 560 634 716 81 -1 -1 -1 0 
21 6 404 352 41 19 -1 -1 -1 0 
22 1 0 334 449 316 -1 -1 -1 0 
22 2 633 342 25 24 -1 -1 -1 0 
22 4 673 348 27 21 -1 -1 -1 0 
23 1 0 334 450 310 -1 -1 -1 0 
23 2 631 342 28 23 -1 -1 -1 0 
23 4 673 348 26 21 -1 -1 -1 0 
24 1 0 336 455 301 -1 -1 -1 0 
24 2 631 341 28 24 -1 -1 -1 0 
24 4 674 347 25 22 -1 -1 -1 0 
25 1 1 334 454 296 -1 -1 -1 0 
25 2 632 342 27 23 -1 -1 -1 0 
25 4 673 347 27 22 -1 -1 -1 0 
26 1 0 336 461 287 -1 -1 -1 0 
26 2 633 342 25 23 -1 -1 -1 0 
26 4 673 347 27 23 -1 -1 -1 0 
27 1 1 336 461 281 -1 -1 -1 0 
27 2 632 344 27 21 -1 -1 -1 0 
27 4 673 347 26 23 -1 -1 -1 0 
28 1 1 336 464 276 -1 -1 -1 0 
28 2 632 344 27 21 -1 -1 -1 0 
28 4 674 347 25 23 -1 -1 -1 0 
28 5 571 635 702 80 -1 -1 -1 0 
29 1 1 335 467 271 -1 -1 -1 0 
29 2 633 342 26 22 -1 -1 -1 0 
29 4 674 346 25 23 -1 -1 -1 0 
29 5 572 635 701 81 -1 -1 -1 0 
30 1 1 335 470 266 -1 -1 -1 0 
30 2 634 342 25 22 -1 -1 -1 0 
30 4 673 346 27 23 -1 -1 -1 0 
30 5 565 636 712 80 -1 -1 -1 0 
31 1 0 335 476 259 -1 -1 -1 0 
31 2 634 342 25 21 -1 -1 -1 0 
31 4 673 346 27 23 -1 -1 -1 0 
31 5 562 636 712 80 -1 -1 -1 0 
32 1 0 335 479 253 -1 -1 -1 0 
32 2 634 342 26 22 -1 -1 -1 0 
32 4 673 347 27 22 -1 -1 -1 0 
32 5 562 635 711 81 -1 -1 -1 0 
33 1 1 336 480 247 -1 -1 -1 0 
33 2 634 342 26 22 -1 -1 -1 0 
33 4 673 347 27 22 -1 -1 -1 0 
33 5 558 636 720 79 -1 -1 -1 0 
34 1 2 335 480 244 -1 -1 -1 0 
34 2 635 343 25 21 -1 -1 -1 0 
34 4 674 347 25 22 -1 -1 -1 0 
34 5 562 636 712 79 -1 -1 -1 0 
35 1 11 335 473 238 -1 -1 -1 0 
35 2 635 344 25 19 -1 -1 -1 0 
35 4 674 348 25 21 -1 -1 -1 0 
35 5 558 636 717 79 -1 -1 -1 0 
36 1 28 335 457 235 -1 -1 -1 0 
36 2 636 344 23 21 -1 -1 -1 0 
36 4 674 348 25 22 -1 -1 -1 0 
36 5 557 636 719 79 -1 -1 -1 0 
37 1 44 336 444 230 -1 -1 -1 0 
37 2 636 344 24 20 -1 -1 -1 0 
37 4 673 348 26 22 -1 -1 -1 0 
37 5 559 636 716 79 -1 -1 -1 0 
38 1 60 338 432 225 -1 -1 -1 0 
38 2 636 344 24 20 -1 -1 -1 0 
38 4 673 348 26 22 -1 -1 -1 0 
38 5 560 636 714 79 -1 -1 -1 0 
38 8 3 361 31 46 -1 -1 -1 0 
39 1 75 338 421 221 -1 -1 -1 0 
39 2 636 344 24 19 -1 -1 -1 0 
39 4 673 347 26 22 -1 -1 -1 0 
39 5 563 636 710 79 -1 -1 -1 0 
39 8 0 362 16 45 -1 -1 -1 0 
40 1 89 338 411 216 -1 -1 -1 0 
40 2 637 344 23 19 -1 -1 -1 0 
40 4 673 347 27 22 -1 -1 -1 0 
40 5 559 636 716 79 -1 -1 -1 0 
