3 1 1 492 135 223 -1 -1 -1 0 
3 3 227 357 44 17 -1 -1 -1 0 
3 4 477 348 63 44 -1 -1 -1 0 
3 5 676 347 30 24 -1 -1 -1 0 
3 6 355 347 39 20 -1 -1 -1 0 
3 7 778 341 34 28 -1 -1 -1 0 
4 1 1 491 136 224 -1 -1 -1 0 
4 3 203 358 47 19 -1 -1 -1 0 
4 4 476 347 63 45 -1 -1 -1 0 
4 5 677 347 28 24 -1 -1 -1 0 
4 6 340 348 43 19 -1 -1 -1 0 
4 7 778 341 35 28 -1 -1 -1 0 
5 1 0 489 138 226 -1 -1 -1 0 
5 3 175 357 54 21 -1 -1 -1 0 
5 4 475 347 65 45 -1 -1 -1 0 
5 5 676 349 29 21 -1 -1 -1 0 
5 6 325 348 44 20 -1 -1 -1 0 
5 7 777 341 36 29 -1 -1 -1 0 
6 1 0 488 140 227 -1 -1 -1 0 
6 3 144 357 60 22 -1 -1 -1 0 
6 4 475 347 64 45 -1 -1 -1 0 
6 5 677 347 27 23 -1 -1 -1 0 
6 6 308 347 49 21 -1 -1 -1 0 
6 7 777 342 36 28 -1 -1 -1 0 
7 1 0 487 142 228 -1 -1 -1 0 
7 3 110 357 67 23 -1 -1 -1 0 
7 4 475 347 63 45 -1 -1 -1 0 
7 5 677 348 27 23 -1 -1 -1 0 
7 6 290 347 52 22 -1 -1 -1 0 
7 7 778 342 35 28 -1 -1 -1 0 
7 10 561 634 711 79 -1 -1 -1 0 
8 1 0 487 144 229 -1 -1 -1 0 
8 3 72 357 75 25 -1 -1 -1 0 
8 4 475 347 63 45 -1 -1 -1 0 
8 5 677 347 27 25 -1 -1 -1 0 
8 6 272 347 54 23 -1 -1 -1 0 
8 7 778 342 36 29 -1 -1 -1 0 
8 10 560 634 714 79 -1 -1 -1 0 
8 11 382 345 45 18 -1 -1 -1 0 
9 1 0 486 146 230 -1 -1 -1 0 
9 3 25 358 86 27 -1 -1 -1 0 
9 4 473 348 66 45 -1 -1 -1 0 
9 5 677 347 27 26 -1 -1 -1 0 
9 6 250 346 59 26 -1 -1 -1 0 
9 11 371 345 46 19 -1 -1 -1 0 
10 1 1 483 147 233 -1 -1 -1 0 
10 3 0 358 67 28 -1 -1 -1 0 
10 4 474 348 65 44 -1 -1 -1 0 
10 5 676 347 29 26 -1 -1 -1 0 
10 6 226 344 63 29 -1 -1 -1 0 
10 10 563 633 711 81 -1 -1 -1 0 
10 11 360 345 44 19 -1 -1 -1 0 
11 1 0 482 150 233 -1 -1 -1 0 
11 3 0 358 36 29 -1 -1 -1 0 
11 4 474 348 64 44 -1 -1 -1 0 
11 5 676 346 30 26 -1 -1 -1 0 
11 6 198 344 71 29 -1 -1 -1 0 
11 7 779 342 37 30 -1 -1 -1 0 
11 10 562 632 714 82 -1 -1 -1 0 
11 11 344 345 46 19 -1 -1 -1 0 
12 1 0 480 153 235 -1 -1 -1 0 
12 4 474 348 66 42 -1 -1 -1 0 
12 5 677 346 30 25 -1 -1 -1 0 
12 6 166 343 80 31 -1 -1 -1 0 
12 7 780 342 37 29 -1 -1 -1 0 
12 10 563 633 714 79 -1 -1 -1 0 
12 11 325 344 50 20 -1 -1 -1 0 
13 1 0 481 156 234 -1 -1 -1 0 
13 4 474 347 65 43 -1 -1 -1 0 
13 5 677 345 30 25 -1 -1 -1 0 
13 6 129 342 90 32 -1 -1 -1 0 
13 7 780 341 37 30 -1 -1 -1 0 
13 10 564 634 710 78 -1 -1 -1 0 
13 11 306 344 52 20 -1 -1 -1 0 
14 1 0 480 157 236 -1 -1 -1 0 
14 4 474 346 66 42 -1 -1 -1 0 
14 5 678 344 29 26 -1 -1 -1 0 
14 6 86 340 102 35 -1 -1 -1 0 
14 7 780 340 40 29 -1 -1 -1 0 
14 10 564 634 710 78 -1 -1 -1 0 
14 11 280 343 63 22 -1 -1 -1 0 
15 1 1 479 158 237 -1 -1 -1 0 
15 4 474 346 65 42 -1 -1 -1 0 
15 5 679 343 28 26 -1 -1 -1 0 
15 6 31 340 121 36 -1 -1 -1 0 
15 7 781 340 38 29 -1 -1 -1 0 
15 10 561 634 712 78 -1 -1 -1 0 
15 11 253 342 66 23 -1 -1 -1 0 
16 1 0 478 162 236 -1 -1 -1 0 
16 4 475 344 64 43 -1 -1 -1 0 
16 5 677 345 31 23 -1 -1 -1 0 
16 6 1 338 105 39 -1 -1 -1 0 
16 7 782 338 38 31 -1 -1 -1 0 
16 10 561 635 712 77 -1 -1 -1 0 
16 11 221 342 73 24 -1 -1 -1 0 
17 1 0 477 164 236 -1 -1 -1 0 
17 4 474 344 66 42 -1 -1 -1 0 
17 5 679 344 28 24 -1 -1 -1 0 
17 6 0 337 54 40 -1 -1 -1 0 
17 7 783 339 38 29 -1 -1 -1 0 
17 10 560 635 713 78 -1 -1 -1 0 
17 11 184 341 83 26 -1 -1 -1 0 
18 1 0 475 167 236 -1 -1 -1 0 
18 4 474 343 65 42 -1 -1 -1 0 
18 5 679 344 28 23 -1 -1 -1 0 
18 6 0 336 23 41 -1 -1 -1 0 
18 7 785 339 35 29 -1 -1 -1 0 
18 10 560 635 713 78 -1 -1 -1 0 
18 11 138 340 95 29 -1 -1 -1 0 
19 1 0 473 168 238 -1 -1 -1 0 
19 4 475 343 64 42 -1 -1 -1 0 
19 5 679 343 28 24 -1 -1 -1 0 
19 7 784 338 38 30 -1 -1 -1 0 
19 10 564 634 709 79 -1 -1 -1 0 
19 11 82 340 114 31 -1 -1 -1 0 
19 15 372 339 37 16 -1 -1 -1 0 
20 1 0 472 170 238 -1 -1 -1 0 
20 4 475 344 64 42 -1 -1 -1 0 
20 5 679 344 29 24 -1 -1 -1 0 
20 7 783 340 40 29 -1 -1 -1 0 
20 10 565 634 709 79 -1 -1 -1 0 
20 11 9 342 138 32 -1 -1 -1 0 
20 15 357 340 39 16 -1 -1 -1 0 
20 16 165 340 70 27 -1 -1 -1 0 
20 17 403 339 26 14 -1 -1 -1 0 
21 1 0 470 171 240 -1 -1 -1 0 
21 4 475 344 64 43 -1 -1 -1 0 
21 5 679 344 30 25 -1 -1 -1 0 
21 7 784 340 39 29 -1 -1 -1 0 
21 10 561 634 715 79 -1 -1 -1 0 
21 11 0 343 83 32 -1 -1 -1 0 
21 15 340 341 40 16 -1 -1 -1 0 
21 16 129 341 76 28 -1 -1 -1 0 
21 17 395 340 25 13 -1 -1 -1 0 
22 1 0 468 174 241 -1 -1 -1 0 
22 4 474 344 66 43 -1 -1 -1 0 
22 5 678 343 32 26 -1 -1 -1 0 
22 7 785 340 38 29 -1 -1 -1 0 
22 10 563 634 711 78 -1 -1 -1 0 
22 11 0 343 47 33 -1 -1 -1 0 
22 15 320 341 44 18 -1 -1 -1 0 
22 16 86 339 85 32 -1 -1 -1 0 
22 17 384 341 27 13 -1 -1 -1 0 
23 1 0 468 177 241 -1 -1 -1 0 
23 4 474 344 67 42 -1 -1 -1 0 
23 5 679 343 32 26 -1 -1 -1 0 
23 7 784 340 40 29 -1 -1 -1 0 
23 10 557 634 719 78 -1 -1 -1 0 
23 15 297 341 52 19 -1 -1 -1 0 
23 16 33 340 103 33 -1 -1 -1 0 
23 17 374 342 27 12 -1 -1 -1 0 
24 1 0 468 178 241 -1 -1 -1 0 
24 4 476 342 65 44 -1 -1 -1 0 
24 5 679 343 34 25 -1 -1 -1 0 
24 7 784 340 41 29 -1 -1 -1 0 
24 10 559 634 716 78 -1 -1 -1 0 
24 15 274 341 55 20 -1 -1 -1 0 
24 16 0 341 105 34 -1 -1 -1 0 
24 17 363 342 28 12 -1 -1 -1 0 
25 1 0 467 179 242 -1 -1 -1 0 
25 4 475 341 67 45 -1 -1 -1 0 
25 5 679 342 33 26 -1 -1 -1 0 
25 7 784 339 42 30 -1 -1 -1 0 
25 10 559 634 716 78 -1 -1 -1 0 
25 15 247 340 59 23 -1 -1 -1 0 
25 17 351 342 30 12 -1 -1 -1 0 
26 1 0 466 181 243 -1 -1 -1 0 
26 4 475 342 68 44 -1 -1 -1 0 
26 5 679 343 33 25 -1 -1 -1 0 
26 7 785 339 42 29 -1 -1 -1 0 
26 15 214 340 68 25 -1 -1 -1 0 
26 17 338 342 32 13 -1 -1 -1 0 
27 1 0 466 182 244 -1 -1 -1 0 
27 4 475 342 68 44 -1 -1 -1 0 
27 5 680 343 32 25 -1 -1 -1 0 
27 7 787 338 41 31 -1 -1 -1 0 
27 10 568 634 706 78 -1 -1 -1 0 
27 15 176 341 77 26 -1 -1 -1 0 
27 17 324 342 33 14 -1 -1 -1 0 
28 1 0 467 184 242 -1 -1 -1 0 
28 4 476 342 66 44 -1 -1 -1 0 
28 5 681 343 30 26 -1 -1 -1 0 
28 7 788 338 41 31 -1 -1 -1 0 
28 10 565 634 711 78 -1 -1 -1 0 
28 15 130 342 90 28 -1 -1 -1 0 
28 17 309 342 35 15 -1 -1 -1 0 
29 1 0 467 185 243 -1 -1 -1 0 
29 4 476 343 67 44 -1 -1 -1 0 
29 5 681 343 30 26 -1 -1 -1 0 
29 7 788 338 41 31 -1 -1 -1 0 
29 10 565 634 710 79 -1 -1 -1 0 
29 15 74 342 105 30 -1 -1 -1 0 
29 17 292 343 37 15 -1 -1 -1 0 
30 1 0 467 187 244 -1 -1 -1 0 
30 4 476 344 67 44 -1 -1 -1 0 
30 5 681 344 32 26 -1 -1 -1 0 
30 7 789 339 41 31 -1 -1 -1 0 
30 10 572 634 701 79 -1 -1 -1 0 
30 15 6 343 122 32 -1 -1 -1 0 
30 17 274 343 40 16 -1 -1 -1 0 
31 1 0 468 190 243 -1 -1 -1 0 
31 4 476 346 68 43 -1 -1 -1 0 
31 5 682 345 31 26 -1 -1 -1 0 
31 7 789 340 41 32 -1 -1 -1 0 
31 10 573 634 700 79 -1 -1 -1 0 
31 15 0 344 66 32 -1 -1 -1 0 
31 17 253 344 45 17 -1 -1 -1 0 
32 1 0 467 191 244 -1 -1 -1 0 
32 4 478 346 65 43 -1 -1 -1 0 
32 5 682 344 31 27 -1 -1 -1 0 
32 7 789 340 42 32 -1 -1 -1 0 
32 10 576 634 699 79 -1 -1 -1 0 
32 15 0 344 29 34 -1 -1 -1 0 
32 17 229 344 50 18 -1 -1 -1 0 
33 1 0 467 193 244 -1 -1 -1 0 
33 4 476 346 69 43 -1 -1 -1 0 
33 5 681 344 34 27 -1 -1 -1 0 
33 7 790 340 42 33 -1 -1 -1 0 
33 10 569 634 706 79 -1 -1 -1 0 
33 17 204 344 54 18 -1 -1 -1 0 
34 1 0 467 194 243 -1 -1 -1 0 
34 4 477 346 67 43 -1 -1 -1 0 
34 5 681 346 34 25 -1 -1 -1 0 
34 7 790 341 43 32 -1 -1 -1 0 
34 10 561 634 716 78 -1 -1 -1 0 
34 17 177 344 56 21 -1 -1 -1 0 
35 1 0 465 195 245 -1 -1 -1 0 
35 4 478 346 67 43 -1 -1 -1 0 
35 5 682 344 32 27 -1 -1 -1 0 
35 7 790 340 44 33 -1 -1 -1 0 
35 10 563 634 712 78 -1 -1 -1 0 
35 17 140 343 67 22 -1 -1 -1 0 
35 18 327 342 35 13 -1 -1 -1 0 
36 1 0 465 197 245 -1 -1 -1 0 
36 4 478 345 66 44 -1 -1 -1 0 
36 5 681 346 34 25 -1 -1 -1 0 
36 7 790 340 44 33 -1 -1 -1 0 
36 10 568 634 708 78 -1 -1 -1 0 
36 17 100 343 75 23 -1 -1 -1 0 
36 18 320 341 36 14 -1 -1 -1 0 
36 19 422 338 34 16 -1 -1 -1 0 
37 1 0 464 199 245 -1 -1 -1 0 
37 4 477 345 69 44 -1 -1 -1 0 
37 5 682 344 31 27 -1 -1 -1 0 
37 7 791 340 44 33 -1 -1 -1 0 
37 10 562 634 713 78 -1 -1 -1 0 
37 17 53 343 85 24 -1 -1 -1 0 
37 19 410 338 34 16 -1 -1 -1 0 
38 1 0 463 199 245 -1 -1 -1 0 
38 4 477 345 69 43 -1 -1 -1 0 
38 5 682 342 32 28 -1 -1 -1 0 
38 7 792 340 44 32 -1 -1 -1 0 
38 10 574 634 697 79 -1 -1 -1 0 
38 17 3 343 91 25 -1 -1 -1 0 
38 18 352 341 33 15 -1 -1 -1 0 
38 19 396 337 34 16 -1 -1 -1 0 
39 1 0 462 202 246 -1 -1 -1 0 
39 4 478 345 67 43 -1 -1 -1 0 
39 5 683 342 31 28 -1 -1 -1 0 
39 7 793 339 43 33 -1 -1 -1 0 
39 10 562 634 716 79 -1 -1 -1 0 
39 17 0 343 43 26 -1 -1 -1 0 
39 18 343 340 35 15 -1 -1 -1 0 
39 19 380 337 38 16 -1 -1 -1 0 
40 1 1 462 202 246 -1 -1 -1 0 
40 4 478 345 68 43 -1 -1 -1 0 
40 5 682 341 34 29 -1 -1 -1 0 
40 7 793 339 44 33 -1 -1 -1 0 
40 10 561 633 717 80 -1 -1 -1 0 
40 17 0 343 12 27 -1 -1 -1 0 
40 18 326 340 41 15 -1 -1 -1 0 
40 19 362 337 42 16 -1 -1 -1 0 
