3 1 0 373 458 212 -1 -1 -1 0 
3 3 887 344 106 51 -1 -1 -1 0 
3 4 666 345 34 28 -1 -1 -1 0 
3 5 328 353 51 21 -1 -1 -1 0 
4 1 0 372 461 204 -1 -1 -1 0 
4 3 890 344 107 52 -1 -1 -1 0 
4 4 665 344 36 29 -1 -1 -1 0 
4 5 301 353 58 22 -1 -1 -1 0 
4 6 444 348 33 19 -1 -1 -1 0 
5 1 5 371 456 200 -1 -1 -1 0 
5 3 891 344 111 53 -1 -1 -1 0 
5 4 665 344 35 29 -1 -1 -1 0 
5 5 269 353 67 22 -1 -1 -1 0 
5 6 430 348 38 20 -1 -1 -1 0 
6 1 18 371 445 195 -1 -1 -1 0 
6 3 894 344 113 54 -1 -1 -1 0 
6 4 664 344 37 29 -1 -1 -1 0 
6 5 235 354 72 24 -1 -1 -1 0 
6 6 416 349 41 19 -1 -1 -1 0 
7 1 34 372 431 190 -1 -1 -1 0 
7 3 897 346 114 53 -1 -1 -1 0 
7 4 665 344 34 29 -1 -1 -1 0 
7 5 191 356 82 29 -1 -1 -1 0 
7 6 399 351 46 20 -1 -1 -1 0 
8 1 49 372 418 186 -1 -1 -1 0 
8 3 899 346 117 54 -1 -1 -1 0 
8 4 664 344 36 29 -1 -1 -1 0 
8 5 136 357 100 34 -1 -1 -1 0 
8 6 380 351 49 23 -1 -1 -1 0 
9 1 65 371 405 183 -1 -1 -1 0 
9 3 901 346 120 54 -1 -1 -1 0 
9 4 664 344 35 29 -1 -1 -1 0 
9 5 68 359 122 38 -1 -1 -1 0 
9 6 359 352 51 23 -1 -1 -1 0 
10 1 78 371 395 180 -1 -1 -1 0 
10 3 904 345 121 56 -1 -1 -1 0 
10 4 664 344 34 29 -1 -1 -1 0 
10 5 4 360 126 42 -1 -1 -1 0 
10 6 334 352 58 23 -1 -1 -1 0 
10 8 558 636 718 78 -1 -1 -1 0 
11 1 91 371 384 177 -1 -1 -1 0 
11 3 907 345 124 56 -1 -1 -1 0 
11 4 663 344 36 30 -1 -1 -1 0 
11 5 0 363 52 41 -1 -1 -1 0 
11 6 304 352 67 23 -1 -1 -1 0 
11 8 557 636 721 77 -1 -1 -1 0 
11 9 380 352 33 20 -1 -1 -1 0 
12 1 104 371 375 173 -1 -1 -1 0 
12 3 910 345 125 57 -1 -1 -1 0 
12 4 663 344 35 30 -1 -1 -1 0 
12 5 0 364 7 44 -1 -1 -1 0 
12 6 270 353 74 25 -1 -1 -1 0 
12 8 558 635 716 78 -1 -1 -1 0 
12 9 361 351 44 22 -1 -1 -1 0 
13 1 115 372 367 168 -1 -1 -1 0 
13 3 914 344 126 59 -1 -1 -1 0 
13 4 663 345 35 29 -1 -1 -1 0 
13 6 228 354 83 30 -1 -1 -1 0 
13 8 558 635 718 78 -1 -1 -1 0 
13 9 350 351 48 23 -1 -1 -1 0 
14 1 129 372 354 166 -1 -1 -1 0 
14 3 915 344 131 60 -1 -1 -1 0 
14 4 664 345 34 29 -1 -1 -1 0 
14 6 171 356 105 33 -1 -1 -1 0 
14 8 557 635 722 78 -1 -1 -1 0 
15 1 139 371 347 167 -1 -1 -1 0 
15 3 918 344 133 60 -1 -1 -1 0 
15 4 663 346 35 29 -1 -1 -1 0 
15 6 99 357 131 38 -1 -1 -1 0 
15 8 559 635 719 78 -1 -1 -1 0 
16 1 148 370 341 165 -1 -1 -1 0 
16 3 920 344 138 61 -1 -1 -1 0 
16 4 663 346 35 28 -1 -1 -1 0 
16 6 11 358 154 42 -1 -1 -1 0 
16 8 560 634 715 80 -1 -1 -1 0 
17 1 158 369 333 162 -1 -1 -1 0 
17 3 924 344 140 62 -1 -1 -1 0 
17 4 663 346 34 28 -1 -1 -1 0 
17 6 1 359 74 44 -1 -1 -1 0 
17 8 560 634 716 80 -1 -1 -1 0 
17 9 400 353 41 17 -1 -1 -1 0 
18 1 167 369 325 159 -1 -1 -1 0 
18 3 928 345 142 63 -1 -1 -1 0 
18 4 661 347 36 27 -1 -1 -1 0 
18 6 0 360 29 46 -1 -1 -1 0 
18 8 557 634 722 80 -1 -1 -1 0 
18 9 397 353 41 17 -1 -1 -1 0 
19 1 175 368 319 156 -1 -1 -1 0 
19 3 931 346 145 64 -1 -1 -1 0 
19 4 660 347 36 28 -1 -1 -1 0 
19 8 555 635 724 79 -1 -1 -1 0 
19 9 389 354 43 17 -1 -1 -1 0 
20 1 183 368 313 153 -1 -1 -1 0 
20 3 934 346 149 65 -1 -1 -1 0 
20 4 659 348 37 27 -1 -1 -1 0 
20 8 555 635 724 79 -1 -1 -1 0 
20 9 378 354 44 16 -1 -1 -1 0 
20 11 237 356 57 26 -1 -1 -1 0 
20 12 4 330 200 71 -1 -1 -1 0 
21 1 191 368 307 151 -1 -1 -1 0 
21 3 936 346 155 66 -1 -1 -1 0 
21 4 659 348 37 27 -1 -1 -1 0 
21 8 562 635 712 80 -1 -1 -1 0 
21 9 368 353 41 17 -1 -1 -1 0 
21 11 210 356 61 29 -1 -1 -1 0 
21 12 0 329 193 73 -1 -1 -1 0 
22 1 200 368 299 148 -1 -1 -1 0 
22 3 941 346 156 67 -1 -1 -1 0 
22 4 659 347 36 28 -1 -1 -1 0 
22 8 562 635 712 80 -1 -1 -1 0 
22 9 354 353 44 17 -1 -1 -1 0 
22 11 180 356 68 31 -1 -1 -1 0 
23 1 208 368 293 147 -1 -1 -1 0 
23 3 945 346 160 69 -1 -1 -1 0 
23 4 659 349 36 27 -1 -1 -1 0 
23 8 561 635 715 80 -1 -1 -1 0 
23 9 340 354 43 18 -1 -1 -1 0 
23 11 144 357 77 34 -1 -1 -1 0 
24 1 215 368 288 144 -1 -1 -1 0 
24 3 948 346 166 70 -1 -1 -1 0 
24 4 658 349 37 27 -1 -1 -1 0 
24 8 558 634 719 82 -1 -1 -1 0 
24 9 322 354 46 21 -1 -1 -1 0 
24 11 104 357 86 37 -1 -1 -1 0 
25 1 221 367 282 144 -1 -1 -1 0 
25 3 952 347 169 71 -1 -1 -1 0 
25 4 659 349 35 27 -1 -1 -1 0 
25 8 555 634 724 80 -1 -1 -1 0 
25 9 300 355 55 23 -1 -1 -1 0 
25 11 56 357 99 41 -1 -1 -1 0 
26 1 226 367 279 141 -1 -1 -1 0 
26 3 956 347 173 72 -1 -1 -1 0 
26 4 659 350 35 27 -1 -1 -1 0 
26 8 561 634 716 80 -1 -1 -1 0 
26 9 278 355 55 26 -1 -1 -1 0 
26 11 5 358 110 43 -1 -1 -1 0 
27 1 232 367 275 140 -1 -1 -1 0 
27 3 961 347 177 74 -1 -1 -1 0 
27 4 659 350 35 27 -1 -1 -1 0 
27 8 562 634 715 80 -1 -1 -1 0 
27 9 250 354 66 28 -1 -1 -1 0 
27 11 0 360 63 42 -1 -1 -1 0 
28 1 238 366 270 140 -1 -1 -1 0 
28 3 964 347 183 76 -1 -1 -1 0 
28 4 658 350 35 27 -1 -1 -1 0 
28 8 559 634 719 80 -1 -1 -1 0 
28 9 217 355 80 29 -1 -1 -1 0 
28 11 0 361 31 44 -1 -1 -1 0 
28 14 424 352 34 17 -1 -1 -1 0 
29 1 244 366 264 138 -1 -1 -1 0 
29 3 968 348 189 76 -1 -1 -1 0 
29 4 658 350 35 27 -1 -1 -1 0 
29 8 559 634 719 79 -1 -1 -1 0 
29 9 183 355 81 31 -1 -1 -1 0 
29 14 417 352 37 17 -1 -1 -1 0 
30 1 249 366 261 137 -1 -1 -1 0 
30 3 973 348 194 78 -1 -1 -1 0 
30 4 657 350 35 28 -1 -1 -1 0 
30 8 560 634 718 79 -1 -1 -1 0 
30 9 139 356 92 33 -1 -1 -1 0 
30 14 408 352 40 17 -1 -1 -1 0 
31 1 253 367 259 134 -1 -1 -1 0 
31 3 978 349 199 80 -1 -1 -1 0 
31 4 657 350 36 28 -1 -1 -1 0 
31 8 561 634 715 79 -1 -1 -1 0 
31 9 86 356 101 37 -1 -1 -1 0 
31 14 399 352 43 16 -1 -1 -1 0 
32 1 258 367 254 132 -1 -1 -1 0 
32 3 981 349 207 81 -1 -1 -1 0 
32 4 656 350 36 28 -1 -1 -1 0 
32 8 562 634 714 79 -1 -1 -1 0 
32 9 14 356 126 41 -1 -1 -1 0 
32 14 390 353 45 15 -1 -1 -1 0 
32 17 317 357 35 16 -1 -1 -1 0 
32 18 456 353 19 12 -1 -1 -1 0 
33 1 264 367 248 129 -1 -1 -1 0 
33 3 986 350 213 82 -1 -1 -1 0 
33 4 656 350 36 27 -1 -1 -1 0 
33 9 0 357 80 42 -1 -1 -1 0 
33 12 81 357 104 34 -1 -1 -1 0 
33 14 382 351 45 17 -1 -1 -1 0 
33 17 302 356 38 17 -1 -1 -1 0 
33 18 451 351 20 13 -1 -1 -1 0 
34 1 268 367 246 128 -1 -1 -1 0 
34 3 992 350 218 85 -1 -1 -1 0 
34 4 656 351 36 27 -1 -1 -1 0 
34 9 0 357 46 44 -1 -1 -1 0 
34 12 48 360 117 34 -1 -1 -1 0 
34 14 372 351 49 17 -1 -1 -1 0 
34 17 287 356 39 18 -1 -1 -1 0 
34 18 446 351 21 14 -1 -1 -1 0 
35 1 273 367 242 126 -1 -1 -1 0 
35 3 997 351 227 86 -1 -1 -1 0 
35 4 656 351 35 27 -1 -1 -1 0 
35 12 18 361 104 36 -1 -1 -1 0 
35 14 364 351 49 17 -1 -1 -1 0 
35 17 270 356 42 19 -1 -1 -1 0 
35 18 441 351 20 14 -1 -1 -1 0 
36 1 278 366 237 126 -1 -1 -1 0 
36 3 1000 351 237 88 -1 -1 -1 0 
36 4 656 350 35 27 -1 -1 -1 0 
36 12 18 362 101 35 -1 -1 -1 0 
36 14 355 350 49 19 -1 -1 -1 0 
36 17 250 355 46 20 -1 -1 -1 0 
36 18 435 350 21 15 -1 -1 -1 0 
37 1 282 365 234 127 -1 -1 -1 0 
37 3 1007 351 243 89 -1 -1 -1 0 
37 4 655 350 36 27 -1 -1 -1 0 
37 8 558 634 719 79 -1 -1 -1 0 
37 14 345 350 49 20 -1 -1 -1 0 
37 17 231 353 49 23 -1 -1 -1 0 
37 18 429 351 22 14 -1 -1 -1 0 
38 1 286 364 231 126 -1 -1 -1 0 
38 3 1012 350 252 92 -1 -1 -1 0 
38 4 655 350 36 27 -1 -1 -1 0 
38 8 558 633 719 80 -1 -1 -1 0 
38 14 334 349 49 21 -1 -1 -1 0 
38 17 210 353 53 24 -1 -1 -1 0 
38 18 422 351 23 14 -1 -1 -1 0 
39 1 290 364 230 125 -1 -1 -1 0 
39 3 1018 351 260 94 -1 -1 -1 0 
39 4 655 350 36 27 -1 -1 -1 0 
39 8 558 634 719 79 -1 -1 -1 0 
39 14 319 349 54 23 -1 -1 -1 0 
39 17 182 355 62 24 -1 -1 -1 0 
39 18 416 350 23 15 -1 -1 -1 0 
40 1 293 364 229 123 -1 -1 -1 0 
40 3 1026 352 253 95 -1 -1 -1 0 
40 4 655 350 36 26 -1 -1 -1 0 
40 8 559 634 719 79 -1 -1 -1 0 
40 14 306 348 55 24 -1 -1 -1 0 
40 17 154 355 66 25 -1 -1 -1 0 
40 18 406 350 27 15 -1 -1 -1 0 
