3 1 672 343 83 67 -1 -1 -1 0 
3 2 282 323 71 38 -1 -1 -1 0 
3 3 447 317 56 33 -1 -1 -1 0 
3 4 723 311 41 36 -1 -1 -1 0 
3 5 560 638 716 78 -1 -1 -1 0 
4 1 674 341 83 65 -1 -1 -1 0 
4 2 242 322 91 39 -1 -1 -1 0 
4 3 432 317 61 33 -1 -1 -1 0 
4 4 725 307 39 38 -1 -1 -1 0 
4 5 560 637 715 79 -1 -1 -1 0 
4 7 530 326 37 17 -1 -1 -1 0 
5 1 677 340 81 65 -1 -1 -1 0 
5 2 201 324 108 44 -1 -1 -1 0 
5 3 419 319 61 33 -1 -1 -1 0 
5 4 727 306 38 38 -1 -1 -1 0 
5 5 560 636 715 80 -1 -1 -1 0 
5 7 522 328 37 16 -1 -1 -1 0 
6 1 678 339 83 65 -1 -1 -1 0 
6 2 152 327 133 46 -1 -1 -1 0 
6 3 402 319 66 35 -1 -1 -1 0 
6 4 727 306 40 38 -1 -1 -1 0 
6 5 561 634 713 82 -1 -1 -1 0 
6 7 516 328 37 16 -1 -1 -1 0 
7 1 679 340 84 64 -1 -1 -1 0 
7 2 99 330 159 49 -1 -1 -1 0 
7 3 385 321 70 36 -1 -1 -1 0 
7 4 727 307 41 38 -1 -1 -1 0 
7 5 557 635 721 81 -1 -1 -1 0 
7 9 635 326 24 10 -1 -1 -1 0 
8 1 682 340 81 64 -1 -1 -1 0 
8 2 31 332 158 54 -1 -1 -1 0 
8 3 366 322 75 37 -1 -1 -1 0 
8 4 727 309 42 36 -1 -1 -1 0 
8 5 561 635 715 81 -1 -1 -1 0 
8 7 545 335 28 11 -1 -1 -1 0 
8 9 516 336 35 12 -1 -1 -1 0 
9 1 683 342 81 64 -1 -1 -1 0 
9 2 0 334 130 56 -1 -1 -1 0 
9 3 343 324 82 39 -1 -1 -1 0 
9 4 727 311 42 36 -1 -1 -1 0 
9 5 563 635 712 81 -1 -1 -1 0 
9 7 541 337 29 11 -1 -1 -1 0 
9 9 471 340 36 13 -1 -1 -1 0 
10 1 684 342 80 64 -1 -1 -1 0 
10 2 0 336 63 57 -1 -1 -1 0 
10 3 318 325 89 40 -1 -1 -1 0 
10 4 730 312 39 37 -1 -1 -1 0 
10 5 558 635 720 81 -1 -1 -1 0 
10 7 531 340 30 10 -1 -1 -1 0 
10 9 428 344 38 14 -1 -1 -1 0 
11 1 684 344 80 62 -1 -1 -1 0 
11 2 0 337 22 60 -1 -1 -1 0 
11 3 291 325 98 44 -1 -1 -1 0 
11 4 729 312 40 38 -1 -1 -1 0 
11 5 556 636 723 79 -1 -1 -1 0 
11 7 521 341 28 11 -1 -1 -1 0 
12 1 684 344 80 62 -1 -1 -1 0 
12 3 259 324 111 46 -1 -1 -1 0 
12 4 730 314 38 36 -1 -1 -1 0 
12 5 558 636 719 79 -1 -1 -1 0 
12 7 580 335 25 12 -1 -1 -1 0 
12 9 422 345 39 15 -1 -1 -1 0 
13 1 685 344 79 62 -1 -1 -1 0 
13 3 222 324 119 49 -1 -1 -1 0 
13 4 730 314 39 37 -1 -1 -1 0 
13 5 562 636 712 79 -1 -1 -1 0 
13 7 519 340 35 11 -1 -1 -1 0 
13 9 380 348 60 13 -1 -1 -1 0 
14 1 685 345 78 61 -1 -1 -1 0 
14 3 176 323 136 52 -1 -1 -1 0 
14 5 563 635 709 80 -1 -1 -1 0 
14 7 486 341 34 12 -1 -1 -1 0 
14 9 351 350 59 14 -1 -1 -1 0 
15 1 684 344 78 61 -1 -1 -1 0 
15 3 129 323 151 54 -1 -1 -1 0 
15 5 560 635 715 80 -1 -1 -1 0 
15 7 459 343 38 12 -1 -1 -1 0 
15 9 314 351 68 16 -1 -1 -1 0 
16 1 684 344 77 60 -1 -1 -1 0 
16 3 59 323 183 59 -1 -1 -1 0 
16 5 557 636 722 80 -1 -1 -1 0 
16 7 439 345 39 12 -1 -1 -1 0 
16 9 275 354 77 16 -1 -1 -1 0 
17 1 683 344 77 59 -1 -1 -1 0 
17 3 6 323 188 64 -1 -1 -1 0 
17 5 561 636 714 80 -1 -1 -1 0 
17 7 417 346 41 12 -1 -1 -1 0 
17 9 227 357 84 17 -1 -1 -1 0 
18 1 682 344 78 59 -1 -1 -1 0 
18 3 0 323 140 68 -1 -1 -1 0 
18 5 559 636 718 79 -1 -1 -1 0 
18 7 388 348 49 14 -1 -1 -1 0 
18 9 202 360 63 18 -1 -1 -1 0 
19 1 682 345 76 58 -1 -1 -1 0 
19 3 0 323 78 73 -1 -1 -1 0 
19 5 558 636 719 79 -1 -1 -1 0 
19 7 357 351 56 14 -1 -1 -1 0 
19 9 168 363 66 18 -1 -1 -1 0 
20 1 682 345 75 59 -1 -1 -1 0 
20 3 0 323 41 75 -1 -1 -1 0 
20 5 558 635 719 80 -1 -1 -1 0 
20 7 340 352 59 15 -1 -1 -1 0 
20 24 62 357 86 27 -1 -1 -1 0 
21 1 681 346 74 58 -1 -1 -1 0 
21 5 558 635 718 79 -1 -1 -1 0 
21 24 39 357 84 26 -1 -1 -1 0 
22 1 680 347 74 57 -1 -1 -1 0 
22 5 559 636 717 78 -1 -1 -1 0 
23 1 679 348 74 56 -1 -1 -1 0 
23 5 560 636 715 78 -1 -1 -1 0 
24 1 679 349 72 56 -1 -1 -1 0 
24 5 562 636 712 79 -1 -1 -1 0 
24 9 100 365 103 21 -1 -1 -1 0 
25 1 678 349 72 56 -1 -1 -1 0 
25 4 718 316 41 41 -1 -1 -1 0 
25 5 565 634 706 81 -1 -1 -1 0 
25 9 88 356 98 30 -1 -1 -1 0 
26 1 677 349 72 56 -1 -1 -1 0 
26 4 714 316 44 42 -1 -1 -1 0 
26 5 553 635 726 80 -1 -1 -1 0 
26 9 69 357 102 31 -1 -1 -1 0 
27 1 677 348 70 57 -1 -1 -1 0 
27 4 714 315 43 42 -1 -1 -1 0 
27 5 560 636 717 79 -1 -1 -1 0 
27 7 507 342 26 14 -1 -1 -1 0 
27 32 7 356 87 42 -1 -1 -1 0 
28 1 675 348 73 56 -1 -1 -1 0 
28 4 715 315 42 42 -1 -1 -1 0 
28 5 561 636 713 79 -1 -1 -1 0 
28 7 510 342 24 14 -1 -1 -1 0 
28 32 0 354 88 46 -1 -1 -1 0 
29 1 676 348 70 56 -1 -1 -1 0 
29 4 716 314 41 43 -1 -1 -1 0 
29 5 562 636 712 79 -1 -1 -1 0 
29 7 504 344 27 12 -1 -1 -1 0 
30 1 675 348 71 54 -1 -1 -1 0 
30 4 717 314 40 42 -1 -1 -1 0 
30 5 560 636 717 79 -1 -1 -1 0 
30 7 496 343 28 14 -1 -1 -1 0 
31 1 675 348 70 54 -1 -1 -1 0 
31 4 717 313 39 43 -1 -1 -1 0 
31 5 561 636 714 79 -1 -1 -1 0 
31 7 488 344 28 13 -1 -1 -1 0 
32 1 675 348 69 53 -1 -1 -1 0 
32 4 716 313 40 43 -1 -1 -1 0 
32 5 567 632 701 83 -1 -1 -1 0 
32 7 482 344 24 14 -1 -1 -1 0 
32 34 351 351 54 17 -1 -1 -1 0 
33 1 675 348 68 52 -1 -1 -1 0 
33 4 718 313 39 43 -1 -1 -1 0 
33 5 553 634 726 81 -1 -1 -1 0 
33 7 470 345 30 13 -1 -1 -1 0 
33 34 325 352 61 18 -1 -1 -1 0 
34 1 676 348 66 51 -1 -1 -1 0 
34 4 718 313 39 43 -1 -1 -1 0 
34 5 558 634 720 81 -1 -1 -1 0 
34 7 459 346 31 13 -1 -1 -1 0 
34 34 295 352 67 20 -1 -1 -1 0 
35 1 675 348 67 51 -1 -1 -1 0 
35 5 560 636 719 79 -1 -1 -1 0 
35 7 450 346 30 14 -1 -1 -1 0 
35 34 256 353 78 23 -1 -1 -1 0 
36 1 676 347 65 52 -1 -1 -1 0 
36 5 563 636 711 79 -1 -1 -1 0 
36 7 438 347 32 14 -1 -1 -1 0 
36 34 234 354 72 25 -1 -1 -1 0 
36 35 554 339 30 13 -1 -1 -1 0 
37 1 675 347 66 52 -1 -1 -1 0 
37 5 557 636 720 79 -1 -1 -1 0 
37 7 426 348 36 14 -1 -1 -1 0 
37 34 176 356 101 27 -1 -1 -1 0 
37 35 550 338 31 15 -1 -1 -1 0 
38 1 675 347 66 51 -1 -1 -1 0 
38 5 557 636 720 79 -1 -1 -1 0 
38 7 417 349 33 15 -1 -1 -1 0 
38 34 121 357 109 31 -1 -1 -1 0 
39 1 676 347 64 52 -1 -1 -1 0 
39 5 561 636 714 79 -1 -1 -1 0 
39 7 404 350 36 15 -1 -1 -1 0 
39 34 86 361 96 32 -1 -1 -1 0 
40 1 675 348 65 51 -1 -1 -1 0 
40 5 563 635 710 80 -1 -1 -1 0 
40 7 391 351 38 15 -1 -1 -1 0 
40 34 6 364 118 34 -1 -1 -1 0 
40 35 529 342 29 13 -1 -1 -1 0 
