3 2 288 348 52 28 -1 -1 -1 0 
3 3 587 337 47 43 -1 -1 -1 0 
3 4 675 348 29 22 -1 -1 -1 0 
4 2 262 349 57 30 -1 -1 -1 0 
4 3 587 337 48 43 -1 -1 -1 0 
4 4 675 348 29 22 -1 -1 -1 0 
5 2 231 350 65 31 -1 -1 -1 0 
5 3 588 337 47 42 -1 -1 -1 0 
5 4 676 348 27 22 -1 -1 -1 0 
6 2 199 351 70 32 -1 -1 -1 0 
6 3 588 337 48 42 -1 -1 -1 0 
6 4 675 348 30 21 -1 -1 -1 0 
7 2 161 352 78 33 -1 -1 -1 0 
7 3 589 336 48 43 -1 -1 -1 0 
7 4 676 347 28 22 -1 -1 -1 0 
8 2 110 353 92 36 -1 -1 -1 0 
8 3 589 336 48 42 -1 -1 -1 0 
8 4 675 347 30 22 -1 -1 -1 0 
9 2 51 354 110 39 -1 -1 -1 0 
9 3 590 336 47 42 -1 -1 -1 0 
9 4 675 347 30 22 -1 -1 -1 0 
10 2 3 355 100 43 -1 -1 -1 0 
10 3 590 336 48 41 -1 -1 -1 0 
10 4 676 348 29 21 -1 -1 -1 0 
11 2 0 355 36 45 -1 -1 -1 0 
11 3 591 336 48 41 -1 -1 -1 0 
11 4 676 348 29 21 -1 -1 -1 0 
12 2 0 356 -3 47 -1 -1 -1 0 
12 3 592 336 48 41 -1 -1 -1 0 
12 4 676 348 28 21 -1 -1 -1 0 
12 10 593 336 46 41 -1 -1 -1 0 
13 3 593 336 46 41 -1 -1 -1 0 
13 4 676 347 28 23 -1 -1 -1 0 
13 10 593 335 47 42 -1 -1 -1 0 
14 3 593 336 46 41 -1 -1 -1 0 
14 4 676 347 28 23 -1 -1 -1 0 
14 10 593 336 47 42 -1 -1 -1 0 
15 3 593 337 46 41 -1 -1 -1 0 
15 4 675 347 30 23 -1 -1 -1 0 
15 10 593 337 47 41 -1 -1 -1 0 
16 3 593 338 48 40 -1 -1 -1 0 
16 4 676 347 29 23 -1 -1 -1 0 
16 10 594 337 47 41 -1 -1 -1 0 
17 3 594 338 47 40 -1 -1 -1 0 
17 4 676 348 29 23 -1 -1 -1 0 
17 10 594 338 46 41 -1 -1 -1 0 
18 3 594 338 47 40 -1 -1 -1 0 
18 4 676 348 30 23 -1 -1 -1 0 
18 10 595 338 46 41 -1 -1 -1 0 
19 3 596 338 45 40 -1 -1 -1 0 
19 4 676 348 30 22 -1 -1 -1 0 
20 3 595 337 47 40 -1 -1 -1 0 
20 4 677 347 28 23 -1 -1 -1 0 
21 3 595 337 48 40 -1 -1 -1 0 
21 4 676 347 30 23 -1 -1 -1 0 
21 10 595 338 47 40 -1 -1 -1 0 
22 3 597 337 45 39 -1 -1 -1 0 
22 4 677 347 28 23 -1 -1 -1 0 
22 10 596 338 46 39 -1 -1 -1 0 
23 3 597 337 45 39 -1 -1 -1 0 
23 4 677 347 29 23 -1 -1 -1 0 
23 10 597 338 45 39 -1 -1 -1 0 
24 3 596 337 47 39 -1 -1 -1 0 
24 4 677 346 29 23 -1 -1 -1 0 
25 3 597 337 46 39 -1 -1 -1 0 
25 4 676 347 31 22 -1 -1 -1 0 
26 3 597 338 46 37 -1 -1 -1 0 
26 4 676 347 31 22 -1 -1 -1 0 
27 3 598 338 45 38 -1 -1 -1 0 
27 4 676 348 31 22 -1 -1 -1 0 
27 13 400 345 45 18 -1 -1 -1 0 
28 3 599 339 44 37 -1 -1 -1 0 
28 4 677 348 30 22 -1 -1 -1 0 
28 13 388 346 48 18 -1 -1 -1 0 
29 3 599 339 44 37 -1 -1 -1 0 
29 4 677 348 30 22 -1 -1 -1 0 
29 13 376 346 49 19 -1 -1 -1 0 
30 3 600 340 42 36 -1 -1 -1 0 
30 4 677 349 29 22 -1 -1 -1 0 
30 13 364 346 50 21 -1 -1 -1 0 
31 3 600 340 43 36 -1 -1 -1 0 
31 4 677 349 29 22 -1 -1 -1 0 
31 13 349 347 57 21 -1 -1 -1 0 
32 3 600 340 43 36 -1 -1 -1 0 
32 4 677 349 29 23 -1 -1 -1 0 
32 13 335 347 56 22 -1 -1 -1 0 
33 3 601 340 43 36 -1 -1 -1 0 
33 13 318 347 57 24 -1 -1 -1 0 
34 3 601 340 43 35 -1 -1 -1 0 
34 4 676 349 30 23 -1 -1 -1 0 
34 13 301 347 56 25 -1 -1 -1 0 
35 3 601 340 43 35 -1 -1 -1 0 
35 4 676 349 31 23 -1 -1 -1 0 
35 13 281 347 57 27 -1 -1 -1 0 
36 3 602 339 43 36 -1 -1 -1 0 
36 4 676 349 31 22 -1 -1 -1 0 
36 13 257 348 60 28 -1 -1 -1 0 
37 3 603 337 41 38 -1 -1 -1 0 
37 4 677 347 29 24 -1 -1 -1 0 
37 13 229 349 66 30 -1 -1 -1 0 
38 3 602 337 44 38 -1 -1 -1 0 
38 4 677 347 29 24 -1 -1 -1 0 
38 13 196 350 75 32 -1 -1 -1 0 
39 3 603 337 43 38 -1 -1 -1 0 
39 13 156 351 84 34 -1 -1 -1 0 
40 3 602 337 45 38 -1 -1 -1 0 
40 4 677 347 29 24 -1 -1 -1 0 
40 13 107 351 102 38 -1 -1 -1 0 
