3 1 226 361 97 33 -1 -1 -1 0 
3 2 588 347 48 37 -1 -1 -1 0 
3 3 673 345 56 49 -1 -1 -1 0 
3 4 712 307 43 57 -1 -1 -1 0 
3 5 404 347 62 27 -1 -1 -1 0 
3 6 848 337 77 47 -1 -1 -1 0 
3 7 627 346 23 19 -1 -1 -1 0 
4 1 171 363 115 39 -1 -1 -1 0 
4 2 589 347 47 36 -1 -1 -1 0 
4 3 671 345 58 49 -1 -1 -1 0 
4 4 712 307 43 57 -1 -1 -1 0 
4 5 378 348 69 29 -1 -1 -1 0 
4 6 847 337 77 48 -1 -1 -1 0 
4 7 628 346 23 18 -1 -1 -1 0 
5 1 96 365 155 43 -1 -1 -1 0 
5 2 590 347 47 36 -1 -1 -1 0 
5 3 672 346 56 48 -1 -1 -1 0 
5 4 711 307 44 57 -1 -1 -1 0 
5 5 347 349 76 31 -1 -1 -1 0 
5 6 847 336 76 49 -1 -1 -1 0 
5 7 629 345 22 18 -1 -1 -1 0 
6 1 15 369 161 47 -1 -1 -1 0 
6 2 591 347 46 35 -1 -1 -1 0 
6 3 672 346 56 47 -1 -1 -1 0 
6 4 710 307 45 56 -1 -1 -1 0 
6 5 309 349 89 35 -1 -1 -1 0 
6 6 846 336 76 48 -1 -1 -1 0 
6 7 630 345 20 18 -1 -1 -1 0 
6 11 559 635 719 80 -1 -1 -1 0 
7 1 0 370 103 48 -1 -1 -1 0 
7 2 592 346 45 36 -1 -1 -1 0 
7 3 672 345 56 49 -1 -1 -1 0 
7 4 710 307 45 56 -1 -1 -1 0 
7 5 260 351 107 38 -1 -1 -1 0 
7 6 844 335 77 48 -1 -1 -1 0 
7 7 630 345 20 18 -1 -1 -1 0 
7 11 563 635 712 80 -1 -1 -1 0 
8 1 0 373 90 46 -1 -1 -1 0 
8 2 592 345 46 36 -1 -1 -1 0 
8 3 671 345 58 49 -1 -1 -1 0 
8 4 710 306 44 56 -1 -1 -1 0 
8 5 198 352 130 43 -1 -1 -1 0 
8 6 844 335 78 48 -1 -1 -1 0 
8 7 630 345 21 18 -1 -1 -1 0 
8 11 559 635 718 80 -1 -1 -1 0 
9 1 0 375 69 49 -1 -1 -1 0 
9 2 594 345 44 36 -1 -1 -1 0 
9 3 671 346 57 48 -1 -1 -1 0 
9 4 711 306 43 56 -1 -1 -1 0 
9 5 111 354 165 50 -1 -1 -1 0 
9 6 844 335 75 47 -1 -1 -1 0 
9 7 632 345 19 18 -1 -1 -1 0 
9 11 559 635 718 80 -1 -1 -1 0 
10 2 596 342 43 38 -1 -1 -1 0 
10 3 672 344 56 49 -1 -1 -1 0 
10 4 710 306 45 56 -1 -1 -1 0 
10 5 14 356 189 59 -1 -1 -1 0 
10 6 843 335 76 47 -1 -1 -1 0 
10 7 632 345 19 18 -1 -1 -1 0 
10 11 560 636 718 79 -1 -1 -1 0 
10 18 267 359 77 29 -1 -1 -1 0 
11 2 596 342 44 37 -1 -1 -1 0 
11 3 672 343 56 50 -1 -1 -1 0 
11 4 709 305 46 57 -1 -1 -1 0 
11 5 0 357 102 61 -1 -1 -1 0 
11 6 843 335 75 46 -1 -1 -1 0 
11 7 633 345 17 18 -1 -1 -1 0 
11 11 563 636 713 79 -1 -1 -1 0 
11 18 220 360 93 32 -1 -1 -1 0 
12 2 597 344 44 35 -1 -1 -1 0 
12 3 671 343 57 49 -1 -1 -1 0 
12 4 709 305 46 57 -1 -1 -1 0 
12 5 0 359 49 64 -1 -1 -1 0 
12 6 842 335 74 45 -1 -1 -1 0 
12 7 633 344 17 18 -1 -1 -1 0 
12 11 560 635 716 80 -1 -1 -1 0 
12 18 161 363 114 35 -1 -1 -1 0 
13 2 598 343 43 35 -1 -1 -1 0 
13 3 670 344 58 48 -1 -1 -1 0 
13 4 709 305 46 57 -1 -1 -1 0 
13 6 842 334 73 47 -1 -1 -1 0 
13 7 633 344 17 17 -1 -1 -1 0 
13 11 563 635 714 81 -1 -1 -1 0 
13 18 90 365 137 41 -1 -1 -1 0 
13 20 412 350 48 21 -1 -1 -1 0 
14 2 599 344 43 34 -1 -1 -1 0 
14 3 671 342 56 50 -1 -1 -1 0 
14 4 708 305 47 57 -1 -1 -1 0 
14 6 841 334 74 47 -1 -1 -1 0 
14 11 570 635 705 81 -1 -1 -1 0 
14 18 7 368 156 46 -1 -1 -1 0 
14 20 385 351 61 22 -1 -1 -1 0 
15 2 600 344 42 33 -1 -1 -1 0 
15 3 671 341 55 51 -1 -1 -1 0 
15 4 709 305 45 57 -1 -1 -1 0 
15 6 840 333 74 47 -1 -1 -1 0 
15 11 565 635 713 80 -1 -1 -1 0 
15 18 0 370 117 49 -1 -1 -1 0 
15 20 354 353 69 24 -1 -1 -1 0 
16 2 602 344 40 33 -1 -1 -1 0 
16 3 670 341 57 51 -1 -1 -1 0 
16 4 708 304 47 58 -1 -1 -1 0 
16 6 839 333 74 47 -1 -1 -1 0 
16 11 562 635 716 80 -1 -1 -1 0 
16 20 314 354 84 26 -1 -1 -1 0 
17 2 602 345 42 32 -1 -1 -1 0 
17 3 668 343 59 49 -1 -1 -1 0 
17 4 711 305 43 57 -1 -1 -1 0 
17 6 838 333 74 48 -1 -1 -1 0 
17 11 564 634 712 81 -1 -1 -1 0 
17 20 267 357 94 30 -1 -1 -1 0 
18 2 603 345 41 32 -1 -1 -1 0 
18 3 668 345 58 48 -1 -1 -1 0 
18 4 710 305 45 58 -1 -1 -1 0 
18 6 838 333 74 48 -1 -1 -1 0 
18 11 566 634 708 80 -1 -1 -1 0 
18 20 205 359 115 35 -1 -1 -1 0 
19 2 604 345 42 32 -1 -1 -1 0 
19 3 668 344 57 49 -1 -1 -1 0 
19 4 710 305 45 58 -1 -1 -1 0 
19 6 837 333 74 48 -1 -1 -1 0 
19 11 568 634 709 80 -1 -1 -1 0 
19 20 112 362 156 41 -1 -1 -1 0 
19 21 339 351 52 28 -1 -1 -1 0 
20 2 606 345 40 32 -1 -1 -1 0 
20 3 667 345 59 48 -1 -1 -1 0 
20 4 710 305 44 58 -1 -1 -1 0 
20 6 836 334 75 47 -1 -1 -1 0 
20 11 561 635 717 80 -1 -1 -1 0 
20 20 12 367 175 46 -1 -1 -1 0 
20 21 319 352 56 29 -1 -1 -1 0 
21 2 608 345 38 32 -1 -1 -1 0 
21 3 667 343 57 50 -1 -1 -1 0 
21 4 710 305 44 59 -1 -1 -1 0 
21 6 836 334 73 46 -1 -1 -1 0 
21 11 564 635 712 80 -1 -1 -1 0 
21 20 0 372 87 42 -1 -1 -1 0 
21 21 297 352 62 31 -1 -1 -1 0 
22 2 608 345 40 31 -1 -1 -1 0 
22 3 666 341 59 52 -1 -1 -1 0 
22 4 709 305 46 59 -1 -1 -1 0 
22 6 835 334 75 46 -1 -1 -1 0 
22 11 560 635 717 80 -1 -1 -1 0 
22 20 0 375 32 43 -1 -1 -1 0 
22 21 274 352 67 34 -1 -1 -1 0 
23 2 609 343 40 32 -1 -1 -1 0 
23 3 666 341 59 52 -1 -1 -1 0 
23 4 709 304 46 59 -1 -1 -1 0 
23 6 835 334 74 45 -1 -1 -1 0 
23 11 558 635 719 80 -1 -1 -1 0 
23 21 246 353 76 35 -1 -1 -1 0 
24 2 610 343 40 32 -1 -1 -1 0 
24 3 667 340 57 53 -1 -1 -1 0 
24 4 708 304 47 59 -1 -1 -1 0 
24 6 834 335 74 45 -1 -1 -1 0 
24 11 559 635 717 80 -1 -1 -1 0 
24 21 216 354 83 38 -1 -1 -1 0 
25 2 611 341 40 33 -1 -1 -1 0 
25 3 665 340 59 53 -1 -1 -1 0 
25 4 709 304 45 59 -1 -1 -1 0 
25 6 833 335 74 45 -1 -1 -1 0 
25 11 566 635 710 80 -1 -1 -1 0 
25 21 181 353 92 42 -1 -1 -1 0 
26 2 612 341 39 33 -1 -1 -1 0 
26 3 664 341 60 52 -1 -1 -1 0 
26 4 708 304 47 59 -1 -1 -1 0 
26 6 832 335 75 45 -1 -1 -1 0 
26 11 560 635 718 80 -1 -1 -1 0 
26 21 139 355 106 45 -1 -1 -1 0 
27 2 612 342 40 32 -1 -1 -1 0 
27 3 664 341 59 52 -1 -1 -1 0 
27 4 708 303 46 60 -1 -1 -1 0 
27 6 832 335 73 44 -1 -1 -1 0 
27 11 560 635 718 80 -1 -1 -1 0 
27 21 86 357 125 47 -1 -1 -1 0 
28 2 614 342 38 33 -1 -1 -1 0 
28 3 664 340 59 54 -1 -1 -1 0 
28 4 708 303 45 60 -1 -1 -1 0 
28 6 832 336 70 44 -1 -1 -1 0 
28 11 561 635 717 80 -1 -1 -1 0 
28 21 21 360 148 51 -1 -1 -1 0 
29 2 615 343 38 32 -1 -1 -1 0 
29 3 663 343 61 52 -1 -1 -1 0 
29 4 708 304 46 59 -1 -1 -1 0 
29 6 831 336 70 44 -1 -1 -1 0 
29 11 558 636 720 79 -1 -1 -1 0 
29 21 0 363 118 53 -1 -1 -1 0 
30 2 616 344 38 31 -1 -1 -1 0 
30 3 663 345 61 50 -1 -1 -1 0 
30 4 708 304 46 59 -1 -1 -1 0 
30 6 830 336 71 44 -1 -1 -1 0 
30 11 557 636 720 79 -1 -1 -1 0 
30 21 0 370 63 48 -1 -1 -1 0 
31 2 617 345 37 30 -1 -1 -1 0 
31 3 664 345 58 50 -1 -1 -1 0 
31 4 707 304 47 60 -1 -1 -1 0 
31 6 830 336 71 44 -1 -1 -1 0 
31 11 558 636 721 78 -1 -1 -1 0 
31 21 0 372 30 49 -1 -1 -1 0 
32 2 618 345 36 30 -1 -1 -1 0 
32 3 665 344 58 52 -1 -1 -1 0 
32 4 708 304 46 60 -1 -1 -1 0 
32 6 829 336 72 44 -1 -1 -1 0 
32 11 562 636 712 78 -1 -1 -1 0 
33 2 620 346 34 29 -1 -1 -1 0 
33 3 664 344 59 52 -1 -1 -1 0 
33 4 708 304 45 60 -1 -1 -1 0 
33 6 829 336 71 44 -1 -1 -1 0 
33 11 561 636 715 78 -1 -1 -1 0 
34 2 621 346 33 29 -1 -1 -1 0 
34 3 664 344 57 52 -1 -1 -1 0 
34 4 708 304 45 60 -1 -1 -1 0 
34 6 829 335 70 45 -1 -1 -1 0 
34 11 559 635 716 79 -1 -1 -1 0 
35 2 621 345 33 30 -1 -1 -1 0 
35 3 663 344 59 53 -1 -1 -1 0 
35 4 708 304 46 61 -1 -1 -1 0 
35 6 828 335 71 45 -1 -1 -1 0 
35 11 553 635 726 79 -1 -1 -1 0 
36 2 621 345 35 29 -1 -1 -1 0 
36 3 663 343 58 54 -1 -1 -1 0 
36 4 709 304 44 61 -1 -1 -1 0 
36 6 827 335 71 45 -1 -1 -1 0 
36 11 560 635 714 79 -1 -1 -1 0 
37 2 622 346 34 28 -1 -1 -1 0 
37 3 662 343 59 54 -1 -1 -1 0 
37 4 709 304 45 61 -1 -1 -1 0 
37 6 827 334 70 46 -1 -1 -1 0 
37 7 433 355 24 14 -1 -1 -1 0 
37 11 558 635 719 79 -1 -1 -1 0 
38 2 623 346 33 27 -1 -1 -1 0 
38 3 661 343 61 54 -1 -1 -1 0 
38 4 710 304 43 61 -1 -1 -1 0 
38 6 825 335 72 44 -1 -1 -1 0 
38 7 422 356 31 14 -1 -1 -1 0 
38 11 561 635 717 79 -1 -1 -1 0 
39 2 625 345 32 28 -1 -1 -1 0 
39 3 661 343 61 54 -1 -1 -1 0 
39 4 709 304 45 61 -1 -1 -1 0 
39 6 825 335 71 44 -1 -1 -1 0 
39 7 414 355 27 15 -1 -1 -1 0 
39 11 562 635 714 79 -1 -1 -1 0 
40 2 625 344 33 28 -1 -1 -1 0 
40 3 661 341 60 56 -1 -1 -1 0 
40 4 709 303 45 62 -1 -1 -1 0 
40 6 825 335 72 44 -1 -1 -1 0 
40 7 403 355 30 16 -1 -1 -1 0 
40 11 558 635 720 79 -1 -1 -1 0 
