3 1 804 345 98 60 -1 -1 -1 0 
3 2 671 335 20 17 -1 -1 -1 0 
3 3 713 320 51 44 -1 -1 -1 0 
3 4 353 341 55 24 -1 -1 -1 0 
3 5 643 334 15 12 -1 -1 -1 0 
4 1 804 345 99 61 -1 -1 -1 0 
4 2 672 336 18 17 -1 -1 -1 0 
4 3 713 320 50 44 -1 -1 -1 0 
4 4 334 342 53 28 -1 -1 -1 0 
4 5 643 334 15 12 -1 -1 -1 0 
4 6 558 635 717 79 -1 -1 -1 0 
5 1 804 346 101 61 -1 -1 -1 0 
5 2 672 336 18 17 -1 -1 -1 0 
5 3 713 320 51 45 -1 -1 -1 0 
5 4 311 344 61 29 -1 -1 -1 0 
5 6 557 635 719 79 -1 -1 -1 0 
6 1 805 344 101 62 -1 -1 -1 0 
6 2 671 336 20 17 -1 -1 -1 0 
6 3 712 319 52 44 -1 -1 -1 0 
6 4 288 345 66 28 -1 -1 -1 0 
6 5 643 334 14 12 -1 -1 -1 0 
6 6 557 634 720 80 -1 -1 -1 0 
7 1 806 343 100 63 -1 -1 -1 0 
7 2 672 334 18 18 -1 -1 -1 0 
7 3 712 319 52 43 -1 -1 -1 0 
7 4 265 344 66 33 -1 -1 -1 0 
7 5 644 333 14 12 -1 -1 -1 0 
7 6 558 634 717 79 -1 -1 -1 0 
8 1 806 343 101 63 -1 -1 -1 0 
8 2 671 334 20 17 -1 -1 -1 0 
8 3 713 318 50 44 -1 -1 -1 0 
8 4 232 345 79 35 -1 -1 -1 0 
8 5 644 333 14 12 -1 -1 -1 0 
8 6 556 634 721 80 -1 -1 -1 0 
9 1 807 342 101 64 -1 -1 -1 0 
9 2 671 334 20 17 -1 -1 -1 0 
9 3 713 317 50 44 -1 -1 -1 0 
9 4 197 345 90 39 -1 -1 -1 0 
9 6 558 634 718 80 -1 -1 -1 0 
10 1 807 342 104 64 -1 -1 -1 0 
10 2 672 333 18 17 -1 -1 -1 0 
10 3 712 316 52 45 -1 -1 -1 0 
10 4 153 347 106 38 -1 -1 -1 0 
10 6 556 634 721 81 -1 -1 -1 0 
11 1 807 342 104 65 -1 -1 -1 0 
11 2 672 334 18 17 -1 -1 -1 0 
11 3 712 317 52 45 -1 -1 -1 0 
11 4 103 348 119 39 -1 -1 -1 0 
11 6 562 634 713 81 -1 -1 -1 0 
12 1 806 344 107 64 -1 -1 -1 0 
12 2 672 335 18 16 -1 -1 -1 0 
12 3 713 318 51 46 -1 -1 -1 0 
12 4 42 350 135 47 -1 -1 -1 0 
12 5 643 333 15 11 -1 -1 -1 0 
12 6 558 635 720 80 -1 -1 -1 0 
13 1 808 344 104 64 -1 -1 -1 0 
13 2 672 335 17 16 -1 -1 -1 0 
13 3 712 318 53 46 -1 -1 -1 0 
13 4 1 351 123 48 -1 -1 -1 0 
13 5 643 333 14 12 -1 -1 -1 0 
13 6 558 634 718 80 -1 -1 -1 0 
14 1 809 344 105 65 -1 -1 -1 0 
14 2 671 335 19 16 -1 -1 -1 0 
14 3 712 318 53 46 -1 -1 -1 0 
14 4 0 353 61 48 -1 -1 -1 0 
14 5 644 333 12 12 -1 -1 -1 0 
14 6 556 634 722 80 -1 -1 -1 0 
15 1 809 344 106 66 -1 -1 -1 0 
15 2 671 336 20 15 -1 -1 -1 0 
15 3 712 318 52 46 -1 -1 -1 0 
15 4 0 354 25 50 -1 -1 -1 0 
15 5 643 334 14 11 -1 -1 -1 0 
15 6 557 635 718 79 -1 -1 -1 0 
16 1 810 344 106 67 -1 -1 -1 0 
16 2 672 336 18 16 -1 -1 -1 0 
16 3 712 318 53 47 -1 -1 -1 0 
16 5 644 334 13 12 -1 -1 -1 0 
16 6 557 635 718 79 -1 -1 -1 0 
17 1 810 344 108 67 -1 -1 -1 0 
17 2 673 335 17 17 -1 -1 -1 0 
17 3 712 318 54 46 -1 -1 -1 0 
17 5 644 333 13 12 -1 -1 -1 0 
17 6 557 634 718 80 -1 -1 -1 0 
18 1 811 344 108 67 -1 -1 -1 0 
18 2 672 336 19 16 -1 -1 -1 0 
18 3 713 317 52 47 -1 -1 -1 0 
18 5 645 333 13 12 -1 -1 -1 0 
18 6 554 634 724 81 -1 -1 -1 0 
19 1 811 344 111 68 -1 -1 -1 0 
19 2 672 336 19 16 -1 -1 -1 0 
19 3 713 317 53 47 -1 -1 -1 0 
19 5 644 333 15 12 -1 -1 -1 0 
19 6 556 634 721 81 -1 -1 -1 0 
20 1 811 344 113 68 -1 -1 -1 0 
20 2 673 337 18 15 -1 -1 -1 0 
20 3 712 317 54 47 -1 -1 -1 0 
20 5 645 333 14 12 -1 -1 -1 0 
20 6 557 634 720 80 -1 -1 -1 0 
21 1 812 344 112 69 -1 -1 -1 0 
21 2 673 337 18 15 -1 -1 -1 0 
21 3 713 317 52 47 -1 -1 -1 0 
21 5 645 333 13 13 -1 -1 -1 0 
21 6 561 634 713 80 -1 -1 -1 0 
22 1 813 345 112 69 -1 -1 -1 0 
22 2 673 337 17 15 -1 -1 -1 0 
22 3 713 318 53 47 -1 -1 -1 0 
22 5 645 333 14 13 -1 -1 -1 0 
22 6 560 635 718 79 -1 -1 -1 0 
23 1 812 345 115 70 -1 -1 -1 0 
23 2 674 336 17 17 -1 -1 -1 0 
23 3 713 318 53 47 -1 -1 -1 0 
23 5 645 333 14 13 -1 -1 -1 0 
23 6 565 633 706 81 -1 -1 -1 0 
24 1 814 345 115 70 -1 -1 -1 0 
24 2 674 336 17 16 -1 -1 -1 0 
24 3 713 318 54 48 -1 -1 -1 0 
24 5 646 334 12 12 -1 -1 -1 0 
24 6 558 633 719 81 -1 -1 -1 0 
25 1 814 346 118 69 -1 -1 -1 0 
25 2 674 336 17 16 -1 -1 -1 0 
25 3 714 319 53 47 -1 -1 -1 0 
25 5 646 334 12 12 -1 -1 -1 0 
25 6 562 634 713 81 -1 -1 -1 0 
26 1 815 346 118 70 -1 -1 -1 0 
26 2 674 336 17 16 -1 -1 -1 0 
26 3 713 319 54 47 -1 -1 -1 0 
26 6 560 634 716 81 -1 -1 -1 0 
27 1 816 347 118 69 -1 -1 -1 0 
27 2 673 336 18 16 -1 -1 -1 0 
27 3 713 320 55 47 -1 -1 -1 0 
27 6 560 634 716 81 -1 -1 -1 0 
28 1 816 347 120 70 -1 -1 -1 0 
28 2 674 336 17 17 -1 -1 -1 0 
28 3 713 320 55 46 -1 -1 -1 0 
28 6 561 635 715 80 -1 -1 -1 0 
29 1 817 347 121 70 -1 -1 -1 0 
29 2 673 336 19 16 -1 -1 -1 0 
29 3 714 319 54 47 -1 -1 -1 0 
29 6 564 635 712 80 -1 -1 -1 0 
30 1 818 346 121 71 -1 -1 -1 0 
30 2 674 335 17 17 -1 -1 -1 0 
30 3 714 318 54 48 -1 -1 -1 0 
30 6 563 633 711 82 -1 -1 -1 0 
31 1 819 346 122 72 -1 -1 -1 0 
31 2 674 334 17 17 -1 -1 -1 0 
31 3 714 318 54 48 -1 -1 -1 0 
31 6 563 633 711 82 -1 -1 -1 0 
32 1 819 346 123 73 -1 -1 -1 0 
32 2 674 335 18 16 -1 -1 -1 0 
32 3 715 318 53 48 -1 -1 -1 0 
32 6 562 634 715 81 -1 -1 -1 0 
33 1 819 346 126 74 -1 -1 -1 0 
33 2 674 335 18 16 -1 -1 -1 0 
33 3 715 318 54 48 -1 -1 -1 0 
33 6 559 634 718 80 -1 -1 -1 0 
33 8 336 328 67 41 -1 -1 -1 0 
34 1 820 347 126 73 -1 -1 -1 0 
34 2 674 335 19 16 -1 -1 -1 0 
34 3 715 319 55 48 -1 -1 -1 0 
34 6 568 632 702 82 -1 -1 -1 0 
34 8 314 327 68 42 -1 -1 -1 0 
35 1 822 347 126 74 -1 -1 -1 0 
35 2 675 335 17 17 -1 -1 -1 0 
35 3 715 319 54 49 -1 -1 -1 0 
35 6 559 634 720 80 -1 -1 -1 0 
35 8 286 327 74 43 -1 -1 -1 0 
35 11 238 354 63 23 -1 -1 -1 0 
36 1 823 346 127 76 -1 -1 -1 0 
36 2 674 335 18 17 -1 -1 -1 0 
36 3 715 319 55 48 -1 -1 -1 0 
36 6 561 634 717 80 -1 -1 -1 0 
36 8 253 324 82 49 -1 -1 -1 0 
36 11 225 355 65 23 -1 -1 -1 0 
37 1 823 346 130 76 -1 -1 -1 0 
37 2 675 335 16 17 -1 -1 -1 0 
37 3 716 319 53 48 -1 -1 -1 0 
37 6 560 635 718 79 -1 -1 -1 0 
37 8 198 325 110 53 -1 -1 -1 0 
38 1 824 346 131 77 -1 -1 -1 0 
38 2 674 335 18 16 -1 -1 -1 0 
38 3 715 318 55 49 -1 -1 -1 0 
38 6 562 634 712 80 -1 -1 -1 0 
38 8 141 324 133 58 -1 -1 -1 0 
39 1 824 346 134 78 -1 -1 -1 0 
39 2 674 335 18 16 -1 -1 -1 0 
39 3 716 318 55 49 -1 -1 -1 0 
39 6 565 634 710 79 -1 -1 -1 0 
39 8 73 323 161 64 -1 -1 -1 0 
40 1 825 346 136 79 -1 -1 -1 0 
40 2 675 335 17 16 -1 -1 -1 0 
40 3 716 318 55 49 -1 -1 -1 0 
40 6 562 634 714 79 -1 -1 -1 0 
40 8 6 321 175 71 -1 -1 -1 0 
