3 1 1 343 103 54 -1 -1 -1 0 
3 2 748 341 46 29 -1 -1 -1 0 
3 3 654 337 37 33 -1 -1 -1 0 
3 4 407 340 24 16 -1 -1 -1 0 
3 5 559 634 716 82 -1 -1 -1 0 
3 6 458 334 20 15 -1 -1 -1 0 
4 1 0 344 82 55 -1 -1 -1 0 
4 2 748 341 45 29 -1 -1 -1 0 
4 3 654 337 37 33 -1 -1 -1 0 
4 4 399 340 25 17 -1 -1 -1 0 
4 5 554 635 725 81 -1 -1 -1 0 
4 6 568 337 18 16 -1 -1 -1 0 
4 7 475 340 18 10 -1 -1 -1 0 
5 2 747 341 47 29 -1 -1 -1 0 
5 3 655 336 36 34 -1 -1 -1 0 
5 4 390 340 29 17 -1 -1 -1 0 
5 5 559 635 715 81 -1 -1 -1 0 
5 6 603 339 19 14 -1 -1 -1 0 
5 7 474 340 18 10 -1 -1 -1 0 
6 2 747 341 46 29 -1 -1 -1 0 
6 3 655 336 37 34 -1 -1 -1 0 
6 4 380 342 33 17 -1 -1 -1 0 
6 5 556 636 722 81 -1 -1 -1 0 
6 6 640 340 18 14 -1 -1 -1 0 
6 7 467 338 18 13 -1 -1 -1 0 
6 10 448 334 21 16 -1 -1 -1 0 
7 2 747 341 45 29 -1 -1 -1 0 
7 3 655 336 37 34 -1 -1 -1 0 
7 4 373 341 30 18 -1 -1 -1 0 
7 5 556 636 722 79 -1 -1 -1 0 
7 6 620 339 17 14 -1 -1 -1 0 
7 7 450 334 20 16 -1 -1 -1 0 
7 10 460 337 19 14 -1 -1 -1 0 
8 2 746 341 46 30 -1 -1 -1 0 
8 3 654 336 38 34 -1 -1 -1 0 
8 4 362 342 33 19 -1 -1 -1 0 
8 5 557 636 718 79 -1 -1 -1 0 
8 6 616 340 20 14 -1 -1 -1 0 
8 7 440 333 23 17 -1 -1 -1 0 
8 10 459 338 20 14 -1 -1 -1 0 
9 2 745 341 47 30 -1 -1 -1 0 
9 3 655 336 37 33 -1 -1 -1 0 
9 4 350 342 37 20 -1 -1 -1 0 
9 5 557 635 717 80 -1 -1 -1 0 
9 6 541 338 23 13 -1 -1 -1 0 
9 7 434 333 25 18 -1 -1 -1 0 
9 10 457 338 19 14 -1 -1 -1 0 
10 2 745 342 46 30 -1 -1 -1 0 
10 3 654 337 38 32 -1 -1 -1 0 
10 4 338 342 37 22 -1 -1 -1 0 
10 5 558 636 719 79 -1 -1 -1 0 
10 6 509 339 22 11 -1 -1 -1 0 
10 7 429 333 36 19 -1 -1 -1 0 
10 10 458 339 19 13 -1 -1 -1 0 
11 2 744 341 47 31 -1 -1 -1 0 
11 3 655 337 37 32 -1 -1 -1 0 
11 4 322 342 43 21 -1 -1 -1 0 
11 5 561 635 711 80 -1 -1 -1 0 
11 6 576 339 18 13 -1 -1 -1 0 
11 7 426 333 26 20 -1 -1 -1 0 
11 10 446 336 20 17 -1 -1 -1 0 
12 2 743 341 48 31 -1 -1 -1 0 
12 3 655 337 37 32 -1 -1 -1 0 
12 4 307 342 43 23 -1 -1 -1 0 
12 5 562 635 712 81 -1 -1 -1 0 
12 6 522 339 20 13 -1 -1 -1 0 
12 7 428 336 29 18 -1 -1 -1 0 
12 10 444 336 21 17 -1 -1 -1 0 
13 2 743 341 47 32 -1 -1 -1 0 
13 3 654 338 38 31 -1 -1 -1 0 
13 4 286 342 51 24 -1 -1 -1 0 
13 5 558 635 719 81 -1 -1 -1 0 
13 6 496 337 18 15 -1 -1 -1 0 
13 7 424 336 29 19 -1 -1 -1 0 
14 2 741 342 49 31 -1 -1 -1 0 
14 3 655 338 36 31 -1 -1 -1 0 
14 4 267 343 54 24 -1 -1 -1 0 
14 5 557 636 721 80 -1 -1 -1 0 
14 6 483 337 20 15 -1 -1 -1 0 
14 7 409 334 38 21 -1 -1 -1 0 
15 2 741 342 48 31 -1 -1 -1 0 
15 3 654 338 37 32 -1 -1 -1 0 
15 4 242 344 60 25 -1 -1 -1 0 
15 5 559 635 715 81 -1 -1 -1 0 
15 6 475 337 21 16 -1 -1 -1 0 
15 7 402 334 41 22 -1 -1 -1 0 
16 2 741 342 48 31 -1 -1 -1 0 
16 3 654 338 37 32 -1 -1 -1 0 
16 4 215 344 65 28 -1 -1 -1 0 
16 5 558 636 719 80 -1 -1 -1 0 
16 6 468 339 23 16 -1 -1 -1 0 
16 7 391 333 35 24 -1 -1 -1 0 
17 2 740 342 49 32 -1 -1 -1 0 
17 3 653 338 38 32 -1 -1 -1 0 
17 4 182 345 74 30 -1 -1 -1 0 
17 5 560 636 715 80 -1 -1 -1 0 
17 6 462 339 24 16 -1 -1 -1 0 
17 7 382 334 38 27 -1 -1 -1 0 
17 10 490 337 20 11 -1 -1 -1 0 
18 2 741 342 46 32 -1 -1 -1 0 
18 3 653 338 38 33 -1 -1 -1 0 
18 4 145 346 82 32 -1 -1 -1 0 
18 5 559 636 716 80 -1 -1 -1 0 
18 6 456 339 25 18 -1 -1 -1 0 
18 7 371 334 41 30 -1 -1 -1 0 
18 10 493 338 18 10 -1 -1 -1 0 
19 2 740 343 48 32 -1 -1 -1 0 
19 3 653 339 37 32 -1 -1 -1 0 
19 4 97 347 97 35 -1 -1 -1 0 
19 5 559 636 718 80 -1 -1 -1 0 
19 6 448 339 27 20 -1 -1 -1 0 
19 7 359 334 44 32 -1 -1 -1 0 
19 10 493 338 17 10 -1 -1 -1 0 
20 2 739 343 48 32 -1 -1 -1 0 
20 3 653 339 37 33 -1 -1 -1 0 
20 4 37 348 119 37 -1 -1 -1 0 
20 5 558 636 720 80 -1 -1 -1 0 
20 6 439 339 32 20 -1 -1 -1 0 
20 7 344 335 47 32 -1 -1 -1 0 
20 10 489 338 22 10 -1 -1 -1 0 
20 13 399 336 22 13 -1 -1 -1 0 
21 2 738 343 49 32 -1 -1 -1 0 
21 3 651 339 39 32 -1 -1 -1 0 
21 4 4 348 97 41 -1 -1 -1 0 
21 5 559 636 717 80 -1 -1 -1 0 
21 6 430 337 36 23 -1 -1 -1 0 
21 7 323 339 56 28 -1 -1 -1 0 
21 10 487 338 20 10 -1 -1 -1 0 
21 13 393 336 22 13 -1 -1 -1 0 
21 14 604 342 19 13 -1 -1 -1 0 
22 2 738 343 48 32 -1 -1 -1 0 
22 3 651 339 39 32 -1 -1 -1 0 
22 4 0 350 41 39 -1 -1 -1 0 
22 5 560 636 714 80 -1 -1 -1 0 
22 6 421 339 31 22 -1 -1 -1 0 
22 7 304 340 54 28 -1 -1 -1 0 
22 10 484 337 18 11 -1 -1 -1 0 
22 13 385 336 24 13 -1 -1 -1 0 
22 14 605 341 16 14 -1 -1 -1 0 
23 2 737 343 48 32 -1 -1 -1 0 
23 3 651 339 38 32 -1 -1 -1 0 
23 4 0 350 6 41 -1 -1 -1 0 
23 5 558 636 719 79 -1 -1 -1 0 
23 6 408 339 39 23 -1 -1 -1 0 
23 7 277 342 64 28 -1 -1 -1 0 
23 10 479 337 23 11 -1 -1 -1 0 
23 13 376 337 27 12 -1 -1 -1 0 
23 14 605 341 16 14 -1 -1 -1 0 
24 2 737 343 48 32 -1 -1 -1 0 
24 3 650 339 39 32 -1 -1 -1 0 
24 5 558 636 718 80 -1 -1 -1 0 
24 6 396 339 39 24 -1 -1 -1 0 
24 7 249 342 69 31 -1 -1 -1 0 
24 10 479 337 24 11 -1 -1 -1 0 
24 13 371 337 23 12 -1 -1 -1 0 
24 14 604 341 17 14 -1 -1 -1 0 
25 2 737 344 46 31 -1 -1 -1 0 
25 3 650 340 38 31 -1 -1 -1 0 
25 5 559 635 716 81 -1 -1 -1 0 
25 6 379 341 44 23 -1 -1 -1 0 
25 7 214 343 79 33 -1 -1 -1 0 
25 13 361 337 24 13 -1 -1 -1 0 
25 14 604 342 18 14 -1 -1 -1 0 
26 2 736 344 47 31 -1 -1 -1 0 
26 3 650 340 37 31 -1 -1 -1 0 
26 5 557 635 720 81 -1 -1 -1 0 
26 6 364 341 45 25 -1 -1 -1 0 
26 7 172 344 91 35 -1 -1 -1 0 
26 10 467 337 19 13 -1 -1 -1 0 
26 13 351 337 23 12 -1 -1 -1 0 
26 14 605 342 17 14 -1 -1 -1 0 
27 2 736 344 46 32 -1 -1 -1 0 
27 3 650 339 36 32 -1 -1 -1 0 
27 5 556 635 721 81 -1 -1 -1 0 
27 6 344 339 49 29 -1 -1 -1 0 
27 7 118 343 107 39 -1 -1 -1 0 
27 10 460 337 23 13 -1 -1 -1 0 
27 13 344 337 23 12 -1 -1 -1 0 
27 14 605 343 18 13 -1 -1 -1 0 
28 2 735 344 48 32 -1 -1 -1 0 
28 3 649 339 37 32 -1 -1 -1 0 
28 5 558 635 718 81 -1 -1 -1 0 
28 6 321 338 56 32 -1 -1 -1 0 
28 7 48 344 131 43 -1 -1 -1 0 
28 10 455 337 22 15 -1 -1 -1 0 
28 14 605 343 19 13 -1 -1 -1 0 
28 19 381 339 37 19 -1 -1 -1 0 
29 2 735 344 47 32 -1 -1 -1 0 
29 3 649 339 37 32 -1 -1 -1 0 
29 5 558 636 720 79 -1 -1 -1 0 
29 6 294 338 64 34 -1 -1 -1 0 
29 7 4 345 112 47 -1 -1 -1 0 
29 10 449 336 24 16 -1 -1 -1 0 
29 14 605 343 19 13 -1 -1 -1 0 
29 19 368 339 39 21 -1 -1 -1 0 
30 2 735 344 47 32 -1 -1 -1 0 
30 3 649 339 37 32 -1 -1 -1 0 
30 5 561 636 711 80 -1 -1 -1 0 
30 6 262 339 73 36 -1 -1 -1 0 
30 7 0 348 45 47 -1 -1 -1 0 
30 10 443 336 25 16 -1 -1 -1 0 
30 14 502 338 17 11 -1 -1 -1 0 
30 19 353 339 43 22 -1 -1 -1 0 
30 21 93 331 115 47 -1 -1 -1 0 
31 2 735 344 47 32 -1 -1 -1 0 
31 3 649 339 38 32 -1 -1 -1 0 
31 5 559 636 717 80 -1 -1 -1 0 
31 6 223 340 84 39 -1 -1 -1 0 
31 7 0 349 5 48 -1 -1 -1 0 
31 10 437 335 27 17 -1 -1 -1 0 
31 13 294 336 33 18 -1 -1 -1 0 
31 14 477 337 17 11 -1 -1 -1 0 
31 19 335 339 49 23 -1 -1 -1 0 
31 21 31 331 138 51 -1 -1 -1 0 
32 2 735 344 47 32 -1 -1 -1 0 
32 3 649 339 37 31 -1 -1 -1 0 
32 5 561 635 712 81 -1 -1 -1 0 
32 6 174 339 98 45 -1 -1 -1 0 
32 10 429 335 31 18 -1 -1 -1 0 
32 13 275 337 42 18 -1 -1 -1 0 
32 14 467 337 19 10 -1 -1 -1 0 
32 19 316 340 53 24 -1 -1 -1 0 
32 21 1 331 119 53 -1 -1 -1 0 
33 2 735 344 48 32 -1 -1 -1 0 
33 3 649 339 38 31 -1 -1 -1 0 
33 5 556 636 722 80 -1 -1 -1 0 
33 6 109 338 120 52 -1 -1 -1 0 
33 10 422 336 31 18 -1 -1 -1 0 
33 13 260 338 42 17 -1 -1 -1 0 
33 14 462 337 18 10 -1 -1 -1 0 
33 19 293 341 61 26 -1 -1 -1 0 
33 21 0 330 87 57 -1 -1 -1 0 
33 23 499 336 25 14 -1 -1 -1 0 
34 2 735 344 47 32 -1 -1 -1 0 
34 3 650 338 36 32 -1 -1 -1 0 
34 5 557 636 720 80 -1 -1 -1 0 
34 6 15 338 159 59 -1 -1 -1 0 
34 10 414 336 31 19 -1 -1 -1 0 
34 13 242 338 44 17 -1 -1 -1 0 
34 14 459 337 18 11 -1 -1 -1 0 
34 19 269 341 64 28 -1 -1 -1 0 
34 23 496 336 24 15 -1 -1 -1 0 
35 2 735 344 48 32 -1 -1 -1 0 
35 3 650 339 37 31 -1 -1 -1 0 
35 5 556 636 721 80 -1 -1 -1 0 
35 6 0 340 93 62 -1 -1 -1 0 
35 10 406 336 31 20 -1 -1 -1 0 
35 13 223 340 39 18 -1 -1 -1 0 
35 14 457 338 19 11 -1 -1 -1 0 
35 19 241 343 71 30 -1 -1 -1 0 
35 23 493 335 25 18 -1 -1 -1 0 
35 25 612 340 16 14 -1 -1 -1 0 
36 2 735 345 48 32 -1 -1 -1 0 
36 3 651 339 35 32 -1 -1 -1 0 
36 5 556 636 722 80 -1 -1 -1 0 
36 6 0 341 53 64 -1 -1 -1 0 
36 10 396 336 35 21 -1 -1 -1 0 
36 13 209 340 41 18 -1 -1 -1 0 
36 14 453 338 19 12 -1 -1 -1 0 
36 19 203 342 84 34 -1 -1 -1 0 
36 23 490 335 25 19 -1 -1 -1 0 
36 25 613 341 16 13 -1 -1 -1 0 
37 2 736 345 47 32 -1 -1 -1 0 
37 3 650 340 37 31 -1 -1 -1 0 
37 5 559 636 718 79 -1 -1 -1 0 
37 10 385 337 37 22 -1 -1 -1 0 
37 14 449 338 20 13 -1 -1 -1 0 
37 19 161 341 95 38 -1 -1 -1 0 
37 23 486 337 27 18 -1 -1 -1 0 
38 2 736 346 48 32 -1 -1 -1 0 
38 3 651 341 37 31 -1 -1 -1 0 
38 5 560 636 714 79 -1 -1 -1 0 
38 10 373 337 40 23 -1 -1 -1 0 
38 14 446 337 20 15 -1 -1 -1 0 
38 19 106 342 112 43 -1 -1 -1 0 
38 23 482 337 27 20 -1 -1 -1 0 
39 2 737 346 47 33 -1 -1 -1 0 
39 3 651 341 38 31 -1 -1 -1 0 
39 5 564 636 710 80 -1 -1 -1 0 
39 10 358 337 45 24 -1 -1 -1 0 
39 14 440 337 23 15 -1 -1 -1 0 
39 19 32 342 144 49 -1 -1 -1 0 
39 23 477 336 28 21 -1 -1 -1 0 
40 2 737 346 47 33 -1 -1 -1 0 
40 3 652 341 38 32 -1 -1 -1 0 
40 5 561 636 714 80 -1 -1 -1 0 
40 10 343 337 47 24 -1 -1 -1 0 
40 13 90 341 57 23 -1 -1 -1 0 
40 14 435 337 23 15 -1 -1 -1 0 
40 19 0 345 112 49 -1 -1 -1 0 
40 23 472 336 29 22 -1 -1 -1 0 
