3 1 983 368 296 196 -1 -1 -1 0 
3 2 953 344 82 41 -1 -1 -1 0 
3 3 830 342 45 32 -1 -1 -1 0 
3 4 505 341 26 16 -1 -1 -1 0 
3 5 570 634 705 79 -1 -1 -1 0 
3 6 601 325 30 27 -1 -1 -1 0 
4 1 982 367 297 192 -1 -1 -1 0 
4 2 954 345 84 40 -1 -1 -1 0 
4 3 830 344 45 29 -1 -1 -1 0 
4 4 497 341 26 17 -1 -1 -1 0 
4 5 560 635 718 78 -1 -1 -1 0 
4 6 595 325 26 27 -1 -1 -1 0 
5 1 980 366 299 189 -1 -1 -1 0 
5 2 956 345 84 40 -1 -1 -1 0 
5 3 830 344 45 30 -1 -1 -1 0 
5 4 486 341 28 18 -1 -1 -1 0 
5 5 568 635 707 78 -1 -1 -1 0 
5 6 586 323 40 29 -1 -1 -1 0 
6 1 977 365 302 186 -1 -1 -1 0 
6 2 956 345 87 40 -1 -1 -1 0 
6 3 830 344 45 30 -1 -1 -1 0 
6 4 476 341 28 19 -1 -1 -1 0 
6 5 561 635 715 79 -1 -1 -1 0 
6 6 580 322 43 31 -1 -1 -1 0 
7 1 977 363 301 183 -1 -1 -1 0 
7 2 957 345 87 40 -1 -1 -1 0 
7 3 830 343 45 31 -1 -1 -1 0 
7 4 465 341 32 19 -1 -1 -1 0 
7 5 557 635 721 79 -1 -1 -1 0 
7 6 575 321 45 32 -1 -1 -1 0 
8 1 973 363 306 178 -1 -1 -1 0 
8 2 959 345 87 40 -1 -1 -1 0 
8 3 829 343 46 31 -1 -1 -1 0 
8 4 454 340 32 21 -1 -1 -1 0 
8 5 559 635 717 80 -1 -1 -1 0 
8 6 569 322 46 32 -1 -1 -1 0 
9 1 971 363 308 174 -1 -1 -1 0 
9 2 961 345 88 40 -1 -1 -1 0 
9 3 831 344 44 30 -1 -1 -1 0 
9 4 442 341 32 21 -1 -1 -1 0 
9 5 559 635 716 80 -1 -1 -1 0 
9 6 561 322 49 32 -1 -1 -1 0 
10 1 968 362 311 170 -1 -1 -1 0 
10 2 963 345 88 40 -1 -1 -1 0 
10 3 830 342 44 32 -1 -1 -1 0 
10 4 428 341 36 22 -1 -1 -1 0 
10 5 557 635 720 80 -1 -1 -1 0 
10 6 555 321 49 34 -1 -1 -1 0 
11 1 966 363 313 165 -1 -1 -1 0 
11 2 965 345 87 40 -1 -1 -1 0 
11 3 828 343 48 31 -1 -1 -1 0 
11 4 414 342 37 21 -1 -1 -1 0 
11 5 560 634 716 81 -1 -1 -1 0 
11 6 547 321 51 34 -1 -1 -1 0 
12 1 964 364 315 160 -1 -1 -1 0 
12 2 967 346 87 40 -1 -1 -1 0 
12 3 829 343 46 31 -1 -1 -1 0 
12 4 398 342 40 23 -1 -1 -1 0 
12 5 557 635 722 80 -1 -1 -1 0 
12 6 539 321 53 35 -1 -1 -1 0 
12 11 599 339 23 15 -1 -1 -1 0 
13 1 962 363 316 158 -1 -1 -1 0 
13 2 969 346 87 40 -1 -1 -1 0 
13 3 828 344 46 31 -1 -1 -1 0 
13 4 381 343 42 23 -1 -1 -1 0 
13 5 559 635 717 80 -1 -1 -1 0 
13 6 529 321 57 36 -1 -1 -1 0 
13 11 594 340 22 15 -1 -1 -1 0 
14 1 961 362 317 156 -1 -1 -1 0 
14 2 968 347 92 40 -1 -1 -1 0 
14 3 828 344 46 31 -1 -1 -1 0 
14 4 363 344 45 24 -1 -1 -1 0 
14 5 562 635 715 80 -1 -1 -1 0 
14 6 522 321 56 37 -1 -1 -1 0 
14 11 587 340 23 16 -1 -1 -1 0 
15 1 958 361 320 155 -1 -1 -1 0 
15 2 968 348 93 39 -1 -1 -1 0 
15 3 828 344 45 31 -1 -1 -1 0 
15 4 343 345 47 26 -1 -1 -1 0 
15 5 558 635 720 80 -1 -1 -1 0 
15 6 513 320 58 40 -1 -1 -1 0 
15 11 581 340 23 18 -1 -1 -1 0 
16 1 954 360 324 153 -1 -1 -1 0 
16 2 971 348 91 39 -1 -1 -1 0 
16 3 829 344 43 31 -1 -1 -1 0 
16 4 320 345 51 27 -1 -1 -1 0 
16 5 558 635 719 79 -1 -1 -1 0 
16 6 502 320 63 41 -1 -1 -1 0 
16 11 573 341 24 18 -1 -1 -1 0 
17 1 952 359 326 151 -1 -1 -1 0 
17 2 972 348 92 39 -1 -1 -1 0 
17 3 829 344 44 31 -1 -1 -1 0 
17 4 294 345 57 29 -1 -1 -1 0 
17 5 561 635 714 79 -1 -1 -1 0 
17 6 491 320 66 42 -1 -1 -1 0 
17 11 567 341 26 19 -1 -1 -1 0 
18 1 949 359 329 149 -1 -1 -1 0 
18 2 974 347 91 40 -1 -1 -1 0 
18 3 829 344 42 31 -1 -1 -1 0 
18 4 265 346 62 31 -1 -1 -1 0 
18 5 561 635 715 79 -1 -1 -1 0 
18 6 480 319 70 44 -1 -1 -1 0 
19 1 946 359 333 146 -1 -1 -1 0 
19 2 975 347 92 40 -1 -1 -1 0 
19 3 828 344 44 31 -1 -1 -1 0 
19 4 233 348 69 31 -1 -1 -1 0 
19 5 561 634 715 80 -1 -1 -1 0 
19 6 468 318 73 45 -1 -1 -1 0 
20 1 944 358 333 144 -1 -1 -1 0 
20 2 977 348 92 39 -1 -1 -1 0 
20 3 829 343 42 32 -1 -1 -1 0 
20 4 197 349 75 33 -1 -1 -1 0 
20 5 563 634 712 80 -1 -1 -1 0 
20 6 455 318 78 47 -1 -1 -1 0 
20 15 1011 333 21 14 -1 -1 -1 0 
21 1 941 358 336 142 -1 -1 -1 0 
21 3 827 343 45 32 -1 -1 -1 0 
21 4 152 349 86 37 -1 -1 -1 0 
21 5 559 635 719 79 -1 -1 -1 0 
21 6 440 317 83 49 -1 -1 -1 0 
21 15 1014 333 22 14 -1 -1 -1 0 
22 1 938 357 337 140 -1 -1 -1 0 
22 3 828 343 42 32 -1 -1 -1 0 
22 4 99 350 99 41 -1 -1 -1 0 
22 5 558 635 719 80 -1 -1 -1 0 
22 6 425 316 88 53 -1 -1 -1 0 
22 11 544 341 21 13 -1 -1 -1 0 
22 15 1017 332 23 16 -1 -1 -1 0 
22 18 624 343 19 9 -1 -1 -1 0 
23 1 938 356 325 138 -1 -1 -1 0 
23 3 827 342 43 33 -1 -1 -1 0 
23 4 31 352 118 45 -1 -1 -1 0 
23 5 563 635 713 80 -1 -1 -1 0 
23 6 408 316 94 55 -1 -1 -1 0 
23 11 537 342 22 12 -1 -1 -1 0 
23 15 1021 331 22 17 -1 -1 -1 0 
23 18 620 343 18 9 -1 -1 -1 0 
24 1 936 355 316 136 -1 -1 -1 0 
24 2 1100 326 75 36 -1 -1 -1 0 
24 3 826 342 44 33 -1 -1 -1 0 
24 4 1 353 87 48 -1 -1 -1 0 
24 5 561 635 715 80 -1 -1 -1 0 
24 6 388 315 103 58 -1 -1 -1 0 
24 11 531 342 22 12 -1 -1 -1 0 
24 15 1025 331 22 17 -1 -1 -1 0 
24 18 591 342 14 11 -1 -1 -1 0 
24 19 487 345 41 24 -1 -1 -1 0 
25 1 932 352 309 136 -1 -1 -1 0 
25 2 1112 324 74 36 -1 -1 -1 0 
25 3 825 341 45 34 -1 -1 -1 0 
25 4 0 353 50 50 -1 -1 -1 0 
25 5 560 635 716 80 -1 -1 -1 0 
25 6 368 313 109 62 -1 -1 -1 0 
25 11 524 342 23 13 -1 -1 -1 0 
25 15 1028 330 24 18 -1 -1 -1 0 
25 18 601 342 19 11 -1 -1 -1 0 
25 19 471 346 44 24 -1 -1 -1 0 
25 20 1196 363 83 91 -1 -1 -1 0 
26 1 929 351 302 136 -1 -1 -1 0 
26 2 1112 322 86 36 -1 -1 -1 0 
26 3 824 341 46 34 -1 -1 -1 0 
26 5 564 635 714 79 -1 -1 -1 0 
26 6 342 312 122 66 -1 -1 -1 0 
26 11 517 342 24 14 -1 -1 -1 0 
26 15 1033 329 22 19 -1 -1 -1 0 
26 18 601 343 21 11 -1 -1 -1 0 
26 19 454 346 46 27 -1 -1 -1 0 
26 20 1197 363 82 92 -1 -1 -1 0 
27 1 924 350 297 135 -1 -1 -1 0 
27 2 1123 321 86 35 -1 -1 -1 0 
27 3 825 341 44 34 -1 -1 -1 0 
27 5 564 635 711 79 -1 -1 -1 0 
27 6 317 310 132 71 -1 -1 -1 0 
27 11 510 342 24 15 -1 -1 -1 0 
27 15 1036 329 23 19 -1 -1 -1 0 
27 18 598 343 21 11 -1 -1 -1 0 
27 19 435 347 49 28 -1 -1 -1 0 
27 20 1197 363 82 93 -1 -1 -1 0 
28 1 921 351 290 132 -1 -1 -1 0 
28 2 1123 323 91 35 -1 -1 -1 0 
28 3 823 341 46 33 -1 -1 -1 0 
28 5 564 635 711 79 -1 -1 -1 0 
28 6 286 308 146 76 -1 -1 -1 0 
28 11 501 343 26 14 -1 -1 -1 0 
28 15 1041 330 23 18 -1 -1 -1 0 
28 18 593 343 21 12 -1 -1 -1 0 
28 19 414 347 55 30 -1 -1 -1 0 
28 20 1196 363 83 94 -1 -1 -1 0 
29 1 917 350 285 130 -1 -1 -1 0 
29 2 1129 320 89 38 -1 -1 -1 0 
29 3 823 341 45 33 -1 -1 -1 0 
29 6 249 306 165 81 -1 -1 -1 0 
29 11 493 343 26 15 -1 -1 -1 0 
29 15 1045 330 24 18 -1 -1 -1 0 
29 18 588 343 21 12 -1 -1 -1 0 
29 19 390 347 60 33 -1 -1 -1 0 
29 20 1195 362 84 95 -1 -1 -1 0 
30 1 916 348 276 129 -1 -1 -1 0 
30 2 1133 320 92 38 -1 -1 -1 0 
30 3 822 341 47 33 -1 -1 -1 0 
30 5 562 635 716 79 -1 -1 -1 0 
30 6 207 304 187 86 -1 -1 -1 0 
30 11 485 343 26 16 -1 -1 -1 0 
30 15 1050 329 24 18 -1 -1 -1 0 
30 18 583 344 20 11 -1 -1 -1 0 
30 19 362 349 67 35 -1 -1 -1 0 
30 20 1195 361 84 96 -1 -1 -1 0 
31 1 911 352 275 125 -1 -1 -1 0 
31 2 1137 320 98 38 -1 -1 -1 0 
31 3 822 340 45 33 -1 -1 -1 0 
31 5 560 635 717 79 -1 -1 -1 0 
31 6 156 300 214 95 -1 -1 -1 0 
31 11 475 343 28 17 -1 -1 -1 0 
31 15 1054 330 25 17 -1 -1 -1 0 
31 18 577 344 20 11 -1 -1 -1 0 
31 19 330 349 74 39 -1 -1 -1 0 
31 20 1195 361 84 96 -1 -1 -1 0 
32 1 909 355 266 121 -1 -1 -1 0 
32 2 1143 320 98 39 -1 -1 -1 0 
32 3 821 341 47 32 -1 -1 -1 0 
32 5 569 635 705 79 -1 -1 -1 0 
32 6 93 296 250 104 -1 -1 -1 0 
32 11 465 343 31 18 -1 -1 -1 0 
32 15 1059 330 25 17 -1 -1 -1 0 
32 18 548 344 19 12 -1 -1 -1 0 
32 19 291 350 85 42 -1 -1 -1 0 
32 20 1196 362 83 96 -1 -1 -1 0 
33 1 905 357 260 117 -1 -1 -1 0 
33 2 1149 319 101 41 -1 -1 -1 0 
33 3 821 341 46 32 -1 -1 -1 0 
33 5 566 635 710 79 -1 -1 -1 0 
33 6 15 292 297 115 -1 -1 -1 0 
33 11 456 343 31 19 -1 -1 -1 0 
33 15 1026 325 20 18 -1 -1 -1 0 
33 18 533 343 18 13 -1 -1 -1 0 
33 19 243 350 99 48 -1 -1 -1 0 
33 20 1196 362 83 97 -1 -1 -1 0 
34 1 904 357 252 114 -1 -1 -1 0 
34 2 1155 318 104 42 -1 -1 -1 0 
34 3 821 341 46 33 -1 -1 -1 0 
34 5 564 635 715 80 -1 -1 -1 0 
34 6 4 286 266 127 -1 -1 -1 0 
34 11 444 343 34 19 -1 -1 -1 0 
34 15 1054 327 26 19 -1 -1 -1 0 
34 18 523 343 20 14 -1 -1 -1 0 
34 19 181 351 122 54 -1 -1 -1 0 
34 20 1197 362 82 97 -1 -1 -1 0 
34 23 557 344 23 14 -1 -1 -1 0 
35 1 902 358 246 111 -1 -1 -1 0 
35 2 1161 318 106 42 -1 -1 -1 0 
35 3 821 341 45 33 -1 -1 -1 0 
35 5 563 635 716 79 -1 -1 -1 0 
35 6 0 280 235 134 -1 -1 -1 0 
35 11 433 344 36 20 -1 -1 -1 0 
35 15 1030 323 22 20 -1 -1 -1 0 
35 18 515 344 21 13 -1 -1 -1 0 
35 19 96 354 155 61 -1 -1 -1 0 
35 20 1198 362 81 97 -1 -1 -1 0 
35 23 550 345 24 14 -1 -1 -1 0 
36 1 898 358 242 109 -1 -1 -1 0 
36 2 1168 317 109 43 -1 -1 -1 0 
36 3 821 341 46 33 -1 -1 -1 0 
36 5 565 635 712 79 -1 -1 -1 0 
36 6 0 277 202 116 -1 -1 -1 0 
36 11 421 344 37 21 -1 -1 -1 0 
36 15 1023 321 21 20 -1 -1 -1 0 
36 18 509 344 20 14 -1 -1 -1 0 
36 19 12 356 169 71 -1 -1 -1 0 
36 20 1200 363 79 96 -1 -1 -1 0 
36 23 544 346 23 14 -1 -1 -1 0 
37 1 896 356 236 109 -1 -1 -1 0 
37 2 1177 316 102 42 -1 -1 -1 0 
37 3 821 340 46 34 -1 -1 -1 0 
37 5 565 636 712 78 -1 -1 -1 0 
37 6 0 278 135 125 -1 -1 -1 0 
37 11 408 345 39 21 -1 -1 -1 0 
37 15 1023 320 23 20 -1 -1 -1 0 
37 18 500 345 23 14 -1 -1 -1 0 
37 19 0 358 89 74 -1 -1 -1 0 
37 20 1200 363 79 96 -1 -1 -1 0 
37 23 536 346 24 15 -1 -1 -1 0 
37 27 1030 346 99 48 -1 -1 -1 0 
38 1 894 356 231 108 -1 -1 -1 0 
38 2 1184 317 95 40 -1 -1 -1 0 
38 3 820 340 47 34 -1 -1 -1 0 
38 6 3 275 57 138 -1 -1 -1 0 
38 11 394 345 42 22 -1 -1 -1 0 
38 15 1027 320 23 19 -1 -1 -1 0 
38 18 493 344 23 15 -1 -1 -1 0 
38 19 0 360 39 77 -1 -1 -1 0 
38 20 1201 363 78 96 -1 -1 -1 0 
38 23 528 346 25 15 -1 -1 -1 0 
38 27 1034 345 99 51 -1 -1 -1 0 
39 1 891 356 227 106 -1 -1 -1 0 
39 2 1194 316 85 41 -1 -1 -1 0 
39 3 820 339 48 35 -1 -1 -1 0 
39 5 569 636 706 77 -1 -1 -1 0 
39 6 0 273 14 142 -1 -1 -1 0 
39 11 380 345 43 22 -1 -1 -1 0 
39 15 1032 319 23 20 -1 -1 -1 0 
39 18 508 345 25 16 -1 -1 -1 0 
39 20 1201 364 78 95 -1 -1 -1 0 
39 23 497 344 25 15 -1 -1 -1 0 
39 27 1034 346 106 52 -1 -1 -1 0 
40 1 889 355 223 105 -1 -1 -1 0 
40 2 1203 315 76 42 -1 -1 -1 0 
40 3 821 339 47 34 -1 -1 -1 0 
40 5 570 636 705 77 -1 -1 -1 0 
40 11 363 344 47 24 -1 -1 -1 0 
40 15 1037 319 24 19 -1 -1 -1 0 
40 18 486 344 27 15 -1 -1 -1 0 
40 20 1204 363 75 96 -1 -1 -1 0 
40 23 502 344 28 17 -1 -1 -1 0 
40 27 1036 346 107 53 -1 -1 -1 0 
