3 1 673 341 46 37 -1 -1 -1 0 
3 2 558 335 62 55 -1 -1 -1 0 
3 4 337 355 102 49 -1 -1 -1 0 
4 1 673 341 45 37 -1 -1 -1 0 
4 2 557 335 64 55 -1 -1 -1 0 
4 4 323 355 107 52 -1 -1 -1 0 
5 1 673 340 46 38 -1 -1 -1 0 
5 2 559 336 62 53 -1 -1 -1 0 
5 4 305 359 118 50 -1 -1 -1 0 
6 1 673 341 46 37 -1 -1 -1 0 
6 2 561 336 60 53 -1 -1 -1 0 
6 4 291 362 120 50 -1 -1 -1 0 
6 7 631 339 24 18 -1 -1 -1 0 
7 1 674 341 45 37 -1 -1 -1 0 
7 2 561 336 61 53 -1 -1 -1 0 
7 4 271 364 129 51 -1 -1 -1 0 
7 7 631 340 25 18 -1 -1 -1 0 
7 9 558 635 716 80 -1 -1 -1 0 
8 1 673 342 46 37 -1 -1 -1 0 
8 2 562 336 61 53 -1 -1 -1 0 
8 4 251 366 135 52 -1 -1 -1 0 
8 7 631 341 25 18 -1 -1 -1 0 
8 9 558 635 716 80 -1 -1 -1 0 
9 1 673 342 47 37 -1 -1 -1 0 
9 2 562 336 62 53 -1 -1 -1 0 
9 4 228 367 146 55 -1 -1 -1 0 
9 9 560 635 714 79 -1 -1 -1 0 
9 10 539 342 27 30 -1 -1 -1 0 
9 11 2 360 108 51 -1 -1 -1 0 
10 1 674 342 45 37 -1 -1 -1 0 
10 2 563 335 60 53 -1 -1 -1 0 
10 4 201 368 158 57 -1 -1 -1 0 
10 7 631 340 24 18 -1 -1 -1 0 
10 9 560 635 713 80 -1 -1 -1 0 
10 10 536 341 30 31 -1 -1 -1 0 
10 11 1 360 80 50 -1 -1 -1 0 
10 12 318 347 54 24 -1 -1 -1 0 
11 1 674 342 46 36 -1 -1 -1 0 
11 2 564 335 60 53 -1 -1 -1 0 
11 4 173 369 170 61 -1 -1 -1 0 
11 7 630 340 22 18 -1 -1 -1 0 
11 9 560 635 714 80 -1 -1 -1 0 
11 10 533 340 32 32 -1 -1 -1 0 
11 11 0 360 51 50 -1 -1 -1 0 
11 12 301 348 61 23 -1 -1 -1 0 
12 1 674 342 47 35 -1 -1 -1 0 
12 2 564 334 61 52 -1 -1 -1 0 
12 4 139 368 186 66 -1 -1 -1 0 
12 7 630 340 22 18 -1 -1 -1 0 
12 9 559 635 716 81 -1 -1 -1 0 
12 10 529 339 36 33 -1 -1 -1 0 
12 11 0 360 37 50 -1 -1 -1 0 
12 12 283 348 63 25 -1 -1 -1 0 
13 1 675 342 45 35 -1 -1 -1 0 
13 2 565 334 60 52 -1 -1 -1 0 
13 4 104 368 199 72 -1 -1 -1 0 
13 9 558 635 717 81 -1 -1 -1 0 
13 10 526 338 38 34 -1 -1 -1 0 
13 12 272 349 57 25 -1 -1 -1 0 
14 1 675 341 45 35 -1 -1 -1 0 
14 2 566 333 60 52 -1 -1 -1 0 
14 4 57 370 226 78 -1 -1 -1 0 
14 7 631 338 23 18 -1 -1 -1 0 
14 9 558 635 716 81 -1 -1 -1 0 
14 10 522 338 41 35 -1 -1 -1 0 
14 12 255 350 61 25 -1 -1 -1 0 
15 1 675 341 46 35 -1 -1 -1 0 
15 2 568 333 59 52 -1 -1 -1 0 
15 4 9 374 253 83 -1 -1 -1 0 
15 7 631 338 23 18 -1 -1 -1 0 
15 9 558 635 717 81 -1 -1 -1 0 
15 10 519 339 43 35 -1 -1 -1 0 
15 12 236 350 64 26 -1 -1 -1 0 
16 1 676 341 45 35 -1 -1 -1 0 
16 2 570 333 58 52 -1 -1 -1 0 
16 4 3 377 225 90 -1 -1 -1 0 
16 7 630 341 23 16 -1 -1 -1 0 
16 9 557 635 720 81 -1 -1 -1 0 
16 10 514 340 47 36 -1 -1 -1 0 
16 12 217 351 66 28 -1 -1 -1 0 
17 1 677 342 45 35 -1 -1 -1 0 
17 2 571 335 59 50 -1 -1 -1 0 
17 4 0 380 203 88 -1 -1 -1 0 
17 7 631 340 27 17 -1 -1 -1 0 
17 9 563 635 712 81 -1 -1 -1 0 
17 10 511 340 47 38 -1 -1 -1 0 
17 12 207 351 55 30 -1 -1 -1 0 
18 1 678 342 45 35 -1 -1 -1 0 
18 2 573 335 57 51 -1 -1 -1 0 
18 4 0 383 164 86 -1 -1 -1 0 
18 7 631 340 27 17 -1 -1 -1 0 
18 9 557 635 721 80 -1 -1 -1 0 
18 10 506 341 50 39 -1 -1 -1 0 
18 12 184 353 58 30 -1 -1 -1 0 
19 1 679 343 44 35 -1 -1 -1 0 
19 2 574 335 56 51 -1 -1 -1 0 
19 4 0 389 116 84 -1 -1 -1 0 
19 7 631 343 24 17 -1 -1 -1 0 
19 9 559 634 717 81 -1 -1 -1 0 
19 10 502 341 53 41 -1 -1 -1 0 
19 12 148 354 73 32 -1 -1 -1 0 
20 1 680 344 43 35 -1 -1 -1 0 
20 2 576 336 55 51 -1 -1 -1 0 
20 4 0 392 91 86 -1 -1 -1 0 
20 7 630 343 25 18 -1 -1 -1 0 
20 9 560 634 715 81 -1 -1 -1 0 
20 10 497 341 57 42 -1 -1 -1 0 
20 12 114 354 83 35 -1 -1 -1 0 
21 1 680 344 44 35 -1 -1 -1 0 
21 2 577 336 55 51 -1 -1 -1 0 
21 7 630 344 26 17 -1 -1 -1 0 
21 9 563 633 709 82 -1 -1 -1 0 
21 10 492 342 60 42 -1 -1 -1 0 
21 12 81 355 88 37 -1 -1 -1 0 
22 1 681 345 44 35 -1 -1 -1 0 
22 2 578 337 56 50 -1 -1 -1 0 
22 7 631 345 23 16 -1 -1 -1 0 
22 9 557 635 722 80 -1 -1 -1 0 
22 10 486 343 64 43 -1 -1 -1 0 
22 12 24 356 115 42 -1 -1 -1 0 
23 1 682 346 43 33 -1 -1 -1 0 
23 2 579 337 56 50 -1 -1 -1 0 
23 7 631 346 23 15 -1 -1 -1 0 
23 9 560 635 715 81 -1 -1 -1 0 
23 10 480 343 66 44 -1 -1 -1 0 
23 12 0 357 93 43 -1 -1 -1 0 
24 1 684 346 41 33 -1 -1 -1 0 
24 2 580 337 57 50 -1 -1 -1 0 
24 7 633 346 21 15 -1 -1 -1 0 
24 9 558 636 719 80 -1 -1 -1 0 
24 10 474 343 68 47 -1 -1 -1 0 
24 12 0 358 60 45 -1 -1 -1 0 
25 1 684 345 42 34 -1 -1 -1 0 
25 2 583 336 54 49 -1 -1 -1 0 
25 7 633 346 21 15 -1 -1 -1 0 
25 9 559 636 716 79 -1 -1 -1 0 
25 10 466 342 73 49 -1 -1 -1 0 
25 12 0 359 35 46 -1 -1 -1 0 
26 1 685 345 41 34 -1 -1 -1 0 
26 2 584 336 54 49 -1 -1 -1 0 
26 7 637 346 18 14 -1 -1 -1 0 
26 9 559 636 717 79 -1 -1 -1 0 
26 10 459 342 76 51 -1 -1 -1 0 
27 1 685 345 42 33 -1 -1 -1 0 
27 2 586 335 53 50 -1 -1 -1 0 
27 7 637 346 18 14 -1 -1 -1 0 
27 9 559 635 713 80 -1 -1 -1 0 
27 10 451 342 79 53 -1 -1 -1 0 
28 1 686 345 43 33 -1 -1 -1 0 
28 2 587 335 54 50 -1 -1 -1 0 
28 9 560 635 711 81 -1 -1 -1 0 
28 10 442 342 84 55 -1 -1 -1 0 
29 1 688 345 42 33 -1 -1 -1 0 
29 2 589 335 53 50 -1 -1 -1 0 
29 9 554 635 724 80 -1 -1 -1 0 
29 10 433 343 89 56 -1 -1 -1 0 
30 1 689 344 42 33 -1 -1 -1 0 
30 2 591 335 52 49 -1 -1 -1 0 
30 7 640 344 22 15 -1 -1 -1 0 
30 9 553 634 725 81 -1 -1 -1 0 
30 10 423 344 94 58 -1 -1 -1 0 
31 1 689 344 43 33 -1 -1 -1 0 
31 2 593 335 51 49 -1 -1 -1 0 
31 7 641 344 22 15 -1 -1 -1 0 
31 9 564 634 711 81 -1 -1 -1 0 
31 10 413 344 97 60 -1 -1 -1 0 
32 1 690 344 42 33 -1 -1 -1 0 
32 2 594 334 50 49 -1 -1 -1 0 
32 7 642 343 18 15 -1 -1 -1 0 
32 9 560 634 716 81 -1 -1 -1 0 
32 10 400 344 104 62 -1 -1 -1 0 
33 1 691 344 41 33 -1 -1 -1 0 
33 2 595 334 51 48 -1 -1 -1 0 
33 7 642 343 19 15 -1 -1 -1 0 
33 9 561 634 713 81 -1 -1 -1 0 
33 10 384 344 114 65 -1 -1 -1 0 
34 1 690 344 43 32 -1 -1 -1 0 
34 2 596 333 50 48 -1 -1 -1 0 
34 7 642 341 18 16 -1 -1 -1 0 
34 9 561 634 713 81 -1 -1 -1 0 
34 10 370 344 118 68 -1 -1 -1 0 
35 1 691 343 42 33 -1 -1 -1 0 
35 2 596 333 50 47 -1 -1 -1 0 
35 7 642 341 18 16 -1 -1 -1 0 
35 9 558 635 718 80 -1 -1 -1 0 
35 10 352 343 127 72 -1 -1 -1 0 
36 1 691 343 42 32 -1 -1 -1 0 
36 2 597 333 50 47 -1 -1 -1 0 
36 7 642 341 19 15 -1 -1 -1 0 
36 9 560 635 714 80 -1 -1 -1 0 
36 10 332 343 138 76 -1 -1 -1 0 
37 1 691 343 42 32 -1 -1 -1 0 
37 2 597 334 49 46 -1 -1 -1 0 
37 7 643 341 18 15 -1 -1 -1 0 
37 9 560 635 717 80 -1 -1 -1 0 
37 10 310 343 149 80 -1 -1 -1 0 
38 1 691 343 41 32 -1 -1 -1 0 
38 2 598 334 48 45 -1 -1 -1 0 
38 9 558 635 716 80 -1 -1 -1 0 
38 10 282 343 166 85 -1 -1 -1 0 
39 1 691 344 41 31 -1 -1 -1 0 
39 2 598 334 48 45 -1 -1 -1 0 
39 9 561 635 713 80 -1 -1 -1 0 
39 10 257 343 178 91 -1 -1 -1 0 
40 1 691 344 41 31 -1 -1 -1 0 
40 2 598 335 48 45 -1 -1 -1 0 
40 9 560 635 715 80 -1 -1 -1 0 
40 10 220 344 201 97 -1 -1 -1 0 
