3 1 250 354 43 19 -1 -1 -1 0 
3 2 658 343 36 30 -1 -1 -1 0 
3 3 611 350 19 14 -1 -1 -1 0 
4 1 228 353 48 21 -1 -1 -1 0 
4 2 658 343 36 29 -1 -1 -1 0 
4 3 611 348 19 16 -1 -1 -1 0 
5 1 204 352 52 23 -1 -1 -1 0 
5 2 659 342 35 29 -1 -1 -1 0 
5 3 610 347 20 16 -1 -1 -1 0 
5 4 643 347 16 13 -1 -1 -1 0 
6 1 177 353 58 24 -1 -1 -1 0 
6 2 659 342 35 29 -1 -1 -1 0 
6 3 610 347 20 16 -1 -1 -1 0 
6 4 643 346 16 13 -1 -1 -1 0 
7 1 145 354 66 24 -1 -1 -1 0 
7 2 659 342 34 29 -1 -1 -1 0 
7 3 610 347 21 16 -1 -1 -1 0 
7 4 643 346 15 13 -1 -1 -1 0 
8 1 110 354 73 26 -1 -1 -1 0 
8 2 660 342 33 29 -1 -1 -1 0 
8 3 610 349 20 15 -1 -1 -1 0 
8 4 642 346 17 13 -1 -1 -1 0 
9 1 68 355 83 27 -1 -1 -1 0 
9 2 660 342 33 29 -1 -1 -1 0 
9 3 611 349 18 15 -1 -1 -1 0 
9 4 641 346 18 13 -1 -1 -1 0 
10 1 18 354 95 31 -1 -1 -1 0 
10 2 659 343 34 28 -1 -1 -1 0 
10 3 611 349 19 15 -1 -1 -1 0 
10 4 642 346 16 14 -1 -1 -1 0 
11 1 0 355 66 31 -1 -1 -1 0 
11 2 660 343 32 28 -1 -1 -1 0 
11 3 612 349 18 15 -1 -1 -1 0 
11 4 641 346 18 14 -1 -1 -1 0 
12 1 0 355 35 33 -1 -1 -1 0 
12 2 659 343 34 28 -1 -1 -1 0 
12 3 612 348 18 15 -1 -1 -1 0 
12 4 641 346 18 14 -1 -1 -1 0 
13 2 659 342 35 29 -1 -1 -1 0 
13 3 612 348 18 15 -1 -1 -1 0 
13 4 641 346 19 13 -1 -1 -1 0 
14 2 660 342 34 28 -1 -1 -1 0 
14 3 612 348 18 15 -1 -1 -1 0 
14 4 641 346 18 13 -1 -1 -1 0 
15 2 659 342 35 28 -1 -1 -1 0 
15 3 611 348 19 15 -1 -1 -1 0 
15 4 642 345 16 13 -1 -1 -1 0 
16 2 659 342 35 28 -1 -1 -1 0 
16 3 611 348 19 15 -1 -1 -1 0 
16 4 642 345 17 13 -1 -1 -1 0 
17 2 660 342 34 27 -1 -1 -1 0 
17 3 612 347 18 15 -1 -1 -1 0 
17 4 642 344 17 13 -1 -1 -1 0 
18 2 660 342 33 27 -1 -1 -1 0 
18 3 612 347 19 15 -1 -1 -1 0 
18 4 643 344 16 14 -1 -1 -1 0 
19 2 660 343 33 27 -1 -1 -1 0 
19 3 613 348 17 15 -1 -1 -1 0 
19 4 643 344 16 14 -1 -1 -1 0 
20 2 660 343 33 27 -1 -1 -1 0 
20 3 613 348 17 15 -1 -1 -1 0 
21 2 661 344 32 27 -1 -1 -1 0 
21 3 613 349 18 15 -1 -1 -1 0 
22 2 661 344 32 27 -1 -1 -1 0 
22 3 613 349 18 15 -1 -1 -1 0 
23 2 661 345 33 26 -1 -1 -1 0 
23 3 613 349 18 15 -1 -1 -1 0 
24 2 660 345 33 27 -1 -1 -1 0 
25 2 660 343 33 28 -1 -1 -1 0 
25 3 614 347 17 16 -1 -1 -1 0 
26 2 660 343 34 28 -1 -1 -1 0 
26 3 613 347 19 16 -1 -1 -1 0 
27 2 661 343 32 28 -1 -1 -1 0 
27 3 613 346 19 16 -1 -1 -1 0 
28 2 661 343 32 27 -1 -1 -1 0 
28 8 560 635 716 81 -1 -1 -1 0 
29 2 661 344 32 27 -1 -1 -1 0 
29 3 613 347 19 15 -1 -1 -1 0 
29 8 562 636 713 80 -1 -1 -1 0 
30 2 660 344 33 26 -1 -1 -1 0 
30 3 633 346 18 13 -1 -1 -1 0 
30 8 560 635 714 81 -1 -1 -1 0 
31 2 660 343 33 27 -1 -1 -1 0 
31 3 640 345 16 12 -1 -1 -1 0 
31 4 456 342 19 13 -1 -1 -1 0 
31 8 562 635 712 81 -1 -1 -1 0 
32 2 660 343 32 27 -1 -1 -1 0 
32 3 643 345 15 12 -1 -1 -1 0 
32 4 449 342 18 13 -1 -1 -1 0 
32 8 565 635 710 81 -1 -1 -1 0 
33 2 659 343 34 26 -1 -1 -1 0 
33 3 643 344 17 13 -1 -1 -1 0 
33 4 444 341 19 14 -1 -1 -1 0 
33 8 559 634 716 82 -1 -1 -1 0 
34 2 659 342 34 27 -1 -1 -1 0 
34 3 644 344 16 12 -1 -1 -1 0 
34 4 441 342 21 13 -1 -1 -1 0 
34 8 562 634 712 82 -1 -1 -1 0 
35 2 659 343 34 25 -1 -1 -1 0 
35 3 644 344 16 12 -1 -1 -1 0 
35 4 439 343 17 13 -1 -1 -1 0 
35 8 562 634 712 82 -1 -1 -1 0 
36 2 660 343 32 25 -1 -1 -1 0 
36 3 644 344 15 12 -1 -1 -1 0 
36 4 436 343 18 13 -1 -1 -1 0 
36 8 559 634 717 82 -1 -1 -1 0 
37 2 661 343 30 25 -1 -1 -1 0 
37 3 645 343 16 12 -1 -1 -1 0 
37 4 433 343 18 13 -1 -1 -1 0 
37 8 561 634 714 82 -1 -1 -1 0 
38 2 660 342 32 26 -1 -1 -1 0 
38 3 644 343 15 13 -1 -1 -1 0 
38 4 428 343 21 14 -1 -1 -1 0 
38 8 561 634 713 81 -1 -1 -1 0 
39 2 660 342 31 26 -1 -1 -1 0 
39 3 643 343 16 12 -1 -1 -1 0 
39 4 426 343 19 14 -1 -1 -1 0 
39 8 569 634 704 81 -1 -1 -1 0 
40 2 660 342 31 26 -1 -1 -1 0 
40 3 643 342 16 13 -1 -1 -1 0 
40 4 421 343 20 14 -1 -1 -1 0 
40 8 569 634 704 81 -1 -1 -1 0 
