3 1 199 331 232 117 -1 -1 -1 0 
3 2 609 340 37 32 -1 -1 -1 0 
3 3 733 342 19 14 -1 -1 -1 0 
4 1 207 332 228 115 -1 -1 -1 0 
4 2 609 340 37 33 -1 -1 -1 0 
4 3 733 343 18 13 -1 -1 -1 0 
5 1 215 333 222 113 -1 -1 -1 0 
5 2 610 341 36 32 -1 -1 -1 0 
5 3 732 343 19 14 -1 -1 -1 0 
6 1 221 333 219 112 -1 -1 -1 0 
6 2 611 342 34 31 -1 -1 -1 0 
6 3 732 344 18 13 -1 -1 -1 0 
7 1 230 334 212 110 -1 -1 -1 0 
7 2 612 342 33 31 -1 -1 -1 0 
7 3 732 345 18 13 -1 -1 -1 0 
8 1 237 333 207 109 -1 -1 -1 0 
8 2 612 342 34 31 -1 -1 -1 0 
8 3 733 344 17 13 -1 -1 -1 0 
9 1 244 333 203 108 -1 -1 -1 0 
9 2 613 342 32 31 -1 -1 -1 0 
9 3 731 344 19 13 -1 -1 -1 0 
10 1 251 333 198 106 -1 -1 -1 0 
10 2 613 342 33 31 -1 -1 -1 0 
10 3 731 344 19 13 -1 -1 -1 0 
11 1 257 333 194 105 -1 -1 -1 0 
11 2 613 341 33 31 -1 -1 -1 0 
11 3 731 343 19 13 -1 -1 -1 0 
12 1 262 333 193 103 -1 -1 -1 0 
12 2 612 341 34 31 -1 -1 -1 0 
12 3 730 343 20 12 -1 -1 -1 0 
13 1 270 334 187 100 -1 -1 -1 0 
13 2 613 340 33 32 -1 -1 -1 0 
13 3 731 343 17 12 -1 -1 -1 0 
14 1 277 334 181 98 -1 -1 -1 0 
14 2 614 340 32 31 -1 -1 -1 0 
14 3 732 343 16 12 -1 -1 -1 0 
15 1 282 334 179 97 -1 -1 -1 0 
15 2 614 340 33 31 -1 -1 -1 0 
15 3 731 343 18 12 -1 -1 -1 0 
16 1 287 334 177 95 -1 -1 -1 0 
16 2 615 339 33 31 -1 -1 -1 0 
16 3 732 343 16 12 -1 -1 -1 0 
17 1 292 334 174 95 -1 -1 -1 0 
17 2 616 339 31 31 -1 -1 -1 0 
17 3 731 343 17 12 -1 -1 -1 0 
18 1 297 334 172 94 -1 -1 -1 0 
18 2 617 339 30 31 -1 -1 -1 0 
18 3 731 343 18 12 -1 -1 -1 0 
19 1 303 333 167 93 -1 -1 -1 0 
19 2 616 339 32 30 -1 -1 -1 0 
19 3 731 343 17 12 -1 -1 -1 0 
20 1 307 334 166 91 -1 -1 -1 0 
20 2 617 338 32 31 -1 -1 -1 0 
20 3 732 343 15 12 -1 -1 -1 0 
21 1 311 335 164 89 -1 -1 -1 0 
21 2 616 339 33 30 -1 -1 -1 0 
21 3 732 343 15 12 -1 -1 -1 0 
22 1 316 336 161 88 -1 -1 -1 0 
22 2 617 340 32 30 -1 -1 -1 0 
22 3 731 343 16 12 -1 -1 -1 0 
23 1 320 336 159 87 -1 -1 -1 0 
23 2 618 340 31 30 -1 -1 -1 0 
23 3 732 343 15 13 -1 -1 -1 0 
24 1 326 336 154 86 -1 -1 -1 0 
24 2 619 340 31 30 -1 -1 -1 0 
24 3 731 344 17 12 -1 -1 -1 0 
25 1 331 335 151 86 -1 -1 -1 0 
25 2 618 340 32 29 -1 -1 -1 0 
25 3 731 344 17 12 -1 -1 -1 0 
26 1 335 335 148 85 -1 -1 -1 0 
26 2 618 340 32 29 -1 -1 -1 0 
26 3 730 344 18 12 -1 -1 -1 0 
27 1 338 335 148 84 -1 -1 -1 0 
27 2 619 340 31 29 -1 -1 -1 0 
27 3 730 344 17 12 -1 -1 -1 0 
28 1 343 335 144 83 -1 -1 -1 0 
28 2 619 339 31 30 -1 -1 -1 0 
28 3 730 344 17 12 -1 -1 -1 0 
29 1 347 335 142 82 -1 -1 -1 0 
29 2 619 340 31 28 -1 -1 -1 0 
29 3 730 344 17 12 -1 -1 -1 0 
30 1 352 335 139 81 -1 -1 -1 0 
30 2 620 339 30 29 -1 -1 -1 0 
30 3 730 344 17 11 -1 -1 -1 0 
31 1 355 335 138 80 -1 -1 -1 0 
31 2 620 339 30 28 -1 -1 -1 0 
31 3 730 344 17 11 -1 -1 -1 0 
32 1 356 335 139 79 -1 -1 -1 0 
32 2 621 339 29 28 -1 -1 -1 0 
32 3 730 344 17 11 -1 -1 -1 0 
33 1 362 335 134 79 -1 -1 -1 0 
33 2 622 340 28 28 -1 -1 -1 0 
33 3 731 344 15 11 -1 -1 -1 0 
34 1 365 335 132 78 -1 -1 -1 0 
34 2 622 340 28 28 -1 -1 -1 0 
34 3 730 343 16 12 -1 -1 -1 0 
35 1 369 335 130 78 -1 -1 -1 0 
35 2 622 340 28 28 -1 -1 -1 0 
35 3 729 343 17 12 -1 -1 -1 0 
36 1 374 335 126 77 -1 -1 -1 0 
36 2 621 340 29 27 -1 -1 -1 0 
36 3 730 343 16 12 -1 -1 -1 0 
37 1 377 335 125 76 -1 -1 -1 0 
37 2 622 339 28 28 -1 -1 -1 0 
37 3 729 342 16 13 -1 -1 -1 0 
38 1 379 335 125 75 -1 -1 -1 0 
38 2 621 339 30 28 -1 -1 -1 0 
38 3 729 342 17 13 -1 -1 -1 0 
39 1 383 335 122 74 -1 -1 -1 0 
39 2 622 338 29 29 -1 -1 -1 0 
39 3 730 342 15 13 -1 -1 -1 0 
40 1 386 334 121 74 -1 -1 -1 0 
40 2 623 338 28 29 -1 -1 -1 0 
40 3 729 342 16 13 -1 -1 -1 0 
