3 1 673 337 39 37 -1 -1 -1 0 
4 1 673 336 39 38 -1 -1 -1 0 
5 1 673 336 40 38 -1 -1 -1 0 
5 2 710 342 14 13 -1 -1 -1 0 
6 1 673 335 40 38 -1 -1 -1 0 
6 2 710 341 14 14 -1 -1 -1 0 
7 1 673 335 39 37 -1 -1 -1 0 
7 2 709 340 16 15 -1 -1 -1 0 
8 1 673 335 39 37 -1 -1 -1 0 
8 2 709 341 16 14 -1 -1 -1 0 
9 1 673 336 39 38 -1 -1 -1 0 
9 2 709 342 16 14 -1 -1 -1 0 
10 1 672 337 41 38 -1 -1 -1 0 
10 2 710 342 15 15 -1 -1 -1 0 
11 1 672 338 41 37 -1 -1 -1 0 
11 2 710 344 16 14 -1 -1 -1 0 
12 1 673 338 39 37 -1 -1 -1 0 
12 2 711 344 14 15 -1 -1 -1 0 
13 1 671 338 42 38 -1 -1 -1 0 
13 2 710 344 17 14 -1 -1 -1 0 
14 1 672 338 40 38 -1 -1 -1 0 
14 2 710 343 16 15 -1 -1 -1 0 
15 1 672 337 40 38 -1 -1 -1 0 
15 2 710 343 17 14 -1 -1 -1 0 
16 1 673 336 39 39 -1 -1 -1 0 
16 2 711 342 15 15 -1 -1 -1 0 
17 1 672 336 40 38 -1 -1 -1 0 
17 2 710 342 17 15 -1 -1 -1 0 
18 1 673 336 38 38 -1 -1 -1 0 
18 2 711 342 15 15 -1 -1 -1 0 
19 1 673 334 38 39 -1 -1 -1 0 
19 2 711 342 16 15 -1 -1 -1 0 
20 1 672 334 40 39 -1 -1 -1 0 
20 2 711 341 17 16 -1 -1 -1 0 
21 1 672 336 40 37 -1 -1 -1 0 
21 2 710 342 18 15 -1 -1 -1 0 
22 1 672 336 40 37 -1 -1 -1 0 
22 2 711 342 16 15 -1 -1 -1 0 
23 1 672 337 40 36 -1 -1 -1 0 
23 2 711 342 17 15 -1 -1 -1 0 
24 1 673 337 38 36 -1 -1 -1 0 
24 2 711 342 18 15 -1 -1 -1 0 
25 1 672 337 40 36 -1 -1 -1 0 
25 2 711 343 18 14 -1 -1 -1 0 
26 1 672 338 40 35 -1 -1 -1 0 
26 2 712 343 17 14 -1 -1 -1 0 
27 1 673 338 39 35 -1 -1 -1 0 
27 2 712 342 17 14 -1 -1 -1 0 
28 1 673 338 40 35 -1 -1 -1 0 
28 2 712 342 17 14 -1 -1 -1 0 
29 1 673 335 38 36 -1 -1 -1 0 
29 2 712 340 17 14 -1 -1 -1 0 
30 1 673 333 38 37 -1 -1 -1 0 
30 2 712 339 18 14 -1 -1 -1 0 
31 1 672 334 40 36 -1 -1 -1 0 
31 2 713 339 18 14 -1 -1 -1 0 
32 1 673 335 39 35 -1 -1 -1 0 
32 2 713 339 18 14 -1 -1 -1 0 
33 1 673 337 39 35 -1 -1 -1 0 
33 2 713 341 18 14 -1 -1 -1 0 
34 1 673 339 39 35 -1 -1 -1 0 
34 2 713 343 18 13 -1 -1 -1 0 
35 1 673 341 38 34 -1 -1 -1 0 
35 2 713 344 17 14 -1 -1 -1 0 
36 1 673 343 39 34 -1 -1 -1 0 
36 2 713 344 17 15 -1 -1 -1 0 
37 1 674 344 37 33 -1 -1 -1 0 
37 2 713 345 17 14 -1 -1 -1 0 
38 1 673 344 39 32 -1 -1 -1 0 
38 2 712 344 19 14 -1 -1 -1 0 
39 1 675 343 36 32 -1 -1 -1 0 
39 2 713 344 17 14 -1 -1 -1 0 
40 1 675 341 36 33 -1 -1 -1 0 
40 2 714 343 16 15 -1 -1 -1 0 
