3 1 669 348 38 29 -1 -1 -1 0 
3 2 511 346 85 64 -1 -1 -1 0 
4 1 669 348 37 30 -1 -1 -1 0 
4 2 512 346 86 64 -1 -1 -1 0 
5 1 669 348 39 29 -1 -1 -1 0 
5 2 514 346 83 63 -1 -1 -1 0 
6 1 670 348 37 29 -1 -1 -1 0 
6 2 515 346 84 62 -1 -1 -1 0 
7 1 670 347 38 30 -1 -1 -1 0 
7 2 517 345 83 63 -1 -1 -1 0 
8 1 670 347 38 30 -1 -1 -1 0 
8 2 519 345 82 62 -1 -1 -1 0 
9 1 670 347 38 30 -1 -1 -1 0 
9 2 521 345 80 62 -1 -1 -1 0 
10 1 669 347 39 30 -1 -1 -1 0 
10 2 522 345 80 61 -1 -1 -1 0 
11 1 670 348 39 29 -1 -1 -1 0 
11 2 522 345 81 60 -1 -1 -1 0 
12 1 670 349 39 28 -1 -1 -1 0 
12 2 524 345 80 60 -1 -1 -1 0 
13 1 670 349 38 28 -1 -1 -1 0 
13 2 526 345 78 59 -1 -1 -1 0 
14 1 670 349 39 28 -1 -1 -1 0 
14 2 527 345 77 58 -1 -1 -1 0 
15 1 670 348 38 29 -1 -1 -1 0 
15 2 529 344 75 58 -1 -1 -1 0 
15 6 615 346 22 16 -1 -1 -1 0 
16 1 670 348 39 29 -1 -1 -1 0 
16 2 530 344 74 57 -1 -1 -1 0 
16 6 615 347 22 15 -1 -1 -1 0 
17 1 671 348 38 29 -1 -1 -1 0 
17 2 531 344 74 57 -1 -1 -1 0 
17 6 616 347 21 15 -1 -1 -1 0 
17 8 561 633 709 82 -1 -1 -1 0 
18 1 671 348 39 29 -1 -1 -1 0 
18 2 532 345 74 55 -1 -1 -1 0 
18 6 616 347 21 15 -1 -1 -1 0 
18 8 557 635 720 80 -1 -1 -1 0 
19 1 671 347 38 31 -1 -1 -1 0 
19 2 535 345 71 55 -1 -1 -1 0 
19 6 616 347 22 15 -1 -1 -1 0 
19 8 557 635 721 80 -1 -1 -1 0 
20 1 672 347 38 31 -1 -1 -1 0 
20 2 537 345 69 54 -1 -1 -1 0 
20 6 618 347 19 15 -1 -1 -1 0 
21 1 672 347 38 31 -1 -1 -1 0 
21 2 537 344 71 55 -1 -1 -1 0 
21 6 618 347 19 14 -1 -1 -1 0 
21 8 562 635 715 80 -1 -1 -1 0 
22 1 671 347 39 30 -1 -1 -1 0 
22 2 538 344 71 54 -1 -1 -1 0 
22 6 617 347 21 14 -1 -1 -1 0 
22 8 561 636 716 79 -1 -1 -1 0 
23 1 672 347 37 30 -1 -1 -1 0 
23 2 539 344 70 53 -1 -1 -1 0 
23 6 618 347 20 14 -1 -1 -1 0 
23 8 564 635 709 80 -1 -1 -1 0 
24 1 672 347 38 30 -1 -1 -1 0 
24 2 540 343 69 54 -1 -1 -1 0 
24 6 618 346 19 14 -1 -1 -1 0 
24 8 561 635 714 80 -1 -1 -1 0 
25 1 671 347 39 30 -1 -1 -1 0 
25 2 541 344 69 53 -1 -1 -1 0 
25 6 618 346 20 15 -1 -1 -1 0 
25 8 558 635 721 79 -1 -1 -1 0 
26 1 672 348 38 30 -1 -1 -1 0 
26 2 543 344 66 53 -1 -1 -1 0 
26 6 618 346 20 15 -1 -1 -1 0 
26 8 559 635 720 79 -1 -1 -1 0 
27 1 672 348 37 30 -1 -1 -1 0 
27 2 544 344 67 52 -1 -1 -1 0 
27 6 618 346 20 15 -1 -1 -1 0 
27 8 561 635 715 79 -1 -1 -1 0 
28 1 670 348 41 31 -1 -1 -1 0 
28 2 545 344 66 52 -1 -1 -1 0 
28 6 618 346 20 15 -1 -1 -1 0 
28 8 561 635 714 79 -1 -1 -1 0 
29 1 671 348 39 31 -1 -1 -1 0 
29 2 546 344 67 51 -1 -1 -1 0 
29 6 618 346 20 15 -1 -1 -1 0 
29 8 563 635 712 79 -1 -1 -1 0 
30 1 670 348 40 31 -1 -1 -1 0 
30 2 548 344 65 50 -1 -1 -1 0 
30 6 617 347 21 14 -1 -1 -1 0 
30 8 563 635 714 79 -1 -1 -1 0 
31 1 670 349 40 30 -1 -1 -1 0 
31 2 548 344 66 50 -1 -1 -1 0 
31 6 618 347 19 14 -1 -1 -1 0 
31 8 566 635 710 79 -1 -1 -1 0 
32 1 670 349 39 30 -1 -1 -1 0 
32 2 549 344 65 50 -1 -1 -1 0 
32 6 618 347 19 14 -1 -1 -1 0 
32 8 566 635 709 79 -1 -1 -1 0 
33 1 670 349 40 30 -1 -1 -1 0 
33 2 550 344 64 50 -1 -1 -1 0 
33 6 619 347 18 14 -1 -1 -1 0 
33 8 566 632 705 82 -1 -1 -1 0 
34 1 670 349 40 30 -1 -1 -1 0 
34 2 552 344 63 49 -1 -1 -1 0 
34 6 618 347 20 14 -1 -1 -1 0 
34 8 561 633 718 81 -1 -1 -1 0 
35 1 669 349 40 30 -1 -1 -1 0 
35 2 553 345 62 49 -1 -1 -1 0 
35 6 617 347 21 14 -1 -1 -1 0 
35 8 559 635 720 79 -1 -1 -1 0 
36 1 669 349 40 30 -1 -1 -1 0 
36 2 553 345 63 49 -1 -1 -1 0 
36 6 617 347 21 14 -1 -1 -1 0 
36 8 560 635 718 79 -1 -1 -1 0 
37 1 669 348 40 31 -1 -1 -1 0 
37 2 554 346 61 47 -1 -1 -1 0 
37 6 618 347 20 14 -1 -1 -1 0 
37 8 560 635 716 79 -1 -1 -1 0 
38 1 669 348 40 31 -1 -1 -1 0 
38 2 555 345 60 47 -1 -1 -1 0 
38 8 559 635 717 79 -1 -1 -1 0 
39 1 669 348 41 31 -1 -1 -1 0 
39 2 556 345 60 47 -1 -1 -1 0 
39 8 559 635 717 78 -1 -1 -1 0 
40 1 669 348 41 30 -1 -1 -1 0 
40 2 556 344 61 46 -1 -1 -1 0 
40 8 558 635 717 78 -1 -1 -1 0 
