3 1 454 350 38 22 -1 -1 -1 0 
3 2 806 337 60 42 -1 -1 -1 0 
4 1 442 351 38 23 -1 -1 -1 0 
4 2 805 337 62 42 -1 -1 -1 0 
4 3 677 348 22 15 -1 -1 -1 0 
5 1 426 351 43 25 -1 -1 -1 0 
5 2 805 336 62 43 -1 -1 -1 0 
5 3 677 349 22 14 -1 -1 -1 0 
5 4 495 354 27 14 -1 -1 -1 0 
5 5 537 349 23 15 -1 -1 -1 0 
6 1 408 351 52 27 -1 -1 -1 0 
6 2 806 336 62 41 -1 -1 -1 0 
6 3 678 346 21 16 -1 -1 -1 0 
6 4 490 353 23 16 -1 -1 -1 0 
6 5 533 349 22 15 -1 -1 -1 0 
7 1 389 351 58 28 -1 -1 -1 0 
7 2 807 335 60 42 -1 -1 -1 0 
7 3 678 345 21 17 -1 -1 -1 0 
7 4 482 353 25 16 -1 -1 -1 0 
7 5 530 348 20 16 -1 -1 -1 0 
8 1 370 350 55 31 -1 -1 -1 0 
8 2 805 334 63 42 -1 -1 -1 0 
8 3 678 341 21 19 -1 -1 -1 0 
8 4 472 353 28 16 -1 -1 -1 0 
8 5 524 348 22 16 -1 -1 -1 0 
9 1 344 351 61 34 -1 -1 -1 0 
9 2 806 334 61 42 -1 -1 -1 0 
9 3 564 345 24 18 -1 -1 -1 0 
9 4 417 353 28 19 -1 -1 -1 0 
9 5 478 352 30 17 -1 -1 -1 0 
10 1 312 352 72 37 -1 -1 -1 0 
10 2 805 334 62 42 -1 -1 -1 0 
10 3 519 347 25 18 -1 -1 -1 0 
10 4 382 354 35 21 -1 -1 -1 0 
10 5 456 353 31 18 -1 -1 -1 0 
11 1 276 353 80 40 -1 -1 -1 0 
11 2 805 334 61 42 -1 -1 -1 0 
11 3 499 348 30 18 -1 -1 -1 0 
11 4 419 354 33 21 -1 -1 -1 0 
11 5 467 352 26 16 -1 -1 -1 0 
12 1 231 355 95 44 -1 -1 -1 0 
12 2 805 334 61 42 -1 -1 -1 0 
12 3 488 350 33 18 -1 -1 -1 0 
12 4 421 355 37 21 -1 -1 -1 0 
12 5 468 351 22 15 -1 -1 -1 0 
13 1 176 356 112 50 -1 -1 -1 0 
13 2 804 334 62 42 -1 -1 -1 0 
13 3 467 350 35 19 -1 -1 -1 0 
13 4 414 355 38 22 -1 -1 -1 0 
13 5 474 351 37 18 -1 -1 -1 0 
13 9 310 356 55 29 -1 -1 -1 0 
14 1 97 358 144 56 -1 -1 -1 0 
14 2 805 334 60 42 -1 -1 -1 0 
14 3 489 349 21 18 -1 -1 -1 0 
14 4 401 356 42 22 -1 -1 -1 0 
14 5 471 352 37 19 -1 -1 -1 0 
14 9 282 357 62 31 -1 -1 -1 0 
15 1 12 360 163 64 -1 -1 -1 0 
15 2 804 334 61 42 -1 -1 -1 0 
15 3 485 349 23 18 -1 -1 -1 0 
15 4 386 357 45 23 -1 -1 -1 0 
15 5 462 353 37 19 -1 -1 -1 0 
15 9 251 358 68 32 -1 -1 -1 0 
16 1 0 363 86 66 -1 -1 -1 0 
16 2 804 334 61 42 -1 -1 -1 0 
16 3 479 349 25 18 -1 -1 -1 0 
16 4 368 358 47 25 -1 -1 -1 0 
16 5 452 353 36 21 -1 -1 -1 0 
16 9 215 359 77 36 -1 -1 -1 0 
17 1 0 365 39 68 -1 -1 -1 0 
17 2 804 334 61 42 -1 -1 -1 0 
17 3 472 349 27 19 -1 -1 -1 0 
17 4 347 359 51 26 -1 -1 -1 0 
17 5 439 354 40 22 -1 -1 -1 0 
17 9 170 360 90 38 -1 -1 -1 0 
18 2 805 334 60 43 -1 -1 -1 0 
18 3 463 349 31 19 -1 -1 -1 0 
18 4 322 359 58 29 -1 -1 -1 0 
18 5 425 354 44 23 -1 -1 -1 0 
18 9 118 362 103 41 -1 -1 -1 0 
19 2 804 334 62 43 -1 -1 -1 0 
19 3 455 349 32 20 -1 -1 -1 0 
19 4 293 360 65 30 -1 -1 -1 0 
19 5 409 354 45 25 -1 -1 -1 0 
19 9 49 363 125 46 -1 -1 -1 0 
20 2 804 334 62 42 -1 -1 -1 0 
20 3 446 349 34 19 -1 -1 -1 0 
20 4 260 360 72 33 -1 -1 -1 0 
20 5 388 355 52 26 -1 -1 -1 0 
20 9 2 364 110 50 -1 -1 -1 0 
20 14 518 351 24 12 -1 -1 -1 0 
21 2 804 334 61 42 -1 -1 -1 0 
21 3 438 349 34 19 -1 -1 -1 0 
21 4 218 361 85 35 -1 -1 -1 0 
21 5 365 356 57 28 -1 -1 -1 0 
21 9 0 365 39 51 -1 -1 -1 0 
21 14 510 352 25 12 -1 -1 -1 0 
21 15 676 343 20 16 -1 -1 -1 0 
22 2 804 334 62 42 -1 -1 -1 0 
22 3 428 349 35 20 -1 -1 -1 0 
22 4 169 361 98 39 -1 -1 -1 0 
22 5 338 357 64 30 -1 -1 -1 0 
22 9 0 366 -3 54 -1 -1 -1 0 
22 14 504 352 23 12 -1 -1 -1 0 
22 15 573 345 22 13 -1 -1 -1 0 
23 2 805 334 60 43 -1 -1 -1 0 
23 3 416 349 39 22 -1 -1 -1 0 
23 4 107 364 117 43 -1 -1 -1 0 
23 5 307 358 73 32 -1 -1 -1 0 
23 14 494 352 27 14 -1 -1 -1 0 
23 15 539 345 21 14 -1 -1 -1 0 
24 2 804 334 61 43 -1 -1 -1 0 
24 3 404 349 41 23 -1 -1 -1 0 
24 4 21 366 149 49 -1 -1 -1 0 
24 5 268 360 83 36 -1 -1 -1 0 
24 14 487 352 26 15 -1 -1 -1 0 
24 15 529 346 20 13 -1 -1 -1 0 
24 19 368 354 36 19 -1 -1 -1 0 
25 2 804 335 61 42 -1 -1 -1 0 
25 3 391 350 43 24 -1 -1 -1 0 
25 4 0 369 95 52 -1 -1 -1 0 
25 5 220 362 98 39 -1 -1 -1 0 
25 14 476 353 29 16 -1 -1 -1 0 
25 15 521 346 25 14 -1 -1 -1 0 
25 19 353 354 40 21 -1 -1 -1 0 
25 20 676 341 20 18 -1 -1 -1 0 
26 2 804 335 61 42 -1 -1 -1 0 
26 3 375 350 48 26 -1 -1 -1 0 
26 4 0 371 55 53 -1 -1 -1 0 
26 5 158 364 118 44 -1 -1 -1 0 
26 14 466 354 31 16 -1 -1 -1 0 
26 15 518 346 25 14 -1 -1 -1 0 
26 19 338 354 39 23 -1 -1 -1 0 
26 20 675 341 21 18 -1 -1 -1 0 
27 2 804 335 60 43 -1 -1 -1 0 
27 3 358 351 51 26 -1 -1 -1 0 
27 5 72 367 151 51 -1 -1 -1 0 
27 14 455 355 34 16 -1 -1 -1 0 
27 15 515 346 26 15 -1 -1 -1 0 
27 19 321 355 40 23 -1 -1 -1 0 
27 20 675 342 22 17 -1 -1 -1 0 
28 2 803 335 62 43 -1 -1 -1 0 
28 3 339 351 56 27 -1 -1 -1 0 
28 5 8 371 138 56 -1 -1 -1 0 
28 14 442 355 36 18 -1 -1 -1 0 
28 15 513 346 26 15 -1 -1 -1 0 
28 19 301 356 44 24 -1 -1 -1 0 
28 20 675 342 22 16 -1 -1 -1 0 
29 2 804 335 62 41 -1 -1 -1 0 
29 3 318 351 61 29 -1 -1 -1 0 
29 5 0 379 41 52 -1 -1 -1 0 
29 14 429 355 38 19 -1 -1 -1 0 
29 15 508 346 28 15 -1 -1 -1 0 
29 19 280 357 45 25 -1 -1 -1 0 
29 20 676 340 20 17 -1 -1 -1 0 
30 2 804 334 61 42 -1 -1 -1 0 
30 3 294 351 66 32 -1 -1 -1 0 
30 5 0 381 -10 54 -1 -1 -1 0 
30 14 411 355 43 21 -1 -1 -1 0 
30 15 503 346 30 15 -1 -1 -1 0 
30 19 258 357 42 27 -1 -1 -1 0 
30 20 676 340 20 17 -1 -1 -1 0 
31 2 804 334 61 42 -1 -1 -1 0 
31 3 263 352 78 33 -1 -1 -1 0 
31 14 394 355 45 23 -1 -1 -1 0 
31 15 497 345 33 17 -1 -1 -1 0 
31 19 231 358 44 28 -1 -1 -1 0 
31 20 677 340 20 16 -1 -1 -1 0 
31 23 746 341 18 10 -1 -1 -1 0 
32 2 804 333 62 42 -1 -1 -1 0 
32 3 229 352 87 36 -1 -1 -1 0 
32 14 374 355 50 24 -1 -1 -1 0 
32 15 518 345 28 15 -1 -1 -1 0 
32 19 212 358 46 30 -1 -1 -1 0 
32 20 677 340 20 16 -1 -1 -1 0 
32 23 747 341 17 9 -1 -1 -1 0 
33 2 804 332 61 43 -1 -1 -1 0 
33 3 209 352 91 37 -1 -1 -1 0 
33 14 350 356 55 26 -1 -1 -1 0 
33 15 494 346 34 16 -1 -1 -1 0 
33 20 678 339 19 16 -1 -1 -1 0 
34 2 804 332 61 42 -1 -1 -1 0 
34 3 132 353 124 43 -1 -1 -1 0 
34 14 323 357 61 29 -1 -1 -1 0 
34 15 511 346 30 14 -1 -1 -1 0 
34 20 677 339 20 16 -1 -1 -1 0 
35 2 803 332 62 43 -1 -1 -1 0 
35 3 74 354 140 48 -1 -1 -1 0 
35 14 289 358 70 31 -1 -1 -1 0 
35 15 483 347 27 16 -1 -1 -1 0 
35 20 677 338 21 17 -1 -1 -1 0 
36 2 803 332 63 43 -1 -1 -1 0 
36 3 9 355 157 53 -1 -1 -1 0 
36 14 248 359 81 34 -1 -1 -1 0 
36 15 465 347 30 17 -1 -1 -1 0 
36 20 677 338 20 17 -1 -1 -1 0 
36 27 803 332 62 43 -1 -1 -1 0 
37 2 803 332 63 43 -1 -1 -1 0 
37 3 0 357 105 54 -1 -1 -1 0 
37 14 197 361 98 37 -1 -1 -1 0 
37 15 450 347 36 19 -1 -1 -1 0 
37 20 676 337 20 17 -1 -1 -1 0 
37 23 1233 342 34 15 -1 -1 -1 0 
37 27 803 332 62 43 -1 -1 -1 0 
38 2 803 332 63 43 -1 -1 -1 0 
38 3 0 358 71 56 -1 -1 -1 0 
38 14 134 363 116 42 -1 -1 -1 0 
38 15 440 348 39 19 -1 -1 -1 0 
38 20 676 337 20 18 -1 -1 -1 0 
38 23 1298 343 -19 15 -1 -1 -1 0 
39 2 802 332 64 43 -1 -1 -1 0 
39 14 48 365 145 49 -1 -1 -1 0 
39 15 431 348 38 21 -1 -1 -1 0 
39 20 677 337 19 18 -1 -1 -1 0 
39 30 470 346 39 19 -1 -1 -1 0 
40 2 803 333 63 42 -1 -1 -1 0 
40 14 4 367 110 54 -1 -1 -1 0 
40 15 420 348 37 22 -1 -1 -1 0 
40 20 677 338 19 17 -1 -1 -1 0 
40 27 803 332 63 43 -1 -1 -1 0 
40 30 458 345 41 22 -1 -1 -1 0 
