3 1 0 373 477 212 -1 -1 -1 0 
3 2 675 343 47 42 -1 -1 -1 0 
3 7 356 355 40 19 -1 -1 -1 0 
3 8 572 636 702 78 -1 -1 -1 0 
4 1 24 373 452 203 -1 -1 -1 0 
4 2 674 343 48 42 -1 -1 -1 0 
4 7 342 355 45 19 -1 -1 -1 0 
4 8 563 635 712 79 -1 -1 -1 0 
5 1 56 371 424 195 -1 -1 -1 0 
5 2 675 343 48 42 -1 -1 -1 0 
5 7 328 355 48 17 -1 -1 -1 0 
5 8 562 635 713 79 -1 -1 -1 0 
6 1 87 370 398 186 -1 -1 -1 0 
6 2 675 343 48 42 -1 -1 -1 0 
6 7 313 355 49 17 -1 -1 -1 0 
6 8 558 635 716 79 -1 -1 -1 0 
6 13 88 358 107 40 -1 -1 -1 0 
6 14 856 360 36 20 -1 -1 -1 0 
7 1 115 369 375 179 -1 -1 -1 0 
7 2 674 343 49 41 -1 -1 -1 0 
7 7 295 355 52 17 -1 -1 -1 0 
7 8 559 635 714 79 -1 -1 -1 0 
7 13 20 359 132 43 -1 -1 -1 0 
7 14 855 358 37 21 -1 -1 -1 0 
8 1 140 367 356 173 -1 -1 -1 0 
8 2 675 343 48 41 -1 -1 -1 0 
8 7 277 355 53 20 -1 -1 -1 0 
8 8 555 635 719 80 -1 -1 -1 0 
8 13 0 360 96 45 -1 -1 -1 0 
8 14 854 358 37 21 -1 -1 -1 0 
9 1 161 366 340 168 -1 -1 -1 0 
9 2 675 342 48 41 -1 -1 -1 0 
9 7 258 354 56 25 -1 -1 -1 0 
9 8 554 635 720 80 -1 -1 -1 0 
9 13 0 361 60 47 -1 -1 -1 0 
9 14 853 357 38 21 -1 -1 -1 0 
10 1 181 366 326 161 -1 -1 -1 0 
10 2 675 342 47 41 -1 -1 -1 0 
10 7 235 354 62 27 -1 -1 -1 0 
10 8 557 635 716 80 -1 -1 -1 0 
10 14 852 357 38 21 -1 -1 -1 0 
10 18 52 369 80 24 -1 -1 -1 0 
11 1 202 365 308 157 -1 -1 -1 0 
11 2 675 342 47 41 -1 -1 -1 0 
11 7 207 354 70 30 -1 -1 -1 0 
11 8 557 635 716 80 -1 -1 -1 0 
11 14 851 356 37 22 -1 -1 -1 0 
11 18 11 370 89 26 -1 -1 -1 0 
12 1 219 364 296 154 -1 -1 -1 0 
12 2 675 341 47 42 -1 -1 -1 0 
12 7 178 355 77 32 -1 -1 -1 0 
12 8 558 634 716 80 -1 -1 -1 0 
12 14 850 356 37 21 -1 -1 -1 0 
12 18 0 373 64 25 -1 -1 -1 0 
13 1 235 364 285 147 -1 -1 -1 0 
13 2 674 341 48 42 -1 -1 -1 0 
13 7 143 355 87 34 -1 -1 -1 0 
13 8 558 634 718 79 -1 -1 -1 0 
13 14 848 355 39 22 -1 -1 -1 0 
13 18 0 377 28 23 -1 -1 -1 0 
14 1 250 364 274 143 -1 -1 -1 0 
14 2 673 342 49 41 -1 -1 -1 0 
14 7 103 357 99 35 -1 -1 -1 0 
14 8 560 634 714 79 -1 -1 -1 0 
14 14 848 356 38 21 -1 -1 -1 0 
14 18 0 379 5 23 -1 -1 -1 0 
15 1 264 363 263 139 -1 -1 -1 0 
15 2 674 342 47 42 -1 -1 -1 0 
15 7 55 358 112 38 -1 -1 -1 0 
15 8 560 634 715 79 -1 -1 -1 0 
15 14 848 356 36 21 -1 -1 -1 0 
16 1 277 363 253 136 -1 -1 -1 0 
16 2 673 342 49 42 -1 -1 -1 0 
16 7 3 359 126 41 -1 -1 -1 0 
16 8 560 634 713 80 -1 -1 -1 0 
16 14 847 356 37 21 -1 -1 -1 0 
17 1 289 363 246 132 -1 -1 -1 0 
17 2 673 342 49 42 -1 -1 -1 0 
17 7 0 362 82 40 -1 -1 -1 0 
17 8 560 634 713 80 -1 -1 -1 0 
17 14 847 356 35 21 -1 -1 -1 0 
18 1 300 363 238 129 -1 -1 -1 0 
18 2 673 342 48 43 -1 -1 -1 0 
18 7 0 362 53 42 -1 -1 -1 0 
18 14 845 355 38 22 -1 -1 -1 0 
19 1 311 362 230 127 -1 -1 -1 0 
19 2 673 343 48 42 -1 -1 -1 0 
19 14 843 355 39 22 -1 -1 -1 0 
20 1 323 362 220 125 -1 -1 -1 0 
20 2 674 343 47 42 -1 -1 -1 0 
20 8 559 632 713 82 -1 -1 -1 0 
20 14 844 355 37 23 -1 -1 -1 0 
21 1 332 361 215 122 -1 -1 -1 0 
21 2 674 343 47 42 -1 -1 -1 0 
21 8 552 634 727 80 -1 -1 -1 0 
21 14 844 355 36 23 -1 -1 -1 0 
22 1 341 361 209 118 -1 -1 -1 0 
22 2 673 343 48 42 -1 -1 -1 0 
22 8 551 633 728 81 -1 -1 -1 0 
22 14 842 356 39 23 -1 -1 -1 0 
23 1 350 360 202 117 -1 -1 -1 0 
23 2 674 343 47 42 -1 -1 -1 0 
23 8 556 635 716 79 -1 -1 -1 0 
23 14 842 356 38 23 -1 -1 -1 0 
24 1 358 360 197 114 -1 -1 -1 0 
24 2 674 343 47 42 -1 -1 -1 0 
24 8 558 635 714 79 -1 -1 -1 0 
24 14 842 356 36 24 -1 -1 -1 0 
25 1 367 359 191 113 -1 -1 -1 0 
25 2 673 343 48 42 -1 -1 -1 0 
25 8 558 635 714 80 -1 -1 -1 0 
25 14 840 356 40 23 -1 -1 -1 0 
26 1 374 359 186 110 -1 -1 -1 0 
26 2 673 343 48 42 -1 -1 -1 0 
26 8 559 635 713 80 -1 -1 -1 0 
26 14 839 355 38 22 -1 -1 -1 0 
27 1 381 359 181 107 -1 -1 -1 0 
27 2 674 343 46 42 -1 -1 -1 0 
27 8 558 635 714 80 -1 -1 -1 0 
27 14 838 355 38 21 -1 -1 -1 0 
28 1 388 359 177 106 -1 -1 -1 0 
28 2 674 343 46 42 -1 -1 -1 0 
28 8 557 635 717 80 -1 -1 -1 0 
28 14 837 354 39 21 -1 -1 -1 0 
29 1 395 359 172 103 -1 -1 -1 0 
29 2 674 343 47 42 -1 -1 -1 0 
29 8 557 635 718 80 -1 -1 -1 0 
29 14 836 354 38 21 -1 -1 -1 0 
30 1 402 359 168 101 -1 -1 -1 0 
30 2 674 343 47 41 -1 -1 -1 0 
30 14 836 353 37 21 -1 -1 -1 0 
31 1 408 358 164 100 -1 -1 -1 0 
31 2 674 342 48 42 -1 -1 -1 0 
31 14 835 352 37 23 -1 -1 -1 0 
32 1 414 358 161 97 -1 -1 -1 0 
32 2 675 342 47 42 -1 -1 -1 0 
32 14 835 352 37 23 -1 -1 -1 0 
33 1 420 358 156 96 -1 -1 -1 0 
33 2 674 342 48 42 -1 -1 -1 0 
33 14 833 352 39 23 -1 -1 -1 0 
34 1 425 357 153 95 -1 -1 -1 0 
34 2 674 342 49 42 -1 -1 -1 0 
34 8 560 635 715 79 -1 -1 -1 0 
34 14 832 352 39 21 -1 -1 -1 0 
35 1 429 357 153 92 -1 -1 -1 0 
35 2 675 342 48 42 -1 -1 -1 0 
35 8 562 634 711 80 -1 -1 -1 0 
35 14 832 351 36 22 -1 -1 -1 0 
36 1 436 356 145 91 -1 -1 -1 0 
36 2 675 341 48 42 -1 -1 -1 0 
36 8 566 634 707 80 -1 -1 -1 0 
36 14 830 351 38 21 -1 -1 -1 0 
37 1 440 356 142 91 -1 -1 -1 0 
37 2 676 341 47 43 -1 -1 -1 0 
37 8 559 635 719 79 -1 -1 -1 0 
37 14 830 350 37 22 -1 -1 -1 0 
38 1 444 356 141 88 -1 -1 -1 0 
38 2 675 341 49 43 -1 -1 -1 0 
38 8 559 635 717 79 -1 -1 -1 0 
38 14 828 350 39 22 -1 -1 -1 0 
39 1 450 356 136 88 -1 -1 -1 0 
39 2 676 342 48 42 -1 -1 -1 0 
39 8 576 635 696 79 -1 -1 -1 0 
39 14 828 350 37 22 -1 -1 -1 0 
40 1 453 356 135 86 -1 -1 -1 0 
40 2 676 342 48 42 -1 -1 -1 0 
40 8 562 635 715 79 -1 -1 -1 0 
40 14 827 350 38 22 -1 -1 -1 0 
