3 1 747 341 59 45 -1 -1 -1 0 
3 2 370 352 36 20 -1 -1 -1 0 
3 3 710 347 22 15 -1 -1 -1 0 
4 1 748 341 59 45 -1 -1 -1 0 
4 2 353 353 40 21 -1 -1 -1 0 
4 3 709 346 22 16 -1 -1 -1 0 
5 1 748 342 60 45 -1 -1 -1 0 
5 2 335 354 42 21 -1 -1 -1 0 
5 3 709 346 23 16 -1 -1 -1 0 
6 1 749 342 59 45 -1 -1 -1 0 
6 2 315 355 47 22 -1 -1 -1 0 
6 3 709 346 23 16 -1 -1 -1 0 
6 6 414 355 37 15 -1 -1 -1 0 
7 1 749 341 60 47 -1 -1 -1 0 
7 2 294 355 49 24 -1 -1 -1 0 
7 3 709 346 23 15 -1 -1 -1 0 
7 6 402 356 31 15 -1 -1 -1 0 
8 1 749 341 61 47 -1 -1 -1 0 
8 2 269 355 57 26 -1 -1 -1 0 
8 3 710 346 22 15 -1 -1 -1 0 
8 6 386 356 33 16 -1 -1 -1 0 
8 7 675 344 27 25 -1 -1 -1 0 
9 1 749 341 63 47 -1 -1 -1 0 
9 2 243 356 60 28 -1 -1 -1 0 
9 3 711 345 21 16 -1 -1 -1 0 
9 6 369 357 36 17 -1 -1 -1 0 
9 7 675 344 28 25 -1 -1 -1 0 
10 1 750 341 62 47 -1 -1 -1 0 
10 2 209 356 69 31 -1 -1 -1 0 
10 3 711 345 21 16 -1 -1 -1 0 
10 6 351 359 39 18 -1 -1 -1 0 
10 7 676 344 27 25 -1 -1 -1 0 
11 1 751 340 62 49 -1 -1 -1 0 
11 2 174 357 74 33 -1 -1 -1 0 
11 3 712 345 21 16 -1 -1 -1 0 
11 6 330 360 43 19 -1 -1 -1 0 
11 7 676 344 27 25 -1 -1 -1 0 
12 1 750 340 65 49 -1 -1 -1 0 
12 2 129 357 84 36 -1 -1 -1 0 
12 3 713 345 20 17 -1 -1 -1 0 
12 6 305 360 50 21 -1 -1 -1 0 
12 7 675 344 28 25 -1 -1 -1 0 
13 1 750 339 66 50 -1 -1 -1 0 
13 2 71 358 105 39 -1 -1 -1 0 
13 3 712 345 22 16 -1 -1 -1 0 
13 6 279 359 53 24 -1 -1 -1 0 
13 7 676 343 27 26 -1 -1 -1 0 
14 1 751 339 65 50 -1 -1 -1 0 
14 2 4 361 123 40 -1 -1 -1 0 
14 3 713 345 20 16 -1 -1 -1 0 
14 6 247 360 61 26 -1 -1 -1 0 
14 7 675 344 28 25 -1 -1 -1 0 
15 1 751 339 67 51 -1 -1 -1 0 
15 2 0 363 61 42 -1 -1 -1 0 
15 3 712 345 22 16 -1 -1 -1 0 
15 6 210 361 68 29 -1 -1 -1 0 
15 7 675 344 28 25 -1 -1 -1 0 
16 1 752 340 66 50 -1 -1 -1 0 
16 2 0 364 24 44 -1 -1 -1 0 
16 3 713 346 21 15 -1 -1 -1 0 
16 6 165 364 77 30 -1 -1 -1 0 
16 7 675 344 28 25 -1 -1 -1 0 
17 1 752 340 67 51 -1 -1 -1 0 
17 3 713 344 20 17 -1 -1 -1 0 
17 6 108 365 92 33 -1 -1 -1 0 
17 7 676 344 26 25 -1 -1 -1 0 
18 1 753 340 66 51 -1 -1 -1 0 
18 3 713 345 21 16 -1 -1 -1 0 
18 6 34 369 115 36 -1 -1 -1 0 
18 7 676 344 26 25 -1 -1 -1 0 
19 1 754 340 66 52 -1 -1 -1 0 
19 3 714 344 20 17 -1 -1 -1 0 
19 6 0 372 83 37 -1 -1 -1 0 
19 7 675 344 26 25 -1 -1 -1 0 
20 1 753 340 69 52 -1 -1 -1 0 
20 3 714 344 20 17 -1 -1 -1 0 
20 6 0 373 42 39 -1 -1 -1 0 
20 7 676 344 25 25 -1 -1 -1 0 
21 1 754 340 69 52 -1 -1 -1 0 
21 3 713 343 22 19 -1 -1 -1 0 
21 7 675 344 27 25 -1 -1 -1 0 
22 1 755 340 69 53 -1 -1 -1 0 
22 3 713 345 23 17 -1 -1 -1 0 
22 7 675 344 27 25 -1 -1 -1 0 
23 1 755 340 70 54 -1 -1 -1 0 
23 3 714 344 21 18 -1 -1 -1 0 
23 7 674 344 28 25 -1 -1 -1 0 
24 1 755 340 71 54 -1 -1 -1 0 
24 3 713 344 23 18 -1 -1 -1 0 
24 7 675 344 26 26 -1 -1 -1 0 
25 1 756 340 71 55 -1 -1 -1 0 
25 3 713 343 22 19 -1 -1 -1 0 
25 7 674 344 28 26 -1 -1 -1 0 
26 1 756 339 72 56 -1 -1 -1 0 
26 3 713 343 24 19 -1 -1 -1 0 
26 7 674 343 28 26 -1 -1 -1 0 
27 1 756 339 74 56 -1 -1 -1 0 
27 3 714 343 22 19 -1 -1 -1 0 
27 7 674 343 27 26 -1 -1 -1 0 
28 1 756 339 75 57 -1 -1 -1 0 
28 3 714 343 23 19 -1 -1 -1 0 
28 7 673 343 29 26 -1 -1 -1 0 
29 1 757 339 75 58 -1 -1 -1 0 
29 3 713 343 24 19 -1 -1 -1 0 
29 7 673 343 29 25 -1 -1 -1 0 
30 1 757 339 77 58 -1 -1 -1 0 
30 3 713 343 24 19 -1 -1 -1 0 
30 7 673 343 28 25 -1 -1 -1 0 
31 1 759 339 76 59 -1 -1 -1 0 
31 3 715 341 22 20 -1 -1 -1 0 
31 7 673 343 29 25 -1 -1 -1 0 
32 1 759 338 79 60 -1 -1 -1 0 
32 3 714 340 24 21 -1 -1 -1 0 
32 7 673 342 28 26 -1 -1 -1 0 
33 1 760 338 78 60 -1 -1 -1 0 
33 3 714 340 23 21 -1 -1 -1 0 
33 7 674 342 27 25 -1 -1 -1 0 
34 1 761 338 80 60 -1 -1 -1 0 
34 3 714 340 24 21 -1 -1 -1 0 
34 7 674 342 27 25 -1 -1 -1 0 
35 1 762 337 80 62 -1 -1 -1 0 
35 3 714 340 25 21 -1 -1 -1 0 
35 7 673 341 29 26 -1 -1 -1 0 
36 1 762 338 83 61 -1 -1 -1 0 
36 3 714 340 25 21 -1 -1 -1 0 
36 7 673 341 29 26 -1 -1 -1 0 
37 1 763 338 83 62 -1 -1 -1 0 
37 3 714 340 26 21 -1 -1 -1 0 
37 7 673 341 28 26 -1 -1 -1 0 
38 1 765 338 83 63 -1 -1 -1 0 
38 3 715 340 24 21 -1 -1 -1 0 
38 7 672 341 29 26 -1 -1 -1 0 
39 1 765 338 84 64 -1 -1 -1 0 
39 3 715 340 24 22 -1 -1 -1 0 
39 7 671 341 30 26 -1 -1 -1 0 
40 1 766 337 86 65 -1 -1 -1 0 
40 3 714 340 26 21 -1 -1 -1 0 
40 7 672 340 28 27 -1 -1 -1 0 
