3 1 0 376 471 322 -1 -1 -1 0 
3 2 951 352 191 85 -1 -1 -1 0 
3 3 537 354 77 55 -1 -1 -1 0 
3 5 745 349 63 47 -1 -1 -1 0 
3 6 620 341 33 30 -1 -1 -1 0 
3 7 470 352 44 24 -1 -1 -1 0 
3 8 670 346 21 19 -1 -1 -1 0 
3 9 705 343 21 19 -1 -1 -1 0 
4 1 0 375 472 317 -1 -1 -1 0 
4 2 951 351 189 83 -1 -1 -1 0 
4 3 538 352 76 56 -1 -1 -1 0 
4 5 743 348 65 46 -1 -1 -1 0 
4 6 620 341 33 30 -1 -1 -1 0 
4 7 453 352 50 26 -1 -1 -1 0 
4 8 669 346 22 16 -1 -1 -1 0 
4 9 705 342 21 18 -1 -1 -1 0 
5 1 0 375 473 312 -1 -1 -1 0 
5 2 951 350 187 83 -1 -1 -1 0 
5 3 537 353 78 55 -1 -1 -1 0 
5 5 744 347 63 46 -1 -1 -1 0 
5 6 621 342 31 29 -1 -1 -1 0 
5 7 434 352 56 29 -1 -1 -1 0 
5 8 670 346 21 16 -1 -1 -1 0 
5 9 705 342 21 18 -1 -1 -1 0 
5 11 496 348 25 19 -1 -1 -1 0 
6 1 0 373 474 307 -1 -1 -1 0 
6 2 950 349 187 83 -1 -1 -1 0 
6 3 538 353 77 54 -1 -1 -1 0 
6 5 744 347 64 45 -1 -1 -1 0 
6 6 620 341 32 29 -1 -1 -1 0 
6 7 412 351 63 32 -1 -1 -1 0 
6 8 669 345 22 16 -1 -1 -1 0 
6 9 706 341 20 19 -1 -1 -1 0 
6 11 489 347 25 20 -1 -1 -1 0 
7 1 0 373 475 302 -1 -1 -1 0 
7 2 949 349 186 82 -1 -1 -1 0 
7 3 539 352 75 55 -1 -1 -1 0 
7 5 745 347 62 45 -1 -1 -1 0 
7 6 621 341 31 29 -1 -1 -1 0 
7 7 386 352 72 34 -1 -1 -1 0 
7 8 669 346 22 15 -1 -1 -1 0 
7 9 706 340 20 19 -1 -1 -1 0 
7 11 480 347 28 20 -1 -1 -1 0 
8 1 0 372 477 295 -1 -1 -1 0 
8 2 949 349 184 82 -1 -1 -1 0 
8 3 539 351 76 56 -1 -1 -1 0 
8 5 745 347 61 45 -1 -1 -1 0 
8 6 620 340 33 30 -1 -1 -1 0 
8 7 355 352 81 34 -1 -1 -1 0 
8 8 669 346 21 15 -1 -1 -1 0 
8 9 706 340 21 19 -1 -1 -1 0 
8 11 473 347 29 21 -1 -1 -1 0 
9 1 1 372 476 291 -1 -1 -1 0 
9 2 949 349 181 82 -1 -1 -1 0 
9 3 538 351 79 55 -1 -1 -1 0 
9 5 744 346 62 45 -1 -1 -1 0 
9 6 621 340 31 30 -1 -1 -1 0 
9 7 322 353 88 35 -1 -1 -1 0 
9 8 669 346 21 15 -1 -1 -1 0 
9 9 706 340 21 19 -1 -1 -1 0 
9 11 464 347 32 22 -1 -1 -1 0 
10 1 0 373 479 285 -1 -1 -1 0 
10 2 948 349 181 82 -1 -1 -1 0 
10 3 539 351 77 55 -1 -1 -1 0 
10 5 743 347 63 45 -1 -1 -1 0 
10 6 621 340 31 30 -1 -1 -1 0 
10 7 270 354 118 27 -1 -1 -1 0 
10 8 670 346 20 15 -1 -1 -1 0 
10 9 705 341 22 18 -1 -1 -1 0 
10 11 454 347 36 24 -1 -1 -1 0 
11 1 0 374 480 278 -1 -1 -1 0 
11 2 947 350 181 81 -1 -1 -1 0 
11 3 539 352 77 54 -1 -1 -1 0 
11 5 742 347 64 45 -1 -1 -1 0 
11 6 621 341 32 30 -1 -1 -1 0 
11 7 219 357 92 23 -1 -1 -1 0 
11 8 670 346 20 16 -1 -1 -1 0 
11 9 707 341 18 19 -1 -1 -1 0 
11 11 444 349 39 24 -1 -1 -1 0 
11 13 501 351 22 14 -1 -1 -1 0 
12 1 1 374 480 273 -1 -1 -1 0 
12 2 947 350 179 81 -1 -1 -1 0 
12 3 540 353 76 53 -1 -1 -1 0 
12 5 742 347 63 45 -1 -1 -1 0 
12 6 621 341 32 30 -1 -1 -1 0 
12 7 188 357 94 24 -1 -1 -1 0 
12 8 670 346 20 16 -1 -1 -1 0 
12 9 706 341 20 19 -1 -1 -1 0 
12 11 432 350 44 24 -1 -1 -1 0 
12 13 496 352 21 15 -1 -1 -1 0 
13 1 2 373 480 269 -1 -1 -1 0 
13 2 947 350 178 81 -1 -1 -1 0 
13 3 540 353 74 53 -1 -1 -1 0 
13 5 742 348 62 44 -1 -1 -1 0 
13 6 621 341 31 30 -1 -1 -1 0 
13 8 670 346 21 16 -1 -1 -1 0 
13 9 706 342 20 18 -1 -1 -1 0 
13 11 422 348 44 28 -1 -1 -1 0 
13 13 488 352 24 16 -1 -1 -1 0 
14 1 1 373 483 264 -1 -1 -1 0 
14 2 947 350 176 80 -1 -1 -1 0 
14 3 541 353 73 54 -1 -1 -1 0 
14 5 742 348 62 44 -1 -1 -1 0 
14 6 621 341 31 30 -1 -1 -1 0 
14 8 670 346 22 16 -1 -1 -1 0 
14 9 706 343 20 18 -1 -1 -1 0 
14 11 406 350 53 28 -1 -1 -1 0 
14 13 481 353 25 16 -1 -1 -1 0 
15 1 2 373 483 259 -1 -1 -1 0 
15 2 947 350 175 80 -1 -1 -1 0 
15 3 540 354 75 53 -1 -1 -1 0 
15 5 743 348 60 44 -1 -1 -1 0 
15 6 621 341 32 30 -1 -1 -1 0 
15 8 670 346 21 16 -1 -1 -1 0 
15 9 706 343 20 18 -1 -1 -1 0 
15 11 391 351 59 28 -1 -1 -1 0 
15 13 474 354 25 17 -1 -1 -1 0 
16 1 2 373 484 254 -1 -1 -1 0 
16 2 947 350 174 80 -1 -1 -1 0 
16 3 541 354 77 53 -1 -1 -1 0 
16 5 743 348 60 44 -1 -1 -1 0 
16 6 621 342 31 30 -1 -1 -1 0 
16 8 669 346 22 16 -1 -1 -1 0 
16 9 706 343 20 19 -1 -1 -1 0 
16 11 377 353 62 28 -1 -1 -1 0 
16 13 465 354 27 18 -1 -1 -1 0 
17 1 2 372 485 250 -1 -1 -1 0 
17 2 947 350 174 79 -1 -1 -1 0 
17 3 542 353 75 54 -1 -1 -1 0 
17 5 743 348 60 44 -1 -1 -1 0 
17 6 621 342 31 30 -1 -1 -1 0 
17 8 670 346 21 16 -1 -1 -1 0 
17 9 706 343 20 18 -1 -1 -1 0 
17 11 357 352 71 28 -1 -1 -1 0 
17 13 456 354 26 19 -1 -1 -1 0 
18 1 2 372 487 245 -1 -1 -1 0 
18 2 948 350 172 78 -1 -1 -1 0 
18 3 542 353 76 54 -1 -1 -1 0 
18 5 743 348 61 44 -1 -1 -1 0 
18 6 621 342 31 30 -1 -1 -1 0 
18 8 670 346 21 16 -1 -1 -1 0 
18 9 706 342 20 19 -1 -1 -1 0 
18 11 345 353 74 29 -1 -1 -1 0 
18 13 490 352 26 17 -1 -1 -1 0 
19 1 1 371 490 242 -1 -1 -1 0 
19 2 948 350 172 78 -1 -1 -1 0 
19 3 542 353 76 54 -1 -1 -1 0 
19 5 742 349 62 43 -1 -1 -1 0 
19 6 621 342 32 29 -1 -1 -1 0 
19 8 670 346 21 15 -1 -1 -1 0 
19 9 706 342 20 19 -1 -1 -1 0 
19 11 415 350 67 29 -1 -1 -1 0 
19 13 498 352 25 15 -1 -1 -1 0 
20 1 1 370 491 240 -1 -1 -1 0 
20 2 948 350 171 76 -1 -1 -1 0 
20 3 543 352 75 55 -1 -1 -1 0 
20 5 742 349 61 43 -1 -1 -1 0 
20 6 621 342 32 29 -1 -1 -1 0 
20 8 671 345 21 16 -1 -1 -1 0 
20 9 707 342 20 19 -1 -1 -1 0 
20 11 420 349 62 33 -1 -1 -1 0 
20 13 494 353 28 15 -1 -1 -1 0 
21 1 1 369 493 236 -1 -1 -1 0 
21 2 948 350 170 75 -1 -1 -1 0 
21 3 543 352 75 55 -1 -1 -1 0 
21 5 742 348 61 43 -1 -1 -1 0 
21 6 622 341 31 30 -1 -1 -1 0 
21 8 671 345 21 16 -1 -1 -1 0 
21 9 707 341 20 19 -1 -1 -1 0 
21 11 405 347 71 35 -1 -1 -1 0 
21 13 488 353 29 15 -1 -1 -1 0 
22 1 1 369 494 230 -1 -1 -1 0 
22 2 948 350 170 75 -1 -1 -1 0 
22 3 543 352 75 55 -1 -1 -1 0 
22 5 742 348 61 43 -1 -1 -1 0 
22 6 621 341 33 29 -1 -1 -1 0 
22 8 670 346 22 15 -1 -1 -1 0 
22 9 706 342 21 18 -1 -1 -1 0 
22 11 380 345 80 38 -1 -1 -1 0 
22 13 481 354 29 16 -1 -1 -1 0 
23 1 2 369 493 227 -1 -1 -1 0 
23 2 950 350 167 74 -1 -1 -1 0 
23 3 543 352 76 54 -1 -1 -1 0 
23 5 742 348 61 43 -1 -1 -1 0 
23 6 621 341 33 29 -1 -1 -1 0 
23 8 672 345 18 16 -1 -1 -1 0 
23 9 706 342 21 18 -1 -1 -1 0 
23 11 347 344 96 37 -1 -1 -1 0 
23 13 472 354 31 17 -1 -1 -1 0 
24 1 9 368 485 224 -1 -1 -1 0 
24 2 950 350 166 74 -1 -1 -1 0 
24 3 544 352 75 54 -1 -1 -1 0 
24 5 743 347 60 44 -1 -1 -1 0 
24 6 622 342 32 28 -1 -1 -1 0 
24 8 671 345 21 16 -1 -1 -1 0 
24 9 707 342 20 18 -1 -1 -1 0 
24 11 339 344 101 37 -1 -1 -1 0 
24 13 461 354 34 18 -1 -1 -1 0 
25 1 17 367 478 221 -1 -1 -1 0 
25 2 950 349 166 74 -1 -1 -1 0 
25 3 544 352 73 54 -1 -1 -1 0 
25 5 744 347 59 44 -1 -1 -1 0 
25 6 622 342 32 28 -1 -1 -1 0 
25 7 185 363 58 29 -1 -1 -1 0 
25 8 671 346 21 15 -1 -1 -1 0 
25 9 707 341 20 19 -1 -1 -1 0 
25 13 450 354 35 19 -1 -1 -1 0 
25 21 18 353 157 68 -1 -1 -1 0 
26 1 26 367 471 218 -1 -1 -1 0 
26 2 950 349 166 73 -1 -1 -1 0 
26 3 544 352 74 54 -1 -1 -1 0 
26 5 744 347 59 44 -1 -1 -1 0 
26 6 622 344 33 26 -1 -1 -1 0 
26 7 180 364 57 29 -1 -1 -1 0 
26 8 670 346 22 15 -1 -1 -1 0 
26 9 706 341 22 19 -1 -1 -1 0 
26 13 436 354 38 22 -1 -1 -1 0 
26 21 0 355 107 71 -1 -1 -1 0 
27 1 36 367 463 215 -1 -1 -1 0 
27 2 952 349 163 73 -1 -1 -1 0 
27 3 544 353 76 53 -1 -1 -1 0 
27 5 744 348 60 43 -1 -1 -1 0 
27 6 622 342 32 29 -1 -1 -1 0 
27 8 672 346 19 15 -1 -1 -1 0 
27 9 706 342 22 18 -1 -1 -1 0 
27 13 422 356 41 21 -1 -1 -1 0 
27 21 0 356 70 75 -1 -1 -1 0 
28 1 47 367 454 211 -1 -1 -1 0 
28 2 952 349 163 73 -1 -1 -1 0 
28 3 546 353 73 53 -1 -1 -1 0 
28 5 744 348 59 43 -1 -1 -1 0 
28 6 622 342 32 29 -1 -1 -1 0 
28 8 672 347 19 14 -1 -1 -1 0 
28 9 707 342 21 18 -1 -1 -1 0 
28 13 408 357 44 21 -1 -1 -1 0 
28 23 517 352 23 16 -1 -1 -1 0 
29 1 55 369 448 207 -1 -1 -1 0 
29 2 952 350 164 71 -1 -1 -1 0 
29 3 546 353 73 54 -1 -1 -1 0 
29 5 743 348 61 43 -1 -1 -1 0 
29 6 622 342 33 29 -1 -1 -1 0 
29 7 193 364 77 33 -1 -1 -1 0 
29 8 672 347 19 14 -1 -1 -1 0 
29 9 707 342 21 18 -1 -1 -1 0 
29 13 394 357 45 19 -1 -1 -1 0 
29 23 508 353 26 16 -1 -1 -1 0 
29 25 7 358 81 90 -1 -1 -1 0 
30 1 65 368 439 205 -1 -1 -1 0 
30 2 954 350 161 71 -1 -1 -1 0 
30 3 546 353 74 54 -1 -1 -1 0 
30 5 742 349 61 42 -1 -1 -1 0 
30 6 621 342 34 30 -1 -1 -1 0 
30 7 161 367 91 38 -1 -1 -1 0 
30 8 671 347 21 14 -1 -1 -1 0 
30 9 707 343 21 17 -1 -1 -1 0 
30 13 385 358 47 19 -1 -1 -1 0 
30 23 501 353 27 17 -1 -1 -1 0 
30 25 0 360 58 90 -1 -1 -1 0 
31 1 74 368 432 202 -1 -1 -1 0 
31 2 953 350 161 71 -1 -1 -1 0 
31 3 546 352 75 55 -1 -1 -1 0 
31 5 742 348 61 43 -1 -1 -1 0 
31 6 621 342 33 30 -1 -1 -1 0 
31 7 155 368 95 39 -1 -1 -1 0 
31 8 672 347 20 14 -1 -1 -1 0 
31 9 707 343 20 18 -1 -1 -1 0 
31 23 493 354 27 17 -1 -1 -1 0 
32 1 82 368 426 199 -1 -1 -1 0 
32 2 953 350 161 71 -1 -1 -1 0 
32 3 546 352 76 55 -1 -1 -1 0 
32 5 743 348 60 43 -1 -1 -1 0 
32 6 620 342 35 30 -1 -1 -1 0 
32 8 672 347 21 14 -1 -1 -1 0 
32 9 706 343 21 18 -1 -1 -1 0 
32 13 266 343 37 19 -1 -1 -1 0 
32 23 483 354 30 19 -1 -1 -1 0 
33 1 89 367 421 198 -1 -1 -1 0 
33 2 954 349 160 71 -1 -1 -1 0 
33 3 546 352 76 55 -1 -1 -1 0 
33 5 744 348 58 43 -1 -1 -1 0 
33 6 621 343 33 29 -1 -1 -1 0 
33 8 672 346 20 16 -1 -1 -1 0 
33 9 706 343 21 18 -1 -1 -1 0 
33 13 238 341 38 19 -1 -1 -1 0 
33 23 471 354 34 21 -1 -1 -1 0 
34 1 97 367 413 197 -1 -1 -1 0 
34 2 955 349 159 71 -1 -1 -1 0 
34 3 546 352 76 55 -1 -1 -1 0 
34 5 742 349 61 42 -1 -1 -1 0 
34 6 621 343 35 29 -1 -1 -1 0 
34 8 671 346 21 16 -1 -1 -1 0 
34 9 706 343 20 18 -1 -1 -1 0 
34 11 117 352 58 21 -1 -1 -1 0 
34 13 221 340 39 20 -1 -1 -1 0 
34 23 460 354 37 24 -1 -1 -1 0 
35 1 103 367 410 195 -1 -1 -1 0 
35 2 956 349 157 71 -1 -1 -1 0 
35 3 546 351 76 56 -1 -1 -1 0 
35 5 743 348 59 43 -1 -1 -1 0 
35 6 623 342 31 29 -1 -1 -1 0 
35 8 671 346 21 16 -1 -1 -1 0 
35 9 706 342 20 19 -1 -1 -1 0 
35 11 90 353 60 19 -1 -1 -1 0 
35 13 203 339 42 21 -1 -1 -1 0 
35 23 446 355 41 25 -1 -1 -1 0 
36 1 110 367 403 193 -1 -1 -1 0 
36 2 957 349 154 70 -1 -1 -1 0 
36 3 546 351 76 56 -1 -1 -1 0 
36 5 743 348 59 43 -1 -1 -1 0 
36 6 624 342 30 29 -1 -1 -1 0 
36 8 671 345 21 16 -1 -1 -1 0 
36 9 705 342 21 18 -1 -1 -1 0 
36 11 65 353 62 20 -1 -1 -1 0 
36 13 184 340 48 21 -1 -1 -1 0 
36 23 430 355 44 26 -1 -1 -1 0 
37 1 116 367 399 191 -1 -1 -1 0 
37 2 957 349 155 70 -1 -1 -1 0 
37 3 546 350 75 57 -1 -1 -1 0 
37 5 743 348 59 42 -1 -1 -1 0 
37 6 624 342 31 29 -1 -1 -1 0 
37 8 672 345 20 16 -1 -1 -1 0 
37 9 705 342 21 18 -1 -1 -1 0 
37 11 34 354 69 21 -1 -1 -1 0 
37 13 166 339 51 22 -1 -1 -1 0 
37 23 415 355 46 23 -1 -1 -1 0 
37 33 60 369 151 52 -1 -1 -1 0 
38 1 123 367 394 189 -1 -1 -1 0 
38 2 958 349 154 70 -1 -1 -1 0 
38 3 545 350 77 56 -1 -1 -1 0 
38 5 743 347 59 43 -1 -1 -1 0 
38 6 624 341 31 30 -1 -1 -1 0 
38 8 670 346 22 15 -1 -1 -1 0 
38 9 705 341 20 19 -1 -1 -1 0 
38 11 2 353 71 24 -1 -1 -1 0 
38 13 147 339 53 23 -1 -1 -1 0 
38 23 404 355 49 24 -1 -1 -1 0 
38 33 4 372 140 59 -1 -1 -1 0 
39 1 129 366 388 188 -1 -1 -1 0 
39 2 959 349 152 69 -1 -1 -1 0 
39 3 546 351 75 55 -1 -1 -1 0 
39 5 742 348 60 42 -1 -1 -1 0 
39 6 624 341 32 30 -1 -1 -1 0 
39 8 671 346 20 15 -1 -1 -1 0 
39 9 706 341 19 19 -1 -1 -1 0 
39 11 0 355 47 21 -1 -1 -1 0 
39 13 125 339 58 24 -1 -1 -1 0 
39 33 0 378 61 57 -1 -1 -1 0 
40 1 136 362 381 191 -1 -1 -1 0 
40 2 958 349 155 68 -1 -1 -1 0 
40 3 546 351 75 55 -1 -1 -1 0 
40 5 742 348 59 42 -1 -1 -1 0 
40 6 624 341 31 30 -1 -1 -1 0 
40 8 671 345 20 16 -1 -1 -1 0 
40 9 705 341 21 19 -1 -1 -1 0 
40 11 0 355 26 21 -1 -1 -1 0 
40 13 100 340 65 24 -1 -1 -1 0 
40 33 0 381 16 60 -1 -1 -1 0 
