3 1 782 346 82 51 -1 -1 -1 0 
3 2 0 397 87 64 -1 -1 -1 0 
3 3 683 339 34 28 -1 -1 -1 0 
3 5 558 340 36 22 -1 -1 -1 0 
3 6 627 335 21 22 -1 -1 -1 0 
3 7 217 354 70 17 -1 -1 -1 0 
3 8 715 335 24 22 -1 -1 -1 0 
4 1 784 346 81 51 -1 -1 -1 0 
4 2 0 388 97 72 -1 -1 -1 0 
4 3 683 339 34 28 -1 -1 -1 0 
4 5 559 339 35 23 -1 -1 -1 0 
4 6 628 335 21 22 -1 -1 -1 0 
4 7 173 356 81 18 -1 -1 -1 0 
4 8 715 336 25 20 -1 -1 -1 0 
5 1 785 347 82 52 -1 -1 -1 0 
5 2 0 384 107 76 -1 -1 -1 0 
5 3 683 339 33 29 -1 -1 -1 0 
5 5 560 340 35 22 -1 -1 -1 0 
5 6 628 335 21 22 -1 -1 -1 0 
5 7 125 358 89 20 -1 -1 -1 0 
5 8 715 337 25 19 -1 -1 -1 0 
5 14 319 350 26 13 -1 -1 -1 0 
5 16 379 349 38 15 -1 -1 -1 0 
6 1 785 347 85 52 -1 -1 -1 0 
6 2 0 379 117 80 -1 -1 -1 0 
6 3 683 339 33 29 -1 -1 -1 0 
6 5 561 339 34 23 -1 -1 -1 0 
6 6 627 335 23 21 -1 -1 -1 0 
6 7 59 359 110 22 -1 -1 -1 0 
6 8 716 338 24 19 -1 -1 -1 0 
6 14 308 351 27 13 -1 -1 -1 0 
6 16 363 350 37 15 -1 -1 -1 0 
7 1 786 348 85 51 -1 -1 -1 0 
7 2 0 375 126 85 -1 -1 -1 0 
7 3 682 339 35 30 -1 -1 -1 0 
7 5 562 339 34 23 -1 -1 -1 0 
7 6 627 335 23 21 -1 -1 -1 0 
7 7 3 360 109 23 -1 -1 -1 0 
7 8 718 338 22 19 -1 -1 -1 0 
7 14 296 352 29 12 -1 -1 -1 0 
7 16 344 350 43 16 -1 -1 -1 0 
8 1 788 348 84 53 -1 -1 -1 0 
8 2 0 371 137 89 -1 -1 -1 0 
8 3 683 340 33 29 -1 -1 -1 0 
8 5 562 339 35 23 -1 -1 -1 0 
8 6 629 335 21 22 -1 -1 -1 0 
8 7 0 361 45 22 -1 -1 -1 0 
8 8 717 338 24 19 -1 -1 -1 0 
8 14 283 352 30 13 -1 -1 -1 0 
8 16 325 352 43 16 -1 -1 -1 0 
8 22 396 345 26 13 -1 -1 -1 0 
8 23 121 359 55 20 -1 -1 -1 0 
9 1 788 349 87 53 -1 -1 -1 0 
9 2 0 368 145 92 -1 -1 -1 0 
9 3 683 340 34 29 -1 -1 -1 0 
9 5 563 339 34 23 -1 -1 -1 0 
9 6 628 335 22 21 -1 -1 -1 0 
9 7 0 362 4 23 -1 -1 -1 0 
9 8 718 338 22 19 -1 -1 -1 0 
9 14 270 353 31 13 -1 -1 -1 0 
9 16 302 353 48 15 -1 -1 -1 0 
9 22 386 346 27 12 -1 -1 -1 0 
9 23 107 360 58 20 -1 -1 -1 0 
9 24 557 635 722 79 -1 -1 -1 0 
10 1 790 349 85 53 -1 -1 -1 0 
10 2 0 367 154 92 -1 -1 -1 0 
10 3 684 341 32 28 -1 -1 -1 0 
10 5 565 341 33 21 -1 -1 -1 0 
10 6 628 336 22 20 -1 -1 -1 0 
10 8 718 338 23 19 -1 -1 -1 0 
10 14 256 354 39 15 -1 -1 -1 0 
10 16 280 353 47 17 -1 -1 -1 0 
10 22 376 346 27 12 -1 -1 -1 0 
10 24 560 635 716 79 -1 -1 -1 0 
11 1 791 349 86 54 -1 -1 -1 0 
11 2 0 367 164 93 -1 -1 -1 0 
11 3 684 340 32 30 -1 -1 -1 0 
11 5 566 340 31 22 -1 -1 -1 0 
11 6 629 336 21 20 -1 -1 -1 0 
11 8 718 338 23 19 -1 -1 -1 0 
11 14 245 354 41 17 -1 -1 -1 0 
11 16 243 354 58 19 -1 -1 -1 0 
11 22 364 347 28 13 -1 -1 -1 0 
11 24 560 635 716 79 -1 -1 -1 0 
12 1 790 349 90 54 -1 -1 -1 0 
12 2 0 367 170 96 -1 -1 -1 0 
12 3 684 340 32 30 -1 -1 -1 0 
12 5 566 342 33 20 -1 -1 -1 0 
12 6 629 336 21 20 -1 -1 -1 0 
12 8 719 338 22 20 -1 -1 -1 0 
12 16 206 355 65 21 -1 -1 -1 0 
12 22 352 347 31 14 -1 -1 -1 0 
12 24 560 634 716 79 -1 -1 -1 0 
13 1 792 349 89 55 -1 -1 -1 0 
13 2 1 367 175 100 -1 -1 -1 0 
13 3 683 341 34 29 -1 -1 -1 0 
13 5 567 339 32 23 -1 -1 -1 0 
13 6 629 336 21 20 -1 -1 -1 0 
13 8 718 338 24 20 -1 -1 -1 0 
13 16 160 356 84 22 -1 -1 -1 0 
13 22 341 348 30 14 -1 -1 -1 0 
13 24 557 634 720 79 -1 -1 -1 0 
14 1 792 349 90 54 -1 -1 -1 0 
14 2 0 367 186 102 -1 -1 -1 0 
14 3 683 341 34 28 -1 -1 -1 0 
14 5 567 339 33 23 -1 -1 -1 0 
14 8 719 339 22 19 -1 -1 -1 0 
14 14 187 356 42 16 -1 -1 -1 0 
14 16 110 357 82 25 -1 -1 -1 0 
14 22 327 349 32 13 -1 -1 -1 0 
14 24 557 634 718 80 -1 -1 -1 0 
15 1 793 349 91 54 -1 -1 -1 0 
15 2 0 367 194 103 -1 -1 -1 0 
15 3 683 341 33 28 -1 -1 -1 0 
15 5 569 339 30 22 -1 -1 -1 0 
15 8 720 339 22 19 -1 -1 -1 0 
15 14 165 356 47 16 -1 -1 -1 0 
15 16 62 360 87 22 -1 -1 -1 0 
15 22 313 349 33 14 -1 -1 -1 0 
15 24 556 634 720 80 -1 -1 -1 0 
16 1 794 348 90 56 -1 -1 -1 0 
16 2 0 367 201 102 -1 -1 -1 0 
16 3 682 341 35 28 -1 -1 -1 0 
16 5 569 338 31 23 -1 -1 -1 0 
16 8 719 339 23 18 -1 -1 -1 0 
16 14 145 357 47 16 -1 -1 -1 0 
16 16 25 361 91 23 -1 -1 -1 0 
16 22 297 349 36 15 -1 -1 -1 0 
16 24 555 634 724 80 -1 -1 -1 0 
17 1 794 348 93 56 -1 -1 -1 0 
17 2 0 367 207 100 -1 -1 -1 0 
17 3 683 340 33 29 -1 -1 -1 0 
17 5 568 339 32 22 -1 -1 -1 0 
17 8 720 338 21 19 -1 -1 -1 0 
17 14 120 358 51 16 -1 -1 -1 0 
17 22 279 349 39 16 -1 -1 -1 0 
17 24 555 634 724 80 -1 -1 -1 0 
18 1 795 348 93 57 -1 -1 -1 0 
18 2 0 366 214 98 -1 -1 -1 0 
18 3 682 340 34 29 -1 -1 -1 0 
18 5 569 340 31 21 -1 -1 -1 0 
18 8 720 337 22 20 -1 -1 -1 0 
18 14 102 358 45 16 -1 -1 -1 0 
18 22 260 350 44 16 -1 -1 -1 0 
19 1 794 348 97 57 -1 -1 -1 0 
19 2 0 364 219 98 -1 -1 -1 0 
19 3 683 340 32 29 -1 -1 -1 0 
19 5 570 340 30 21 -1 -1 -1 0 
19 8 719 337 24 20 -1 -1 -1 0 
19 14 83 359 47 16 -1 -1 -1 0 
19 22 241 350 44 17 -1 -1 -1 0 
19 24 556 635 721 79 -1 -1 -1 0 
20 1 796 348 95 58 -1 -1 -1 0 
20 2 0 363 226 96 -1 -1 -1 0 
20 3 681 340 35 28 -1 -1 -1 0 
20 5 570 340 31 21 -1 -1 -1 0 
20 8 719 336 23 21 -1 -1 -1 0 
20 22 218 350 49 17 -1 -1 -1 0 
20 24 556 635 721 79 -1 -1 -1 0 
21 1 795 348 99 58 -1 -1 -1 0 
21 2 0 363 232 94 -1 -1 -1 0 
21 3 682 340 33 28 -1 -1 -1 0 
21 5 571 339 30 22 -1 -1 -1 0 
21 8 718 336 25 21 -1 -1 -1 0 
21 22 194 350 52 18 -1 -1 -1 0 
21 24 556 635 721 78 -1 -1 -1 0 
22 1 797 348 98 59 -1 -1 -1 0 
22 2 0 364 237 93 -1 -1 -1 0 
22 3 682 340 33 28 -1 -1 -1 0 
22 5 571 339 31 21 -1 -1 -1 0 
22 6 629 337 18 18 -1 -1 -1 0 
22 8 719 336 23 21 -1 -1 -1 0 
22 14 0 362 23 18 -1 -1 -1 0 
22 22 166 351 57 18 -1 -1 -1 0 
22 24 557 636 719 77 -1 -1 -1 0 
23 1 797 348 100 60 -1 -1 -1 0 
23 2 0 363 244 91 -1 -1 -1 0 
23 3 682 340 33 28 -1 -1 -1 0 
23 5 571 338 31 22 -1 -1 -1 0 
23 6 629 337 17 17 -1 -1 -1 0 
23 8 719 335 23 22 -1 -1 -1 0 
23 14 0 363 -1 18 -1 -1 -1 0 
23 22 142 352 54 19 -1 -1 -1 0 
23 24 560 636 715 78 -1 -1 -1 0 
24 1 799 349 100 60 -1 -1 -1 0 
24 2 1 362 246 92 -1 -1 -1 0 
24 3 681 340 35 28 -1 -1 -1 0 
24 5 572 338 30 22 -1 -1 -1 0 
24 6 629 337 17 17 -1 -1 -1 0 
24 8 718 335 25 22 -1 -1 -1 0 
24 22 122 352 56 20 -1 -1 -1 0 
24 24 560 636 716 78 -1 -1 -1 0 
25 1 800 348 101 61 -1 -1 -1 0 
25 2 2 358 251 94 -1 -1 -1 0 
25 3 680 343 36 25 -1 -1 -1 0 
25 5 572 338 30 21 -1 -1 -1 0 
25 6 628 336 19 17 -1 -1 -1 0 
25 8 719 336 23 20 -1 -1 -1 0 
25 24 557 635 719 79 -1 -1 -1 0 
26 1 800 348 103 62 -1 -1 -1 0 
26 2 0 359 262 92 -1 -1 -1 0 
26 3 682 342 32 26 -1 -1 -1 0 
26 5 573 337 28 22 -1 -1 -1 0 
26 6 628 336 19 17 -1 -1 -1 0 
26 8 719 337 24 19 -1 -1 -1 0 
26 23 264 349 43 15 -1 -1 -1 0 
26 24 556 635 721 80 -1 -1 -1 0 
27 1 801 348 104 63 -1 -1 -1 0 
27 2 0 359 267 90 -1 -1 -1 0 
27 3 682 342 33 26 -1 -1 -1 0 
27 5 573 337 29 21 -1 -1 -1 0 
27 6 629 336 17 16 -1 -1 -1 0 
27 8 720 337 22 19 -1 -1 -1 0 
27 23 261 350 41 14 -1 -1 -1 0 
27 24 554 635 724 79 -1 -1 -1 0 
28 1 802 348 105 64 -1 -1 -1 0 
28 2 9 359 260 88 -1 -1 -1 0 
28 3 681 343 34 25 -1 -1 -1 0 
28 5 573 337 29 21 -1 -1 -1 0 
28 6 629 336 17 16 -1 -1 -1 0 
28 8 719 337 24 19 -1 -1 -1 0 
28 23 268 350 41 13 -1 -1 -1 0 
28 24 554 635 723 79 -1 -1 -1 0 
29 1 802 349 108 63 -1 -1 -1 0 
29 2 20 360 253 86 -1 -1 -1 0 
29 3 681 342 33 27 -1 -1 -1 0 
29 5 574 336 28 21 -1 -1 -1 0 
29 6 629 335 18 17 -1 -1 -1 0 
29 8 720 337 22 19 -1 -1 -1 0 
29 24 554 636 723 78 -1 -1 -1 0 
30 1 803 349 108 64 -1 -1 -1 0 
30 2 32 359 246 86 -1 -1 -1 0 
30 3 680 342 34 26 -1 -1 -1 0 
30 5 574 336 29 21 -1 -1 -1 0 
30 6 629 335 18 17 -1 -1 -1 0 
30 8 719 337 24 19 -1 -1 -1 0 
30 24 557 634 717 80 -1 -1 -1 0 
31 1 803 349 111 64 -1 -1 -1 0 
31 2 44 359 240 84 -1 -1 -1 0 
31 3 681 341 32 27 -1 -1 -1 0 
31 5 575 337 28 20 -1 -1 -1 0 
31 8 720 337 23 19 -1 -1 -1 0 
31 24 556 635 722 79 -1 -1 -1 0 
32 1 804 349 112 65 -1 -1 -1 0 
32 2 57 358 230 85 -1 -1 -1 0 
32 3 680 341 34 27 -1 -1 -1 0 
32 5 574 338 30 20 -1 -1 -1 0 
32 8 720 337 24 18 -1 -1 -1 0 
32 24 555 635 723 80 -1 -1 -1 0 
33 1 806 350 112 65 -1 -1 -1 0 
33 2 65 358 230 82 -1 -1 -1 0 
33 3 679 344 36 24 -1 -1 -1 0 
33 5 574 338 30 19 -1 -1 -1 0 
33 6 629 335 18 16 -1 -1 -1 0 
33 8 721 336 23 19 -1 -1 -1 0 
34 1 808 350 112 66 -1 -1 -1 0 
34 2 77 359 223 80 -1 -1 -1 0 
34 3 681 344 32 24 -1 -1 -1 0 
34 5 575 339 29 18 -1 -1 -1 0 
34 6 630 334 17 16 -1 -1 -1 0 
34 8 721 336 23 19 -1 -1 -1 0 
34 24 558 635 719 79 -1 -1 -1 0 
35 1 808 349 115 67 -1 -1 -1 0 
35 2 88 358 217 79 -1 -1 -1 0 
35 3 682 340 30 26 -1 -1 -1 0 
35 5 576 338 28 18 -1 -1 -1 0 
35 8 722 335 23 19 -1 -1 -1 0 
35 22 7 357 69 20 -1 -1 -1 0 
35 23 412 345 23 12 -1 -1 -1 0 
35 24 561 635 713 79 -1 -1 -1 0 
36 1 809 349 117 68 -1 -1 -1 0 
36 2 99 357 210 78 -1 -1 -1 0 
36 3 681 340 31 26 -1 -1 -1 0 
36 5 577 338 27 17 -1 -1 -1 0 
36 8 722 334 23 20 -1 -1 -1 0 
36 22 0 359 48 16 -1 -1 -1 0 
36 23 412 344 28 13 -1 -1 -1 0 
36 24 562 636 712 78 -1 -1 -1 0 
37 1 810 349 119 68 -1 -1 -1 0 
37 2 108 356 206 78 -1 -1 -1 0 
37 3 682 339 31 27 -1 -1 -1 0 
37 5 577 338 28 17 -1 -1 -1 0 
37 8 722 333 24 20 -1 -1 -1 0 
37 22 0 360 35 16 -1 -1 -1 0 
37 23 423 344 28 12 -1 -1 -1 0 
37 27 355 344 43 18 -1 -1 -1 0 
38 1 811 349 121 69 -1 -1 -1 0 
38 2 118 357 200 76 -1 -1 -1 0 
38 3 682 338 31 28 -1 -1 -1 0 
38 5 578 337 28 17 -1 -1 -1 0 
38 8 723 332 23 21 -1 -1 -1 0 
38 23 398 345 31 12 -1 -1 -1 0 
38 24 559 636 717 78 -1 -1 -1 0 
38 27 336 344 43 19 -1 -1 -1 0 
38 28 2 356 68 18 -1 -1 -1 0 
39 1 813 348 121 70 -1 -1 -1 0 
39 2 127 358 198 74 -1 -1 -1 0 
39 3 681 338 33 27 -1 -1 -1 0 
39 5 580 337 25 17 -1 -1 -1 0 
39 8 723 331 24 21 -1 -1 -1 0 
39 23 407 345 30 12 -1 -1 -1 0 
39 24 558 636 720 78 -1 -1 -1 0 
39 27 314 345 47 21 -1 -1 -1 0 
39 28 0 357 53 18 -1 -1 -1 0 
40 1 815 348 123 71 -1 -1 -1 0 
40 2 137 360 191 73 -1 -1 -1 0 
40 3 682 338 32 27 -1 -1 -1 0 
40 5 580 336 26 18 -1 -1 -1 0 
40 8 724 331 24 21 -1 -1 -1 0 
40 23 370 346 39 14 -1 -1 -1 0 
40 24 556 636 723 78 -1 -1 -1 0 
40 27 288 348 54 20 -1 -1 -1 0 
