3 1 311 366 256 156 -1 -1 -1 0 
3 2 902 336 94 54 -1 -1 -1 0 
3 3 748 340 48 38 -1 -1 -1 0 
3 4 575 341 57 48 -1 -1 -1 0 
4 1 314 365 252 155 -1 -1 -1 0 
4 2 901 336 94 52 -1 -1 -1 0 
4 3 747 339 49 38 -1 -1 -1 0 
4 4 575 341 58 48 -1 -1 -1 0 
5 1 318 364 250 154 -1 -1 -1 0 
5 2 901 335 91 52 -1 -1 -1 0 
5 3 746 339 49 38 -1 -1 -1 0 
5 4 576 341 57 47 -1 -1 -1 0 
6 1 321 364 248 152 -1 -1 -1 0 
6 2 900 334 92 53 -1 -1 -1 0 
6 3 746 339 48 37 -1 -1 -1 0 
6 4 576 340 57 48 -1 -1 -1 0 
7 1 325 364 244 150 -1 -1 -1 0 
7 2 899 334 92 52 -1 -1 -1 0 
7 3 746 339 48 37 -1 -1 -1 0 
7 4 575 340 58 48 -1 -1 -1 0 
8 1 328 364 243 149 -1 -1 -1 0 
8 2 898 335 92 51 -1 -1 -1 0 
8 3 746 340 48 36 -1 -1 -1 0 
8 4 575 340 57 48 -1 -1 -1 0 
9 1 332 364 239 147 -1 -1 -1 0 
9 2 898 336 90 51 -1 -1 -1 0 
9 3 745 341 48 36 -1 -1 -1 0 
9 4 576 340 56 49 -1 -1 -1 0 
10 1 336 364 236 146 -1 -1 -1 0 
10 2 898 336 88 51 -1 -1 -1 0 
10 3 745 341 48 36 -1 -1 -1 0 
10 4 576 340 56 49 -1 -1 -1 0 
10 6 556 635 720 79 -1 -1 -1 0 
11 1 339 364 233 144 -1 -1 -1 0 
11 2 897 336 88 51 -1 -1 -1 0 
11 3 745 342 47 35 -1 -1 -1 0 
11 4 575 340 57 49 -1 -1 -1 0 
11 6 562 635 712 79 -1 -1 -1 0 
12 1 342 364 232 143 -1 -1 -1 0 
12 2 896 336 87 50 -1 -1 -1 0 
12 3 743 342 47 35 -1 -1 -1 0 
12 4 575 340 57 49 -1 -1 -1 0 
12 6 556 635 720 80 -1 -1 -1 0 
13 1 345 364 228 142 -1 -1 -1 0 
13 2 895 337 87 48 -1 -1 -1 0 
13 3 743 342 46 35 -1 -1 -1 0 
13 4 575 340 56 49 -1 -1 -1 0 
13 6 556 635 720 80 -1 -1 -1 0 
14 1 349 364 225 141 -1 -1 -1 0 
14 2 895 337 86 49 -1 -1 -1 0 
14 3 743 342 45 35 -1 -1 -1 0 
14 4 574 340 58 49 -1 -1 -1 0 
15 1 352 363 222 140 -1 -1 -1 0 
15 2 894 337 86 49 -1 -1 -1 0 
15 3 742 342 46 35 -1 -1 -1 0 
15 4 575 340 56 49 -1 -1 -1 0 
15 6 555 634 720 81 -1 -1 -1 0 
16 1 355 363 220 139 -1 -1 -1 0 
16 2 894 337 86 48 -1 -1 -1 0 
16 3 741 341 47 35 -1 -1 -1 0 
16 4 574 340 58 49 -1 -1 -1 0 
16 6 554 634 721 81 -1 -1 -1 0 
17 1 357 363 219 138 -1 -1 -1 0 
17 2 894 337 84 47 -1 -1 -1 0 
17 3 741 341 47 35 -1 -1 -1 0 
17 4 574 340 58 48 -1 -1 -1 0 
17 6 555 634 720 81 -1 -1 -1 0 
18 1 359 363 218 136 -1 -1 -1 0 
18 2 893 337 85 48 -1 -1 -1 0 
18 3 741 341 47 35 -1 -1 -1 0 
18 4 574 341 58 47 -1 -1 -1 0 
18 6 555 635 722 80 -1 -1 -1 0 
19 1 362 363 215 135 -1 -1 -1 0 
19 2 893 337 84 48 -1 -1 -1 0 
19 3 741 341 45 35 -1 -1 -1 0 
19 4 575 341 56 47 -1 -1 -1 0 
19 6 555 635 720 80 -1 -1 -1 0 
20 1 364 362 212 136 -1 -1 -1 0 
20 2 893 338 83 47 -1 -1 -1 0 
20 3 742 341 43 36 -1 -1 -1 0 
20 4 575 341 56 47 -1 -1 -1 0 
20 6 555 635 720 80 -1 -1 -1 0 
21 1 367 362 210 135 -1 -1 -1 0 
21 2 892 338 83 47 -1 -1 -1 0 
21 3 740 342 46 35 -1 -1 -1 0 
21 4 575 342 55 46 -1 -1 -1 0 
21 6 555 634 720 81 -1 -1 -1 0 
22 1 368 362 209 133 -1 -1 -1 0 
22 2 892 339 81 46 -1 -1 -1 0 
22 3 740 342 45 35 -1 -1 -1 0 
22 4 574 342 56 47 -1 -1 -1 0 
22 6 556 634 720 81 -1 -1 -1 0 
23 1 370 362 207 131 -1 -1 -1 0 
23 2 891 339 82 46 -1 -1 -1 0 
23 3 740 342 44 36 -1 -1 -1 0 
23 4 575 342 55 47 -1 -1 -1 0 
23 6 557 633 718 82 -1 -1 -1 0 
24 1 373 362 204 130 -1 -1 -1 0 
24 2 891 339 83 46 -1 -1 -1 0 
24 3 739 342 45 36 -1 -1 -1 0 
24 4 574 342 57 47 -1 -1 -1 0 
24 6 558 633 717 82 -1 -1 -1 0 
25 1 375 363 203 129 -1 -1 -1 0 
25 2 892 339 80 46 -1 -1 -1 0 
25 3 739 342 45 36 -1 -1 -1 0 
25 4 575 342 55 47 -1 -1 -1 0 
25 6 558 633 717 82 -1 -1 -1 0 
26 1 377 363 201 129 -1 -1 -1 0 
26 2 891 339 81 45 -1 -1 -1 0 
26 3 739 343 45 35 -1 -1 -1 0 
26 4 574 343 58 45 -1 -1 -1 0 
27 1 380 363 199 128 -1 -1 -1 0 
27 2 891 339 80 45 -1 -1 -1 0 
27 3 739 343 45 35 -1 -1 -1 0 
27 4 575 343 56 45 -1 -1 -1 0 
27 6 559 633 718 82 -1 -1 -1 0 
28 1 383 363 197 127 -1 -1 -1 0 
28 2 891 339 80 45 -1 -1 -1 0 
28 3 738 342 46 35 -1 -1 -1 0 
28 4 575 343 57 45 -1 -1 -1 0 
28 6 556 633 721 82 -1 -1 -1 0 
29 1 385 362 196 126 -1 -1 -1 0 
29 2 891 339 78 45 -1 -1 -1 0 
29 3 738 342 47 34 -1 -1 -1 0 
29 4 575 342 56 46 -1 -1 -1 0 
29 6 555 633 723 81 -1 -1 -1 0 
30 1 387 361 193 126 -1 -1 -1 0 
30 2 891 339 78 44 -1 -1 -1 0 
30 3 739 342 45 33 -1 -1 -1 0 
30 4 576 342 55 46 -1 -1 -1 0 
30 6 555 633 723 81 -1 -1 -1 0 
31 1 389 360 192 126 -1 -1 -1 0 
31 2 892 338 76 45 -1 -1 -1 0 
31 3 739 342 45 33 -1 -1 -1 0 
31 4 576 342 55 45 -1 -1 -1 0 
31 6 566 634 709 80 -1 -1 -1 0 
32 1 390 360 193 125 -1 -1 -1 0 
32 2 891 338 77 45 -1 -1 -1 0 
32 3 739 341 45 34 -1 -1 -1 0 
32 4 575 342 56 45 -1 -1 -1 0 
32 6 562 634 714 80 -1 -1 -1 0 
33 1 393 359 190 125 -1 -1 -1 0 
33 2 891 338 77 44 -1 -1 -1 0 
33 3 738 341 45 34 -1 -1 -1 0 
33 4 576 341 54 46 -1 -1 -1 0 
33 6 556 634 721 80 -1 -1 -1 0 
34 1 395 360 189 124 -1 -1 -1 0 
34 2 891 338 76 44 -1 -1 -1 0 
34 3 737 342 46 33 -1 -1 -1 0 
34 4 576 342 54 45 -1 -1 -1 0 
34 6 556 634 721 80 -1 -1 -1 0 
35 1 397 360 188 123 -1 -1 -1 0 
35 2 892 338 74 44 -1 -1 -1 0 
35 3 738 342 44 33 -1 -1 -1 0 
35 4 577 342 53 45 -1 -1 -1 0 
36 1 400 359 185 123 -1 -1 -1 0 
36 2 892 338 73 44 -1 -1 -1 0 
36 3 737 343 44 32 -1 -1 -1 0 
36 4 577 342 53 45 -1 -1 -1 0 
37 1 402 359 184 122 -1 -1 -1 0 
37 2 891 339 74 43 -1 -1 -1 0 
37 3 737 343 42 32 -1 -1 -1 0 
37 4 577 342 54 45 -1 -1 -1 0 
38 1 403 359 184 121 -1 -1 -1 0 
38 2 890 339 74 43 -1 -1 -1 0 
38 3 737 344 41 31 -1 -1 -1 0 
38 4 576 342 55 45 -1 -1 -1 0 
38 6 558 634 717 80 -1 -1 -1 0 
39 1 404 359 183 119 -1 -1 -1 0 
39 2 891 339 72 43 -1 -1 -1 0 
39 3 736 344 41 31 -1 -1 -1 0 
39 4 575 342 56 45 -1 -1 -1 0 
39 6 556 633 721 81 -1 -1 -1 0 
40 1 407 359 180 118 -1 -1 -1 0 
40 2 889 340 74 42 -1 -1 -1 0 
40 3 736 344 40 31 -1 -1 -1 0 
40 4 575 342 56 45 -1 -1 -1 0 
40 6 556 633 721 81 -1 -1 -1 0 
