3 1 1038 346 110 42 -1 -1 -1 0 
3 3 316 357 42 21 -1 -1 -1 0 
3 6 603 339 48 46 -1 -1 -1 0 
3 7 715 348 20 15 -1 -1 -1 0 
3 8 808 335 97 70 -1 -1 -1 0 
4 1 1041 346 112 42 -1 -1 -1 0 
4 3 294 358 49 21 -1 -1 -1 0 
4 6 603 340 49 44 -1 -1 -1 0 
4 7 715 349 20 14 -1 -1 -1 0 
4 8 808 335 97 70 -1 -1 -1 0 
4 11 411 351 44 22 -1 -1 -1 0 
5 1 1044 346 115 42 -1 -1 -1 0 
5 3 270 360 53 22 -1 -1 -1 0 
5 6 604 341 48 43 -1 -1 -1 0 
5 7 716 349 18 14 -1 -1 -1 0 
5 8 808 335 98 70 -1 -1 -1 0 
5 11 400 351 42 24 -1 -1 -1 0 
6 1 1050 345 115 44 -1 -1 -1 0 
6 3 243 359 57 26 -1 -1 -1 0 
6 6 604 341 47 42 -1 -1 -1 0 
6 7 716 349 18 14 -1 -1 -1 0 
6 8 809 334 98 71 -1 -1 -1 0 
6 11 384 352 44 25 -1 -1 -1 0 
6 13 178 356 70 32 -1 -1 -1 0 
7 1 1053 345 118 44 -1 -1 -1 0 
7 3 212 359 65 28 -1 -1 -1 0 
7 6 604 341 47 42 -1 -1 -1 0 
7 7 716 349 18 14 -1 -1 -1 0 
7 8 809 334 99 71 -1 -1 -1 0 
7 11 365 352 48 27 -1 -1 -1 0 
7 13 142 356 78 35 -1 -1 -1 0 
8 1 1057 345 121 44 -1 -1 -1 0 
8 3 176 362 76 29 -1 -1 -1 0 
8 6 605 342 46 41 -1 -1 -1 0 
8 7 715 349 20 14 -1 -1 -1 0 
8 8 810 333 99 72 -1 -1 -1 0 
8 11 341 352 58 29 -1 -1 -1 0 
8 13 101 354 82 40 -1 -1 -1 0 
9 1 1062 345 121 44 -1 -1 -1 0 
9 3 134 364 87 31 -1 -1 -1 0 
9 6 606 341 45 42 -1 -1 -1 0 
9 7 716 349 19 14 -1 -1 -1 0 
9 8 810 333 100 72 -1 -1 -1 0 
9 11 315 353 70 31 -1 -1 -1 0 
9 13 46 358 107 41 -1 -1 -1 0 
9 20 432 355 22 12 -1 -1 -1 0 
10 1 1065 345 126 45 -1 -1 -1 0 
10 3 88 365 97 34 -1 -1 -1 0 
10 6 606 341 45 42 -1 -1 -1 0 
10 7 716 348 19 15 -1 -1 -1 0 
10 8 810 333 100 73 -1 -1 -1 0 
10 11 287 353 72 34 -1 -1 -1 0 
10 13 4 361 99 41 -1 -1 -1 0 
10 20 424 355 23 13 -1 -1 -1 0 
10 21 809 334 102 72 -1 -1 -1 0 
10 22 606 341 46 43 -1 -1 -1 0 
10 23 477 353 27 15 -1 -1 -1 0 
11 1 1069 344 129 46 -1 -1 -1 0 
11 3 27 367 115 37 -1 -1 -1 0 
11 6 606 341 45 42 -1 -1 -1 0 
11 7 716 348 20 15 -1 -1 -1 0 
11 8 811 333 100 73 -1 -1 -1 0 
11 11 251 354 77 37 -1 -1 -1 0 
11 13 0 362 68 43 -1 -1 -1 0 
11 20 414 355 25 13 -1 -1 -1 0 
11 21 810 334 101 72 -1 -1 -1 0 
11 22 606 341 45 43 -1 -1 -1 0 
11 23 467 353 30 16 -1 -1 -1 0 
12 1 1074 344 130 47 -1 -1 -1 0 
12 3 0 369 88 39 -1 -1 -1 0 
12 6 606 342 46 41 -1 -1 -1 0 
12 7 716 348 20 15 -1 -1 -1 0 
12 11 208 355 88 40 -1 -1 -1 0 
12 20 405 356 26 13 -1 -1 -1 0 
12 21 811 334 101 73 -1 -1 -1 0 
12 22 606 341 46 43 -1 -1 -1 0 
12 23 454 354 38 16 -1 -1 -1 0 
13 1 1077 344 134 48 -1 -1 -1 0 
13 3 0 371 24 38 -1 -1 -1 0 
13 6 607 342 44 41 -1 -1 -1 0 
13 7 716 349 20 15 -1 -1 -1 0 
13 8 810 333 104 73 -1 -1 -1 0 
13 11 155 355 103 45 -1 -1 -1 0 
13 20 395 355 27 15 -1 -1 -1 0 
13 21 810 334 104 72 -1 -1 -1 0 
13 22 607 341 45 43 -1 -1 -1 0 
13 23 441 355 36 16 -1 -1 -1 0 
14 1 1082 345 138 47 -1 -1 -1 0 
14 3 0 372 -12 40 -1 -1 -1 0 
14 6 606 342 46 41 -1 -1 -1 0 
14 8 811 333 103 73 -1 -1 -1 0 
14 11 84 356 128 50 -1 -1 -1 0 
14 20 384 355 30 16 -1 -1 -1 0 
14 21 812 334 101 72 -1 -1 -1 0 
14 23 425 355 37 18 -1 -1 -1 0 
14 25 247 360 56 25 -1 -1 -1 0 
15 1 1086 345 140 47 -1 -1 -1 0 
15 6 607 342 44 41 -1 -1 -1 0 
15 8 812 333 103 73 -1 -1 -1 0 
15 11 9 358 140 55 -1 -1 -1 0 
15 20 373 356 31 17 -1 -1 -1 0 
15 21 811 334 104 72 -1 -1 -1 0 
15 23 405 356 42 19 -1 -1 -1 0 
15 25 214 361 66 26 -1 -1 -1 0 
16 1 1091 345 144 48 -1 -1 -1 0 
16 6 606 343 46 40 -1 -1 -1 0 
16 7 542 350 23 13 -1 -1 -1 0 
16 8 812 333 103 74 -1 -1 -1 0 
16 11 0 361 70 57 -1 -1 -1 0 
16 20 360 356 33 18 -1 -1 -1 0 
16 21 812 334 103 73 -1 -1 -1 0 
16 23 384 357 48 21 -1 -1 -1 0 
16 25 181 363 71 28 -1 -1 -1 0 
17 1 1097 345 144 49 -1 -1 -1 0 
17 6 607 343 44 40 -1 -1 -1 0 
17 7 517 351 23 13 -1 -1 -1 0 
17 8 812 333 104 74 -1 -1 -1 0 
17 11 0 362 26 60 -1 -1 -1 0 
17 20 351 356 34 19 -1 -1 -1 0 
17 22 607 342 45 42 -1 -1 -1 0 
17 23 357 358 57 24 -1 -1 -1 0 
17 25 141 365 82 30 -1 -1 -1 0 
18 1 1098 345 155 50 -1 -1 -1 0 
18 6 607 343 44 40 -1 -1 -1 0 
18 7 505 351 24 14 -1 -1 -1 0 
18 8 812 334 105 74 -1 -1 -1 0 
18 20 385 357 31 20 -1 -1 -1 0 
18 22 607 342 45 42 -1 -1 -1 0 
18 23 329 359 62 26 -1 -1 -1 0 
18 25 95 367 90 33 -1 -1 -1 0 
19 1 1106 345 151 50 -1 -1 -1 0 
19 6 608 343 43 41 -1 -1 -1 0 
19 7 494 351 28 15 -1 -1 -1 0 
19 8 812 334 106 75 -1 -1 -1 0 
19 20 376 357 60 21 -1 -1 -1 0 
19 22 607 342 44 42 -1 -1 -1 0 
19 23 296 360 68 31 -1 -1 -1 0 
19 25 35 369 110 36 -1 -1 -1 0 
20 1 1110 344 156 52 -1 -1 -1 0 
20 6 608 343 43 41 -1 -1 -1 0 
20 7 486 351 30 16 -1 -1 -1 0 
20 8 812 334 107 75 -1 -1 -1 0 
20 20 334 357 33 22 -1 -1 -1 0 
20 22 607 343 45 41 -1 -1 -1 0 
20 23 250 363 85 34 -1 -1 -1 0 
20 25 0 372 93 38 -1 -1 -1 0 
20 28 715 350 20 14 -1 -1 -1 0 
21 1 1111 344 165 52 -1 -1 -1 0 
21 6 607 342 44 42 -1 -1 -1 0 
21 7 477 351 32 18 -1 -1 -1 0 
21 8 813 335 106 74 -1 -1 -1 0 
21 20 369 357 36 21 -1 -1 -1 0 
21 22 607 342 44 42 -1 -1 -1 0 
21 23 195 365 98 38 -1 -1 -1 0 
21 25 0 374 57 39 -1 -1 -1 0 
21 28 715 350 20 14 -1 -1 -1 0 
22 1 1120 344 159 53 -1 -1 -1 0 
22 6 607 342 44 42 -1 -1 -1 0 
22 7 466 352 34 19 -1 -1 -1 0 
22 8 813 335 107 75 -1 -1 -1 0 
22 20 372 357 37 21 -1 -1 -1 0 
22 22 607 341 43 43 -1 -1 -1 0 
22 23 121 368 122 44 -1 -1 -1 0 
22 28 714 350 21 14 -1 -1 -1 0 
22 29 330 360 49 24 -1 -1 -1 0 
23 1 1126 344 153 54 -1 -1 -1 0 
23 7 451 351 40 21 -1 -1 -1 0 
23 8 814 334 106 76 -1 -1 -1 0 
23 20 363 357 39 22 -1 -1 -1 0 
23 22 607 341 43 43 -1 -1 -1 0 
23 23 16 372 160 50 -1 -1 -1 0 
23 28 713 350 21 14 -1 -1 -1 0 
23 29 247 361 53 26 -1 -1 -1 0 
24 1 1131 344 148 54 -1 -1 -1 0 
24 7 440 351 41 24 -1 -1 -1 0 
24 8 813 334 108 76 -1 -1 -1 0 
24 20 348 359 42 21 -1 -1 -1 0 
24 22 606 341 44 43 -1 -1 -1 0 
24 23 0 377 79 50 -1 -1 -1 0 
24 28 714 350 19 14 -1 -1 -1 0 
24 29 199 361 61 29 -1 -1 -1 0 
25 1 1136 344 143 54 -1 -1 -1 0 
25 7 426 351 42 25 -1 -1 -1 0 
25 8 812 334 110 76 -1 -1 -1 0 
25 20 333 359 42 22 -1 -1 -1 0 
25 21 814 334 106 75 -1 -1 -1 0 
25 22 605 342 45 41 -1 -1 -1 0 
25 23 0 379 30 52 -1 -1 -1 0 
25 28 714 350 19 14 -1 -1 -1 0 
25 29 162 362 67 30 -1 -1 -1 0 
25 35 256 362 64 28 -1 -1 -1 0 
26 1 1140 344 139 54 -1 -1 -1 0 
26 7 408 351 47 28 -1 -1 -1 0 
26 8 813 334 109 76 -1 -1 -1 0 
26 20 312 359 46 24 -1 -1 -1 0 
26 21 814 334 107 76 -1 -1 -1 0 
26 22 606 342 42 41 -1 -1 -1 0 
26 28 714 350 19 14 -1 -1 -1 0 
26 29 125 363 78 33 -1 -1 -1 0 
26 35 220 363 73 31 -1 -1 -1 0 
27 1 1146 344 133 55 -1 -1 -1 0 
27 7 388 352 53 29 -1 -1 -1 0 
27 8 814 334 108 77 -1 -1 -1 0 
27 20 291 360 49 25 -1 -1 -1 0 
27 21 813 334 110 77 -1 -1 -1 0 
27 22 606 342 43 41 -1 -1 -1 0 
27 28 713 350 19 14 -1 -1 -1 0 
27 29 81 364 94 35 -1 -1 -1 0 
27 35 181 364 82 33 -1 -1 -1 0 
28 1 1151 344 128 56 -1 -1 -1 0 
28 7 365 352 61 31 -1 -1 -1 0 
28 8 814 334 108 78 -1 -1 -1 0 
28 20 265 360 56 27 -1 -1 -1 0 
28 21 813 333 111 79 -1 -1 -1 0 
28 22 606 342 43 41 -1 -1 -1 0 
28 28 713 349 19 14 -1 -1 -1 0 
28 29 30 365 103 38 -1 -1 -1 0 
28 35 135 365 94 36 -1 -1 -1 0 
29 1 1157 344 122 57 -1 -1 -1 0 
29 7 339 352 66 34 -1 -1 -1 0 
29 8 813 334 110 78 -1 -1 -1 0 
29 20 237 361 61 28 -1 -1 -1 0 
29 21 813 333 111 79 -1 -1 -1 0 
29 22 606 342 42 40 -1 -1 -1 0 
29 28 713 349 19 14 -1 -1 -1 0 
29 29 0 367 82 40 -1 -1 -1 0 
29 35 75 368 114 38 -1 -1 -1 0 
30 1 1163 344 116 58 -1 -1 -1 0 
30 7 306 352 75 37 -1 -1 -1 0 
30 8 814 334 110 78 -1 -1 -1 0 
30 20 203 360 69 31 -1 -1 -1 0 
30 21 813 333 113 79 -1 -1 -1 0 
30 22 606 342 42 40 -1 -1 -1 0 
30 28 713 348 20 15 -1 -1 -1 0 
30 29 0 369 25 43 -1 -1 -1 0 
30 35 15 369 122 42 -1 -1 -1 0 
31 1 1170 345 109 57 -1 -1 -1 0 
31 7 266 353 87 42 -1 -1 -1 0 
31 8 813 333 114 80 -1 -1 -1 0 
31 20 165 362 77 32 -1 -1 -1 0 
31 21 814 333 112 79 -1 -1 -1 0 
31 22 606 342 43 40 -1 -1 -1 0 
31 28 713 348 21 14 -1 -1 -1 0 
31 29 0 370 -11 45 -1 -1 -1 0 
31 35 0 373 72 42 -1 -1 -1 0 
31 37 559 634 716 81 -1 -1 -1 0 
32 1 1176 344 103 57 -1 -1 -1 0 
32 7 217 354 102 46 -1 -1 -1 0 
32 8 813 333 115 80 -1 -1 -1 0 
32 20 118 362 89 36 -1 -1 -1 0 
32 21 815 333 112 80 -1 -1 -1 0 
32 22 607 341 41 41 -1 -1 -1 0 
32 28 714 348 20 14 -1 -1 -1 0 
32 35 0 374 32 45 -1 -1 -1 0 
32 37 558 633 719 82 -1 -1 -1 0 
33 1 1183 344 96 56 -1 -1 -1 0 
33 7 150 355 127 52 -1 -1 -1 0 
33 8 814 333 115 80 -1 -1 -1 0 
33 20 61 364 103 39 -1 -1 -1 0 
33 21 816 333 112 80 -1 -1 -1 0 
33 22 607 341 41 41 -1 -1 -1 0 
33 28 715 348 19 14 -1 -1 -1 0 
33 37 555 635 724 80 -1 -1 -1 0 
34 1 1191 345 88 56 -1 -1 -1 0 
34 7 57 357 164 59 -1 -1 -1 0 
34 8 816 332 114 81 -1 -1 -1 0 
34 20 6 366 84 42 -1 -1 -1 0 
34 21 815 332 116 82 -1 -1 -1 0 
34 22 607 341 42 41 -1 -1 -1 0 
34 28 714 348 21 14 -1 -1 -1 0 
34 37 561 633 713 82 -1 -1 -1 0 
35 1 1199 346 80 55 -1 -1 -1 0 
35 6 463 353 27 19 -1 -1 -1 0 
35 7 6 358 134 66 -1 -1 -1 0 
35 8 817 332 115 81 -1 -1 -1 0 
35 20 0 367 54 43 -1 -1 -1 0 
35 21 816 332 116 82 -1 -1 -1 0 
35 22 608 341 41 41 -1 -1 -1 0 
35 28 715 347 19 15 -1 -1 -1 0 
35 37 559 634 719 81 -1 -1 -1 0 
36 1 1207 347 72 54 -1 -1 -1 0 
36 6 452 354 27 19 -1 -1 -1 0 
36 7 0 360 97 68 -1 -1 -1 0 
36 8 818 332 114 81 -1 -1 -1 0 
36 21 817 332 116 82 -1 -1 -1 0 
36 22 608 341 42 41 -1 -1 -1 0 
36 28 715 347 20 15 -1 -1 -1 0 
36 37 558 634 719 81 -1 -1 -1 0 
37 1 1214 349 65 52 -1 -1 -1 0 
37 6 441 354 29 19 -1 -1 -1 0 
37 8 818 332 116 82 -1 -1 -1 0 
37 21 818 332 116 82 -1 -1 -1 0 
37 22 608 341 43 41 -1 -1 -1 0 
37 28 716 346 18 16 -1 -1 -1 0 
37 37 557 634 720 81 -1 -1 -1 0 
37 39 472 352 24 15 -1 -1 -1 0 
38 1 1224 353 55 49 -1 -1 -1 0 
38 6 430 354 31 20 -1 -1 -1 0 
38 8 819 332 116 83 -1 -1 -1 0 
38 21 819 332 116 82 -1 -1 -1 0 
38 22 609 341 42 40 -1 -1 -1 0 
38 28 715 346 20 15 -1 -1 -1 0 
38 37 557 634 721 81 -1 -1 -1 0 
38 39 463 353 27 15 -1 -1 -1 0 
39 1 1230 360 49 43 -1 -1 -1 0 
39 6 418 354 34 22 -1 -1 -1 0 
39 8 819 332 118 84 -1 -1 -1 0 
39 21 819 332 118 83 -1 -1 -1 0 
39 22 609 341 41 40 -1 -1 -1 0 
39 28 716 346 20 15 -1 -1 -1 0 
39 37 557 634 721 81 -1 -1 -1 0 
39 39 454 353 27 16 -1 -1 -1 0 
40 1 1240 363 39 40 -1 -1 -1 0 
40 6 403 354 41 24 -1 -1 -1 0 
40 8 819 332 120 84 -1 -1 -1 0 
40 21 820 332 119 84 -1 -1 -1 0 
40 22 610 341 40 40 -1 -1 -1 0 
40 28 716 346 20 15 -1 -1 -1 0 
40 37 558 633 718 82 -1 -1 -1 0 
40 39 444 354 29 17 -1 -1 -1 0 
40 42 491 351 24 14 -1 -1 -1 0 
