3 1 1175 440 104 146 -1 -1 -1 0 
3 2 1 288 98 41 -1 -1 -1 0 
3 3 0 367 126 141 -1 -1 -1 0 
3 4 717 348 31 19 -1 -1 -1 0 
3 5 469 337 25 16 -1 -1 -1 0 
3 6 632 336 24 23 -1 -1 -1 0 
3 7 367 342 44 23 -1 -1 -1 0 
3 8 341 337 42 27 -1 -1 -1 0 
4 1 1170 437 109 146 -1 -1 -1 0 
4 2 0 287 88 42 -1 -1 -1 0 
4 3 0 353 142 150 -1 -1 -1 0 
4 4 716 348 31 19 -1 -1 -1 0 
4 5 462 338 25 16 -1 -1 -1 0 
4 6 633 336 23 23 -1 -1 -1 0 
4 7 344 342 51 25 -1 -1 -1 0 
4 8 321 337 46 28 -1 -1 -1 0 
4 9 559 635 718 80 -1 -1 -1 0 
5 1 1167 435 112 145 -1 -1 -1 0 
5 2 0 287 78 43 -1 -1 -1 0 
5 3 0 342 157 156 -1 -1 -1 0 
5 4 716 348 31 19 -1 -1 -1 0 
5 5 453 338 28 17 -1 -1 -1 0 
5 6 633 336 23 23 -1 -1 -1 0 
5 7 361 340 38 21 -1 -1 -1 0 
5 8 297 337 76 31 -1 -1 -1 0 
5 9 556 635 722 80 -1 -1 -1 0 
6 1 1164 431 115 145 -1 -1 -1 0 
6 2 0 287 71 44 -1 -1 -1 0 
6 3 0 332 170 161 -1 -1 -1 0 
6 4 718 347 28 19 -1 -1 -1 0 
6 5 445 338 28 17 -1 -1 -1 0 
6 6 634 336 23 22 -1 -1 -1 0 
6 7 353 341 40 19 -1 -1 -1 0 
6 8 275 337 82 34 -1 -1 -1 0 
6 9 556 635 722 80 -1 -1 -1 0 
7 1 1159 429 120 145 -1 -1 -1 0 
7 2 0 288 60 45 -1 -1 -1 0 
7 3 0 327 185 163 -1 -1 -1 0 
7 4 717 347 30 19 -1 -1 -1 0 
7 5 436 338 30 19 -1 -1 -1 0 
7 6 634 336 23 22 -1 -1 -1 0 
7 7 342 341 38 20 -1 -1 -1 0 
7 8 247 337 87 37 -1 -1 -1 0 
7 9 558 636 720 79 -1 -1 -1 0 
8 1 1155 426 124 147 -1 -1 -1 0 
8 2 0 289 47 42 -1 -1 -1 0 
8 3 0 325 198 164 -1 -1 -1 0 
8 4 717 346 30 20 -1 -1 -1 0 
8 5 425 339 34 19 -1 -1 -1 0 
8 6 634 336 23 22 -1 -1 -1 0 
8 7 326 341 40 21 -1 -1 -1 0 
8 8 215 338 91 40 -1 -1 -1 0 
8 9 559 636 718 78 -1 -1 -1 0 
8 10 516 337 32 13 -1 -1 -1 0 
9 1 1151 423 128 150 -1 -1 -1 0 
9 2 0 289 40 43 -1 -1 -1 0 
9 3 0 324 210 165 -1 -1 -1 0 
9 4 717 346 30 20 -1 -1 -1 0 
9 5 415 339 34 20 -1 -1 -1 0 
9 6 634 337 24 21 -1 -1 -1 0 
9 7 309 342 41 22 -1 -1 -1 0 
9 8 176 338 99 43 -1 -1 -1 0 
9 9 561 636 713 79 -1 -1 -1 0 
9 10 511 336 32 14 -1 -1 -1 0 
10 1 1147 421 132 150 -1 -1 -1 0 
10 3 0 324 221 164 -1 -1 -1 0 
10 4 718 346 28 19 -1 -1 -1 0 
10 5 403 340 36 20 -1 -1 -1 0 
10 6 635 337 22 21 -1 -1 -1 0 
10 7 288 342 46 24 -1 -1 -1 0 
10 8 144 340 95 42 -1 -1 -1 0 
10 9 561 635 714 80 -1 -1 -1 0 
10 10 507 336 33 14 -1 -1 -1 0 
11 1 1143 417 135 152 -1 -1 -1 0 
11 3 0 324 233 161 -1 -1 -1 0 
11 4 717 346 29 19 -1 -1 -1 0 
11 5 390 340 39 22 -1 -1 -1 0 
11 6 636 337 22 20 -1 -1 -1 0 
11 7 266 343 48 25 -1 -1 -1 0 
11 8 123 340 79 38 -1 -1 -1 0 
11 9 560 635 717 81 -1 -1 -1 0 
11 10 501 336 35 15 -1 -1 -1 0 
12 1 1138 412 141 155 -1 -1 -1 0 
12 3 0 324 243 155 -1 -1 -1 0 
12 4 717 346 29 19 -1 -1 -1 0 
12 5 376 341 41 22 -1 -1 -1 0 
12 6 635 337 23 20 -1 -1 -1 0 
12 7 240 343 52 27 -1 -1 -1 0 
12 8 96 340 82 39 -1 -1 -1 0 
12 9 560 634 715 82 -1 -1 -1 0 
12 10 496 337 37 15 -1 -1 -1 0 
13 1 1135 408 144 158 -1 -1 -1 0 
13 3 0 324 253 153 -1 -1 -1 0 
13 4 717 345 29 20 -1 -1 -1 0 
13 5 360 341 44 23 -1 -1 -1 0 
13 6 636 336 21 21 -1 -1 -1 0 
13 7 210 343 59 30 -1 -1 -1 0 
13 9 556 635 723 81 -1 -1 -1 0 
13 10 491 338 37 14 -1 -1 -1 0 
13 12 0 463 106 250 -1 -1 -1 0 
14 1 1131 405 148 159 -1 -1 -1 0 
14 3 0 325 264 145 -1 -1 -1 0 
14 4 717 345 29 19 -1 -1 -1 0 
14 5 342 341 47 25 -1 -1 -1 0 
14 6 635 336 23 21 -1 -1 -1 0 
14 7 188 344 53 29 -1 -1 -1 0 
14 9 556 636 723 79 -1 -1 -1 0 
14 10 524 338 23 13 -1 -1 -1 0 
14 12 0 455 131 258 -1 -1 -1 0 
15 1 1126 402 153 162 -1 -1 -1 0 
15 3 0 326 272 142 -1 -1 -1 0 
15 4 717 345 29 19 -1 -1 -1 0 
15 5 324 342 49 26 -1 -1 -1 0 
15 6 637 335 21 22 -1 -1 -1 0 
15 7 169 345 55 29 -1 -1 -1 0 
15 9 563 636 712 79 -1 -1 -1 0 
15 10 492 339 37 14 -1 -1 -1 0 
15 12 0 448 154 265 -1 -1 -1 0 
16 1 1122 399 157 164 -1 -1 -1 0 
16 3 0 326 281 137 -1 -1 -1 0 
16 4 716 345 30 19 -1 -1 -1 0 
16 5 301 342 54 28 -1 -1 -1 0 
16 6 637 335 21 22 -1 -1 -1 0 
16 9 559 636 719 79 -1 -1 -1 0 
16 10 478 339 37 15 -1 -1 -1 0 
16 12 0 442 174 272 -1 -1 -1 0 
17 1 1119 397 159 166 -1 -1 -1 0 
17 3 0 326 288 133 -1 -1 -1 0 
17 4 717 345 29 19 -1 -1 -1 0 
17 5 275 344 61 28 -1 -1 -1 0 
17 6 637 334 22 23 -1 -1 -1 0 
17 9 558 636 719 79 -1 -1 -1 0 
17 10 467 340 40 15 -1 -1 -1 0 
17 12 0 435 195 278 -1 -1 -1 0 
18 1 1115 394 163 169 -1 -1 -1 0 
18 3 0 327 297 128 -1 -1 -1 0 
18 4 717 345 29 18 -1 -1 -1 0 
18 5 253 344 59 30 -1 -1 -1 0 
18 9 560 636 715 79 -1 -1 -1 0 
18 10 459 340 40 16 -1 -1 -1 0 
18 12 0 431 214 283 -1 -1 -1 0 
19 1 1111 392 167 171 -1 -1 -1 0 
19 3 1 327 302 125 -1 -1 -1 0 
19 4 717 345 28 18 -1 -1 -1 0 
19 5 236 345 61 30 -1 -1 -1 0 
19 9 558 636 719 79 -1 -1 -1 0 
19 10 450 340 42 18 -1 -1 -1 0 
19 12 0 427 231 286 -1 -1 -1 0 
19 16 507 341 23 12 -1 -1 -1 0 
20 1 1107 389 172 173 -1 -1 -1 0 
20 3 2 326 308 123 -1 -1 -1 0 
20 4 717 344 28 18 -1 -1 -1 0 
20 9 560 634 714 81 -1 -1 -1 0 
20 10 441 341 46 18 -1 -1 -1 0 
20 12 0 424 247 288 -1 -1 -1 0 
20 16 498 342 24 12 -1 -1 -1 0 
21 1 1104 386 174 175 -1 -1 -1 0 
21 3 3 327 314 121 -1 -1 -1 0 
21 4 717 344 27 18 -1 -1 -1 0 
21 9 558 634 719 81 -1 -1 -1 0 
21 10 430 341 50 19 -1 -1 -1 0 
21 12 1 416 260 294 -1 -1 -1 0 
21 16 488 343 28 12 -1 -1 -1 0 
22 1 1099 383 179 178 -1 -1 -1 0 
22 3 2 328 323 118 -1 -1 -1 0 
22 4 717 343 27 19 -1 -1 -1 0 
22 9 561 635 717 79 -1 -1 -1 0 
22 10 418 341 57 20 -1 -1 -1 0 
22 12 2 402 272 302 -1 -1 -1 0 
22 16 477 343 30 13 -1 -1 -1 0 
23 1 1095 380 184 180 -1 -1 -1 0 
23 3 32 328 294 116 -1 -1 -1 0 
23 4 717 343 26 19 -1 -1 -1 0 
23 7 0 350 82 25 -1 -1 -1 0 
23 9 557 635 720 79 -1 -1 -1 0 
23 10 409 343 49 19 -1 -1 -1 0 
23 12 2 384 285 312 -1 -1 -1 0 
23 16 467 344 30 13 -1 -1 -1 0 
24 1 1091 377 188 183 -1 -1 -1 0 
24 3 37 329 299 114 -1 -1 -1 0 
24 4 716 343 27 18 -1 -1 -1 0 
24 7 0 351 64 24 -1 -1 -1 0 
24 9 556 636 722 79 -1 -1 -1 0 
24 10 397 345 40 18 -1 -1 -1 0 
24 12 5 364 291 330 -1 -1 -1 0 
24 16 453 345 32 14 -1 -1 -1 0 
25 1 1087 375 192 185 -1 -1 -1 0 
25 3 77 329 259 111 -1 -1 -1 0 
25 4 716 343 27 18 -1 -1 -1 0 
25 6 388 344 47 21 -1 -1 -1 0 
25 9 559 635 716 80 -1 -1 -1 0 
25 10 407 344 54 19 -1 -1 -1 0 
25 12 5 348 303 346 -1 -1 -1 0 
25 16 444 345 33 15 -1 -1 -1 0 
26 1 1082 372 197 188 -1 -1 -1 0 
26 3 88 330 259 107 -1 -1 -1 0 
26 4 714 342 29 19 -1 -1 -1 0 
26 6 364 345 52 22 -1 -1 -1 0 
26 9 556 635 722 80 -1 -1 -1 0 
26 10 412 345 44 19 -1 -1 -1 0 
26 12 4 335 317 359 -1 -1 -1 0 
27 1 1077 372 202 189 -1 -1 -1 0 
27 3 115 329 235 106 -1 -1 -1 0 
27 4 714 342 28 19 -1 -1 -1 0 
27 6 346 345 53 23 -1 -1 -1 0 
27 9 559 635 716 80 -1 -1 -1 0 
27 10 402 345 44 21 -1 -1 -1 0 
27 12 2 326 330 368 -1 -1 -1 0 
28 1 1072 371 207 189 -1 -1 -1 0 
28 3 137 328 218 105 -1 -1 -1 0 
28 4 713 342 29 19 -1 -1 -1 0 
28 6 330 347 51 22 -1 -1 -1 0 
28 9 561 635 716 80 -1 -1 -1 0 
28 10 383 345 49 22 -1 -1 -1 0 
28 12 1 320 341 374 -1 -1 -1 0 
29 1 1069 370 209 191 -1 -1 -1 0 
29 3 153 328 209 104 -1 -1 -1 0 
29 4 713 342 28 19 -1 -1 -1 0 
29 6 312 348 52 21 -1 -1 -1 0 
29 9 559 636 718 79 -1 -1 -1 0 
29 10 376 345 50 22 -1 -1 -1 0 
29 12 1 316 350 378 -1 -1 -1 0 
30 1 1064 369 215 192 -1 -1 -1 0 
30 3 166 328 203 101 -1 -1 -1 0 
30 4 713 342 28 19 -1 -1 -1 0 
30 9 560 636 715 79 -1 -1 -1 0 
30 12 1 313 360 380 -1 -1 -1 0 
30 16 486 339 21 13 -1 -1 -1 0 
31 1 1059 368 220 193 -1 -1 -1 0 
31 3 180 328 193 100 -1 -1 -1 0 
31 4 712 342 28 19 -1 -1 -1 0 
31 9 564 636 712 79 -1 -1 -1 0 
31 10 353 346 41 21 -1 -1 -1 0 
31 12 2 311 366 382 -1 -1 -1 0 
31 16 485 339 22 13 -1 -1 -1 0 
32 1 1056 367 223 193 -1 -1 -1 0 
32 3 192 329 187 97 -1 -1 -1 0 
32 4 712 342 29 19 -1 -1 -1 0 
32 9 561 636 716 80 -1 -1 -1 0 
32 10 345 347 42 21 -1 -1 -1 0 
32 12 1 309 375 384 -1 -1 -1 0 
32 16 480 340 22 13 -1 -1 -1 0 
33 1 1054 365 224 195 -1 -1 -1 0 
33 3 205 329 179 96 -1 -1 -1 0 
33 4 712 342 28 19 -1 -1 -1 0 
33 9 560 636 717 79 -1 -1 -1 0 
33 12 0 310 383 383 -1 -1 -1 0 
33 16 475 341 23 14 -1 -1 -1 0 
33 18 635 337 22 20 -1 -1 -1 0 
34 1 1049 363 229 198 -1 -1 -1 0 
34 3 216 330 173 94 -1 -1 -1 0 
34 4 712 342 27 19 -1 -1 -1 0 
34 9 561 635 714 80 -1 -1 -1 0 
34 12 1 310 389 383 -1 -1 -1 0 
34 16 469 341 23 15 -1 -1 -1 0 
34 18 636 338 20 18 -1 -1 -1 0 
35 1 1044 363 235 198 -1 -1 -1 0 
35 3 228 330 165 92 -1 -1 -1 0 
35 4 711 342 29 20 -1 -1 -1 0 
35 9 560 635 716 80 -1 -1 -1 0 
35 12 1 310 395 381 -1 -1 -1 0 
35 16 462 341 26 16 -1 -1 -1 0 
35 18 637 338 19 17 -1 -1 -1 0 
36 1 1040 362 239 199 -1 -1 -1 0 
36 3 241 330 156 90 -1 -1 -1 0 
36 4 710 342 31 20 -1 -1 -1 0 
36 9 556 635 722 79 -1 -1 -1 0 
36 12 2 311 400 381 -1 -1 -1 0 
36 16 460 341 26 16 -1 -1 -1 0 
37 1 1037 361 241 202 -1 -1 -1 0 
37 3 249 331 154 84 -1 -1 -1 0 
37 4 711 343 28 19 -1 -1 -1 0 
37 9 560 635 717 79 -1 -1 -1 0 
37 12 2 312 407 382 -1 -1 -1 0 
38 1 1035 360 241 210 -1 -1 -1 0 
38 3 264 331 141 81 -1 -1 -1 0 
38 4 711 343 27 19 -1 -1 -1 0 
38 9 558 635 719 79 -1 -1 -1 0 
38 12 2 310 412 384 -1 -1 -1 0 
38 16 440 343 28 18 -1 -1 -1 0 
38 20 0 313 412 382 -1 -1 -1 0 
39 1 1033 359 242 223 -1 -1 -1 0 
39 3 270 332 141 75 -1 -1 -1 0 
39 4 710 343 28 19 -1 -1 -1 0 
39 9 560 635 716 79 -1 -1 -1 0 
39 12 1 311 419 386 -1 -1 -1 0 
39 16 430 343 32 19 -1 -1 -1 0 
39 20 2 313 412 382 -1 -1 -1 0 
40 1 1027 358 250 234 -1 -1 -1 0 
40 3 284 332 129 72 -1 -1 -1 0 
40 4 709 343 29 19 -1 -1 -1 0 
40 9 558 635 719 79 -1 -1 -1 0 
40 12 3 312 421 393 -1 -1 -1 0 
40 16 422 344 32 18 -1 -1 -1 0 
