3 1 384 356 158 102 -1 -1 -1 0 
3 3 892 296 246 129 -1 -1 -1 0 
3 4 559 636 714 78 -1 -1 -1 0 
3 5 574 337 47 40 -1 -1 -1 0 
4 1 389 356 154 99 -1 -1 -1 0 
4 3 893 293 256 134 -1 -1 -1 0 
4 4 561 635 714 78 -1 -1 -1 0 
4 5 575 337 46 39 -1 -1 -1 0 
5 1 394 356 150 97 -1 -1 -1 0 
5 3 909 287 174 125 -1 -1 -1 0 
5 4 562 635 712 78 -1 -1 -1 0 
5 5 575 337 45 39 -1 -1 -1 0 
6 1 399 355 147 97 -1 -1 -1 0 
6 3 905 286 334 158 -1 -1 -1 0 
6 4 564 634 711 78 -1 -1 -1 0 
6 5 575 338 46 38 -1 -1 -1 0 
7 1 403 356 145 95 -1 -1 -1 0 
7 3 936 277 327 183 -1 -1 -1 0 
7 4 562 634 714 78 -1 -1 -1 0 
7 5 576 338 45 38 -1 -1 -1 0 
8 1 408 356 141 93 -1 -1 -1 0 
8 3 947 275 332 189 -1 -1 -1 0 
8 4 558 635 720 77 -1 -1 -1 0 
8 5 577 339 44 37 -1 -1 -1 0 
9 1 413 356 137 91 -1 -1 -1 0 
9 3 959 270 320 179 -1 -1 -1 0 
9 4 560 635 715 77 -1 -1 -1 0 
9 5 578 339 42 37 -1 -1 -1 0 
9 9 379 346 23 15 -1 -1 -1 0 
10 1 416 356 136 89 -1 -1 -1 0 
10 3 986 265 293 183 -1 -1 -1 0 
10 4 561 635 714 77 -1 -1 -1 0 
10 5 577 339 45 37 -1 -1 -1 0 
10 9 372 346 24 16 -1 -1 -1 0 
10 10 314 349 36 19 -1 -1 -1 0 
11 1 421 355 131 88 -1 -1 -1 0 
11 3 1012 255 267 198 -1 -1 -1 0 
11 4 560 635 716 78 -1 -1 -1 0 
11 5 577 339 45 37 -1 -1 -1 0 
11 9 364 345 26 17 -1 -1 -1 0 
11 10 298 349 40 20 -1 -1 -1 0 
12 1 424 355 130 87 -1 -1 -1 0 
12 3 1036 244 243 213 -1 -1 -1 0 
12 4 565 635 709 78 -1 -1 -1 0 
12 5 579 339 42 37 -1 -1 -1 0 
12 9 355 345 28 18 -1 -1 -1 0 
12 10 280 349 44 21 -1 -1 -1 0 
13 1 427 354 129 85 -1 -1 -1 0 
13 3 1064 235 214 226 -1 -1 -1 0 
13 4 565 635 709 78 -1 -1 -1 0 
13 5 579 339 42 36 -1 -1 -1 0 
13 9 347 344 28 19 -1 -1 -1 0 
13 10 260 348 47 23 -1 -1 -1 0 
13 12 443 343 18 13 -1 -1 -1 0 
14 1 432 354 124 83 -1 -1 -1 0 
14 3 1094 223 185 226 -1 -1 -1 0 
14 4 578 635 696 79 -1 -1 -1 0 
14 5 579 339 42 36 -1 -1 -1 0 
14 9 335 345 34 18 -1 -1 -1 0 
14 10 237 349 53 24 -1 -1 -1 0 
14 12 440 343 18 13 -1 -1 -1 0 
15 1 435 354 122 82 -1 -1 -1 0 
15 3 1133 237 146 215 -1 -1 -1 0 
15 4 563 635 716 79 -1 -1 -1 0 
15 5 578 339 44 36 -1 -1 -1 0 
15 9 327 345 31 19 -1 -1 -1 0 
15 10 212 349 57 26 -1 -1 -1 0 
15 12 435 343 20 14 -1 -1 -1 0 
15 13 643 341 22 20 -1 -1 -1 0 
16 1 438 354 122 81 -1 -1 -1 0 
16 3 1178 288 101 171 -1 -1 -1 0 
16 4 563 636 713 78 -1 -1 -1 0 
16 5 580 339 41 36 -1 -1 -1 0 
16 9 316 344 33 21 -1 -1 -1 0 
16 10 182 349 68 28 -1 -1 -1 0 
16 12 430 343 23 14 -1 -1 -1 0 
16 13 643 342 21 19 -1 -1 -1 0 
17 1 442 354 117 80 -1 -1 -1 0 
17 3 1200 289 79 174 -1 -1 -1 0 
17 4 563 635 710 79 -1 -1 -1 0 
17 5 580 339 41 36 -1 -1 -1 0 
17 9 304 344 36 21 -1 -1 -1 0 
17 10 148 349 74 30 -1 -1 -1 0 
17 12 425 343 25 14 -1 -1 -1 0 
18 1 445 354 116 78 -1 -1 -1 0 
18 4 562 634 710 80 -1 -1 -1 0 
18 5 581 339 40 35 -1 -1 -1 0 
18 9 290 344 39 22 -1 -1 -1 0 
18 10 107 349 87 31 -1 -1 -1 0 
18 12 419 342 26 15 -1 -1 -1 0 
19 1 448 354 115 77 -1 -1 -1 0 
19 4 570 635 704 79 -1 -1 -1 0 
19 5 581 339 41 35 -1 -1 -1 0 
19 9 275 345 43 22 -1 -1 -1 0 
19 10 59 350 97 34 -1 -1 -1 0 
19 12 413 343 29 15 -1 -1 -1 0 
20 1 452 354 111 75 -1 -1 -1 0 
20 4 565 635 710 79 -1 -1 -1 0 
20 5 581 339 40 35 -1 -1 -1 0 
20 9 259 345 47 23 -1 -1 -1 0 
20 10 4 351 111 36 -1 -1 -1 0 
20 12 408 343 32 15 -1 -1 -1 0 
20 13 643 344 20 16 -1 -1 -1 0 
21 1 455 354 111 74 -1 -1 -1 0 
21 4 564 635 712 79 -1 -1 -1 0 
21 5 582 339 39 35 -1 -1 -1 0 
21 9 244 345 45 24 -1 -1 -1 0 
21 10 0 353 64 36 -1 -1 -1 0 
21 12 402 345 26 14 -1 -1 -1 0 
21 13 644 344 19 15 -1 -1 -1 0 
22 1 460 353 107 73 -1 -1 -1 0 
22 4 561 635 714 79 -1 -1 -1 0 
22 5 582 339 40 35 -1 -1 -1 0 
22 9 225 345 49 25 -1 -1 -1 0 
22 10 0 354 33 36 -1 -1 -1 0 
22 12 395 345 23 17 -1 -1 -1 0 
23 1 463 353 106 72 -1 -1 -1 0 
23 4 563 635 712 79 -1 -1 -1 0 
23 5 584 339 37 35 -1 -1 -1 0 
23 9 204 346 52 26 -1 -1 -1 0 
23 12 386 346 26 16 -1 -1 -1 0 
24 1 467 352 104 72 -1 -1 -1 0 
24 4 559 636 718 78 -1 -1 -1 0 
24 5 583 339 39 34 -1 -1 -1 0 
24 9 180 345 58 28 -1 -1 -1 0 
24 12 378 346 26 17 -1 -1 -1 0 
24 13 644 344 18 14 -1 -1 -1 0 
25 1 471 351 101 71 -1 -1 -1 0 
25 4 559 636 718 78 -1 -1 -1 0 
25 5 584 339 39 34 -1 -1 -1 0 
25 9 153 345 63 29 -1 -1 -1 0 
25 12 368 345 29 19 -1 -1 -1 0 
25 13 644 344 18 13 -1 -1 -1 0 
26 1 473 351 102 70 -1 -1 -1 0 
26 4 562 636 713 78 -1 -1 -1 0 
26 5 584 339 39 33 -1 -1 -1 0 
26 9 122 346 70 30 -1 -1 -1 0 
26 12 357 344 31 20 -1 -1 -1 0 
26 13 644 344 18 13 -1 -1 -1 0 
27 1 477 350 100 69 -1 -1 -1 0 
27 4 562 635 712 79 -1 -1 -1 0 
27 5 584 339 39 32 -1 -1 -1 0 
27 9 86 346 79 31 -1 -1 -1 0 
27 12 346 343 33 21 -1 -1 -1 0 
27 13 644 344 18 13 -1 -1 -1 0 
28 1 480 350 99 67 -1 -1 -1 0 
28 4 561 635 713 79 -1 -1 -1 0 
28 5 584 338 39 32 -1 -1 -1 0 
28 9 45 346 88 34 -1 -1 -1 0 
28 12 334 343 35 21 -1 -1 -1 0 
28 13 644 344 18 13 -1 -1 -1 0 
28 16 387 344 22 13 -1 -1 -1 0 
29 1 484 350 97 66 -1 -1 -1 0 
29 4 558 635 718 79 -1 -1 -1 0 
29 5 585 338 39 32 -1 -1 -1 0 
29 9 3 346 94 36 -1 -1 -1 0 
29 12 321 343 36 22 -1 -1 -1 0 
29 13 643 344 20 13 -1 -1 -1 0 
29 16 381 344 22 14 -1 -1 -1 0 
30 1 488 349 95 66 -1 -1 -1 0 
30 4 562 635 710 79 -1 -1 -1 0 
30 5 586 338 37 32 -1 -1 -1 0 
30 9 0 346 52 37 -1 -1 -1 0 
30 12 306 343 40 24 -1 -1 -1 0 
30 13 643 344 19 13 -1 -1 -1 0 
30 16 374 345 22 13 -1 -1 -1 0 
31 1 491 349 94 65 -1 -1 -1 0 
31 4 559 636 715 78 -1 -1 -1 0 
31 5 586 339 38 31 -1 -1 -1 0 
31 9 0 346 25 39 -1 -1 -1 0 
31 12 288 345 45 23 -1 -1 -1 0 
31 13 643 344 19 13 -1 -1 -1 0 
31 16 367 346 24 13 -1 -1 -1 0 
32 1 494 350 93 64 -1 -1 -1 0 
32 4 561 636 714 78 -1 -1 -1 0 
32 5 587 339 35 32 -1 -1 -1 0 
32 12 274 342 42 27 -1 -1 -1 0 
32 13 643 344 19 14 -1 -1 -1 0 
32 16 360 346 26 14 -1 -1 -1 0 
33 1 499 350 91 63 -1 -1 -1 0 
33 4 562 636 711 78 -1 -1 -1 0 
33 5 587 339 36 32 -1 -1 -1 0 
33 12 250 344 52 27 -1 -1 -1 0 
33 13 642 344 21 14 -1 -1 -1 0 
33 16 350 346 28 15 -1 -1 -1 0 
34 1 503 350 89 63 -1 -1 -1 0 
34 4 561 636 711 78 -1 -1 -1 0 
34 5 586 339 38 32 -1 -1 -1 0 
34 12 225 346 58 27 -1 -1 -1 0 
34 13 643 344 19 15 -1 -1 -1 0 
34 16 342 347 28 15 -1 -1 -1 0 
34 18 410 344 20 12 -1 -1 -1 0 
35 1 506 350 90 62 -1 -1 -1 0 
35 4 517 635 762 79 -1 -1 -1 0 
35 5 586 340 38 31 -1 -1 -1 0 
35 12 200 346 60 30 -1 -1 -1 0 
35 13 643 345 19 15 -1 -1 -1 0 
35 16 333 347 29 15 -1 -1 -1 0 
35 18 406 345 19 11 -1 -1 -1 0 
36 1 510 352 88 59 -1 -1 -1 0 
36 4 552 636 718 78 -1 -1 -1 0 
36 5 587 340 36 32 -1 -1 -1 0 
36 12 168 347 68 32 -1 -1 -1 0 
36 13 643 345 19 16 -1 -1 -1 0 
36 16 323 347 32 16 -1 -1 -1 0 
36 18 450 343 17 11 -1 -1 -1 0 
37 1 514 353 85 58 -1 -1 -1 0 
37 4 564 636 690 77 -1 -1 -1 0 
37 5 587 341 37 31 -1 -1 -1 0 
37 12 130 348 80 32 -1 -1 -1 0 
37 13 643 346 19 15 -1 -1 -1 0 
37 16 312 348 31 17 -1 -1 -1 0 
37 18 415 345 20 12 -1 -1 -1 0 
38 1 518 351 83 59 -1 -1 -1 0 
38 4 581 635 682 78 -1 -1 -1 0 
38 5 588 341 36 31 -1 -1 -1 0 
38 12 85 349 91 34 -1 -1 -1 0 
38 13 643 346 20 15 -1 -1 -1 0 
38 16 298 349 38 17 -1 -1 -1 0 
38 18 396 346 22 12 -1 -1 -1 0 
39 1 522 350 81 59 -1 -1 -1 0 
39 4 569 635 703 79 -1 -1 -1 0 
39 5 589 341 35 31 -1 -1 -1 0 
39 12 30 349 105 37 -1 -1 -1 0 
39 13 643 346 20 15 -1 -1 -1 0 
39 16 284 349 42 18 -1 -1 -1 0 
39 18 384 347 24 12 -1 -1 -1 0 
40 1 525 349 81 59 -1 -1 -1 0 
40 4 567 635 703 79 -1 -1 -1 0 
40 5 589 340 36 31 -1 -1 -1 0 
40 12 1 349 84 41 -1 -1 -1 0 
40 13 643 346 20 15 -1 -1 -1 0 
40 16 270 349 42 18 -1 -1 -1 0 
40 18 377 347 23 13 -1 -1 -1 0 
