3 1 0 324 499 253 -1 -1 -1 0 
3 2 783 346 48 31 -1 -1 -1 0 
3 3 678 352 23 16 -1 -1 -1 0 
3 4 3 363 117 29 -1 -1 -1 0 
3 5 714 347 21 15 -1 -1 -1 0 
4 1 0 325 503 242 -1 -1 -1 0 
4 2 784 347 46 30 -1 -1 -1 0 
4 3 677 352 24 16 -1 -1 -1 0 
4 4 0 364 98 29 -1 -1 -1 0 
4 5 713 347 21 15 -1 -1 -1 0 
5 1 21 325 485 232 -1 -1 -1 0 
5 2 783 347 48 31 -1 -1 -1 0 
5 3 677 352 25 16 -1 -1 -1 0 
5 5 713 347 21 15 -1 -1 -1 0 
6 1 56 324 451 222 -1 -1 -1 0 
6 2 784 347 46 31 -1 -1 -1 0 
6 3 678 352 23 16 -1 -1 -1 0 
6 5 713 347 21 15 -1 -1 -1 0 
7 1 89 324 422 214 -1 -1 -1 0 
7 2 784 346 46 31 -1 -1 -1 0 
7 3 677 352 23 15 -1 -1 -1 0 
7 5 714 346 20 15 -1 -1 -1 0 
8 1 118 324 399 206 -1 -1 -1 0 
8 2 784 346 47 31 -1 -1 -1 0 
8 3 678 351 22 16 -1 -1 -1 0 
8 5 713 346 20 15 -1 -1 -1 0 
9 1 144 322 378 199 -1 -1 -1 0 
9 2 785 344 46 32 -1 -1 -1 0 
9 3 678 349 22 17 -1 -1 -1 0 
9 4 0 366 57 20 -1 -1 -1 0 
9 5 713 344 20 16 -1 -1 -1 0 
9 9 124 359 86 19 -1 -1 -1 0 
10 1 169 322 358 193 -1 -1 -1 0 
10 2 784 344 48 31 -1 -1 -1 0 
10 3 678 345 22 20 -1 -1 -1 0 
10 4 0 366 48 19 -1 -1 -1 0 
10 5 712 344 21 15 -1 -1 -1 0 
10 9 61 360 102 22 -1 -1 -1 0 
10 10 198 358 45 14 -1 -1 -1 0 
11 1 190 322 342 187 -1 -1 -1 0 
11 2 785 343 47 32 -1 -1 -1 0 
11 3 678 344 23 20 -1 -1 -1 0 
11 5 712 343 21 15 -1 -1 -1 0 
11 9 3 362 106 24 -1 -1 -1 0 
11 10 175 360 44 16 -1 -1 -1 0 
12 1 210 322 326 181 -1 -1 -1 0 
12 2 786 343 46 31 -1 -1 -1 0 
12 3 677 344 25 20 -1 -1 -1 0 
12 5 712 342 21 16 -1 -1 -1 0 
12 9 0 365 45 21 -1 -1 -1 0 
12 10 159 360 46 17 -1 -1 -1 0 
13 1 229 323 312 176 -1 -1 -1 0 
13 2 786 344 47 31 -1 -1 -1 0 
13 3 676 348 26 17 -1 -1 -1 0 
13 5 713 344 20 16 -1 -1 -1 0 
13 9 0 366 6 22 -1 -1 -1 0 
14 1 244 323 301 171 -1 -1 -1 0 
14 2 786 344 47 31 -1 -1 -1 0 
14 3 676 350 25 16 -1 -1 -1 0 
14 5 713 344 20 16 -1 -1 -1 0 
14 10 196 355 44 15 -1 -1 -1 0 
15 1 260 324 289 167 -1 -1 -1 0 
15 2 787 345 46 31 -1 -1 -1 0 
15 3 676 352 25 14 -1 -1 -1 0 
15 5 713 346 21 14 -1 -1 -1 0 
15 10 194 354 45 16 -1 -1 -1 0 
16 1 275 324 276 163 -1 -1 -1 0 
16 2 787 346 48 30 -1 -1 -1 0 
16 3 677 350 23 16 -1 -1 -1 0 
16 5 714 346 19 15 -1 -1 -1 0 
16 10 202 354 69 19 -1 -1 -1 0 
16 18 3 365 76 20 -1 -1 -1 0 
17 1 289 325 266 159 -1 -1 -1 0 
17 2 789 346 45 30 -1 -1 -1 0 
17 3 677 350 23 17 -1 -1 -1 0 
17 5 713 346 21 15 -1 -1 -1 0 
17 10 189 353 63 21 -1 -1 -1 0 
17 18 0 365 45 20 -1 -1 -1 0 
17 20 252 355 60 15 -1 -1 -1 0 
18 1 301 325 257 156 -1 -1 -1 0 
18 2 789 346 46 30 -1 -1 -1 0 
18 3 676 350 24 17 -1 -1 -1 0 
18 5 714 346 21 15 -1 -1 -1 0 
18 10 158 354 69 22 -1 -1 -1 0 
18 18 0 366 28 19 -1 -1 -1 0 
18 20 224 356 62 15 -1 -1 -1 0 
19 1 312 327 249 151 -1 -1 -1 0 
19 2 788 346 48 31 -1 -1 -1 0 
19 3 676 350 25 17 -1 -1 -1 0 
19 5 714 346 21 15 -1 -1 -1 0 
19 10 121 354 75 24 -1 -1 -1 0 
19 20 190 357 67 17 -1 -1 -1 0 
20 1 325 327 238 148 -1 -1 -1 0 
20 2 789 345 48 31 -1 -1 -1 0 
20 3 677 350 23 16 -1 -1 -1 0 
20 5 715 345 20 16 -1 -1 -1 0 
20 10 111 354 79 25 -1 -1 -1 0 
20 20 149 358 73 19 -1 -1 -1 0 
21 1 336 328 231 144 -1 -1 -1 0 
21 2 790 344 47 32 -1 -1 -1 0 
21 3 677 350 23 16 -1 -1 -1 0 
21 5 715 344 21 17 -1 -1 -1 0 
21 20 89 360 86 21 -1 -1 -1 0 
22 1 345 328 224 141 -1 -1 -1 0 
22 2 791 344 47 31 -1 -1 -1 0 
22 3 677 350 24 16 -1 -1 -1 0 
22 5 715 344 20 16 -1 -1 -1 0 
22 10 112 354 68 27 -1 -1 -1 0 
22 20 26 363 94 21 -1 -1 -1 0 
22 26 325 355 45 13 -1 -1 -1 0 
22 27 270 357 51 13 -1 -1 -1 0 
23 1 355 329 215 138 -1 -1 -1 0 
23 2 792 343 46 31 -1 -1 -1 0 
23 3 678 349 22 17 -1 -1 -1 0 
23 5 715 343 19 17 -1 -1 -1 0 
23 10 105 354 70 28 -1 -1 -1 0 
23 20 0 364 80 22 -1 -1 -1 0 
23 26 308 355 45 13 -1 -1 -1 0 
23 27 250 358 50 13 -1 -1 -1 0 
24 1 360 329 216 135 -1 -1 -1 0 
24 2 793 343 46 31 -1 -1 -1 0 
24 3 677 349 24 16 -1 -1 -1 0 
24 5 715 343 20 16 -1 -1 -1 0 
24 26 289 356 46 15 -1 -1 -1 0 
24 27 225 359 51 14 -1 -1 -1 0 
25 1 371 330 205 131 -1 -1 -1 0 
25 2 794 342 45 31 -1 -1 -1 0 
25 3 703 345 19 16 -1 -1 -1 0 
25 5 690 343 23 20 -1 -1 -1 0 
25 26 267 357 50 14 -1 -1 -1 0 
25 27 195 360 59 15 -1 -1 -1 0 
26 1 379 330 198 129 -1 -1 -1 0 
26 2 795 342 44 30 -1 -1 -1 0 
26 3 712 342 20 17 -1 -1 -1 0 
26 5 681 343 24 21 -1 -1 -1 0 
26 26 243 357 52 15 -1 -1 -1 0 
26 27 167 361 61 16 -1 -1 -1 0 
26 30 3 368 34 19 -1 -1 -1 0 
27 1 386 329 194 126 -1 -1 -1 0 
27 2 796 342 44 30 -1 -1 -1 0 
27 3 716 342 19 16 -1 -1 -1 0 
27 5 677 343 25 21 -1 -1 -1 0 
27 26 215 357 55 16 -1 -1 -1 0 
27 27 127 361 74 18 -1 -1 -1 0 
27 30 0 371 23 17 -1 -1 -1 0 
28 1 395 329 186 124 -1 -1 -1 0 
28 2 797 341 44 30 -1 -1 -1 0 
28 5 676 343 24 21 -1 -1 -1 0 
28 26 182 357 62 18 -1 -1 -1 0 
28 27 84 362 87 20 -1 -1 -1 0 
29 1 401 329 182 123 -1 -1 -1 0 
29 2 798 342 43 30 -1 -1 -1 0 
29 5 677 343 23 21 -1 -1 -1 0 
29 26 143 358 68 20 -1 -1 -1 0 
29 27 35 365 100 19 -1 -1 -1 0 
30 1 406 329 179 120 -1 -1 -1 0 
30 2 798 342 44 30 -1 -1 -1 0 
30 5 676 343 25 22 -1 -1 -1 0 
30 26 97 360 81 22 -1 -1 -1 0 
30 27 1 366 87 21 -1 -1 -1 0 
30 32 260 354 54 17 -1 -1 -1 0 
31 1 413 329 174 117 -1 -1 -1 0 
31 2 798 342 45 30 -1 -1 -1 0 
31 5 676 343 24 22 -1 -1 -1 0 
31 26 39 362 96 24 -1 -1 -1 0 
31 27 0 367 56 22 -1 -1 -1 0 
31 32 238 355 57 17 -1 -1 -1 0 
32 1 419 330 170 115 -1 -1 -1 0 
32 2 798 343 45 29 -1 -1 -1 0 
32 3 440 352 31 12 -1 -1 -1 0 
32 5 675 347 27 18 -1 -1 -1 0 
32 10 0 366 52 22 -1 -1 -1 0 
32 26 3 363 100 24 -1 -1 -1 0 
32 32 211 356 63 19 -1 -1 -1 0 
32 33 303 353 63 18 -1 -1 -1 0 
33 1 424 331 167 112 -1 -1 -1 0 
33 2 799 343 44 30 -1 -1 -1 0 
33 3 409 353 31 11 -1 -1 -1 0 
33 5 676 349 24 17 -1 -1 -1 0 
33 10 0 367 41 22 -1 -1 -1 0 
33 32 182 357 68 20 -1 -1 -1 0 
33 33 277 354 66 19 -1 -1 -1 0 
34 1 429 332 163 110 -1 -1 -1 0 
34 2 799 344 45 29 -1 -1 -1 0 
34 3 391 353 35 12 -1 -1 -1 0 
34 5 676 349 24 17 -1 -1 -1 0 
34 32 148 358 79 21 -1 -1 -1 0 
34 33 240 356 78 18 -1 -1 -1 0 
35 1 435 332 157 109 -1 -1 -1 0 
35 2 800 344 44 29 -1 -1 -1 0 
35 3 377 354 36 11 -1 -1 -1 0 
35 5 676 349 24 18 -1 -1 -1 0 
35 32 111 360 84 23 -1 -1 -1 0 
35 33 196 357 87 21 -1 -1 -1 0 
36 1 439 334 155 106 -1 -1 -1 0 
36 2 801 345 44 29 -1 -1 -1 0 
36 3 364 355 36 12 -1 -1 -1 0 
36 5 701 347 21 16 -1 -1 -1 0 
36 32 65 362 94 25 -1 -1 -1 0 
36 33 140 360 108 22 -1 -1 -1 0 
36 38 1 371 58 21 -1 -1 -1 0 
37 1 444 334 150 105 -1 -1 -1 0 
37 2 801 345 45 29 -1 -1 -1 0 
37 3 405 354 23 11 -1 -1 -1 0 
37 5 709 345 22 17 -1 -1 -1 0 
37 32 13 365 93 26 -1 -1 -1 0 
37 33 69 363 121 27 -1 -1 -1 0 
37 38 0 372 42 21 -1 -1 -1 0 
37 41 228 358 59 23 -1 -1 -1 0 
38 1 449 335 146 103 -1 -1 -1 0 
38 2 801 345 46 30 -1 -1 -1 0 
38 3 410 354 25 11 -1 -1 -1 0 
38 5 713 344 21 18 -1 -1 -1 0 
38 32 0 366 72 28 -1 -1 -1 0 
38 33 1 365 114 27 -1 -1 -1 0 
38 41 194 361 70 20 -1 -1 -1 0 
38 42 677 346 24 20 -1 -1 -1 0 
39 1 453 335 143 102 -1 -1 -1 0 
39 2 802 345 45 30 -1 -1 -1 0 
39 3 407 353 26 12 -1 -1 -1 0 
39 5 713 344 22 17 -1 -1 -1 0 
39 33 0 368 38 25 -1 -1 -1 0 
39 41 160 365 80 19 -1 -1 -1 0 
39 42 675 346 26 20 -1 -1 -1 0 
40 1 457 336 140 100 -1 -1 -1 0 
40 2 802 346 47 29 -1 -1 -1 0 
40 3 399 354 28 12 -1 -1 -1 0 
40 5 688 349 26 16 -1 -1 -1 0 
40 33 0 370 -7 26 -1 -1 -1 0 
40 41 119 366 79 22 -1 -1 -1 0 
40 42 675 346 26 20 -1 -1 -1 0 
