3 1 512 340 58 39 -1 -1 -1 0 
3 2 725 340 28 24 -1 -1 -1 0 
3 3 679 342 26 23 -1 -1 -1 0 
3 4 618 341 33 29 -1 -1 -1 0 
4 1 514 339 57 39 -1 -1 -1 0 
4 2 725 340 29 24 -1 -1 -1 0 
4 3 678 341 28 24 -1 -1 -1 0 
4 4 618 340 34 29 -1 -1 -1 0 
5 1 515 339 58 39 -1 -1 -1 0 
5 2 726 341 28 22 -1 -1 -1 0 
5 3 679 340 27 24 -1 -1 -1 0 
5 4 618 340 34 29 -1 -1 -1 0 
5 5 453 345 27 13 -1 -1 -1 0 
6 1 516 338 58 39 -1 -1 -1 0 
6 2 726 341 29 22 -1 -1 -1 0 
6 3 679 339 27 25 -1 -1 -1 0 
6 4 617 341 36 27 -1 -1 -1 0 
6 5 443 345 29 13 -1 -1 -1 0 
7 1 518 338 57 39 -1 -1 -1 0 
7 2 727 341 27 21 -1 -1 -1 0 
7 3 678 340 28 24 -1 -1 -1 0 
7 4 618 341 34 27 -1 -1 -1 0 
7 5 433 345 29 14 -1 -1 -1 0 
8 1 519 338 58 39 -1 -1 -1 0 
8 2 728 341 26 22 -1 -1 -1 0 
8 3 678 344 30 21 -1 -1 -1 0 
8 4 618 340 35 28 -1 -1 -1 0 
8 5 420 347 32 13 -1 -1 -1 0 
9 1 521 340 57 37 -1 -1 -1 0 
9 2 727 340 28 23 -1 -1 -1 0 
9 3 679 346 28 20 -1 -1 -1 0 
9 4 620 340 32 28 -1 -1 -1 0 
9 5 408 347 33 15 -1 -1 -1 0 
10 1 522 341 57 36 -1 -1 -1 0 
10 2 728 341 28 23 -1 -1 -1 0 
10 3 680 345 26 21 -1 -1 -1 0 
10 4 619 340 34 28 -1 -1 -1 0 
10 5 394 349 36 15 -1 -1 -1 0 
11 1 524 340 55 37 -1 -1 -1 0 
11 2 728 341 29 23 -1 -1 -1 0 
11 3 681 345 25 22 -1 -1 -1 0 
11 4 620 340 33 28 -1 -1 -1 0 
11 5 378 348 38 17 -1 -1 -1 0 
12 1 526 339 54 38 -1 -1 -1 0 
12 2 728 341 30 24 -1 -1 -1 0 
12 3 681 345 26 22 -1 -1 -1 0 
12 4 621 340 33 28 -1 -1 -1 0 
12 5 367 349 39 17 -1 -1 -1 0 
13 1 529 338 53 39 -1 -1 -1 0 
13 2 729 341 29 24 -1 -1 -1 0 
13 3 682 345 24 22 -1 -1 -1 0 
13 4 620 341 34 27 -1 -1 -1 0 
14 1 529 338 55 39 -1 -1 -1 0 
14 2 730 341 28 24 -1 -1 -1 0 
14 3 682 345 24 22 -1 -1 -1 0 
14 4 621 341 32 27 -1 -1 -1 0 
14 5 317 351 53 17 -1 -1 -1 0 
15 1 531 337 54 40 -1 -1 -1 0 
15 2 730 342 29 23 -1 -1 -1 0 
15 3 681 344 26 22 -1 -1 -1 0 
15 4 621 341 33 27 -1 -1 -1 0 
15 5 293 352 56 19 -1 -1 -1 0 
16 1 531 337 55 39 -1 -1 -1 0 
16 2 730 342 29 23 -1 -1 -1 0 
16 3 681 342 27 23 -1 -1 -1 0 
16 4 621 340 34 28 -1 -1 -1 0 
16 5 265 352 62 21 -1 -1 -1 0 
17 1 533 337 54 39 -1 -1 -1 0 
17 2 730 342 29 22 -1 -1 -1 0 
17 3 681 342 27 23 -1 -1 -1 0 
17 4 623 340 31 28 -1 -1 -1 0 
17 5 230 352 73 22 -1 -1 -1 0 
17 9 441 346 26 15 -1 -1 -1 0 
18 1 535 338 53 37 -1 -1 -1 0 
18 2 731 342 28 22 -1 -1 -1 0 
18 3 681 342 28 23 -1 -1 -1 0 
18 4 624 340 30 27 -1 -1 -1 0 
18 5 191 353 81 24 -1 -1 -1 0 
18 9 433 347 28 14 -1 -1 -1 0 
19 1 536 339 52 36 -1 -1 -1 0 
19 2 732 342 27 22 -1 -1 -1 0 
19 3 681 342 27 23 -1 -1 -1 0 
19 4 555 340 48 34 -1 -1 -1 0 
19 5 142 354 93 26 -1 -1 -1 0 
19 9 423 347 30 15 -1 -1 -1 0 
20 1 538 339 51 36 -1 -1 -1 0 
20 2 732 342 28 23 -1 -1 -1 0 
20 3 681 344 28 21 -1 -1 -1 0 
20 4 541 339 50 36 -1 -1 -1 0 
20 5 126 356 63 27 -1 -1 -1 0 
20 9 415 348 29 15 -1 -1 -1 0 
20 10 566 634 709 78 -1 -1 -1 0 
21 1 539 339 51 36 -1 -1 -1 0 
21 2 732 342 29 23 -1 -1 -1 0 
21 3 682 343 26 23 -1 -1 -1 0 
21 4 537 339 52 37 -1 -1 -1 0 
21 5 98 357 65 28 -1 -1 -1 0 
21 9 404 349 32 14 -1 -1 -1 0 
21 10 568 634 707 78 -1 -1 -1 0 
21 12 19 357 130 32 -1 -1 -1 0 
21 13 624 325 32 44 -1 -1 -1 0 
22 1 540 339 51 36 -1 -1 -1 0 
22 2 731 342 31 24 -1 -1 -1 0 
22 3 682 343 27 23 -1 -1 -1 0 
22 4 537 339 52 37 -1 -1 -1 0 
22 9 396 349 30 15 -1 -1 -1 0 
22 10 563 634 713 78 -1 -1 -1 0 
22 12 8 358 68 31 -1 -1 -1 0 
22 13 624 328 33 41 -1 -1 -1 0 
23 1 542 339 51 36 -1 -1 -1 0 
23 2 731 343 31 23 -1 -1 -1 0 
23 3 682 343 27 24 -1 -1 -1 0 
23 4 539 339 50 36 -1 -1 -1 0 
23 9 382 350 35 15 -1 -1 -1 0 
23 10 563 634 711 79 -1 -1 -1 0 
23 12 0 357 62 33 -1 -1 -1 0 
23 13 625 328 32 41 -1 -1 -1 0 
24 2 731 343 32 23 -1 -1 -1 0 
24 3 684 342 25 25 -1 -1 -1 0 
24 4 540 339 50 36 -1 -1 -1 0 
24 9 371 349 36 17 -1 -1 -1 0 
24 10 563 634 712 79 -1 -1 -1 0 
25 2 733 346 29 20 -1 -1 -1 0 
25 3 683 343 28 24 -1 -1 -1 0 
25 4 541 340 50 35 -1 -1 -1 0 
25 9 355 350 41 17 -1 -1 -1 0 
25 10 578 635 698 78 -1 -1 -1 0 
26 1 546 338 49 36 -1 -1 -1 0 
26 2 734 345 28 21 -1 -1 -1 0 
26 3 684 343 28 23 -1 -1 -1 0 
26 4 543 339 49 35 -1 -1 -1 0 
26 9 345 351 42 17 -1 -1 -1 0 
26 10 580 635 696 79 -1 -1 -1 0 
26 13 627 335 30 33 -1 -1 -1 0 
27 1 547 338 49 35 -1 -1 -1 0 
27 2 733 345 30 21 -1 -1 -1 0 
27 3 684 344 28 22 -1 -1 -1 0 
27 4 545 339 48 35 -1 -1 -1 0 
27 13 628 337 29 30 -1 -1 -1 0 
28 1 549 338 48 35 -1 -1 -1 0 
28 2 734 346 29 20 -1 -1 -1 0 
28 3 684 344 29 22 -1 -1 -1 0 
28 4 546 338 48 36 -1 -1 -1 0 
28 13 628 338 29 29 -1 -1 -1 0 
29 1 549 338 48 35 -1 -1 -1 0 
29 2 734 345 28 21 -1 -1 -1 0 
29 3 685 343 28 23 -1 -1 -1 0 
29 4 547 338 48 36 -1 -1 -1 0 
29 9 287 351 52 19 -1 -1 -1 0 
29 13 629 338 28 29 -1 -1 -1 0 
30 1 551 338 45 34 -1 -1 -1 0 
30 2 733 345 31 22 -1 -1 -1 0 
30 3 685 343 29 22 -1 -1 -1 0 
30 4 545 338 49 36 -1 -1 -1 0 
30 9 264 350 57 21 -1 -1 -1 0 
30 13 629 339 28 28 -1 -1 -1 0 
31 1 552 338 45 34 -1 -1 -1 0 
31 2 733 344 31 22 -1 -1 -1 0 
31 3 684 341 29 24 -1 -1 -1 0 
31 9 250 350 58 22 -1 -1 -1 0 
32 1 552 338 46 34 -1 -1 -1 0 
32 2 733 344 30 22 -1 -1 -1 0 
32 3 683 342 29 23 -1 -1 -1 0 
32 9 210 350 69 25 -1 -1 -1 0 
32 10 567 635 710 79 -1 -1 -1 0 
32 19 0 367 101 90 -1 -1 -1 0 
33 1 552 338 46 34 -1 -1 -1 0 
33 2 731 342 32 23 -1 -1 -1 0 
33 3 684 340 27 24 -1 -1 -1 0 
33 9 176 351 78 25 -1 -1 -1 0 
33 10 559 635 720 78 -1 -1 -1 0 
33 19 0 349 115 104 -1 -1 -1 0 
34 1 552 337 46 34 -1 -1 -1 0 
34 2 731 342 32 22 -1 -1 -1 0 
34 3 683 339 29 25 -1 -1 -1 0 
34 9 137 351 89 27 -1 -1 -1 0 
34 10 562 634 711 79 -1 -1 -1 0 
34 19 0 338 133 112 -1 -1 -1 0 
35 1 550 337 48 33 -1 -1 -1 0 
35 2 731 342 31 22 -1 -1 -1 0 
35 3 682 339 30 24 -1 -1 -1 0 
35 9 87 350 105 28 -1 -1 -1 0 
35 10 566 634 708 79 -1 -1 -1 0 
35 19 0 332 148 115 -1 -1 -1 0 
36 1 553 336 44 34 -1 -1 -1 0 
36 2 731 342 30 23 -1 -1 -1 0 
36 3 683 339 28 25 -1 -1 -1 0 
36 9 58 350 111 29 -1 -1 -1 0 
36 10 566 633 708 80 -1 -1 -1 0 
36 19 0 330 163 116 -1 -1 -1 0 
37 1 554 337 44 34 -1 -1 -1 0 
37 2 729 343 33 24 -1 -1 -1 0 
37 3 682 341 29 25 -1 -1 -1 0 
37 4 553 337 45 35 -1 -1 -1 0 
37 10 558 635 721 78 -1 -1 -1 0 
37 13 630 345 26 21 -1 -1 -1 0 
37 19 0 330 176 116 -1 -1 -1 0 
38 1 554 339 45 34 -1 -1 -1 0 
38 2 729 345 33 24 -1 -1 -1 0 
38 3 682 344 29 23 -1 -1 -1 0 
38 4 554 339 45 34 -1 -1 -1 0 
38 10 557 635 722 78 -1 -1 -1 0 
38 13 628 345 29 22 -1 -1 -1 0 
38 19 0 331 190 113 -1 -1 -1 0 
39 1 555 341 45 33 -1 -1 -1 0 
39 2 729 347 33 24 -1 -1 -1 0 
39 3 682 346 29 23 -1 -1 -1 0 
39 4 554 341 46 33 -1 -1 -1 0 
39 13 629 347 28 22 -1 -1 -1 0 
39 19 0 333 201 111 -1 -1 -1 0 
40 1 556 342 44 32 -1 -1 -1 0 
40 2 729 348 34 23 -1 -1 -1 0 
40 3 683 346 28 23 -1 -1 -1 0 
40 4 556 342 44 33 -1 -1 -1 0 
40 13 630 347 28 23 -1 -1 -1 0 
40 19 0 335 213 111 -1 -1 -1 0 
