3 1 288 337 58 26 -1 -1 -1 0 
3 2 737 341 31 28 -1 -1 -1 0 
3 3 676 347 45 33 -1 -1 -1 0 
3 5 472 337 31 15 -1 -1 -1 0 
4 1 263 337 63 28 -1 -1 -1 0 
4 2 736 341 33 28 -1 -1 -1 0 
4 3 676 347 45 33 -1 -1 -1 0 
4 5 464 338 32 14 -1 -1 -1 0 
5 1 236 338 68 31 -1 -1 -1 0 
5 2 737 341 33 28 -1 -1 -1 0 
5 3 677 347 45 33 -1 -1 -1 0 
5 5 455 338 33 15 -1 -1 -1 0 
6 1 205 339 76 32 -1 -1 -1 0 
6 2 737 341 34 28 -1 -1 -1 0 
6 3 678 347 45 33 -1 -1 -1 0 
6 5 444 339 36 15 -1 -1 -1 0 
7 1 167 340 87 33 -1 -1 -1 0 
7 2 738 341 34 28 -1 -1 -1 0 
7 3 678 347 45 33 -1 -1 -1 0 
7 5 434 339 38 16 -1 -1 -1 0 
8 1 127 340 96 36 -1 -1 -1 0 
8 2 739 340 33 28 -1 -1 -1 0 
8 3 678 347 47 32 -1 -1 -1 0 
8 5 424 339 36 16 -1 -1 -1 0 
9 1 76 341 111 39 -1 -1 -1 0 
9 2 739 339 33 29 -1 -1 -1 0 
9 3 680 347 45 32 -1 -1 -1 0 
9 5 410 339 41 17 -1 -1 -1 0 
10 1 14 342 128 43 -1 -1 -1 0 
10 2 740 339 32 28 -1 -1 -1 0 
10 3 683 346 43 34 -1 -1 -1 0 
10 5 397 340 44 16 -1 -1 -1 0 
10 6 314 325 63 31 -1 -1 -1 0 
11 1 0 344 90 44 -1 -1 -1 0 
11 2 741 339 32 28 -1 -1 -1 0 
11 3 683 344 44 36 -1 -1 -1 0 
11 5 384 341 44 16 -1 -1 -1 0 
11 6 298 325 68 32 -1 -1 -1 0 
12 1 0 345 55 46 -1 -1 -1 0 
12 2 741 338 33 28 -1 -1 -1 0 
12 3 683 344 46 36 -1 -1 -1 0 
12 5 369 341 46 19 -1 -1 -1 0 
12 6 281 324 72 34 -1 -1 -1 0 
13 2 742 338 33 28 -1 -1 -1 0 
13 3 684 344 45 36 -1 -1 -1 0 
13 5 353 342 49 19 -1 -1 -1 0 
13 6 263 324 76 36 -1 -1 -1 0 
14 2 742 338 33 28 -1 -1 -1 0 
14 3 684 343 46 36 -1 -1 -1 0 
14 5 335 342 52 21 -1 -1 -1 0 
14 6 242 324 83 37 -1 -1 -1 0 
15 2 743 338 33 27 -1 -1 -1 0 
15 3 685 343 45 36 -1 -1 -1 0 
15 5 315 343 55 22 -1 -1 -1 0 
15 6 220 325 91 38 -1 -1 -1 0 
16 2 744 338 32 27 -1 -1 -1 0 
16 3 685 343 46 35 -1 -1 -1 0 
16 5 291 344 60 23 -1 -1 -1 0 
16 6 194 326 99 40 -1 -1 -1 0 
17 2 745 337 31 28 -1 -1 -1 0 
17 3 685 343 47 35 -1 -1 -1 0 
17 5 266 345 65 24 -1 -1 -1 0 
17 6 168 327 106 41 -1 -1 -1 0 
17 13 629 328 16 13 -1 -1 -1 0 
18 2 745 337 33 28 -1 -1 -1 0 
18 3 686 343 46 35 -1 -1 -1 0 
18 5 239 345 69 27 -1 -1 -1 0 
18 6 137 327 116 43 -1 -1 -1 0 
18 13 623 327 19 15 -1 -1 -1 0 
18 14 563 635 713 80 -1 -1 -1 0 
19 2 746 337 32 28 -1 -1 -1 0 
19 3 686 343 46 34 -1 -1 -1 0 
19 5 205 347 77 28 -1 -1 -1 0 
19 6 102 327 128 47 -1 -1 -1 0 
19 13 619 328 18 15 -1 -1 -1 0 
19 14 560 635 717 80 -1 -1 -1 0 
20 2 745 337 33 28 -1 -1 -1 0 
20 3 688 343 44 34 -1 -1 -1 0 
20 5 168 348 84 30 -1 -1 -1 0 
20 6 59 326 142 50 -1 -1 -1 0 
20 13 615 328 17 15 -1 -1 -1 0 
20 14 560 635 717 80 -1 -1 -1 0 
20 16 406 339 28 14 -1 -1 -1 0 
21 2 746 337 32 28 -1 -1 -1 0 
21 3 688 343 45 34 -1 -1 -1 0 
21 5 122 349 99 32 -1 -1 -1 0 
21 6 6 326 169 52 -1 -1 -1 0 
21 13 610 328 19 15 -1 -1 -1 0 
21 14 560 635 716 80 -1 -1 -1 0 
21 16 395 339 28 14 -1 -1 -1 0 
22 2 747 337 31 27 -1 -1 -1 0 
22 3 689 343 43 34 -1 -1 -1 0 
22 5 68 351 115 34 -1 -1 -1 0 
22 6 0 327 151 53 -1 -1 -1 0 
22 13 606 328 18 16 -1 -1 -1 0 
22 14 560 636 716 79 -1 -1 -1 0 
22 16 383 340 31 14 -1 -1 -1 0 
23 2 747 337 31 27 -1 -1 -1 0 
23 3 689 343 43 34 -1 -1 -1 0 
23 5 7 354 134 35 -1 -1 -1 0 
23 13 601 329 19 16 -1 -1 -1 0 
23 14 558 636 718 79 -1 -1 -1 0 
23 16 371 340 32 15 -1 -1 -1 0 
23 17 490 339 26 14 -1 -1 -1 0 
24 2 747 337 32 27 -1 -1 -1 0 
24 3 690 343 42 34 -1 -1 -1 0 
24 5 0 356 77 36 -1 -1 -1 0 
24 13 597 329 19 16 -1 -1 -1 0 
24 14 560 636 716 79 -1 -1 -1 0 
24 16 356 341 39 15 -1 -1 -1 0 
24 17 479 341 29 13 -1 -1 -1 0 
25 2 748 337 30 28 -1 -1 -1 0 
25 3 690 343 42 34 -1 -1 -1 0 
25 5 0 357 43 38 -1 -1 -1 0 
25 13 591 329 21 17 -1 -1 -1 0 
25 14 566 636 709 79 -1 -1 -1 0 
25 16 344 342 34 16 -1 -1 -1 0 
25 17 496 336 21 14 -1 -1 -1 0 
26 2 748 338 31 27 -1 -1 -1 0 
26 3 690 343 41 35 -1 -1 -1 0 
26 13 585 331 22 16 -1 -1 -1 0 
26 14 566 636 709 79 -1 -1 -1 0 
26 16 327 344 37 16 -1 -1 -1 0 
26 17 497 335 19 14 -1 -1 -1 0 
27 2 749 338 30 27 -1 -1 -1 0 
27 3 690 343 42 35 -1 -1 -1 0 
27 13 580 331 21 17 -1 -1 -1 0 
27 14 560 636 719 78 -1 -1 -1 0 
27 16 311 345 39 16 -1 -1 -1 0 
27 17 491 335 23 13 -1 -1 -1 0 
27 22 450 343 32 15 -1 -1 -1 0 
28 2 748 338 32 27 -1 -1 -1 0 
28 3 690 344 43 35 -1 -1 -1 0 
28 13 575 332 22 17 -1 -1 -1 0 
28 14 561 636 715 78 -1 -1 -1 0 
28 16 293 345 42 18 -1 -1 -1 0 
28 17 485 336 22 13 -1 -1 -1 0 
28 22 439 344 33 16 -1 -1 -1 0 
29 2 749 338 31 27 -1 -1 -1 0 
29 3 689 344 44 35 -1 -1 -1 0 
29 13 567 332 26 18 -1 -1 -1 0 
29 14 563 635 710 80 -1 -1 -1 0 
29 16 273 346 45 19 -1 -1 -1 0 
29 17 478 336 22 13 -1 -1 -1 0 
29 22 427 345 33 17 -1 -1 -1 0 
30 2 749 339 31 27 -1 -1 -1 0 
30 3 690 344 44 36 -1 -1 -1 0 
30 13 561 333 25 18 -1 -1 -1 0 
30 14 563 635 710 80 -1 -1 -1 0 
30 16 251 347 47 19 -1 -1 -1 0 
30 17 470 336 22 14 -1 -1 -1 0 
30 22 413 346 38 18 -1 -1 -1 0 
31 2 749 339 31 28 -1 -1 -1 0 
31 3 690 345 44 35 -1 -1 -1 0 
31 13 554 333 25 19 -1 -1 -1 0 
31 16 227 348 51 21 -1 -1 -1 0 
31 17 461 338 24 13 -1 -1 -1 0 
31 22 399 346 38 19 -1 -1 -1 0 
32 2 749 340 32 27 -1 -1 -1 0 
32 3 690 345 43 35 -1 -1 -1 0 
32 13 548 333 23 19 -1 -1 -1 0 
32 14 560 635 716 80 -1 -1 -1 0 
32 16 200 349 57 21 -1 -1 -1 0 
32 17 452 338 25 13 -1 -1 -1 0 
32 22 384 347 40 19 -1 -1 -1 0 
33 2 749 340 32 27 -1 -1 -1 0 
33 3 690 345 43 35 -1 -1 -1 0 
33 13 539 332 25 21 -1 -1 -1 0 
33 14 559 634 718 81 -1 -1 -1 0 
33 16 171 350 60 23 -1 -1 -1 0 
33 17 442 339 27 13 -1 -1 -1 0 
33 22 365 347 46 20 -1 -1 -1 0 
34 2 749 340 32 27 -1 -1 -1 0 
34 3 689 345 44 35 -1 -1 -1 0 
34 13 531 332 26 21 -1 -1 -1 0 
34 14 559 634 719 81 -1 -1 -1 0 
34 16 135 351 68 24 -1 -1 -1 0 
34 17 433 339 26 13 -1 -1 -1 0 
34 22 348 347 46 21 -1 -1 -1 0 
34 25 0 475 74 168 -1 -1 -1 0 
34 26 575 338 23 12 -1 -1 -1 0 
35 2 749 339 31 28 -1 -1 -1 0 
35 3 690 345 42 35 -1 -1 -1 0 
35 13 522 332 27 22 -1 -1 -1 0 
35 14 557 634 721 81 -1 -1 -1 0 
35 16 96 352 74 25 -1 -1 -1 0 
35 17 423 339 26 14 -1 -1 -1 0 
35 22 328 347 50 22 -1 -1 -1 0 
35 25 0 471 91 198 -1 -1 -1 0 
35 26 571 338 23 13 -1 -1 -1 0 
36 2 748 340 33 27 -1 -1 -1 0 
36 3 690 345 43 35 -1 -1 -1 0 
36 13 512 332 30 23 -1 -1 -1 0 
36 14 559 634 716 81 -1 -1 -1 0 
36 16 48 354 87 27 -1 -1 -1 0 
36 17 412 339 28 15 -1 -1 -1 0 
36 22 307 348 51 23 -1 -1 -1 0 
36 25 0 466 109 218 -1 -1 -1 0 
36 26 562 340 23 11 -1 -1 -1 0 
37 2 749 340 31 27 -1 -1 -1 0 
37 3 689 344 43 36 -1 -1 -1 0 
37 13 503 333 30 23 -1 -1 -1 0 
37 14 560 634 713 81 -1 -1 -1 0 
37 16 3 355 87 29 -1 -1 -1 0 
37 17 454 338 26 13 -1 -1 -1 0 
37 22 283 350 56 24 -1 -1 -1 0 
37 25 0 461 126 226 -1 -1 -1 0 
37 26 553 341 25 12 -1 -1 -1 0 
38 2 749 341 32 27 -1 -1 -1 0 
38 3 689 344 44 37 -1 -1 -1 0 
38 13 492 333 32 24 -1 -1 -1 0 
38 14 557 634 720 81 -1 -1 -1 0 
38 16 0 357 40 28 -1 -1 -1 0 
38 17 453 338 26 13 -1 -1 -1 0 
38 22 256 351 61 26 -1 -1 -1 0 
38 25 0 456 142 229 -1 -1 -1 0 
38 26 543 341 29 13 -1 -1 -1 0 
39 2 749 341 31 27 -1 -1 -1 0 
39 3 688 345 45 36 -1 -1 -1 0 
39 13 484 333 33 25 -1 -1 -1 0 
39 14 560 634 715 81 -1 -1 -1 0 
39 16 0 358 9 29 -1 -1 -1 0 
39 17 390 341 32 16 -1 -1 -1 0 
39 22 224 351 69 28 -1 -1 -1 0 
39 25 0 452 156 225 -1 -1 -1 0 
39 26 485 340 22 13 -1 -1 -1 0 
40 2 749 341 31 27 -1 -1 -1 0 
40 3 688 345 45 36 -1 -1 -1 0 
40 13 457 334 50 25 -1 -1 -1 0 
40 14 555 636 724 79 -1 -1 -1 0 
40 17 367 342 31 17 -1 -1 -1 0 
40 22 190 352 76 29 -1 -1 -1 0 
40 25 0 448 169 217 -1 -1 -1 0 
40 26 469 341 22 13 -1 -1 -1 0 
