3 1 303 361 214 126 -1 -1 -1 0 
3 2 911 341 84 40 -1 -1 -1 0 
3 3 712 340 35 27 -1 -1 -1 0 
3 4 560 634 716 82 -1 -1 -1 0 
3 5 375 340 52 25 -1 -1 -1 0 
3 6 2 339 86 73 -1 -1 -1 0 
3 8 618 340 24 19 -1 -1 -1 0 
3 9 564 338 61 46 -1 -1 -1 0 
3 10 699 342 18 17 -1 -1 -1 0 
3 11 457 339 28 20 -1 -1 -1 0 
4 1 312 360 207 122 -1 -1 -1 0 
4 2 910 341 85 40 -1 -1 -1 0 
4 3 713 340 33 27 -1 -1 -1 0 
4 4 556 634 722 82 -1 -1 -1 0 
4 5 434 339 29 22 -1 -1 -1 0 
4 6 0 339 51 75 -1 -1 -1 0 
4 8 618 340 24 19 -1 -1 -1 0 
4 9 565 337 59 47 -1 -1 -1 0 
4 10 698 342 20 17 -1 -1 -1 0 
4 11 426 345 29 15 -1 -1 -1 0 
4 12 565 337 59 47 -1 -1 -1 0 
5 1 321 359 201 120 -1 -1 -1 0 
5 2 910 341 84 40 -1 -1 -1 0 
5 3 712 340 34 27 -1 -1 -1 0 
5 4 558 634 719 82 -1 -1 -1 0 
5 5 447 338 26 22 -1 -1 -1 0 
5 8 618 340 23 19 -1 -1 -1 0 
5 9 565 337 59 46 -1 -1 -1 0 
5 10 698 342 20 17 -1 -1 -1 0 
5 11 407 346 29 16 -1 -1 -1 0 
5 12 565 335 59 49 -1 -1 -1 0 
5 13 0 354 117 63 -1 -1 -1 0 
6 1 328 359 197 117 -1 -1 -1 0 
6 2 910 341 85 40 -1 -1 -1 0 
6 3 712 340 35 27 -1 -1 -1 0 
6 4 560 635 716 81 -1 -1 -1 0 
6 5 445 338 28 22 -1 -1 -1 0 
6 8 617 339 25 20 -1 -1 -1 0 
6 9 564 334 61 50 -1 -1 -1 0 
6 10 699 342 18 19 -1 -1 -1 0 
6 11 393 348 28 15 -1 -1 -1 0 
6 12 565 334 60 50 -1 -1 -1 0 
6 13 0 362 75 58 -1 -1 -1 0 
6 14 299 340 78 43 -1 -1 -1 0 
7 1 336 359 191 114 -1 -1 -1 0 
7 2 910 341 85 40 -1 -1 -1 0 
7 3 712 340 35 27 -1 -1 -1 0 
7 4 558 635 719 81 -1 -1 -1 0 
7 5 439 338 29 23 -1 -1 -1 0 
7 8 618 339 23 20 -1 -1 -1 0 
7 9 564 333 62 51 -1 -1 -1 0 
7 10 699 342 18 19 -1 -1 -1 0 
7 12 565 335 60 49 -1 -1 -1 0 
7 14 260 340 95 47 -1 -1 -1 0 
8 1 343 359 186 111 -1 -1 -1 0 
8 2 911 341 84 40 -1 -1 -1 0 
8 3 712 341 34 26 -1 -1 -1 0 
8 4 580 635 691 81 -1 -1 -1 0 
8 5 429 338 32 23 -1 -1 -1 0 
8 8 618 339 23 20 -1 -1 -1 0 
8 10 698 342 20 20 -1 -1 -1 0 
8 12 565 336 60 47 -1 -1 -1 0 
8 14 213 340 113 51 -1 -1 -1 0 
9 1 351 359 179 108 -1 -1 -1 0 
9 2 911 341 85 40 -1 -1 -1 0 
9 3 712 341 34 26 -1 -1 -1 0 
9 4 563 635 716 81 -1 -1 -1 0 
9 5 421 337 32 24 -1 -1 -1 0 
9 8 617 339 25 20 -1 -1 -1 0 
9 10 697 342 20 18 -1 -1 -1 0 
9 12 566 338 59 45 -1 -1 -1 0 
9 14 155 340 135 56 -1 -1 -1 0 
9 16 341 348 46 26 -1 -1 -1 0 
10 1 358 358 175 106 -1 -1 -1 0 
10 2 911 342 84 40 -1 -1 -1 0 
10 3 712 341 34 26 -1 -1 -1 0 
10 4 562 635 715 81 -1 -1 -1 0 
10 5 411 336 34 26 -1 -1 -1 0 
10 8 617 339 25 20 -1 -1 -1 0 
10 10 697 342 20 18 -1 -1 -1 0 
10 12 566 338 59 44 -1 -1 -1 0 
10 14 80 339 165 64 -1 -1 -1 0 
10 16 318 349 54 26 -1 -1 -1 0 
11 1 364 358 170 104 -1 -1 -1 0 
11 2 911 342 85 40 -1 -1 -1 0 
11 3 711 341 35 27 -1 -1 -1 0 
11 4 563 635 713 81 -1 -1 -1 0 
11 5 399 337 39 27 -1 -1 -1 0 
11 8 617 339 25 20 -1 -1 -1 0 
11 10 698 342 19 19 -1 -1 -1 0 
11 12 567 338 57 44 -1 -1 -1 0 
11 14 6 339 179 70 -1 -1 -1 0 
11 16 295 349 57 28 -1 -1 -1 0 
12 1 370 357 166 102 -1 -1 -1 0 
12 2 912 342 84 40 -1 -1 -1 0 
12 3 712 341 33 27 -1 -1 -1 0 
12 4 560 635 718 80 -1 -1 -1 0 
12 5 386 337 41 28 -1 -1 -1 0 
12 8 617 339 25 20 -1 -1 -1 0 
12 10 698 342 19 19 -1 -1 -1 0 
12 12 567 339 58 43 -1 -1 -1 0 
12 14 0 339 107 74 -1 -1 -1 0 
12 16 266 349 64 30 -1 -1 -1 0 
13 1 376 356 161 100 -1 -1 -1 0 
13 2 912 341 85 41 -1 -1 -1 0 
13 3 711 341 35 26 -1 -1 -1 0 
13 4 560 635 715 80 -1 -1 -1 0 
13 5 374 336 42 31 -1 -1 -1 0 
13 8 618 338 23 21 -1 -1 -1 0 
13 10 698 342 19 20 -1 -1 -1 0 
13 12 569 338 55 43 -1 -1 -1 0 
13 14 0 339 62 78 -1 -1 -1 0 
13 16 232 351 74 32 -1 -1 -1 0 
14 1 383 355 155 101 -1 -1 -1 0 
14 2 912 341 85 41 -1 -1 -1 0 
14 3 712 341 33 26 -1 -1 -1 0 
14 4 558 635 720 80 -1 -1 -1 0 
14 5 360 337 46 32 -1 -1 -1 0 
14 8 618 338 23 21 -1 -1 -1 0 
14 10 698 342 20 20 -1 -1 -1 0 
14 12 569 338 56 43 -1 -1 -1 0 
14 16 193 352 84 35 -1 -1 -1 0 
15 1 387 356 154 97 -1 -1 -1 0 
15 2 912 341 86 41 -1 -1 -1 0 
15 3 712 341 33 26 -1 -1 -1 0 
15 4 558 635 719 80 -1 -1 -1 0 
15 5 344 337 50 33 -1 -1 -1 0 
15 8 619 338 22 21 -1 -1 -1 0 
15 10 697 341 22 19 -1 -1 -1 0 
15 11 651 339 23 21 -1 -1 -1 0 
15 12 569 338 57 43 -1 -1 -1 0 
15 16 145 353 96 38 -1 -1 -1 0 
16 1 391 357 152 94 -1 -1 -1 0 
16 2 913 341 86 41 -1 -1 -1 0 
16 3 711 341 35 26 -1 -1 -1 0 
16 4 557 636 720 79 -1 -1 -1 0 
16 5 327 336 53 36 -1 -1 -1 0 
16 8 619 337 22 21 -1 -1 -1 0 
16 10 697 341 22 19 -1 -1 -1 0 
16 11 661 339 23 21 -1 -1 -1 0 
16 12 570 338 56 42 -1 -1 -1 0 
16 16 85 353 113 45 -1 -1 -1 0 
17 1 396 357 149 91 -1 -1 -1 0 
17 2 913 340 87 42 -1 -1 -1 0 
17 3 711 341 35 26 -1 -1 -1 0 
17 4 559 636 716 79 -1 -1 -1 0 
17 5 307 336 59 37 -1 -1 -1 0 
17 8 618 337 24 21 -1 -1 -1 0 
17 10 698 341 20 19 -1 -1 -1 0 
17 11 664 338 22 22 -1 -1 -1 0 
17 12 571 339 54 41 -1 -1 -1 0 
17 16 7 354 139 49 -1 -1 -1 0 
18 1 401 357 145 90 -1 -1 -1 0 
18 2 914 340 85 42 -1 -1 -1 0 
18 3 711 341 35 26 -1 -1 -1 0 
18 4 558 635 718 80 -1 -1 -1 0 
18 5 286 336 63 39 -1 -1 -1 0 
18 8 618 337 24 21 -1 -1 -1 0 
18 10 697 341 21 19 -1 -1 -1 0 
18 11 664 338 23 22 -1 -1 -1 0 
18 12 571 339 54 41 -1 -1 -1 0 
18 16 0 356 73 52 -1 -1 -1 0 
19 1 405 356 144 89 -1 -1 -1 0 
19 2 914 340 86 42 -1 -1 -1 0 
19 3 711 341 35 26 -1 -1 -1 0 
19 4 564 635 711 80 -1 -1 -1 0 
19 5 259 336 74 41 -1 -1 -1 0 
19 8 619 336 22 22 -1 -1 -1 0 
19 9 571 337 55 43 -1 -1 -1 0 
19 10 698 340 21 20 -1 -1 -1 0 
19 11 664 338 22 22 -1 -1 -1 0 
19 12 571 339 55 41 -1 -1 -1 0 
19 16 0 357 33 54 -1 -1 -1 0 
20 1 410 357 139 87 -1 -1 -1 0 
20 2 915 340 85 42 -1 -1 -1 0 
20 3 711 341 35 26 -1 -1 -1 0 
20 4 562 635 713 80 -1 -1 -1 0 
20 5 229 335 81 44 -1 -1 -1 0 
20 8 619 335 23 23 -1 -1 -1 0 
20 9 572 337 53 42 -1 -1 -1 0 
20 10 698 340 21 19 -1 -1 -1 0 
20 11 663 338 23 22 -1 -1 -1 0 
20 12 571 339 55 40 -1 -1 -1 0 
21 1 415 356 135 85 -1 -1 -1 0 
21 2 915 341 87 41 -1 -1 -1 0 
21 3 711 341 35 26 -1 -1 -1 0 
21 4 558 635 720 80 -1 -1 -1 0 
21 5 195 335 89 47 -1 -1 -1 0 
21 8 620 334 22 23 -1 -1 -1 0 
21 9 573 336 53 43 -1 -1 -1 0 
21 10 698 340 22 19 -1 -1 -1 0 
21 11 662 338 23 21 -1 -1 -1 0 
21 12 572 339 55 40 -1 -1 -1 0 
22 1 418 356 134 84 -1 -1 -1 0 
22 2 916 341 85 41 -1 -1 -1 0 
22 3 712 340 34 27 -1 -1 -1 0 
22 4 561 635 717 80 -1 -1 -1 0 
22 5 151 335 105 50 -1 -1 -1 0 
22 8 619 335 24 22 -1 -1 -1 0 
22 9 573 338 53 40 -1 -1 -1 0 
22 10 698 340 22 19 -1 -1 -1 0 
22 11 661 338 23 21 -1 -1 -1 0 
23 1 422 355 131 83 -1 -1 -1 0 
23 2 915 341 88 41 -1 -1 -1 0 
23 3 712 340 34 27 -1 -1 -1 0 
23 4 561 635 714 80 -1 -1 -1 0 
23 5 101 333 120 55 -1 -1 -1 0 
23 8 620 334 22 23 -1 -1 -1 0 
23 9 573 339 53 39 -1 -1 -1 0 
23 10 699 340 20 19 -1 -1 -1 0 
23 11 661 336 22 22 -1 -1 -1 0 
24 1 427 355 128 82 -1 -1 -1 0 
24 2 917 341 86 42 -1 -1 -1 0 
24 3 712 341 35 26 -1 -1 -1 0 
24 4 559 635 717 81 -1 -1 -1 0 
24 5 33 333 149 59 -1 -1 -1 0 
24 8 620 334 23 23 -1 -1 -1 0 
24 9 575 339 50 39 -1 -1 -1 0 
24 10 699 341 20 18 -1 -1 -1 0 
24 11 660 337 22 21 -1 -1 -1 0 
25 1 431 355 124 81 -1 -1 -1 0 
25 2 916 342 88 41 -1 -1 -1 0 
25 3 713 341 33 26 -1 -1 -1 0 
25 4 560 635 716 81 -1 -1 -1 0 
25 5 2 333 125 63 -1 -1 -1 0 
25 8 621 333 21 24 -1 -1 -1 0 
25 9 576 339 49 39 -1 -1 -1 0 
25 10 698 342 19 18 -1 -1 -1 0 
25 11 658 338 24 20 -1 -1 -1 0 
25 25 402 343 36 23 -1 -1 -1 0 
26 1 434 355 122 81 -1 -1 -1 0 
26 2 918 343 86 42 -1 -1 -1 0 
26 3 713 341 33 26 -1 -1 -1 0 
26 4 562 635 712 81 -1 -1 -1 0 
26 5 0 332 65 65 -1 -1 -1 0 
26 8 621 333 22 24 -1 -1 -1 0 
26 9 576 339 50 39 -1 -1 -1 0 
26 10 698 342 18 18 -1 -1 -1 0 
26 11 658 338 22 21 -1 -1 -1 0 
26 25 388 345 40 22 -1 -1 -1 0 
27 1 437 355 122 79 -1 -1 -1 0 
27 2 917 343 89 42 -1 -1 -1 0 
27 3 713 341 33 26 -1 -1 -1 0 
27 4 562 636 712 81 -1 -1 -1 0 
27 5 0 332 31 67 -1 -1 -1 0 
27 8 621 333 22 24 -1 -1 -1 0 
27 9 576 339 50 39 -1 -1 -1 0 
27 10 698 342 19 17 -1 -1 -1 0 
27 11 657 338 23 21 -1 -1 -1 0 
27 25 373 346 42 23 -1 -1 -1 0 
27 26 430 345 33 23 -1 -1 -1 0 
28 1 441 354 119 80 -1 -1 -1 0 
28 2 919 343 87 42 -1 -1 -1 0 
28 3 712 341 36 27 -1 -1 -1 0 
28 4 573 636 703 80 -1 -1 -1 0 
28 8 622 333 21 24 -1 -1 -1 0 
28 9 577 339 49 39 -1 -1 -1 0 
28 10 698 342 18 17 -1 -1 -1 0 
28 11 656 338 23 21 -1 -1 -1 0 
28 25 357 347 44 25 -1 -1 -1 0 
28 26 413 346 40 24 -1 -1 -1 0 
29 1 444 355 118 77 -1 -1 -1 0 
29 2 919 343 88 42 -1 -1 -1 0 
29 3 713 341 34 27 -1 -1 -1 0 
29 4 566 636 709 80 -1 -1 -1 0 
29 8 623 333 21 24 -1 -1 -1 0 
29 9 578 339 48 39 -1 -1 -1 0 
29 10 698 342 19 17 -1 -1 -1 0 
29 11 656 338 23 21 -1 -1 -1 0 
29 25 338 348 48 25 -1 -1 -1 0 
29 26 397 346 44 26 -1 -1 -1 0 
30 1 448 355 115 76 -1 -1 -1 0 
30 2 919 343 89 42 -1 -1 -1 0 
30 3 713 341 34 27 -1 -1 -1 0 
30 4 568 636 708 80 -1 -1 -1 0 
30 8 623 333 22 23 -1 -1 -1 0 
30 9 578 339 49 38 -1 -1 -1 0 
30 10 698 341 20 17 -1 -1 -1 0 
30 11 656 339 23 20 -1 -1 -1 0 
30 25 315 348 55 26 -1 -1 -1 0 
30 26 379 346 49 27 -1 -1 -1 0 
31 1 451 353 112 76 -1 -1 -1 0 
31 2 920 342 88 42 -1 -1 -1 0 
31 3 713 340 34 28 -1 -1 -1 0 
31 4 568 636 708 81 -1 -1 -1 0 
31 8 623 333 22 23 -1 -1 -1 0 
31 9 580 338 47 39 -1 -1 -1 0 
31 10 698 341 20 17 -1 -1 -1 0 
31 11 656 339 22 20 -1 -1 -1 0 
31 25 290 349 63 27 -1 -1 -1 0 
31 26 358 347 51 29 -1 -1 -1 0 
31 30 417 342 29 22 -1 -1 -1 0 
32 1 455 352 109 77 -1 -1 -1 0 
32 2 920 342 90 41 -1 -1 -1 0 
32 3 712 340 36 28 -1 -1 -1 0 
32 4 562 635 716 81 -1 -1 -1 0 
32 9 580 338 47 38 -1 -1 -1 0 
32 10 698 341 20 17 -1 -1 -1 0 
32 11 655 339 23 19 -1 -1 -1 0 
32 25 261 349 69 29 -1 -1 -1 0 
32 26 332 348 60 30 -1 -1 -1 0 
32 30 412 342 28 21 -1 -1 -1 0 
33 1 457 352 110 76 -1 -1 -1 0 
33 2 921 341 88 42 -1 -1 -1 0 
33 3 713 339 35 28 -1 -1 -1 0 
33 4 560 635 718 81 -1 -1 -1 0 
33 9 581 336 47 40 -1 -1 -1 0 
33 10 699 340 19 19 -1 -1 -1 0 
33 11 655 339 23 19 -1 -1 -1 0 
33 25 226 350 79 32 -1 -1 -1 0 
33 26 302 349 67 33 -1 -1 -1 0 
33 30 390 338 51 27 -1 -1 -1 0 
34 1 460 352 108 75 -1 -1 -1 0 
34 2 921 340 89 42 -1 -1 -1 0 
34 3 714 339 35 28 -1 -1 -1 0 
34 4 561 635 715 81 -1 -1 -1 0 
34 8 489 339 23 16 -1 -1 -1 0 
34 9 581 336 48 39 -1 -1 -1 0 
34 10 699 340 19 19 -1 -1 -1 0 
34 11 657 339 21 18 -1 -1 -1 0 
34 25 185 351 85 34 -1 -1 -1 0 
34 26 264 349 79 36 -1 -1 -1 0 
34 30 375 337 58 30 -1 -1 -1 0 
35 1 463 351 106 74 -1 -1 -1 0 
35 2 921 340 91 42 -1 -1 -1 0 
35 3 714 338 35 29 -1 -1 -1 0 
35 4 576 635 697 80 -1 -1 -1 0 
35 8 469 339 22 16 -1 -1 -1 0 
35 9 581 336 49 39 -1 -1 -1 0 
35 10 699 340 19 19 -1 -1 -1 0 
35 11 656 339 23 18 -1 -1 -1 0 
35 25 133 352 96 39 -1 -1 -1 0 
35 26 220 350 91 39 -1 -1 -1 0 
35 30 358 337 62 32 -1 -1 -1 0 
36 1 466 351 104 74 -1 -1 -1 0 
36 2 922 340 90 41 -1 -1 -1 0 
36 3 715 338 34 28 -1 -1 -1 0 
36 4 565 635 709 82 -1 -1 -1 0 
36 8 461 340 21 16 -1 -1 -1 0 
36 9 582 337 49 38 -1 -1 -1 0 
36 10 699 340 20 19 -1 -1 -1 0 
36 11 657 339 22 18 -1 -1 -1 0 
36 25 65 353 109 44 -1 -1 -1 0 
36 26 161 351 111 44 -1 -1 -1 0 
36 30 339 337 66 35 -1 -1 -1 0 
37 1 468 352 104 72 -1 -1 -1 0 
37 2 924 339 89 42 -1 -1 -1 0 
37 3 715 339 35 27 -1 -1 -1 0 
37 4 559 635 719 81 -1 -1 -1 0 
37 8 453 340 24 16 -1 -1 -1 0 
37 9 583 337 48 38 -1 -1 -1 0 
37 10 699 341 20 19 -1 -1 -1 0 
37 11 656 339 23 18 -1 -1 -1 0 
37 25 5 356 100 47 -1 -1 -1 0 
37 26 80 354 140 50 -1 -1 -1 0 
37 30 314 337 77 37 -1 -1 -1 0 
38 1 471 353 101 70 -1 -1 -1 0 
38 2 924 339 90 42 -1 -1 -1 0 
38 3 716 339 34 27 -1 -1 -1 0 
38 4 565 635 710 81 -1 -1 -1 0 
38 8 447 341 25 17 -1 -1 -1 0 
38 9 584 337 47 38 -1 -1 -1 0 
38 10 699 341 21 19 -1 -1 -1 0 
38 11 658 339 20 18 -1 -1 -1 0 
38 25 0 357 63 50 -1 -1 -1 0 
38 26 6 357 144 54 -1 -1 -1 0 
38 30 289 337 83 40 -1 -1 -1 0 
39 1 474 353 99 69 -1 -1 -1 0 
39 2 925 338 91 43 -1 -1 -1 0 
39 3 716 339 35 28 -1 -1 -1 0 
39 4 559 635 718 81 -1 -1 -1 0 
39 8 441 341 26 19 -1 -1 -1 0 
39 9 584 337 48 38 -1 -1 -1 0 
39 10 699 341 22 19 -1 -1 -1 0 
39 11 657 339 22 18 -1 -1 -1 0 
39 26 0 359 108 56 -1 -1 -1 0 
39 30 258 337 92 44 -1 -1 -1 0 
40 1 477 352 97 69 -1 -1 -1 0 
40 2 926 338 91 43 -1 -1 -1 0 
40 3 716 339 35 28 -1 -1 -1 0 
40 4 563 635 711 82 -1 -1 -1 0 
40 8 433 342 31 19 -1 -1 -1 0 
40 9 585 338 47 37 -1 -1 -1 0 
40 10 699 341 22 19 -1 -1 -1 0 
40 11 658 339 21 18 -1 -1 -1 0 
40 30 221 337 107 47 -1 -1 -1 0 
