3 1 765 347 70 45 -1 -1 -1 0 
3 2 665 319 29 43 -1 -1 -1 0 
3 3 529 345 95 55 -1 -1 -1 0 
3 4 113 365 76 33 -1 -1 -1 0 
3 5 560 635 716 79 -1 -1 -1 0 
4 1 763 346 73 47 -1 -1 -1 0 
4 2 664 318 31 45 -1 -1 -1 0 
4 3 530 346 93 54 -1 -1 -1 0 
4 4 98 365 78 34 -1 -1 -1 0 
4 5 558 635 720 80 -1 -1 -1 0 
5 1 764 346 72 47 -1 -1 -1 0 
5 2 664 319 31 44 -1 -1 -1 0 
5 3 535 346 88 54 -1 -1 -1 0 
5 4 77 355 113 40 -1 -1 -1 0 
5 5 560 635 716 80 -1 -1 -1 0 
6 1 763 346 73 47 -1 -1 -1 0 
6 2 664 319 30 44 -1 -1 -1 0 
6 3 536 347 87 52 -1 -1 -1 0 
6 4 14 353 148 46 -1 -1 -1 0 
6 5 558 635 719 80 -1 -1 -1 0 
7 1 763 347 73 46 -1 -1 -1 0 
7 2 664 319 30 44 -1 -1 -1 0 
7 3 538 347 85 52 -1 -1 -1 0 
7 4 3 354 103 49 -1 -1 -1 0 
7 5 559 635 717 80 -1 -1 -1 0 
8 1 764 346 70 46 -1 -1 -1 0 
8 2 664 318 30 44 -1 -1 -1 0 
8 3 538 347 86 51 -1 -1 -1 0 
8 4 1 354 43 54 -1 -1 -1 0 
8 5 560 635 716 80 -1 -1 -1 0 
9 1 764 346 70 46 -1 -1 -1 0 
9 2 664 318 30 44 -1 -1 -1 0 
9 3 539 347 84 50 -1 -1 -1 0 
9 4 0 352 14 58 -1 -1 -1 0 
9 5 560 635 717 80 -1 -1 -1 0 
10 1 763 345 71 47 -1 -1 -1 0 
10 2 664 317 30 44 -1 -1 -1 0 
10 3 540 347 83 50 -1 -1 -1 0 
10 5 559 634 718 81 -1 -1 -1 0 
10 8 375 356 42 20 -1 -1 -1 0 
11 1 762 346 72 46 -1 -1 -1 0 
11 2 664 318 29 43 -1 -1 -1 0 
11 3 539 347 85 50 -1 -1 -1 0 
11 5 557 635 722 80 -1 -1 -1 0 
11 8 355 358 44 21 -1 -1 -1 0 
12 1 762 346 72 46 -1 -1 -1 0 
12 2 663 318 31 43 -1 -1 -1 0 
12 3 540 347 84 49 -1 -1 -1 0 
12 5 558 635 717 80 -1 -1 -1 0 
12 8 336 359 46 22 -1 -1 -1 0 
13 1 763 346 70 46 -1 -1 -1 0 
13 2 664 319 29 43 -1 -1 -1 0 
13 3 541 347 83 48 -1 -1 -1 0 
13 5 560 635 718 80 -1 -1 -1 0 
13 8 321 359 49 23 -1 -1 -1 0 
14 1 762 347 71 46 -1 -1 -1 0 
14 2 663 319 30 43 -1 -1 -1 0 
14 5 562 635 714 80 -1 -1 -1 0 
15 1 761 347 71 46 -1 -1 -1 0 
15 2 664 319 29 43 -1 -1 -1 0 
15 5 561 635 714 80 -1 -1 -1 0 
15 8 259 361 63 28 -1 -1 -1 0 
16 1 761 347 71 46 -1 -1 -1 0 
16 2 664 320 29 42 -1 -1 -1 0 
16 5 560 635 716 81 -1 -1 -1 0 
16 8 226 361 73 30 -1 -1 -1 0 
17 1 760 347 72 46 -1 -1 -1 0 
17 2 664 319 28 43 -1 -1 -1 0 
17 3 544 347 79 49 -1 -1 -1 0 
17 5 560 635 716 81 -1 -1 -1 0 
17 8 192 364 78 30 -1 -1 -1 0 
18 1 760 347 71 46 -1 -1 -1 0 
18 2 663 319 30 42 -1 -1 -1 0 
18 3 544 346 80 50 -1 -1 -1 0 
18 5 561 634 716 82 -1 -1 -1 0 
18 8 149 366 83 31 -1 -1 -1 0 
19 1 759 347 72 45 -1 -1 -1 0 
19 2 664 317 28 44 -1 -1 -1 0 
19 3 545 346 80 49 -1 -1 -1 0 
19 5 557 635 722 81 -1 -1 -1 0 
19 8 98 367 88 38 -1 -1 -1 0 
20 1 760 347 70 45 -1 -1 -1 0 
20 2 663 317 29 43 -1 -1 -1 0 
20 3 546 346 79 48 -1 -1 -1 0 
20 5 558 635 719 81 -1 -1 -1 0 
20 8 33 370 103 40 -1 -1 -1 0 
20 11 269 332 92 51 -1 -1 -1 0 
21 1 759 347 72 45 -1 -1 -1 0 
21 2 663 317 30 43 -1 -1 -1 0 
21 3 546 346 79 48 -1 -1 -1 0 
21 5 557 635 722 80 -1 -1 -1 0 
21 8 0 373 64 39 -1 -1 -1 0 
21 11 242 332 104 53 -1 -1 -1 0 
22 1 760 346 69 46 -1 -1 -1 0 
22 2 663 317 29 43 -1 -1 -1 0 
22 3 547 347 78 46 -1 -1 -1 0 
22 5 560 635 714 80 -1 -1 -1 0 
22 8 0 375 21 40 -1 -1 -1 0 
22 11 211 331 116 57 -1 -1 -1 0 
23 1 758 346 72 45 -1 -1 -1 0 
23 2 663 317 29 42 -1 -1 -1 0 
23 3 548 347 76 46 -1 -1 -1 0 
23 5 558 635 718 80 -1 -1 -1 0 
23 11 178 332 132 60 -1 -1 -1 0 
24 1 758 346 71 45 -1 -1 -1 0 
24 2 664 317 28 42 -1 -1 -1 0 
24 3 548 347 77 46 -1 -1 -1 0 
24 5 564 635 711 80 -1 -1 -1 0 
24 11 143 331 144 62 -1 -1 -1 0 
25 1 759 346 70 45 -1 -1 -1 0 
25 2 663 318 29 41 -1 -1 -1 0 
25 3 549 346 76 46 -1 -1 -1 0 
25 5 561 634 716 82 -1 -1 -1 0 
25 11 98 330 166 68 -1 -1 -1 0 
26 1 759 346 70 45 -1 -1 -1 0 
26 2 664 318 27 41 -1 -1 -1 0 
26 3 549 346 76 46 -1 -1 -1 0 
26 5 560 634 716 82 -1 -1 -1 0 
26 11 40 329 195 75 -1 -1 -1 0 
27 1 758 345 70 46 -1 -1 -1 0 
27 2 664 317 27 42 -1 -1 -1 0 
27 3 550 346 75 46 -1 -1 -1 0 
27 5 559 634 717 82 -1 -1 -1 0 
27 11 3 327 197 81 -1 -1 -1 0 
27 13 251 357 51 28 -1 -1 -1 0 
28 1 757 346 71 45 -1 -1 -1 0 
28 2 663 317 29 42 -1 -1 -1 0 
28 3 550 345 76 47 -1 -1 -1 0 
28 5 557 634 720 82 -1 -1 -1 0 
28 11 0 327 161 85 -1 -1 -1 0 
28 13 237 360 57 25 -1 -1 -1 0 
29 1 757 346 70 45 -1 -1 -1 0 
29 2 662 316 30 43 -1 -1 -1 0 
29 3 551 345 75 46 -1 -1 -1 0 
29 5 559 634 717 82 -1 -1 -1 0 
29 11 0 325 114 90 -1 -1 -1 0 
29 13 219 361 61 26 -1 -1 -1 0 
29 14 118 359 86 39 -1 -1 -1 0 
30 1 756 346 70 45 -1 -1 -1 0 
30 2 662 316 29 42 -1 -1 -1 0 
30 3 552 344 73 47 -1 -1 -1 0 
30 5 558 634 719 82 -1 -1 -1 0 
30 11 0 324 87 94 -1 -1 -1 0 
30 13 213 362 59 25 -1 -1 -1 0 
30 14 56 360 108 43 -1 -1 -1 0 
31 1 756 346 70 45 -1 -1 -1 0 
31 2 662 316 29 42 -1 -1 -1 0 
31 3 551 345 75 45 -1 -1 -1 0 
31 5 558 634 719 82 -1 -1 -1 0 
31 13 170 364 46 26 -1 -1 -1 0 
31 14 2 362 116 47 -1 -1 -1 0 
31 15 704 337 20 17 -1 -1 -1 0 
32 1 756 346 69 45 -1 -1 -1 0 
32 2 662 316 30 42 -1 -1 -1 0 
32 3 552 345 74 45 -1 -1 -1 0 
32 5 555 635 724 80 -1 -1 -1 0 
32 13 135 366 60 28 -1 -1 -1 0 
32 14 0 364 62 47 -1 -1 -1 0 
32 15 704 337 19 18 -1 -1 -1 0 
33 1 755 346 70 45 -1 -1 -1 0 
33 2 662 316 29 42 -1 -1 -1 0 
33 3 552 345 74 45 -1 -1 -1 0 
33 5 558 635 718 80 -1 -1 -1 0 
33 13 116 368 61 27 -1 -1 -1 0 
33 14 0 365 28 49 -1 -1 -1 0 
33 15 703 337 21 18 -1 -1 -1 0 
34 1 754 346 70 45 -1 -1 -1 0 
34 2 662 316 29 42 -1 -1 -1 0 
34 3 552 345 74 45 -1 -1 -1 0 
34 5 559 635 717 80 -1 -1 -1 0 
34 15 703 337 21 18 -1 -1 -1 0 
35 1 754 345 71 46 -1 -1 -1 0 
35 2 663 316 28 42 -1 -1 -1 0 
35 3 553 345 73 44 -1 -1 -1 0 
35 5 558 636 718 79 -1 -1 -1 0 
36 1 754 345 69 46 -1 -1 -1 0 
36 2 663 316 27 42 -1 -1 -1 0 
36 3 554 345 72 44 -1 -1 -1 0 
36 5 558 636 718 79 -1 -1 -1 0 
37 1 753 345 70 46 -1 -1 -1 0 
37 2 662 315 29 42 -1 -1 -1 0 
37 3 554 345 73 43 -1 -1 -1 0 
37 5 558 636 720 79 -1 -1 -1 0 
37 13 8 376 62 31 -1 -1 -1 0 
38 1 753 345 70 46 -1 -1 -1 0 
38 2 661 315 30 42 -1 -1 -1 0 
38 3 555 345 71 43 -1 -1 -1 0 
38 5 563 636 712 79 -1 -1 -1 0 
38 13 0 378 47 31 -1 -1 -1 0 
39 1 753 344 69 46 -1 -1 -1 0 
39 2 661 315 29 41 -1 -1 -1 0 
39 3 555 345 72 42 -1 -1 -1 0 
39 5 557 636 721 79 -1 -1 -1 0 
40 1 754 344 67 46 -1 -1 -1 0 
40 2 662 314 28 41 -1 -1 -1 0 
40 3 556 345 71 41 -1 -1 -1 0 
40 5 559 635 716 80 -1 -1 -1 0 
