3 1 82 360 124 39 -1 -1 -1 0 
3 2 798 342 41 27 -1 -1 -1 0 
3 3 684 305 52 72 -1 -1 -1 0 
3 4 237 353 56 30 -1 -1 -1 0 
3 6 405 346 38 20 -1 -1 -1 0 
3 7 298 353 78 24 -1 -1 -1 0 
3 8 576 344 30 27 -1 -1 -1 0 
3 9 558 634 717 81 -1 -1 -1 0 
4 1 18 362 131 40 -1 -1 -1 0 
4 2 797 341 42 27 -1 -1 -1 0 
4 3 682 304 53 72 -1 -1 -1 0 
4 4 204 353 63 32 -1 -1 -1 0 
4 6 389 345 42 21 -1 -1 -1 0 
4 7 261 354 83 25 -1 -1 -1 0 
4 8 575 342 31 29 -1 -1 -1 0 
4 9 560 634 717 81 -1 -1 -1 0 
5 1 0 365 77 39 -1 -1 -1 0 
5 2 796 341 42 27 -1 -1 -1 0 
5 3 681 303 53 74 -1 -1 -1 0 
5 4 165 354 74 35 -1 -1 -1 0 
5 6 421 344 31 20 -1 -1 -1 0 
5 7 275 354 42 22 -1 -1 -1 0 
5 8 572 342 33 29 -1 -1 -1 0 
5 9 559 635 717 79 -1 -1 -1 0 
5 12 642 339 16 13 -1 -1 -1 0 
6 1 0 367 33 39 -1 -1 -1 0 
6 2 796 341 41 26 -1 -1 -1 0 
6 3 680 303 53 73 -1 -1 -1 0 
6 4 117 356 95 37 -1 -1 -1 0 
6 6 423 345 29 18 -1 -1 -1 0 
6 7 209 357 58 24 -1 -1 -1 0 
6 8 571 342 34 28 -1 -1 -1 0 
6 9 561 635 713 80 -1 -1 -1 0 
6 12 642 339 15 13 -1 -1 -1 0 
7 2 795 340 41 27 -1 -1 -1 0 
7 3 679 302 53 74 -1 -1 -1 0 
7 4 79 358 116 36 -1 -1 -1 0 
7 6 450 342 26 18 -1 -1 -1 0 
7 7 217 356 56 23 -1 -1 -1 0 
7 8 570 341 34 28 -1 -1 -1 0 
7 9 558 635 719 80 -1 -1 -1 0 
7 15 331 346 54 25 -1 -1 -1 0 
8 2 794 340 41 27 -1 -1 -1 0 
8 3 677 302 54 73 -1 -1 -1 0 
8 4 48 359 122 38 -1 -1 -1 0 
8 6 454 342 27 17 -1 -1 -1 0 
8 7 201 356 59 24 -1 -1 -1 0 
8 8 569 342 35 26 -1 -1 -1 0 
8 9 561 635 714 80 -1 -1 -1 0 
8 12 418 347 33 17 -1 -1 -1 0 
8 15 304 347 60 27 -1 -1 -1 0 
9 2 794 341 41 27 -1 -1 -1 0 
9 3 676 303 54 73 -1 -1 -1 0 
9 6 449 344 29 17 -1 -1 -1 0 
9 7 176 358 62 25 -1 -1 -1 0 
9 8 569 343 34 26 -1 -1 -1 0 
9 9 560 636 717 78 -1 -1 -1 0 
9 12 387 349 31 18 -1 -1 -1 0 
9 15 272 349 69 29 -1 -1 -1 0 
9 18 5 363 52 41 -1 -1 -1 0 
9 20 637 110 19 52 -1 -1 -1 0 
10 2 793 341 42 27 -1 -1 -1 0 
10 3 674 303 55 74 -1 -1 -1 0 
10 6 439 345 33 18 -1 -1 -1 0 
10 7 144 360 67 28 -1 -1 -1 0 
10 8 568 344 34 25 -1 -1 -1 0 
10 9 563 635 708 79 -1 -1 -1 0 
10 12 370 351 34 19 -1 -1 -1 0 
10 15 238 350 76 32 -1 -1 -1 0 
10 18 0 364 46 41 -1 -1 -1 0 
10 20 637 110 18 52 -1 -1 -1 0 
11 2 793 341 41 28 -1 -1 -1 0 
11 3 673 304 56 73 -1 -1 -1 0 
11 6 429 346 33 18 -1 -1 -1 0 
11 7 99 364 84 29 -1 -1 -1 0 
11 8 569 345 31 25 -1 -1 -1 0 
11 9 561 635 713 79 -1 -1 -1 0 
11 12 355 354 40 18 -1 -1 -1 0 
11 15 195 353 88 34 -1 -1 -1 0 
11 20 637 111 18 52 -1 -1 -1 0 
12 2 793 341 41 28 -1 -1 -1 0 
12 3 673 304 54 74 -1 -1 -1 0 
12 6 416 348 37 19 -1 -1 -1 0 
12 7 53 367 93 33 -1 -1 -1 0 
12 8 568 346 32 24 -1 -1 -1 0 
12 9 560 635 716 79 -1 -1 -1 0 
12 12 341 356 42 19 -1 -1 -1 0 
12 15 145 356 101 36 -1 -1 -1 0 
13 2 793 341 40 27 -1 -1 -1 0 
13 3 673 303 53 74 -1 -1 -1 0 
13 6 405 348 38 20 -1 -1 -1 0 
13 7 4 370 88 36 -1 -1 -1 0 
13 8 568 346 32 24 -1 -1 -1 0 
13 9 558 635 719 79 -1 -1 -1 0 
13 12 326 357 46 21 -1 -1 -1 0 
13 15 75 359 126 39 -1 -1 -1 0 
14 2 792 339 40 27 -1 -1 -1 0 
14 3 672 301 54 75 -1 -1 -1 0 
14 6 390 348 41 20 -1 -1 -1 0 
14 7 0 372 58 37 -1 -1 -1 0 
14 8 567 345 33 24 -1 -1 -1 0 
14 9 561 635 713 79 -1 -1 -1 0 
14 12 308 357 49 22 -1 -1 -1 0 
14 15 8 361 130 45 -1 -1 -1 0 
14 22 462 346 28 14 -1 -1 -1 0 
14 23 358 346 32 24 -1 -1 -1 0 
15 2 792 337 40 27 -1 -1 -1 0 
15 3 672 299 54 75 -1 -1 -1 0 
15 4 0 361 54 46 -1 -1 -1 0 
15 6 375 345 44 23 -1 -1 -1 0 
15 8 567 341 33 26 -1 -1 -1 0 
15 9 559 637 716 78 -1 -1 -1 0 
15 12 287 356 55 22 -1 -1 -1 0 
15 15 0 363 96 47 -1 -1 -1 0 
15 22 457 346 29 15 -1 -1 -1 0 
15 23 344 346 31 24 -1 -1 -1 0 
16 2 792 334 40 28 -1 -1 -1 0 
16 3 671 296 55 75 -1 -1 -1 0 
16 4 0 361 38 48 -1 -1 -1 0 
16 6 354 343 53 23 -1 -1 -1 0 
16 8 567 339 32 25 -1 -1 -1 0 
16 9 561 637 711 78 -1 -1 -1 0 
16 12 262 354 62 24 -1 -1 -1 0 
16 20 636 110 19 50 -1 -1 -1 0 
16 22 431 343 30 15 -1 -1 -1 0 
16 23 334 345 31 25 -1 -1 -1 0 
17 2 791 333 42 26 -1 -1 -1 0 
17 3 670 293 56 76 -1 -1 -1 0 
17 6 336 340 54 26 -1 -1 -1 0 
17 8 568 335 30 26 -1 -1 -1 0 
17 9 561 637 710 78 -1 -1 -1 0 
17 12 235 352 67 25 -1 -1 -1 0 
17 20 635 109 20 50 -1 -1 -1 0 
17 22 411 342 40 15 -1 -1 -1 0 
18 2 791 332 41 26 -1 -1 -1 0 
18 3 670 292 56 77 -1 -1 -1 0 
18 6 316 340 57 26 -1 -1 -1 0 
18 8 567 334 31 26 -1 -1 -1 0 
18 9 562 636 710 79 -1 -1 -1 0 
18 12 201 351 78 25 -1 -1 -1 0 
18 20 636 109 19 50 -1 -1 -1 0 
18 22 383 341 56 17 -1 -1 -1 0 
18 23 428 337 33 18 -1 -1 -1 0 
19 2 792 333 40 26 -1 -1 -1 0 
19 3 670 292 56 76 -1 -1 -1 0 
19 6 281 339 75 28 -1 -1 -1 0 
19 8 567 334 31 25 -1 -1 -1 0 
19 9 565 635 704 81 -1 -1 -1 0 
19 12 163 352 86 26 -1 -1 -1 0 
19 20 636 108 20 52 -1 -1 -1 0 
19 22 358 343 58 18 -1 -1 -1 0 
19 23 432 337 36 18 -1 -1 -1 0 
20 2 793 333 40 27 -1 -1 -1 0 
20 3 670 292 55 77 -1 -1 -1 0 
20 6 255 339 77 31 -1 -1 -1 0 
20 8 567 335 30 25 -1 -1 -1 0 
20 9 557 635 722 79 -1 -1 -1 0 
20 12 116 353 100 28 -1 -1 -1 0 
20 20 636 108 20 52 -1 -1 -1 0 
20 22 332 344 60 19 -1 -1 -1 0 
20 23 426 339 34 16 -1 -1 -1 0 
21 2 793 334 40 28 -1 -1 -1 0 
21 3 669 293 56 77 -1 -1 -1 0 
21 6 226 341 78 32 -1 -1 -1 0 
21 8 567 337 31 24 -1 -1 -1 0 
21 9 562 635 711 80 -1 -1 -1 0 
21 12 55 356 119 29 -1 -1 -1 0 
21 20 637 108 19 55 -1 -1 -1 0 
21 22 288 347 78 20 -1 -1 -1 0 
21 23 414 340 40 17 -1 -1 -1 0 
22 2 793 336 40 28 -1 -1 -1 0 
22 3 669 294 56 78 -1 -1 -1 0 
22 6 183 342 88 34 -1 -1 -1 0 
22 8 567 338 31 25 -1 -1 -1 0 
22 9 559 635 716 80 -1 -1 -1 0 
22 12 11 358 111 31 -1 -1 -1 0 
22 20 637 108 19 56 -1 -1 -1 0 
22 22 240 349 92 23 -1 -1 -1 0 
22 23 427 340 24 16 -1 -1 -1 0 
23 2 793 337 41 28 -1 -1 -1 0 
23 3 669 295 55 78 -1 -1 -1 0 
23 6 118 348 166 31 -1 -1 -1 0 
23 8 568 339 30 25 -1 -1 -1 0 
23 9 560 635 716 80 -1 -1 -1 0 
23 12 0 362 59 29 -1 -1 -1 0 
23 22 213 350 97 23 -1 -1 -1 0 
23 23 424 342 23 14 -1 -1 -1 0 
24 2 793 337 41 28 -1 -1 -1 0 
24 3 668 295 57 78 -1 -1 -1 0 
24 6 57 351 169 32 -1 -1 -1 0 
24 8 567 339 31 25 -1 -1 -1 0 
24 9 559 635 717 80 -1 -1 -1 0 
24 12 0 363 21 30 -1 -1 -1 0 
24 20 638 109 19 54 -1 -1 -1 0 
24 23 418 341 23 15 -1 -1 -1 0 
24 27 364 347 44 16 -1 -1 -1 0 
25 2 795 337 39 28 -1 -1 -1 0 
25 3 669 294 55 79 -1 -1 -1 0 
25 6 64 345 115 35 -1 -1 -1 0 
25 8 568 339 30 24 -1 -1 -1 0 
25 9 558 635 718 80 -1 -1 -1 0 
25 20 638 109 20 54 -1 -1 -1 0 
25 23 412 341 23 14 -1 -1 -1 0 
25 27 347 345 45 18 -1 -1 -1 0 
26 2 794 337 41 29 -1 -1 -1 0 
26 3 668 293 57 80 -1 -1 -1 0 
26 6 45 340 98 40 -1 -1 -1 0 
26 8 568 338 30 24 -1 -1 -1 0 
26 9 561 635 713 80 -1 -1 -1 0 
26 23 402 340 24 15 -1 -1 -1 0 
26 27 326 345 52 19 -1 -1 -1 0 
27 2 794 337 42 29 -1 -1 -1 0 
27 3 667 294 57 79 -1 -1 -1 0 
27 6 4 339 95 45 -1 -1 -1 0 
27 8 568 338 30 24 -1 -1 -1 0 
27 9 563 637 711 78 -1 -1 -1 0 
27 23 391 341 27 15 -1 -1 -1 0 
27 27 303 345 57 19 -1 -1 -1 0 
27 29 825 338 24 19 -1 -1 -1 0 
28 2 794 338 43 29 -1 -1 -1 0 
28 3 666 295 58 78 -1 -1 -1 0 
28 6 0 339 69 46 -1 -1 -1 0 
28 8 566 344 36 18 -1 -1 -1 0 
28 9 563 635 710 80 -1 -1 -1 0 
28 23 381 342 28 15 -1 -1 -1 0 
28 27 277 347 62 20 -1 -1 -1 0 
28 29 828 340 22 18 -1 -1 -1 0 
29 2 795 339 42 28 -1 -1 -1 0 
29 3 666 296 58 79 -1 -1 -1 0 
29 8 569 344 30 20 -1 -1 -1 0 
29 9 557 635 721 80 -1 -1 -1 0 
29 23 371 344 27 16 -1 -1 -1 0 
29 27 248 349 66 23 -1 -1 -1 0 
29 29 829 341 22 18 -1 -1 -1 0 
30 2 795 341 42 28 -1 -1 -1 0 
30 3 665 298 59 79 -1 -1 -1 0 
30 8 570 344 30 22 -1 -1 -1 0 
30 9 556 636 722 79 -1 -1 -1 0 
30 23 358 346 31 17 -1 -1 -1 0 
30 27 211 353 80 24 -1 -1 -1 0 
31 2 796 343 42 28 -1 -1 -1 0 
31 3 665 300 59 79 -1 -1 -1 0 
31 8 569 346 32 22 -1 -1 -1 0 
31 9 561 635 713 80 -1 -1 -1 0 
31 23 345 350 34 17 -1 -1 -1 0 
31 27 168 357 91 26 -1 -1 -1 0 
32 2 796 342 43 28 -1 -1 -1 0 
32 3 665 300 59 79 -1 -1 -1 0 
32 8 570 346 32 22 -1 -1 -1 0 
32 9 555 635 724 79 -1 -1 -1 0 
32 23 331 352 36 17 -1 -1 -1 0 
32 27 113 361 107 29 -1 -1 -1 0 
32 29 728 341 26 23 -1 -1 -1 0 
32 32 436 326 61 36 -1 -1 -1 0 
33 2 798 342 42 29 -1 -1 -1 0 
33 3 666 300 58 80 -1 -1 -1 0 
33 8 571 348 32 21 -1 -1 -1 0 
33 9 559 636 717 78 -1 -1 -1 0 
33 23 316 354 38 18 -1 -1 -1 0 
33 27 42 365 131 32 -1 -1 -1 0 
33 29 719 341 27 25 -1 -1 -1 0 
33 32 427 326 67 37 -1 -1 -1 0 
34 2 798 341 43 29 -1 -1 -1 0 
34 3 665 299 59 81 -1 -1 -1 0 
34 8 572 347 31 22 -1 -1 -1 0 
34 9 556 637 721 77 -1 -1 -1 0 
34 23 301 355 39 19 -1 -1 -1 0 
34 27 1 369 112 32 -1 -1 -1 0 
34 29 716 341 28 24 -1 -1 -1 0 
34 32 419 326 69 38 -1 -1 -1 0 
35 2 800 341 43 29 -1 -1 -1 0 
35 3 665 298 59 82 -1 -1 -1 0 
35 8 572 348 32 21 -1 -1 -1 0 
35 9 537 636 741 78 -1 -1 -1 0 
35 22 0 379 32 22 -1 -1 -1 0 
35 23 282 355 42 21 -1 -1 -1 0 
35 27 0 371 75 34 -1 -1 -1 0 
35 29 716 340 28 25 -1 -1 -1 0 
35 32 409 326 74 39 -1 -1 -1 0 
36 2 800 340 44 29 -1 -1 -1 0 
36 3 664 298 60 82 -1 -1 -1 0 
36 8 573 347 31 21 -1 -1 -1 0 
36 9 566 636 703 78 -1 -1 -1 0 
36 22 0 381 10 23 -1 -1 -1 0 
36 23 260 355 47 22 -1 -1 -1 0 
36 29 717 340 28 24 -1 -1 -1 0 
36 32 399 325 79 38 -1 -1 -1 0 
37 2 801 340 43 29 -1 -1 -1 0 
37 3 663 298 61 82 -1 -1 -1 0 
37 8 574 347 30 20 -1 -1 -1 0 
37 9 559 636 717 77 -1 -1 -1 0 
37 23 237 356 52 23 -1 -1 -1 0 
37 29 717 340 29 24 -1 -1 -1 0 
37 32 389 323 82 38 -1 -1 -1 0 
38 2 802 340 43 29 -1 -1 -1 0 
38 3 663 297 60 83 -1 -1 -1 0 
38 8 574 347 31 20 -1 -1 -1 0 
38 9 561 636 713 78 -1 -1 -1 0 
38 23 211 356 56 25 -1 -1 -1 0 
38 29 717 340 30 24 -1 -1 -1 0 
38 32 378 322 86 39 -1 -1 -1 0 
39 2 802 340 44 29 -1 -1 -1 0 
39 3 663 296 60 84 -1 -1 -1 0 
39 8 575 346 30 20 -1 -1 -1 0 
39 9 559 636 715 78 -1 -1 -1 0 
39 23 180 356 62 27 -1 -1 -1 0 
39 29 710 340 31 24 -1 -1 -1 0 
39 32 366 320 91 41 -1 -1 -1 0 
40 2 802 340 46 30 -1 -1 -1 0 
40 3 662 296 61 85 -1 -1 -1 0 
40 8 576 345 30 21 -1 -1 -1 0 
40 9 560 636 715 78 -1 -1 -1 0 
40 23 145 358 72 28 -1 -1 -1 0 
40 32 352 319 96 44 -1 -1 -1 0 
