3 1 954 370 325 177 -1 -1 -1 0 
3 2 492 353 94 62 -1 -1 -1 0 
3 3 780 344 35 24 -1 -1 -1 0 
3 4 659 315 51 61 -1 -1 -1 0 
3 5 607 343 30 26 -1 -1 -1 0 
3 6 560 636 713 79 -1 -1 -1 0 
3 7 152 347 45 12 -1 -1 -1 0 
3 8 302 356 39 17 -1 -1 -1 0 
4 1 945 368 334 166 -1 -1 -1 0 
4 2 495 353 93 61 -1 -1 -1 0 
4 3 779 344 35 24 -1 -1 -1 0 
4 4 658 315 51 61 -1 -1 -1 0 
4 5 606 343 32 26 -1 -1 -1 0 
4 6 557 637 720 78 -1 -1 -1 0 
4 7 134 347 45 14 -1 -1 -1 0 
4 8 285 355 41 20 -1 -1 -1 0 
4 9 706 338 18 15 -1 -1 -1 0 
5 1 934 366 345 155 -1 -1 -1 0 
5 2 497 352 92 61 -1 -1 -1 0 
5 3 779 343 34 25 -1 -1 -1 0 
5 4 658 315 52 60 -1 -1 -1 0 
5 5 607 343 31 26 -1 -1 -1 0 
5 6 561 635 712 80 -1 -1 -1 0 
5 7 113 347 49 14 -1 -1 -1 0 
5 8 264 356 47 21 -1 -1 -1 0 
5 9 707 339 17 13 -1 -1 -1 0 
5 10 416 352 29 12 -1 -1 -1 0 
6 1 923 364 356 145 -1 -1 -1 0 
6 2 500 352 89 60 -1 -1 -1 0 
6 3 778 343 35 25 -1 -1 -1 0 
6 4 659 315 50 60 -1 -1 -1 0 
6 5 608 342 29 27 -1 -1 -1 0 
6 6 559 636 715 80 -1 -1 -1 0 
6 7 83 347 57 14 -1 -1 -1 0 
6 8 244 357 50 22 -1 -1 -1 0 
6 9 707 339 16 13 -1 -1 -1 0 
6 10 408 352 29 12 -1 -1 -1 0 
7 1 918 362 339 134 -1 -1 -1 0 
7 2 503 352 87 60 -1 -1 -1 0 
7 3 777 342 35 25 -1 -1 -1 0 
7 4 658 315 51 60 -1 -1 -1 0 
7 5 608 342 30 27 -1 -1 -1 0 
7 6 556 636 719 80 -1 -1 -1 0 
7 7 62 347 56 15 -1 -1 -1 0 
7 8 223 358 53 23 -1 -1 -1 0 
7 9 706 339 17 13 -1 -1 -1 0 
7 10 399 352 29 13 -1 -1 -1 0 
7 11 0 400 125 111 -1 -1 -1 0 
8 1 914 361 309 126 -1 -1 -1 0 
8 2 504 353 88 59 -1 -1 -1 0 
8 3 777 342 35 25 -1 -1 -1 0 
8 4 659 315 50 60 -1 -1 -1 0 
8 5 609 342 29 27 -1 -1 -1 0 
8 6 557 635 719 80 -1 -1 -1 0 
8 7 32 347 64 15 -1 -1 -1 0 
8 8 199 359 57 24 -1 -1 -1 0 
8 9 706 339 18 13 -1 -1 -1 0 
8 10 387 353 33 13 -1 -1 -1 0 
8 11 0 384 154 125 -1 -1 -1 0 
9 1 907 360 284 122 -1 -1 -1 0 
9 2 507 353 85 59 -1 -1 -1 0 
9 3 776 343 37 24 -1 -1 -1 0 
9 4 659 316 51 60 -1 -1 -1 0 
9 5 609 342 30 27 -1 -1 -1 0 
9 6 563 632 708 83 -1 -1 -1 0 
9 7 4 348 65 16 -1 -1 -1 0 
9 8 170 362 65 23 -1 -1 -1 0 
9 9 706 339 17 14 -1 -1 -1 0 
9 10 377 354 32 14 -1 -1 -1 0 
9 11 0 376 185 133 -1 -1 -1 0 
9 12 503 341 25 16 -1 -1 -1 0 
10 1 898 360 267 117 -1 -1 -1 0 
10 2 509 353 85 57 -1 -1 -1 0 
10 3 776 343 36 24 -1 -1 -1 0 
10 4 659 316 51 60 -1 -1 -1 0 
10 5 608 342 31 28 -1 -1 -1 0 
10 6 550 635 729 80 -1 -1 -1 0 
10 7 0 348 41 16 -1 -1 -1 0 
10 8 140 363 71 25 -1 -1 -1 0 
10 9 706 339 17 14 -1 -1 -1 0 
10 10 369 355 32 14 -1 -1 -1 0 
10 11 0 370 211 137 -1 -1 -1 0 
10 12 499 342 26 16 -1 -1 -1 0 
11 1 890 360 251 111 -1 -1 -1 0 
11 2 512 353 83 56 -1 -1 -1 0 
11 3 776 343 36 24 -1 -1 -1 0 
11 4 660 317 49 59 -1 -1 -1 0 
11 5 609 344 31 26 -1 -1 -1 0 
11 6 565 636 712 79 -1 -1 -1 0 
11 7 0 348 20 16 -1 -1 -1 0 
11 8 121 364 62 24 -1 -1 -1 0 
11 9 706 339 17 15 -1 -1 -1 0 
11 10 351 355 36 16 -1 -1 -1 0 
11 11 0 369 231 148 -1 -1 -1 0 
11 12 496 341 24 18 -1 -1 -1 0 
12 1 884 358 234 108 -1 -1 -1 0 
12 2 514 352 82 55 -1 -1 -1 0 
12 3 776 343 35 24 -1 -1 -1 0 
12 4 660 316 50 58 -1 -1 -1 0 
12 5 610 344 30 24 -1 -1 -1 0 
12 6 555 635 722 80 -1 -1 -1 0 
12 8 99 365 64 25 -1 -1 -1 0 
12 9 707 338 16 14 -1 -1 -1 0 
12 10 337 354 37 17 -1 -1 -1 0 
12 11 0 364 255 152 -1 -1 -1 0 
12 12 491 343 27 15 -1 -1 -1 0 
13 1 877 358 223 103 -1 -1 -1 0 
13 2 516 353 80 55 -1 -1 -1 0 
13 3 775 344 36 23 -1 -1 -1 0 
13 4 660 316 50 59 -1 -1 -1 0 
13 5 611 344 28 24 -1 -1 -1 0 
13 6 559 636 718 79 -1 -1 -1 0 
13 9 706 339 18 13 -1 -1 -1 0 
13 10 320 354 41 19 -1 -1 -1 0 
13 11 0 363 278 146 -1 -1 -1 0 
13 12 487 345 26 15 -1 -1 -1 0 
14 1 872 357 211 100 -1 -1 -1 0 
14 2 517 353 80 52 -1 -1 -1 0 
14 3 776 343 34 24 -1 -1 -1 0 
14 4 659 316 51 59 -1 -1 -1 0 
14 5 612 342 28 26 -1 -1 -1 0 
14 6 559 636 718 79 -1 -1 -1 0 
14 9 707 339 17 13 -1 -1 -1 0 
14 10 303 354 44 20 -1 -1 -1 0 
14 11 0 362 297 137 -1 -1 -1 0 
14 12 483 345 25 14 -1 -1 -1 0 
15 1 868 356 199 97 -1 -1 -1 0 
15 2 520 353 77 52 -1 -1 -1 0 
15 3 775 343 34 24 -1 -1 -1 0 
15 4 659 316 51 59 -1 -1 -1 0 
15 5 612 342 28 26 -1 -1 -1 0 
15 6 560 636 716 79 -1 -1 -1 0 
15 9 707 338 16 13 -1 -1 -1 0 
15 10 282 356 51 19 -1 -1 -1 0 
15 11 0 361 309 130 -1 -1 -1 0 
15 12 478 344 25 16 -1 -1 -1 0 
16 1 863 356 190 94 -1 -1 -1 0 
16 2 522 352 76 52 -1 -1 -1 0 
16 3 774 343 35 23 -1 -1 -1 0 
16 4 659 315 50 59 -1 -1 -1 0 
16 5 612 342 29 25 -1 -1 -1 0 
16 6 558 637 719 78 -1 -1 -1 0 
16 9 707 338 16 13 -1 -1 -1 0 
16 10 268 356 54 21 -1 -1 -1 0 
16 11 0 359 324 124 -1 -1 -1 0 
16 12 471 343 28 17 -1 -1 -1 0 
17 1 858 356 183 90 -1 -1 -1 0 
17 2 523 352 77 51 -1 -1 -1 0 
17 3 774 343 34 23 -1 -1 -1 0 
17 4 659 315 51 59 -1 -1 -1 0 
17 5 613 343 28 24 -1 -1 -1 0 
17 6 561 635 712 81 -1 -1 -1 0 
17 9 707 338 15 12 -1 -1 -1 0 
17 11 25 358 302 119 -1 -1 -1 0 
17 12 464 345 30 15 -1 -1 -1 0 
18 1 854 356 175 86 -1 -1 -1 0 
18 2 525 352 75 50 -1 -1 -1 0 
18 3 774 343 34 23 -1 -1 -1 0 
18 4 660 315 49 58 -1 -1 -1 0 
18 5 613 343 28 24 -1 -1 -1 0 
18 6 558 635 718 81 -1 -1 -1 0 
18 9 707 337 15 13 -1 -1 -1 0 
18 11 58 357 279 114 -1 -1 -1 0 
18 12 457 346 31 15 -1 -1 -1 0 
19 1 852 356 167 83 -1 -1 -1 0 
19 2 527 352 73 50 -1 -1 -1 0 
19 3 773 343 34 23 -1 -1 -1 0 
19 4 660 315 49 58 -1 -1 -1 0 
19 5 614 343 28 24 -1 -1 -1 0 
19 6 557 635 720 80 -1 -1 -1 0 
19 9 706 337 17 13 -1 -1 -1 0 
19 11 88 356 260 108 -1 -1 -1 0 
19 12 450 345 30 16 -1 -1 -1 0 
20 1 847 355 163 80 -1 -1 -1 0 
20 2 528 351 73 50 -1 -1 -1 0 
20 3 773 344 33 22 -1 -1 -1 0 
20 4 661 315 48 58 -1 -1 -1 0 
20 5 614 343 28 23 -1 -1 -1 0 
20 6 558 635 718 80 -1 -1 -1 0 
20 9 706 336 18 14 -1 -1 -1 0 
20 11 116 357 244 101 -1 -1 -1 0 
20 12 441 346 34 16 -1 -1 -1 0 
21 1 844 355 155 78 -1 -1 -1 0 
21 2 529 351 72 50 -1 -1 -1 0 
21 3 773 344 33 22 -1 -1 -1 0 
21 4 661 316 48 58 -1 -1 -1 0 
21 5 615 343 27 23 -1 -1 -1 0 
21 6 555 635 722 80 -1 -1 -1 0 
21 9 706 338 17 12 -1 -1 -1 0 
21 11 143 357 227 95 -1 -1 -1 0 
21 12 433 346 33 17 -1 -1 -1 0 
22 1 841 354 150 78 -1 -1 -1 0 
22 2 531 351 71 50 -1 -1 -1 0 
22 3 773 344 32 22 -1 -1 -1 0 
22 4 661 316 48 58 -1 -1 -1 0 
22 5 615 343 26 24 -1 -1 -1 0 
22 6 558 635 717 79 -1 -1 -1 0 
22 9 706 338 17 12 -1 -1 -1 0 
22 11 169 355 209 94 -1 -1 -1 0 
22 12 423 346 36 18 -1 -1 -1 0 
22 13 52 363 105 30 -1 -1 -1 0 
23 1 837 355 147 73 -1 -1 -1 0 
23 2 533 351 70 50 -1 -1 -1 0 
23 3 773 344 32 22 -1 -1 -1 0 
23 4 660 316 50 58 -1 -1 -1 0 
23 5 614 344 29 23 -1 -1 -1 0 
23 6 559 635 716 80 -1 -1 -1 0 
23 11 190 355 202 89 -1 -1 -1 0 
23 12 413 347 38 18 -1 -1 -1 0 
23 13 4 364 104 33 -1 -1 -1 0 
24 1 835 354 141 72 -1 -1 -1 0 
24 2 535 350 68 50 -1 -1 -1 0 
24 3 772 344 34 21 -1 -1 -1 0 
24 4 661 316 48 58 -1 -1 -1 0 
24 5 615 344 27 23 -1 -1 -1 0 
24 6 558 635 718 80 -1 -1 -1 0 
24 10 2 368 54 29 -1 -1 -1 0 
24 11 209 354 190 87 -1 -1 -1 0 
24 12 401 346 42 20 -1 -1 -1 0 
24 13 0 365 77 34 -1 -1 -1 0 
25 1 834 354 135 70 -1 -1 -1 0 
25 2 535 351 69 49 -1 -1 -1 0 
25 3 773 344 32 21 -1 -1 -1 0 
25 4 661 316 49 58 -1 -1 -1 0 
25 5 615 344 28 23 -1 -1 -1 0 
25 6 561 635 715 80 -1 -1 -1 0 
25 10 0 369 29 30 -1 -1 -1 0 
25 11 227 355 180 82 -1 -1 -1 0 
25 12 389 346 47 20 -1 -1 -1 0 
26 1 833 353 129 70 -1 -1 -1 0 
26 2 537 351 68 48 -1 -1 -1 0 
26 3 773 343 31 22 -1 -1 -1 0 
26 4 661 315 48 59 -1 -1 -1 0 
26 5 615 344 27 23 -1 -1 -1 0 
26 6 560 635 715 81 -1 -1 -1 0 
26 9 707 338 16 12 -1 -1 -1 0 
26 11 243 354 171 80 -1 -1 -1 0 
26 12 377 346 53 21 -1 -1 -1 0 
27 1 830 353 127 67 -1 -1 -1 0 
27 2 538 351 68 47 -1 -1 -1 0 
27 3 772 343 32 22 -1 -1 -1 0 
27 4 661 315 48 58 -1 -1 -1 0 
27 5 615 344 28 22 -1 -1 -1 0 
27 6 560 635 715 81 -1 -1 -1 0 
27 9 707 337 15 12 -1 -1 -1 0 
27 11 258 354 163 77 -1 -1 -1 0 
27 12 368 346 52 20 -1 -1 -1 0 
28 1 829 352 122 67 -1 -1 -1 0 
28 2 539 351 68 46 -1 -1 -1 0 
28 3 773 343 30 22 -1 -1 -1 0 
28 4 661 315 48 58 -1 -1 -1 0 
28 5 616 343 27 23 -1 -1 -1 0 
28 6 558 635 717 81 -1 -1 -1 0 
28 9 706 337 16 12 -1 -1 -1 0 
28 11 274 352 152 78 -1 -1 -1 0 
28 12 359 347 54 20 -1 -1 -1 0 
28 14 0 484 136 175 -1 -1 -1 0 
29 1 827 352 119 66 -1 -1 -1 0 
29 2 542 351 64 46 -1 -1 -1 0 
29 3 772 342 32 23 -1 -1 -1 0 
29 4 662 315 48 58 -1 -1 -1 0 
29 5 616 343 28 22 -1 -1 -1 0 
29 6 554 635 723 82 -1 -1 -1 0 
29 9 706 337 16 12 -1 -1 -1 0 
29 11 285 351 149 77 -1 -1 -1 0 
29 14 0 473 162 170 -1 -1 -1 0 
30 1 825 351 116 66 -1 -1 -1 0 
30 2 543 351 64 45 -1 -1 -1 0 
30 3 772 342 31 23 -1 -1 -1 0 
30 4 661 315 49 58 -1 -1 -1 0 
30 5 617 343 27 22 -1 -1 -1 0 
30 6 553 635 726 80 -1 -1 -1 0 
30 11 296 352 145 73 -1 -1 -1 0 
30 12 310 348 48 24 -1 -1 -1 0 
30 14 0 465 184 169 -1 -1 -1 0 
31 1 823 351 115 64 -1 -1 -1 0 
31 2 544 350 63 45 -1 -1 -1 0 
31 3 772 342 32 22 -1 -1 -1 0 
31 4 663 315 46 58 -1 -1 -1 0 
31 5 617 343 26 22 -1 -1 -1 0 
31 6 560 634 712 81 -1 -1 -1 0 
31 11 308 352 138 70 -1 -1 -1 0 
31 12 284 349 59 26 -1 -1 -1 0 
31 14 0 455 204 175 -1 -1 -1 0 
32 1 822 351 112 63 -1 -1 -1 0 
32 2 544 351 65 44 -1 -1 -1 0 
32 3 772 342 31 22 -1 -1 -1 0 
32 4 662 315 48 58 -1 -1 -1 0 
32 5 617 344 27 21 -1 -1 -1 0 
32 6 555 635 724 80 -1 -1 -1 0 
32 9 549 343 22 12 -1 -1 -1 0 
32 11 318 353 134 67 -1 -1 -1 0 
32 12 259 349 71 29 -1 -1 -1 0 
32 14 2 439 219 188 -1 -1 -1 0 
33 1 820 350 110 62 -1 -1 -1 0 
33 2 546 351 62 44 -1 -1 -1 0 
33 3 770 342 33 22 -1 -1 -1 0 
33 4 663 315 47 58 -1 -1 -1 0 
33 5 618 344 26 21 -1 -1 -1 0 
33 6 558 635 717 80 -1 -1 -1 0 
33 9 528 343 23 12 -1 -1 -1 0 
33 11 329 352 127 67 -1 -1 -1 0 
33 12 228 350 84 30 -1 -1 -1 0 
33 14 3 423 234 201 -1 -1 -1 0 
34 1 819 351 106 61 -1 -1 -1 0 
34 2 546 351 64 44 -1 -1 -1 0 
34 3 771 343 31 22 -1 -1 -1 0 
34 4 662 316 48 58 -1 -1 -1 0 
34 5 618 344 26 22 -1 -1 -1 0 
34 6 556 636 722 79 -1 -1 -1 0 
34 9 516 343 26 12 -1 -1 -1 0 
34 11 338 353 123 64 -1 -1 -1 0 
34 12 197 351 89 32 -1 -1 -1 0 
34 14 1 408 254 208 -1 -1 -1 0 
35 1 817 351 106 60 -1 -1 -1 0 
35 2 547 351 63 43 -1 -1 -1 0 
35 3 770 343 32 22 -1 -1 -1 0 
35 4 662 316 49 58 -1 -1 -1 0 
35 5 619 344 26 22 -1 -1 -1 0 
35 6 557 636 720 79 -1 -1 -1 0 
35 9 501 343 26 13 -1 -1 -1 0 
35 11 346 353 120 62 -1 -1 -1 0 
35 12 155 351 105 36 -1 -1 -1 0 
35 14 2 400 267 216 -1 -1 -1 0 
35 16 275 346 47 31 -1 -1 -1 0 
36 1 818 351 100 59 -1 -1 -1 0 
36 2 547 351 63 43 -1 -1 -1 0 
36 3 770 343 30 22 -1 -1 -1 0 
36 4 662 316 48 58 -1 -1 -1 0 
36 5 620 344 25 21 -1 -1 -1 0 
36 6 557 636 719 79 -1 -1 -1 0 
36 9 505 343 25 13 -1 -1 -1 0 
36 11 354 352 116 62 -1 -1 -1 0 
36 12 106 352 122 37 -1 -1 -1 0 
36 14 2 394 280 221 -1 -1 -1 0 
36 16 253 344 51 35 -1 -1 -1 0 
37 1 816 351 99 58 -1 -1 -1 0 
37 2 549 351 61 43 -1 -1 -1 0 
37 3 768 344 32 20 -1 -1 -1 0 
37 4 662 315 48 59 -1 -1 -1 0 
37 5 620 344 24 21 -1 -1 -1 0 
37 6 555 637 722 78 -1 -1 -1 0 
37 9 500 343 27 14 -1 -1 -1 0 
37 11 363 352 111 61 -1 -1 -1 0 
37 12 44 352 146 40 -1 -1 -1 0 
37 14 2 390 292 226 -1 -1 -1 0 
37 16 226 344 57 37 -1 -1 -1 0 
37 17 267 322 121 55 -1 -1 -1 0 
38 1 815 350 98 57 -1 -1 -1 0 
38 2 550 350 61 43 -1 -1 -1 0 
38 3 769 343 30 21 -1 -1 -1 0 
38 4 663 315 48 59 -1 -1 -1 0 
38 5 621 343 23 22 -1 -1 -1 0 
38 6 559 637 715 78 -1 -1 -1 0 
38 9 494 341 28 16 -1 -1 -1 0 
38 11 370 350 109 61 -1 -1 -1 0 
38 12 9 353 156 41 -1 -1 -1 0 
38 14 6 387 294 246 -1 -1 -1 0 
38 16 197 344 72 40 -1 -1 -1 0 
38 17 235 319 145 59 -1 -1 -1 0 
39 1 814 350 96 56 -1 -1 -1 0 
39 2 550 350 62 42 -1 -1 -1 0 
39 3 768 343 31 21 -1 -1 -1 0 
39 4 663 315 48 59 -1 -1 -1 0 
39 5 620 343 25 22 -1 -1 -1 0 
39 6 567 635 702 81 -1 -1 -1 0 
39 9 490 342 27 16 -1 -1 -1 0 
39 11 376 349 106 61 -1 -1 -1 0 
39 14 2 384 312 253 -1 -1 -1 0 
39 16 177 344 76 42 -1 -1 -1 0 
39 17 210 318 153 62 -1 -1 -1 0 
40 1 813 350 94 55 -1 -1 -1 0 
40 2 552 350 60 42 -1 -1 -1 0 
40 3 768 343 32 21 -1 -1 -1 0 
40 4 664 315 46 59 -1 -1 -1 0 
40 5 621 343 24 21 -1 -1 -1 0 
40 6 559 634 720 81 -1 -1 -1 0 
40 9 483 342 30 16 -1 -1 -1 0 
40 11 383 350 103 58 -1 -1 -1 0 
40 14 0 382 328 244 -1 -1 -1 0 
40 17 160 317 193 65 -1 -1 -1 0 
