3 1 263 343 238 143 -1 -1 -1 0 
3 2 685 346 29 22 -1 -1 -1 0 
3 3 606 348 38 26 -1 -1 -1 0 
3 4 659 338 19 21 -1 -1 -1 0 
4 1 273 342 232 140 -1 -1 -1 0 
4 2 685 345 28 23 -1 -1 -1 0 
4 3 607 348 36 25 -1 -1 -1 0 
4 4 659 337 19 21 -1 -1 -1 0 
5 1 284 342 224 137 -1 -1 -1 0 
5 2 684 345 30 23 -1 -1 -1 0 
5 3 608 347 36 25 -1 -1 -1 0 
5 4 658 338 21 20 -1 -1 -1 0 
6 1 292 342 219 135 -1 -1 -1 0 
6 2 684 346 30 22 -1 -1 -1 0 
6 3 608 348 37 25 -1 -1 -1 0 
6 4 657 338 22 20 -1 -1 -1 0 
7 1 302 342 211 132 -1 -1 -1 0 
7 2 684 346 30 23 -1 -1 -1 0 
7 3 610 348 35 25 -1 -1 -1 0 
8 1 309 343 207 129 -1 -1 -1 0 
8 2 684 346 31 23 -1 -1 -1 0 
8 3 609 348 37 25 -1 -1 -1 0 
9 1 317 343 203 126 -1 -1 -1 0 
9 2 685 347 30 22 -1 -1 -1 0 
9 3 610 347 37 26 -1 -1 -1 0 
10 1 325 343 197 123 -1 -1 -1 0 
10 2 684 347 31 21 -1 -1 -1 0 
10 3 612 347 35 25 -1 -1 -1 0 
11 1 333 343 191 121 -1 -1 -1 0 
11 2 686 346 28 22 -1 -1 -1 0 
11 3 612 346 36 26 -1 -1 -1 0 
12 1 340 342 187 119 -1 -1 -1 0 
12 2 686 346 28 21 -1 -1 -1 0 
12 3 613 346 36 26 -1 -1 -1 0 
12 4 664 342 19 14 -1 -1 -1 0 
12 6 233 352 65 26 -1 -1 -1 0 
13 1 348 342 181 118 -1 -1 -1 0 
13 2 686 346 29 21 -1 -1 -1 0 
13 3 614 346 37 25 -1 -1 -1 0 
13 4 664 344 21 13 -1 -1 -1 0 
13 6 222 352 67 27 -1 -1 -1 0 
14 1 353 342 180 117 -1 -1 -1 0 
14 2 687 345 27 21 -1 -1 -1 0 
14 3 615 346 36 25 -1 -1 -1 0 
14 4 665 342 19 15 -1 -1 -1 0 
14 6 179 352 76 30 -1 -1 -1 0 
15 1 361 343 174 114 -1 -1 -1 0 
15 2 688 345 26 21 -1 -1 -1 0 
15 3 616 346 35 25 -1 -1 -1 0 
15 4 665 343 20 14 -1 -1 -1 0 
15 6 147 353 83 32 -1 -1 -1 0 
16 1 367 343 171 112 -1 -1 -1 0 
16 2 688 345 27 22 -1 -1 -1 0 
16 3 616 346 35 25 -1 -1 -1 0 
16 4 667 343 18 13 -1 -1 -1 0 
16 6 113 355 91 34 -1 -1 -1 0 
17 1 372 344 170 110 -1 -1 -1 0 
17 2 688 345 27 22 -1 -1 -1 0 
17 3 618 346 34 25 -1 -1 -1 0 
17 4 668 344 18 13 -1 -1 -1 0 
17 6 70 357 106 35 -1 -1 -1 0 
18 1 378 344 166 108 -1 -1 -1 0 
18 2 688 345 28 22 -1 -1 -1 0 
18 3 618 346 35 25 -1 -1 -1 0 
18 4 667 345 20 12 -1 -1 -1 0 
18 6 24 359 118 37 -1 -1 -1 0 
18 9 563 637 709 79 -1 -1 -1 0 
19 1 385 344 160 107 -1 -1 -1 0 
19 2 688 345 28 22 -1 -1 -1 0 
19 3 618 346 36 25 -1 -1 -1 0 
19 4 669 345 17 12 -1 -1 -1 0 
19 6 0 360 102 39 -1 -1 -1 0 
19 9 557 637 715 79 -1 -1 -1 0 
20 1 388 344 161 106 -1 -1 -1 0 
20 2 688 346 28 22 -1 -1 -1 0 
20 3 619 346 35 25 -1 -1 -1 0 
20 4 669 345 17 12 -1 -1 -1 0 
20 6 0 361 56 39 -1 -1 -1 0 
20 9 556 637 715 79 -1 -1 -1 0 
21 1 395 344 156 105 -1 -1 -1 0 
21 2 688 346 29 22 -1 -1 -1 0 
21 3 620 347 34 23 -1 -1 -1 0 
21 4 670 345 17 13 -1 -1 -1 0 
21 6 0 362 27 41 -1 -1 -1 0 
21 9 564 637 707 79 -1 -1 -1 0 
22 1 400 344 153 103 -1 -1 -1 0 
22 2 689 347 29 22 -1 -1 -1 0 
22 3 621 347 33 24 -1 -1 -1 0 
22 4 670 345 18 13 -1 -1 -1 0 
22 9 565 638 705 78 -1 -1 -1 0 
23 1 408 344 147 102 -1 -1 -1 0 
23 2 689 347 28 22 -1 -1 -1 0 
23 3 622 347 32 24 -1 -1 -1 0 
23 4 670 345 19 13 -1 -1 -1 0 
24 1 411 345 147 99 -1 -1 -1 0 
24 2 689 347 29 22 -1 -1 -1 0 
24 3 623 345 31 26 -1 -1 -1 0 
24 4 671 345 17 14 -1 -1 -1 0 
25 1 416 345 143 97 -1 -1 -1 0 
25 2 690 346 27 22 -1 -1 -1 0 
25 3 623 346 33 24 -1 -1 -1 0 
25 4 671 345 19 13 -1 -1 -1 0 
26 1 420 345 142 96 -1 -1 -1 0 
26 2 690 346 27 22 -1 -1 -1 0 
26 3 624 346 31 24 -1 -1 -1 0 
26 4 672 345 18 13 -1 -1 -1 0 
27 1 425 345 137 94 -1 -1 -1 0 
27 2 691 346 26 22 -1 -1 -1 0 
27 3 625 346 30 23 -1 -1 -1 0 
27 4 673 343 17 13 -1 -1 -1 0 
27 9 562 637 712 79 -1 -1 -1 0 
28 1 429 345 136 92 -1 -1 -1 0 
28 2 691 346 26 21 -1 -1 -1 0 
28 3 625 346 31 23 -1 -1 -1 0 
28 4 674 343 17 13 -1 -1 -1 0 
28 9 562 637 713 78 -1 -1 -1 0 
29 1 432 344 136 92 -1 -1 -1 0 
29 2 690 345 28 22 -1 -1 -1 0 
29 3 625 345 32 23 -1 -1 -1 0 
29 4 674 342 17 13 -1 -1 -1 0 
29 9 562 636 714 79 -1 -1 -1 0 
29 13 312 355 25 12 -1 -1 -1 0 
29 14 244 361 47 17 -1 -1 -1 0 
30 1 437 344 133 90 -1 -1 -1 0 
30 2 690 345 27 22 -1 -1 -1 0 
30 3 626 345 31 23 -1 -1 -1 0 
30 4 675 342 16 13 -1 -1 -1 0 
30 9 562 636 713 79 -1 -1 -1 0 
30 13 308 355 25 12 -1 -1 -1 0 
30 14 215 364 55 16 -1 -1 -1 0 
30 16 729 324 25 24 -1 -1 -1 0 
31 1 441 344 131 89 -1 -1 -1 0 
31 2 689 344 29 22 -1 -1 -1 0 
31 3 626 345 32 22 -1 -1 -1 0 
31 4 675 341 16 13 -1 -1 -1 0 
31 9 562 636 713 78 -1 -1 -1 0 
31 14 187 365 58 18 -1 -1 -1 0 
31 16 730 323 24 25 -1 -1 -1 0 
32 1 446 343 127 90 -1 -1 -1 0 
32 2 691 344 26 22 -1 -1 -1 0 
32 3 627 344 32 22 -1 -1 -1 0 
32 4 676 341 16 12 -1 -1 -1 0 
32 14 155 366 63 21 -1 -1 -1 0 
32 16 730 322 25 26 -1 -1 -1 0 
33 1 449 343 127 88 -1 -1 -1 0 
33 2 691 344 26 22 -1 -1 -1 0 
33 3 628 344 30 22 -1 -1 -1 0 
33 4 676 340 15 13 -1 -1 -1 0 
33 9 560 637 714 78 -1 -1 -1 0 
33 14 119 368 69 23 -1 -1 -1 0 
33 16 730 322 26 26 -1 -1 -1 0 
33 17 245 359 58 25 -1 -1 -1 0 
34 1 453 343 124 87 -1 -1 -1 0 
34 2 691 344 27 22 -1 -1 -1 0 
34 3 628 344 31 22 -1 -1 -1 0 
34 4 676 340 16 13 -1 -1 -1 0 
34 9 560 637 714 78 -1 -1 -1 0 
34 14 74 370 82 24 -1 -1 -1 0 
34 16 731 322 25 26 -1 -1 -1 0 
34 17 214 363 65 24 -1 -1 -1 0 
35 1 457 343 122 87 -1 -1 -1 0 
35 2 691 344 26 22 -1 -1 -1 0 
35 3 629 344 30 23 -1 -1 -1 0 
35 4 676 340 16 13 -1 -1 -1 0 
35 13 238 360 34 14 -1 -1 -1 0 
35 14 24 372 90 26 -1 -1 -1 0 
35 16 731 322 26 26 -1 -1 -1 0 
35 17 181 365 69 24 -1 -1 -1 0 
36 1 460 343 121 86 -1 -1 -1 0 
36 2 690 344 28 22 -1 -1 -1 0 
36 3 629 344 31 23 -1 -1 -1 0 
36 4 676 340 16 13 -1 -1 -1 0 
36 13 225 361 33 14 -1 -1 -1 0 
36 14 0 375 70 26 -1 -1 -1 0 
36 16 732 322 25 26 -1 -1 -1 0 
36 17 143 367 75 26 -1 -1 -1 0 
37 1 462 343 121 86 -1 -1 -1 0 
37 2 690 344 28 22 -1 -1 -1 0 
37 3 629 345 31 22 -1 -1 -1 0 
37 9 559 637 716 78 -1 -1 -1 0 
37 13 210 362 34 14 -1 -1 -1 0 
37 14 0 376 37 28 -1 -1 -1 0 
37 17 97 368 85 29 -1 -1 -1 0 
38 1 466 343 119 85 -1 -1 -1 0 
38 2 691 344 27 22 -1 -1 -1 0 
38 3 629 345 31 22 -1 -1 -1 0 
38 9 564 637 709 78 -1 -1 -1 0 
38 13 192 363 37 14 -1 -1 -1 0 
38 17 40 370 104 31 -1 -1 -1 0 
38 20 301 356 66 23 -1 -1 -1 0 
39 1 469 343 117 84 -1 -1 -1 0 
39 2 690 345 28 21 -1 -1 -1 0 
39 3 630 345 30 22 -1 -1 -1 0 
39 9 565 637 707 78 -1 -1 -1 0 
39 13 173 364 41 14 -1 -1 -1 0 
39 16 733 325 25 24 -1 -1 -1 0 
39 17 1 373 92 32 -1 -1 -1 0 
39 20 277 357 73 23 -1 -1 -1 0 
40 1 474 344 113 82 -1 -1 -1 0 
40 2 691 345 26 22 -1 -1 -1 0 
40 3 631 345 29 23 -1 -1 -1 0 
40 13 155 363 41 16 -1 -1 -1 0 
40 16 734 325 24 25 -1 -1 -1 0 
40 17 0 377 36 31 -1 -1 -1 0 
40 20 253 359 58 24 -1 -1 -1 0 
