3 1 761 340 43 26 -1 -1 -1 0 
3 3 642 339 40 34 -1 -1 -1 0 
3 6 333 344 74 25 -1 -1 -1 0 
3 7 654 113 18 51 -1 -1 -1 0 
4 1 762 340 41 26 -1 -1 -1 0 
4 3 641 339 41 34 -1 -1 -1 0 
4 6 388 343 49 22 -1 -1 -1 0 
4 7 654 113 19 51 -1 -1 -1 0 
4 11 120 347 159 40 -1 -1 -1 0 
5 1 761 341 43 25 -1 -1 -1 0 
5 3 642 339 40 34 -1 -1 -1 0 
5 6 392 343 47 21 -1 -1 -1 0 
5 7 654 113 19 51 -1 -1 -1 0 
5 11 17 348 201 46 -1 -1 -1 0 
6 1 761 341 43 25 -1 -1 -1 0 
6 3 641 339 40 34 -1 -1 -1 0 
6 6 377 343 53 22 -1 -1 -1 0 
6 11 0 349 132 46 -1 -1 -1 0 
6 15 335 344 46 22 -1 -1 -1 0 
6 16 455 338 26 19 -1 -1 -1 0 
7 1 761 340 42 26 -1 -1 -1 0 
7 3 642 337 39 35 -1 -1 -1 0 
7 6 337 343 67 24 -1 -1 -1 0 
7 11 0 351 51 45 -1 -1 -1 0 
7 15 326 344 47 23 -1 -1 -1 0 
7 16 452 338 24 19 -1 -1 -1 0 
7 18 556 633 717 83 -1 -1 -1 0 
7 19 134 345 83 34 -1 -1 -1 0 
8 1 761 340 42 26 -1 -1 -1 0 
8 3 642 337 40 35 -1 -1 -1 0 
8 6 308 343 83 26 -1 -1 -1 0 
8 11 0 352 6 47 -1 -1 -1 0 
8 16 447 337 25 21 -1 -1 -1 0 
8 18 553 634 726 82 -1 -1 -1 0 
8 19 85 345 93 37 -1 -1 -1 0 
8 20 164 341 116 41 -1 -1 -1 0 
9 1 761 340 41 26 -1 -1 -1 0 
9 3 641 338 42 34 -1 -1 -1 0 
9 6 283 344 82 30 -1 -1 -1 0 
9 15 376 342 29 18 -1 -1 -1 0 
9 16 441 338 26 21 -1 -1 -1 0 
9 18 553 634 725 82 -1 -1 -1 0 
9 19 25 349 80 38 -1 -1 -1 0 
9 20 111 339 128 46 -1 -1 -1 0 
10 1 760 340 43 27 -1 -1 -1 0 
10 3 642 338 40 35 -1 -1 -1 0 
10 6 238 346 98 33 -1 -1 -1 0 
10 15 375 343 28 17 -1 -1 -1 0 
10 16 432 338 34 24 -1 -1 -1 0 
10 18 555 636 723 80 -1 -1 -1 0 
10 19 0 350 63 39 -1 -1 -1 0 
10 20 11 339 178 53 -1 -1 -1 0 
11 1 759 340 44 27 -1 -1 -1 0 
11 3 641 338 42 35 -1 -1 -1 0 
11 6 177 347 123 37 -1 -1 -1 0 
11 15 368 343 29 18 -1 -1 -1 0 
11 16 424 338 38 25 -1 -1 -1 0 
11 18 555 636 722 80 -1 -1 -1 0 
11 20 0 340 117 56 -1 -1 -1 0 
11 23 591 338 17 17 -1 -1 -1 0 
11 24 482 338 26 17 -1 -1 -1 0 
12 1 759 340 43 27 -1 -1 -1 0 
12 3 641 338 42 35 -1 -1 -1 0 
12 6 176 348 81 34 -1 -1 -1 0 
12 15 358 343 31 19 -1 -1 -1 0 
12 16 414 338 43 25 -1 -1 -1 0 
12 20 0 339 77 61 -1 -1 -1 0 
12 23 590 339 19 17 -1 -1 -1 0 
12 24 478 337 26 19 -1 -1 -1 0 
12 25 263 347 53 23 -1 -1 -1 0 
13 1 758 341 44 26 -1 -1 -1 0 
13 3 641 339 42 34 -1 -1 -1 0 
13 6 157 349 70 33 -1 -1 -1 0 
13 15 345 345 36 18 -1 -1 -1 0 
13 16 403 338 46 26 -1 -1 -1 0 
13 18 560 634 715 82 -1 -1 -1 0 
13 23 590 339 19 17 -1 -1 -1 0 
13 24 475 336 26 20 -1 -1 -1 0 
13 25 240 347 57 24 -1 -1 -1 0 
14 1 758 341 43 26 -1 -1 -1 0 
14 3 642 338 39 35 -1 -1 -1 0 
14 6 135 350 71 34 -1 -1 -1 0 
14 15 332 345 38 18 -1 -1 -1 0 
14 16 393 338 43 27 -1 -1 -1 0 
14 18 555 635 724 80 -1 -1 -1 0 
14 23 453 339 23 17 -1 -1 -1 0 
14 24 467 337 28 20 -1 -1 -1 0 
14 25 212 347 64 27 -1 -1 -1 0 
14 26 59 350 122 40 -1 -1 -1 0 
15 1 758 341 44 26 -1 -1 -1 0 
15 3 642 338 39 35 -1 -1 -1 0 
15 15 318 345 40 19 -1 -1 -1 0 
15 16 378 338 48 28 -1 -1 -1 0 
15 18 559 635 716 81 -1 -1 -1 0 
15 23 422 340 26 17 -1 -1 -1 0 
15 24 460 337 29 20 -1 -1 -1 0 
15 25 181 347 72 29 -1 -1 -1 0 
15 26 71 349 118 40 -1 -1 -1 0 
16 1 758 341 44 26 -1 -1 -1 0 
16 3 641 338 41 35 -1 -1 -1 0 
16 15 302 345 42 21 -1 -1 -1 0 
16 16 363 338 52 30 -1 -1 -1 0 
16 18 557 635 720 81 -1 -1 -1 0 
16 23 392 340 26 17 -1 -1 -1 0 
16 24 451 338 34 20 -1 -1 -1 0 
16 25 145 348 85 30 -1 -1 -1 0 
16 27 13 354 68 42 -1 -1 -1 0 
17 1 757 341 45 26 -1 -1 -1 0 
17 3 641 338 41 35 -1 -1 -1 0 
17 15 284 345 46 23 -1 -1 -1 0 
17 16 345 338 57 32 -1 -1 -1 0 
17 18 556 635 722 81 -1 -1 -1 0 
17 24 442 338 37 21 -1 -1 -1 0 
17 25 101 348 98 33 -1 -1 -1 0 
17 27 14 355 67 41 -1 -1 -1 0 
17 28 589 339 21 17 -1 -1 -1 0 
18 1 757 341 44 27 -1 -1 -1 0 
18 3 641 338 41 35 -1 -1 -1 0 
18 15 264 346 50 24 -1 -1 -1 0 
18 16 325 338 61 34 -1 -1 -1 0 
18 18 556 635 721 80 -1 -1 -1 0 
18 23 389 340 32 21 -1 -1 -1 0 
18 24 431 339 44 20 -1 -1 -1 0 
18 25 50 349 110 36 -1 -1 -1 0 
18 28 590 340 19 16 -1 -1 -1 0 
19 1 756 341 46 27 -1 -1 -1 0 
19 3 642 338 40 35 -1 -1 -1 0 
19 15 241 346 57 26 -1 -1 -1 0 
19 16 302 338 66 36 -1 -1 -1 0 
19 18 560 635 716 80 -1 -1 -1 0 
19 23 380 341 31 22 -1 -1 -1 0 
19 24 419 339 42 23 -1 -1 -1 0 
19 25 2 350 114 39 -1 -1 -1 0 
19 28 591 340 18 16 -1 -1 -1 0 
20 1 757 341 43 27 -1 -1 -1 0 
20 3 643 338 39 35 -1 -1 -1 0 
20 15 215 348 61 27 -1 -1 -1 0 
20 16 272 338 78 38 -1 -1 -1 0 
20 18 561 636 714 80 -1 -1 -1 0 
20 23 417 340 28 22 -1 -1 -1 0 
20 24 402 338 49 25 -1 -1 -1 0 
20 25 0 352 58 39 -1 -1 -1 0 
20 28 591 341 20 15 -1 -1 -1 0 
21 1 757 341 43 27 -1 -1 -1 0 
21 3 642 338 41 35 -1 -1 -1 0 
21 15 185 348 62 30 -1 -1 -1 0 
21 16 232 339 94 41 -1 -1 -1 0 
21 18 560 636 715 80 -1 -1 -1 0 
21 23 424 340 31 22 -1 -1 -1 0 
21 24 367 339 75 27 -1 -1 -1 0 
21 25 0 353 25 40 -1 -1 -1 0 
21 28 594 339 16 17 -1 -1 -1 0 
22 1 756 341 45 27 -1 -1 -1 0 
22 3 643 338 40 35 -1 -1 -1 0 
22 15 149 350 66 30 -1 -1 -1 0 
22 16 192 340 104 45 -1 -1 -1 0 
22 18 558 636 717 80 -1 -1 -1 0 
22 23 420 340 33 22 -1 -1 -1 0 
22 24 350 340 75 29 -1 -1 -1 0 
22 28 594 339 17 16 -1 -1 -1 0 
23 1 756 341 44 27 -1 -1 -1 0 
23 3 643 337 40 35 -1 -1 -1 0 
23 15 129 351 68 30 -1 -1 -1 0 
23 16 117 340 148 50 -1 -1 -1 0 
23 18 558 636 717 81 -1 -1 -1 0 
23 23 413 339 34 24 -1 -1 -1 0 
23 24 333 340 69 31 -1 -1 -1 0 
23 28 595 339 17 16 -1 -1 -1 0 
24 1 756 341 45 27 -1 -1 -1 0 
24 3 644 337 40 35 -1 -1 -1 0 
24 16 54 341 163 53 -1 -1 -1 0 
24 18 559 635 717 81 -1 -1 -1 0 
24 23 404 339 37 26 -1 -1 -1 0 
24 24 302 339 79 35 -1 -1 -1 0 
24 28 594 340 19 15 -1 -1 -1 0 
25 1 755 341 46 27 -1 -1 -1 0 
25 3 644 337 40 35 -1 -1 -1 0 
25 16 6 340 151 59 -1 -1 -1 0 
25 18 559 635 717 81 -1 -1 -1 0 
25 23 375 340 34 23 -1 -1 -1 0 
25 24 260 340 95 38 -1 -1 -1 0 
25 28 595 340 18 14 -1 -1 -1 0 
26 1 756 341 44 27 -1 -1 -1 0 
26 3 644 337 40 35 -1 -1 -1 0 
26 16 0 341 81 61 -1 -1 -1 0 
26 18 556 635 721 81 -1 -1 -1 0 
26 23 360 340 28 23 -1 -1 -1 0 
26 24 206 340 120 42 -1 -1 -1 0 
27 1 756 341 44 27 -1 -1 -1 0 
27 3 645 337 39 35 -1 -1 -1 0 
27 16 0 341 42 64 -1 -1 -1 0 
27 18 556 635 721 80 -1 -1 -1 0 
27 23 350 340 27 23 -1 -1 -1 0 
27 24 134 340 141 48 -1 -1 -1 0 
27 28 593 340 22 14 -1 -1 -1 0 
27 31 349 339 64 29 -1 -1 -1 0 
28 1 756 341 44 27 -1 -1 -1 0 
28 3 645 337 40 35 -1 -1 -1 0 
28 18 555 635 721 80 -1 -1 -1 0 
28 24 25 339 191 55 -1 -1 -1 0 
28 26 203 346 76 33 -1 -1 -1 0 
28 28 593 340 22 14 -1 -1 -1 0 
28 31 335 338 61 31 -1 -1 -1 0 
29 1 755 341 46 28 -1 -1 -1 0 
29 3 645 337 40 35 -1 -1 -1 0 
29 18 559 636 716 79 -1 -1 -1 0 
29 23 429 338 40 21 -1 -1 -1 0 
29 24 1 339 119 58 -1 -1 -1 0 
29 26 170 348 90 35 -1 -1 -1 0 
29 31 319 338 61 34 -1 -1 -1 0 
30 1 754 341 46 28 -1 -1 -1 0 
30 3 646 337 39 35 -1 -1 -1 0 
30 6 94 349 115 41 -1 -1 -1 0 
30 18 560 636 714 80 -1 -1 -1 0 
30 23 437 338 37 21 -1 -1 -1 0 
30 24 0 340 77 59 -1 -1 -1 0 
30 26 176 348 90 34 -1 -1 -1 0 
30 28 594 340 21 14 -1 -1 -1 0 
30 31 295 337 69 37 -1 -1 -1 0 
31 1 754 340 46 29 -1 -1 -1 0 
31 3 647 337 38 35 -1 -1 -1 0 
31 6 90 349 117 41 -1 -1 -1 0 
31 18 559 635 715 81 -1 -1 -1 0 
31 23 437 338 36 22 -1 -1 -1 0 
31 27 23 351 140 44 -1 -1 -1 0 
31 28 595 340 20 13 -1 -1 -1 0 
31 31 265 339 78 39 -1 -1 -1 0 
32 1 753 341 47 28 -1 -1 -1 0 
32 3 646 336 40 36 -1 -1 -1 0 
32 18 556 635 722 81 -1 -1 -1 0 
32 23 432 338 37 24 -1 -1 -1 0 
32 27 19 352 105 45 -1 -1 -1 0 
32 31 229 339 90 42 -1 -1 -1 0 
33 1 753 341 46 28 -1 -1 -1 0 
33 3 647 336 38 36 -1 -1 -1 0 
33 7 668 114 17 50 -1 -1 -1 0 
33 18 554 636 725 80 -1 -1 -1 0 
33 23 425 339 43 24 -1 -1 -1 0 
33 27 19 352 108 46 -1 -1 -1 0 
33 28 428 343 23 14 -1 -1 -1 0 
33 31 184 339 103 46 -1 -1 -1 0 
34 1 753 341 45 28 -1 -1 -1 0 
34 3 648 336 38 35 -1 -1 -1 0 
34 7 668 114 18 51 -1 -1 -1 0 
34 18 560 636 713 80 -1 -1 -1 0 
34 23 417 339 47 24 -1 -1 -1 0 
34 28 397 343 22 16 -1 -1 -1 0 
34 31 124 339 128 51 -1 -1 -1 0 
35 1 752 341 46 28 -1 -1 -1 0 
35 3 647 336 39 35 -1 -1 -1 0 
35 7 669 114 18 51 -1 -1 -1 0 
35 18 559 636 715 81 -1 -1 -1 0 
35 23 406 339 49 26 -1 -1 -1 0 
35 28 379 344 22 15 -1 -1 -1 0 
35 31 48 338 155 57 -1 -1 -1 0 
36 1 752 341 47 28 -1 -1 -1 0 
36 3 648 336 39 35 -1 -1 -1 0 
36 7 669 114 18 51 -1 -1 -1 0 
36 18 558 636 717 81 -1 -1 -1 0 
36 23 394 339 48 27 -1 -1 -1 0 
36 31 3 338 136 62 -1 -1 -1 0 
37 1 752 341 46 28 -1 -1 -1 0 
37 3 648 337 39 34 -1 -1 -1 0 
37 7 669 114 18 51 -1 -1 -1 0 
37 18 556 636 721 81 -1 -1 -1 0 
37 23 373 339 57 29 -1 -1 -1 0 
37 28 264 345 37 18 -1 -1 -1 0 
37 31 0 338 56 64 -1 -1 -1 0 
37 39 103 340 110 44 -1 -1 -1 0 
38 1 751 341 47 28 -1 -1 -1 0 
38 3 649 337 38 34 -1 -1 -1 0 
38 7 669 114 19 51 -1 -1 -1 0 
38 18 557 636 720 81 -1 -1 -1 0 
38 23 361 338 59 30 -1 -1 -1 0 
38 28 239 344 40 19 -1 -1 -1 0 
38 31 0 339 12 66 -1 -1 -1 0 
38 39 42 340 134 48 -1 -1 -1 0 
39 1 752 340 45 29 -1 -1 -1 0 
39 3 649 336 38 34 -1 -1 -1 0 
39 7 669 114 19 51 -1 -1 -1 0 
39 18 558 636 718 81 -1 -1 -1 0 
39 23 355 338 62 31 -1 -1 -1 0 
39 28 221 345 43 19 -1 -1 -1 0 
39 39 0 340 129 51 -1 -1 -1 0 
40 1 750 340 48 29 -1 -1 -1 0 
40 3 650 336 38 34 -1 -1 -1 0 
40 18 559 635 715 82 -1 -1 -1 0 
40 23 327 339 58 31 -1 -1 -1 0 
40 28 204 347 46 18 -1 -1 -1 0 
40 39 0 340 75 52 -1 -1 -1 0 
