3 1 749 343 67 47 -1 -1 -1 0 
3 2 149 310 146 81 -1 -1 -1 0 
3 3 0 374 144 339 -1 -1 -1 0 
3 4 660 313 27 43 -1 -1 -1 0 
3 5 563 343 63 40 -1 -1 -1 0 
4 1 749 343 67 46 -1 -1 -1 0 
4 2 101 307 170 87 -1 -1 -1 0 
4 3 0 345 162 367 -1 -1 -1 0 
4 4 660 313 28 42 -1 -1 -1 0 
4 5 563 342 65 41 -1 -1 -1 0 
4 6 558 634 720 82 -1 -1 -1 0 
4 7 701 337 19 15 -1 -1 -1 0 
5 1 748 343 68 45 -1 -1 -1 0 
5 2 44 306 201 90 -1 -1 -1 0 
5 3 0 317 179 392 -1 -1 -1 0 
5 4 659 312 28 42 -1 -1 -1 0 
5 5 563 342 65 40 -1 -1 -1 0 
5 6 557 635 721 80 -1 -1 -1 0 
5 7 701 336 19 15 -1 -1 -1 0 
6 1 749 343 66 45 -1 -1 -1 0 
6 2 28 304 182 90 -1 -1 -1 0 
6 3 0 292 197 407 -1 -1 -1 0 
6 4 660 312 27 42 -1 -1 -1 0 
6 5 564 342 64 40 -1 -1 -1 0 
6 6 560 636 716 80 -1 -1 -1 0 
6 7 702 336 18 15 -1 -1 -1 0 
7 1 748 343 66 45 -1 -1 -1 0 
7 2 0 301 185 95 -1 -1 -1 0 
7 3 0 270 213 415 -1 -1 -1 0 
7 4 660 312 27 42 -1 -1 -1 0 
7 5 564 341 64 41 -1 -1 -1 0 
7 6 562 636 714 80 -1 -1 -1 0 
7 7 701 336 19 15 -1 -1 -1 0 
8 1 748 343 67 44 -1 -1 -1 0 
8 3 0 246 227 426 -1 -1 -1 0 
8 4 660 311 28 43 -1 -1 -1 0 
8 5 564 340 65 41 -1 -1 -1 0 
8 6 562 635 713 81 -1 -1 -1 0 
8 7 702 336 18 15 -1 -1 -1 0 
9 1 748 342 66 45 -1 -1 -1 0 
9 3 1 225 239 441 -1 -1 -1 0 
9 4 660 311 28 43 -1 -1 -1 0 
9 5 565 340 63 40 -1 -1 -1 0 
9 6 559 635 718 80 -1 -1 -1 0 
9 7 702 336 17 15 -1 -1 -1 0 
10 1 747 342 66 45 -1 -1 -1 0 
10 3 4 204 245 481 -1 -1 -1 0 
10 4 660 312 28 42 -1 -1 -1 0 
10 5 565 340 64 40 -1 -1 -1 0 
10 6 561 635 715 80 -1 -1 -1 0 
10 7 702 336 17 15 -1 -1 -1 0 
11 1 746 342 67 45 -1 -1 -1 0 
11 3 1 191 262 500 -1 -1 -1 0 
11 4 660 312 28 42 -1 -1 -1 0 
11 5 565 340 65 40 -1 -1 -1 0 
11 6 562 634 713 80 -1 -1 -1 0 
11 7 702 336 17 15 -1 -1 -1 0 
12 1 746 343 66 44 -1 -1 -1 0 
12 3 1 174 273 519 -1 -1 -1 0 
12 4 661 313 27 42 -1 -1 -1 0 
12 5 567 339 61 41 -1 -1 -1 0 
12 6 558 635 721 80 -1 -1 -1 0 
12 7 701 338 19 14 -1 -1 -1 0 
13 1 747 344 64 44 -1 -1 -1 0 
13 3 1 158 283 538 -1 -1 -1 0 
13 4 661 313 27 43 -1 -1 -1 0 
13 5 567 342 63 39 -1 -1 -1 0 
13 6 559 635 718 80 -1 -1 -1 0 
13 7 701 338 19 14 -1 -1 -1 0 
14 1 746 344 65 45 -1 -1 -1 0 
14 3 0 153 296 544 -1 -1 -1 0 
14 4 661 314 27 42 -1 -1 -1 0 
14 5 567 343 63 38 -1 -1 -1 0 
14 6 559 635 716 80 -1 -1 -1 0 
14 7 702 338 18 15 -1 -1 -1 0 
14 10 1 157 291 537 -1 -1 -1 0 
15 1 745 344 66 45 -1 -1 -1 0 
15 3 0 151 306 545 -1 -1 -1 0 
15 4 661 314 27 43 -1 -1 -1 0 
15 5 569 343 60 37 -1 -1 -1 0 
15 6 557 635 720 80 -1 -1 -1 0 
15 7 702 338 18 15 -1 -1 -1 0 
15 10 1 158 300 536 -1 -1 -1 0 
16 1 744 345 66 44 -1 -1 -1 0 
16 3 1 149 313 548 -1 -1 -1 0 
16 4 660 314 28 43 -1 -1 -1 0 
16 5 569 342 60 38 -1 -1 -1 0 
16 6 558 635 719 80 -1 -1 -1 0 
16 7 702 338 18 16 -1 -1 -1 0 
16 10 0 159 311 536 -1 -1 -1 0 
17 1 745 345 65 45 -1 -1 -1 0 
17 3 1 135 325 562 -1 -1 -1 0 
17 4 661 314 26 43 -1 -1 -1 0 
17 5 570 342 59 38 -1 -1 -1 0 
17 6 559 635 716 80 -1 -1 -1 0 
17 7 701 338 20 16 -1 -1 -1 0 
17 10 1 160 319 535 -1 -1 -1 0 
18 1 744 345 67 44 -1 -1 -1 0 
18 3 1 150 332 547 -1 -1 -1 0 
18 4 661 314 26 43 -1 -1 -1 0 
18 5 570 342 60 38 -1 -1 -1 0 
18 6 558 635 718 80 -1 -1 -1 0 
18 7 701 338 20 16 -1 -1 -1 0 
18 10 1 160 329 533 -1 -1 -1 0 
19 1 745 345 65 44 -1 -1 -1 0 
19 3 1 139 344 559 -1 -1 -1 0 
19 4 660 314 28 43 -1 -1 -1 0 
19 5 570 342 61 38 -1 -1 -1 0 
19 6 556 635 722 80 -1 -1 -1 0 
19 7 702 337 18 17 -1 -1 -1 0 
19 10 3 155 332 540 -1 -1 -1 0 
20 1 744 344 66 45 -1 -1 -1 0 
20 4 661 314 26 43 -1 -1 -1 0 
20 5 571 344 60 35 -1 -1 -1 0 
20 6 559 635 716 80 -1 -1 -1 0 
20 7 702 337 18 17 -1 -1 -1 0 
20 10 0 158 346 530 -1 -1 -1 0 
21 1 743 344 67 45 -1 -1 -1 0 
21 4 660 314 28 43 -1 -1 -1 0 
21 5 572 344 59 35 -1 -1 -1 0 
21 6 560 634 715 81 -1 -1 -1 0 
21 7 701 337 20 17 -1 -1 -1 0 
21 10 0 160 354 520 -1 -1 -1 0 
22 1 744 344 65 45 -1 -1 -1 0 
22 4 660 314 28 42 -1 -1 -1 0 
22 5 572 344 59 35 -1 -1 -1 0 
22 6 558 634 717 81 -1 -1 -1 0 
22 7 701 337 20 17 -1 -1 -1 0 
22 10 3 160 356 518 -1 -1 -1 0 
23 1 743 344 66 45 -1 -1 -1 0 
23 4 660 314 28 42 -1 -1 -1 0 
23 5 572 344 60 35 -1 -1 -1 0 
23 6 560 634 717 81 -1 -1 -1 0 
23 7 701 338 20 16 -1 -1 -1 0 
23 10 0 163 367 496 -1 -1 -1 0 
24 1 742 344 66 45 -1 -1 -1 0 
24 4 660 314 28 42 -1 -1 -1 0 
24 5 572 344 60 35 -1 -1 -1 0 
24 6 566 634 709 81 -1 -1 -1 0 
24 7 701 338 20 16 -1 -1 -1 0 
24 10 1 163 371 488 -1 -1 -1 0 
25 1 742 344 66 45 -1 -1 -1 0 
25 4 660 314 27 43 -1 -1 -1 0 
25 5 573 343 57 36 -1 -1 -1 0 
25 6 560 633 717 82 -1 -1 -1 0 
25 7 701 338 20 17 -1 -1 -1 0 
25 10 3 164 373 486 -1 -1 -1 0 
26 1 742 344 66 45 -1 -1 -1 0 
26 4 660 314 28 43 -1 -1 -1 0 
26 5 573 343 59 36 -1 -1 -1 0 
26 6 556 634 723 81 -1 -1 -1 0 
26 7 701 337 19 18 -1 -1 -1 0 
26 10 3 164 379 487 -1 -1 -1 0 
27 1 741 343 67 45 -1 -1 -1 0 
27 4 660 313 28 43 -1 -1 -1 0 
27 5 574 343 58 35 -1 -1 -1 0 
27 6 557 634 721 81 -1 -1 -1 0 
27 7 701 337 19 18 -1 -1 -1 0 
27 10 6 164 380 483 -1 -1 -1 0 
28 1 741 343 67 45 -1 -1 -1 0 
28 4 661 313 28 43 -1 -1 -1 0 
28 5 575 343 58 35 -1 -1 -1 0 
28 6 560 634 714 81 -1 -1 -1 0 
28 10 4 165 388 505 -1 -1 -1 0 
29 1 743 342 66 45 -1 -1 -1 0 
29 4 661 313 29 43 -1 -1 -1 0 
29 5 577 342 57 35 -1 -1 -1 0 
29 6 556 634 722 81 -1 -1 -1 0 
29 10 6 164 392 527 -1 -1 -1 0 
30 1 744 343 66 45 -1 -1 -1 0 
30 3 0 159 412 551 -1 -1 -1 0 
30 4 662 314 28 41 -1 -1 -1 0 
30 5 578 342 56 35 -1 -1 -1 0 
30 6 558 634 718 81 -1 -1 -1 0 
30 10 4 164 400 538 -1 -1 -1 0 
31 1 745 343 65 45 -1 -1 -1 0 
31 3 0 157 420 554 -1 -1 -1 0 
31 4 663 314 28 41 -1 -1 -1 0 
31 5 580 342 56 35 -1 -1 -1 0 
31 6 559 634 716 81 -1 -1 -1 0 
31 10 2 163 410 547 -1 -1 -1 0 
32 1 746 343 64 45 -1 -1 -1 0 
32 4 663 314 29 41 -1 -1 -1 0 
32 5 581 342 56 35 -1 -1 -1 0 
32 6 558 635 719 80 -1 -1 -1 0 
32 10 2 163 417 549 -1 -1 -1 0 
33 1 746 343 65 44 -1 -1 -1 0 
33 4 663 314 29 41 -1 -1 -1 0 
33 5 581 342 57 35 -1 -1 -1 0 
33 6 560 635 715 80 -1 -1 -1 0 
33 10 2 160 421 551 -1 -1 -1 0 
34 1 746 343 66 44 -1 -1 -1 0 
34 4 664 315 28 40 -1 -1 -1 0 
34 5 582 342 56 35 -1 -1 -1 0 
34 6 562 635 715 80 -1 -1 -1 0 
34 7 517 342 40 15 -1 -1 -1 0 
34 10 2 157 427 553 -1 -1 -1 0 
35 1 747 343 65 44 -1 -1 -1 0 
35 4 664 315 29 40 -1 -1 -1 0 
35 5 583 342 55 34 -1 -1 -1 0 
35 6 562 635 713 80 -1 -1 -1 0 
35 7 503 343 41 15 -1 -1 -1 0 
35 10 1 154 433 554 -1 -1 -1 0 
36 1 747 343 65 44 -1 -1 -1 0 
36 4 665 314 29 41 -1 -1 -1 0 
36 5 584 342 55 34 -1 -1 -1 0 
36 6 559 635 719 80 -1 -1 -1 0 
36 10 0 149 441 551 -1 -1 -1 0 
37 1 747 343 65 44 -1 -1 -1 0 
37 4 666 314 27 41 -1 -1 -1 0 
37 5 586 342 52 33 -1 -1 -1 0 
37 6 556 635 723 80 -1 -1 -1 0 
37 10 0 146 446 541 -1 -1 -1 0 
38 1 747 343 65 44 -1 -1 -1 0 
38 4 665 314 29 41 -1 -1 -1 0 
38 5 586 342 53 33 -1 -1 -1 0 
38 6 559 635 717 80 -1 -1 -1 0 
38 7 473 344 43 17 -1 -1 -1 0 
38 10 0 144 451 527 -1 -1 -1 0 
39 1 747 343 65 44 -1 -1 -1 0 
39 4 666 314 28 41 -1 -1 -1 0 
39 5 585 342 55 32 -1 -1 -1 0 
39 6 559 635 717 80 -1 -1 -1 0 
39 7 469 345 42 17 -1 -1 -1 0 
39 10 1 140 452 521 -1 -1 -1 0 
40 1 747 344 64 44 -1 -1 -1 0 
40 4 666 314 28 41 -1 -1 -1 0 
40 5 587 342 52 33 -1 -1 -1 0 
40 6 557 635 720 80 -1 -1 -1 0 
40 7 462 346 44 16 -1 -1 -1 0 
40 10 1 139 456 516 -1 -1 -1 0 
