3 1 683 346 53 49 -1 -1 -1 0 
3 2 773 347 55 37 -1 -1 -1 0 
4 1 682 346 54 49 -1 -1 -1 0 
4 2 774 347 55 38 -1 -1 -1 0 
4 3 683 346 53 48 -1 -1 -1 0 
5 1 683 346 53 48 -1 -1 -1 0 
5 2 774 347 55 39 -1 -1 -1 0 
5 3 683 346 52 48 -1 -1 -1 0 
6 1 684 346 52 48 -1 -1 -1 0 
6 2 774 346 57 40 -1 -1 -1 0 
6 3 684 346 52 48 -1 -1 -1 0 
7 1 685 345 51 48 -1 -1 -1 0 
7 2 774 347 57 39 -1 -1 -1 0 
7 3 685 346 52 48 -1 -1 -1 0 
8 1 685 345 52 48 -1 -1 -1 0 
8 2 775 347 56 40 -1 -1 -1 0 
8 3 685 346 51 48 -1 -1 -1 0 
9 1 685 345 51 48 -1 -1 -1 0 
9 2 774 347 58 40 -1 -1 -1 0 
9 3 686 346 51 48 -1 -1 -1 0 
10 1 686 345 51 48 -1 -1 -1 0 
10 2 775 348 57 39 -1 -1 -1 0 
10 3 685 346 52 47 -1 -1 -1 0 
11 1 685 345 52 47 -1 -1 -1 0 
11 2 775 347 58 39 -1 -1 -1 0 
11 3 686 345 51 47 -1 -1 -1 0 
12 1 686 345 51 47 -1 -1 -1 0 
12 2 776 347 56 39 -1 -1 -1 0 
12 3 686 345 50 47 -1 -1 -1 0 
13 1 686 344 50 47 -1 -1 -1 0 
13 2 776 347 57 40 -1 -1 -1 0 
13 3 686 345 51 46 -1 -1 -1 0 
13 6 557 635 722 79 -1 -1 -1 0 
14 1 686 344 51 47 -1 -1 -1 0 
14 2 776 346 57 41 -1 -1 -1 0 
14 3 687 344 50 46 -1 -1 -1 0 
14 6 562 635 713 79 -1 -1 -1 0 
15 1 686 344 50 47 -1 -1 -1 0 
15 2 775 346 59 40 -1 -1 -1 0 
15 3 687 344 49 46 -1 -1 -1 0 
15 6 558 635 718 79 -1 -1 -1 0 
16 1 686 344 51 46 -1 -1 -1 0 
16 2 776 346 57 40 -1 -1 -1 0 
16 3 687 344 50 46 -1 -1 -1 0 
16 6 558 635 718 79 -1 -1 -1 0 
17 1 687 344 49 46 -1 -1 -1 0 
17 2 776 346 58 41 -1 -1 -1 0 
17 3 687 344 49 47 -1 -1 -1 0 
17 6 564 635 712 79 -1 -1 -1 0 
18 1 687 344 50 46 -1 -1 -1 0 
18 2 776 346 59 41 -1 -1 -1 0 
18 3 687 344 50 46 -1 -1 -1 0 
18 6 560 634 717 80 -1 -1 -1 0 
19 1 688 344 48 46 -1 -1 -1 0 
19 2 777 346 57 41 -1 -1 -1 0 
19 3 687 344 50 46 -1 -1 -1 0 
19 6 563 634 712 80 -1 -1 -1 0 
20 1 687 344 50 46 -1 -1 -1 0 
20 2 777 346 58 41 -1 -1 -1 0 
20 3 688 344 49 45 -1 -1 -1 0 
20 6 561 634 714 80 -1 -1 -1 0 
21 1 688 345 48 45 -1 -1 -1 0 
21 2 776 347 59 41 -1 -1 -1 0 
21 3 688 345 48 45 -1 -1 -1 0 
21 6 563 634 712 80 -1 -1 -1 0 
22 1 689 344 47 45 -1 -1 -1 0 
22 2 777 347 59 41 -1 -1 -1 0 
22 3 688 345 49 44 -1 -1 -1 0 
22 6 560 634 719 81 -1 -1 -1 0 
23 1 688 345 49 44 -1 -1 -1 0 
23 2 777 347 59 41 -1 -1 -1 0 
23 3 689 345 48 44 -1 -1 -1 0 
23 6 568 634 708 81 -1 -1 -1 0 
24 1 689 344 47 45 -1 -1 -1 0 
24 2 777 346 59 41 -1 -1 -1 0 
24 3 689 344 48 44 -1 -1 -1 0 
24 6 565 634 711 81 -1 -1 -1 0 
25 1 688 344 49 44 -1 -1 -1 0 
25 2 778 346 57 41 -1 -1 -1 0 
25 3 689 344 48 44 -1 -1 -1 0 
25 6 565 634 711 81 -1 -1 -1 0 
26 1 689 344 48 44 -1 -1 -1 0 
26 2 777 346 59 41 -1 -1 -1 0 
26 3 689 344 48 43 -1 -1 -1 0 
26 6 569 634 709 81 -1 -1 -1 0 
27 1 689 344 47 44 -1 -1 -1 0 
27 2 776 346 61 42 -1 -1 -1 0 
27 3 689 343 48 44 -1 -1 -1 0 
27 6 565 634 711 81 -1 -1 -1 0 
28 1 689 344 47 44 -1 -1 -1 0 
28 2 777 346 59 42 -1 -1 -1 0 
28 6 565 634 712 81 -1 -1 -1 0 
29 1 688 344 48 44 -1 -1 -1 0 
29 2 776 346 61 42 -1 -1 -1 0 
30 1 689 344 47 43 -1 -1 -1 0 
30 2 777 346 60 42 -1 -1 -1 0 
30 3 690 344 46 43 -1 -1 -1 0 
30 6 561 634 716 81 -1 -1 -1 0 
31 1 689 344 46 43 -1 -1 -1 0 
31 2 778 346 59 42 -1 -1 -1 0 
31 3 689 344 47 43 -1 -1 -1 0 
31 6 561 634 717 82 -1 -1 -1 0 
32 1 689 343 46 43 -1 -1 -1 0 
32 2 777 346 62 42 -1 -1 -1 0 
32 3 689 344 47 42 -1 -1 -1 0 
32 6 559 634 718 81 -1 -1 -1 0 
33 1 690 343 45 43 -1 -1 -1 0 
33 2 778 346 60 42 -1 -1 -1 0 
33 3 689 344 46 42 -1 -1 -1 0 
33 6 558 635 720 80 -1 -1 -1 0 
34 1 690 343 45 43 -1 -1 -1 0 
34 2 778 346 60 42 -1 -1 -1 0 
34 3 689 344 46 42 -1 -1 -1 0 
34 6 566 634 708 81 -1 -1 -1 0 
35 1 688 344 47 41 -1 -1 -1 0 
35 2 777 346 62 43 -1 -1 -1 0 
35 3 689 344 46 41 -1 -1 -1 0 
35 6 566 634 707 80 -1 -1 -1 0 
36 1 688 344 47 41 -1 -1 -1 0 
36 2 778 346 62 43 -1 -1 -1 0 
36 3 689 343 45 42 -1 -1 -1 0 
37 1 689 344 45 41 -1 -1 -1 0 
37 2 777 346 63 43 -1 -1 -1 0 
37 3 688 344 47 41 -1 -1 -1 0 
38 1 689 344 45 41 -1 -1 -1 0 
38 2 777 347 63 42 -1 -1 -1 0 
38 3 688 344 46 41 -1 -1 -1 0 
38 6 557 634 720 80 -1 -1 -1 0 
39 1 689 344 44 41 -1 -1 -1 0 
39 2 778 347 61 42 -1 -1 -1 0 
39 3 689 344 45 41 -1 -1 -1 0 
39 6 557 633 720 81 -1 -1 -1 0 
40 1 688 343 46 42 -1 -1 -1 0 
40 2 778 347 62 43 -1 -1 -1 0 
40 3 689 345 45 40 -1 -1 -1 0 
