3 1 596 345 45 35 -1 -1 -1 0 
3 2 364 347 37 17 -1 -1 -1 0 
3 3 678 342 22 17 -1 -1 -1 0 
4 1 595 344 45 35 -1 -1 -1 0 
4 2 349 347 40 17 -1 -1 -1 0 
4 3 677 343 23 15 -1 -1 -1 0 
5 1 595 344 46 35 -1 -1 -1 0 
5 2 334 347 41 17 -1 -1 -1 0 
5 3 676 342 22 16 -1 -1 -1 0 
6 1 596 344 45 35 -1 -1 -1 0 
6 2 317 348 45 18 -1 -1 -1 0 
6 3 676 342 21 17 -1 -1 -1 0 
7 1 595 345 45 35 -1 -1 -1 0 
7 2 299 350 49 18 -1 -1 -1 0 
7 3 675 342 22 17 -1 -1 -1 0 
8 1 595 345 45 35 -1 -1 -1 0 
8 2 280 350 50 21 -1 -1 -1 0 
8 3 675 342 22 17 -1 -1 -1 0 
9 1 595 346 45 35 -1 -1 -1 0 
9 2 258 352 55 21 -1 -1 -1 0 
9 3 674 343 23 17 -1 -1 -1 0 
10 1 595 346 45 35 -1 -1 -1 0 
10 2 233 353 60 22 -1 -1 -1 0 
10 3 674 344 24 16 -1 -1 -1 0 
11 1 596 347 44 34 -1 -1 -1 0 
11 2 204 354 68 23 -1 -1 -1 0 
11 3 674 344 24 16 -1 -1 -1 0 
12 1 595 347 45 34 -1 -1 -1 0 
12 2 184 354 72 25 -1 -1 -1 0 
12 3 674 345 24 15 -1 -1 -1 0 
13 1 595 347 45 34 -1 -1 -1 0 
13 2 135 355 83 26 -1 -1 -1 0 
13 3 675 345 22 15 -1 -1 -1 0 
14 1 595 347 45 34 -1 -1 -1 0 
14 2 92 356 94 28 -1 -1 -1 0 
14 3 674 345 23 15 -1 -1 -1 0 
15 1 597 346 43 34 -1 -1 -1 0 
15 2 39 357 110 29 -1 -1 -1 0 
15 3 675 344 22 16 -1 -1 -1 0 
16 1 596 346 45 34 -1 -1 -1 0 
16 2 2 358 99 32 -1 -1 -1 0 
16 3 674 344 23 17 -1 -1 -1 0 
17 1 596 346 45 34 -1 -1 -1 0 
17 2 0 359 69 32 -1 -1 -1 0 
17 3 675 343 22 17 -1 -1 -1 0 
18 1 596 346 45 33 -1 -1 -1 0 
18 3 675 341 21 18 -1 -1 -1 0 
18 6 566 636 706 79 -1 -1 -1 0 
19 1 597 345 43 34 -1 -1 -1 0 
19 3 675 340 21 18 -1 -1 -1 0 
19 6 560 636 714 79 -1 -1 -1 0 
19 7 443 345 28 15 -1 -1 -1 0 
20 1 596 345 45 33 -1 -1 -1 0 
20 3 674 340 23 17 -1 -1 -1 0 
20 6 562 636 710 79 -1 -1 -1 0 
20 7 431 346 28 14 -1 -1 -1 0 
21 1 596 344 45 33 -1 -1 -1 0 
21 3 674 339 22 17 -1 -1 -1 0 
21 6 560 636 713 79 -1 -1 -1 0 
21 7 416 346 33 14 -1 -1 -1 0 
22 1 597 344 43 33 -1 -1 -1 0 
22 3 674 339 21 17 -1 -1 -1 0 
22 6 558 635 716 79 -1 -1 -1 0 
22 7 402 346 34 16 -1 -1 -1 0 
23 1 597 344 43 33 -1 -1 -1 0 
23 3 675 339 20 18 -1 -1 -1 0 
23 6 558 635 715 79 -1 -1 -1 0 
23 7 384 347 41 16 -1 -1 -1 0 
24 1 597 344 43 33 -1 -1 -1 0 
24 3 674 339 22 18 -1 -1 -1 0 
24 6 561 635 711 79 -1 -1 -1 0 
24 7 364 347 46 17 -1 -1 -1 0 
25 1 597 344 44 33 -1 -1 -1 0 
25 3 673 339 23 18 -1 -1 -1 0 
25 6 559 636 716 78 -1 -1 -1 0 
25 7 343 347 44 19 -1 -1 -1 0 
26 1 597 344 44 33 -1 -1 -1 0 
26 3 673 339 23 18 -1 -1 -1 0 
26 6 560 636 707 78 -1 -1 -1 0 
26 7 318 348 46 19 -1 -1 -1 0 
27 1 596 345 44 32 -1 -1 -1 0 
27 3 674 339 21 18 -1 -1 -1 0 
27 6 559 636 713 78 -1 -1 -1 0 
27 7 285 349 70 21 -1 -1 -1 0 
28 1 597 345 42 32 -1 -1 -1 0 
28 3 673 339 22 18 -1 -1 -1 0 
28 6 563 636 705 79 -1 -1 -1 0 
28 7 254 349 78 24 -1 -1 -1 0 
29 1 597 345 41 32 -1 -1 -1 0 
29 3 673 339 22 18 -1 -1 -1 0 
29 6 568 636 698 79 -1 -1 -1 0 
29 7 213 350 91 26 -1 -1 -1 0 
30 1 597 345 41 31 -1 -1 -1 0 
30 3 673 339 22 17 -1 -1 -1 0 
30 6 557 636 717 79 -1 -1 -1 0 
30 7 164 350 105 29 -1 -1 -1 0 
31 1 596 345 42 31 -1 -1 -1 0 
31 3 672 338 22 18 -1 -1 -1 0 
31 6 557 636 717 79 -1 -1 -1 0 
31 7 97 350 119 32 -1 -1 -1 0 
32 1 596 345 41 31 -1 -1 -1 0 
32 3 672 338 22 18 -1 -1 -1 0 
32 6 568 635 696 80 -1 -1 -1 0 
32 7 10 351 156 33 -1 -1 -1 0 
33 1 595 344 43 32 -1 -1 -1 0 
33 3 671 339 23 17 -1 -1 -1 0 
33 6 568 635 696 80 -1 -1 -1 0 
33 7 0 352 130 33 -1 -1 -1 0 
34 1 595 344 42 31 -1 -1 -1 0 
34 3 672 339 21 17 -1 -1 -1 0 
35 1 596 344 40 31 -1 -1 -1 0 
35 3 671 339 22 17 -1 -1 -1 0 
36 1 596 344 41 31 -1 -1 -1 0 
37 1 596 343 42 32 -1 -1 -1 0 
38 1 597 343 40 32 -1 -1 -1 0 
39 1 597 343 40 32 -1 -1 -1 0 
40 1 597 343 40 32 -1 -1 -1 0 
40 6 557 635 718 81 -1 -1 -1 0 
