5 2 1022 334 96 42 -1 -1 -1 0 
6 2 1025 334 96 42 -1 -1 -1 0 
6 3 620 353 29 19 -1 -1 -1 0 
7 3 619 353 31 20 -1 -1 -1 0 
8 3 620 352 31 21 -1 -1 -1 0 
9 3 620 352 31 21 -1 -1 -1 0 
10 2 1044 333 107 48 -1 -1 -1 0 
10 3 620 351 32 21 -1 -1 -1 0 
11 2 1048 334 109 48 -1 -1 -1 0 
11 3 620 351 32 21 -1 -1 -1 0 
11 4 558 635 716 80 -1 -1 -1 0 
12 2 1051 335 114 47 -1 -1 -1 0 
12 4 557 634 718 82 -1 -1 -1 0 
13 2 1058 335 113 47 -1 -1 -1 0 
13 4 557 635 719 81 -1 -1 -1 0 
14 2 1063 335 116 47 -1 -1 -1 0 
14 4 563 635 711 81 -1 -1 -1 0 
15 2 1084 334 99 48 -1 -1 -1 0 
15 4 582 635 689 82 -1 -1 -1 0 
16 2 1090 334 100 49 -1 -1 -1 0 
16 4 578 635 698 81 -1 -1 -1 0 
17 4 579 636 648 80 -1 -1 -1 0 
18 4 566 636 656 80 -1 -1 -1 0 
19 2 1109 333 116 51 -1 -1 -1 0 
19 4 557 635 704 82 -1 -1 -1 0 
20 2 1160 332 70 53 -1 -1 -1 0 
20 4 556 635 705 82 -1 -1 -1 0 
21 2 1170 332 68 54 -1 -1 -1 0 
21 4 568 636 609 80 -1 -1 -1 0 
22 4 571 635 643 81 -1 -1 -1 0 
23 2 1127 333 139 55 -1 -1 -1 0 
23 3 622 354 32 18 -1 -1 -1 0 
23 4 562 635 691 81 -1 -1 -1 0 
24 2 1129 333 146 56 -1 -1 -1 0 
24 3 623 353 30 19 -1 -1 -1 0 
24 4 579 635 673 82 -1 -1 -1 0 
25 2 1137 333 142 57 -1 -1 -1 0 
25 3 623 353 30 19 -1 -1 -1 0 
25 4 582 635 678 82 -1 -1 -1 0 
26 2 1145 332 134 58 -1 -1 -1 0 
26 3 622 352 31 19 -1 -1 -1 0 
26 4 574 635 697 82 -1 -1 -1 0 
26 7 233 354 70 22 -1 -1 -1 0 
27 2 1156 332 123 59 -1 -1 -1 0 
27 3 623 350 30 21 -1 -1 -1 0 
27 4 559 635 717 82 -1 -1 -1 0 
27 7 203 355 63 24 -1 -1 -1 0 
27 8 848 344 40 19 -1 -1 -1 0 
27 9 678 344 24 17 -1 -1 -1 0 
28 2 1165 332 114 60 -1 -1 -1 0 
28 3 623 351 31 20 -1 -1 -1 0 
28 4 557 635 719 81 -1 -1 -1 0 
28 7 165 353 67 29 -1 -1 -1 0 
28 8 848 344 42 20 -1 -1 -1 0 
28 9 679 344 23 17 -1 -1 -1 0 
29 2 1175 332 104 61 -1 -1 -1 0 
29 3 624 349 30 22 -1 -1 -1 0 
29 4 559 636 713 80 -1 -1 -1 0 
29 7 117 353 82 32 -1 -1 -1 0 
29 8 849 345 41 18 -1 -1 -1 0 
29 9 679 343 24 18 -1 -1 -1 0 
29 11 929 343 23 19 -1 -1 -1 0 
30 2 1186 332 93 59 -1 -1 -1 0 
30 3 624 349 32 22 -1 -1 -1 0 
30 4 559 635 713 81 -1 -1 -1 0 
30 7 64 355 97 32 -1 -1 -1 0 
30 8 850 346 40 17 -1 -1 -1 0 
30 9 680 343 23 18 -1 -1 -1 0 
30 11 933 342 26 19 -1 -1 -1 0 
31 2 1198 332 81 60 -1 -1 -1 0 
31 3 624 349 32 21 -1 -1 -1 0 
31 4 559 635 715 80 -1 -1 -1 0 
31 7 6 358 104 34 -1 -1 -1 0 
31 9 680 343 24 18 -1 -1 -1 0 
31 11 938 339 26 22 -1 -1 -1 0 
31 13 143 362 64 22 -1 -1 -1 0 
32 2 1204 332 75 60 -1 -1 -1 0 
32 3 625 346 31 24 -1 -1 -1 0 
32 4 559 635 715 80 -1 -1 -1 0 
32 7 0 360 46 35 -1 -1 -1 0 
32 9 681 343 22 18 -1 -1 -1 0 
32 11 943 340 29 21 -1 -1 -1 0 
32 13 106 364 73 22 -1 -1 -1 0 
32 14 231 360 56 18 -1 -1 -1 0 
33 3 625 346 32 24 -1 -1 -1 0 
33 4 560 635 713 80 -1 -1 -1 0 
33 7 0 361 8 36 -1 -1 -1 0 
33 8 489 348 22 13 -1 -1 -1 0 
33 9 681 343 22 18 -1 -1 -1 0 
33 11 949 341 28 20 -1 -1 -1 0 
33 13 66 366 77 25 -1 -1 -1 0 
33 14 202 361 60 20 -1 -1 -1 0 
34 3 626 346 30 24 -1 -1 -1 0 
34 4 558 634 717 80 -1 -1 -1 0 
34 8 451 349 22 12 -1 -1 -1 0 
34 9 682 343 20 18 -1 -1 -1 0 
34 11 956 340 26 21 -1 -1 -1 0 
34 13 16 367 90 26 -1 -1 -1 0 
34 14 167 362 69 21 -1 -1 -1 0 
35 3 627 345 30 25 -1 -1 -1 0 
35 4 556 635 716 79 -1 -1 -1 0 
35 8 434 349 25 12 -1 -1 -1 0 
35 9 681 344 21 17 -1 -1 -1 0 
35 11 961 340 29 21 -1 -1 -1 0 
35 13 0 368 61 27 -1 -1 -1 0 
35 14 126 363 79 22 -1 -1 -1 0 
36 3 625 344 33 26 -1 -1 -1 0 
36 4 558 635 714 79 -1 -1 -1 0 
36 8 426 349 24 13 -1 -1 -1 0 
36 9 681 346 20 15 -1 -1 -1 0 
36 11 968 340 28 21 -1 -1 -1 0 
36 13 0 370 30 27 -1 -1 -1 0 
36 14 79 365 89 24 -1 -1 -1 0 
36 17 238 359 64 19 -1 -1 -1 0 
37 3 626 345 31 25 -1 -1 -1 0 
37 4 561 635 705 80 -1 -1 -1 0 
37 8 418 349 26 13 -1 -1 -1 0 
37 9 682 346 19 15 -1 -1 -1 0 
37 11 974 340 30 21 -1 -1 -1 0 
37 14 20 366 104 27 -1 -1 -1 0 
37 17 194 361 79 20 -1 -1 -1 0 
38 3 627 344 30 25 -1 -1 -1 0 
38 4 559 635 711 80 -1 -1 -1 0 
38 8 412 349 27 14 -1 -1 -1 0 
38 9 682 347 18 13 -1 -1 -1 0 
38 11 981 340 29 22 -1 -1 -1 0 
38 14 0 368 73 26 -1 -1 -1 0 
38 17 144 362 95 21 -1 -1 -1 0 
39 3 627 344 30 25 -1 -1 -1 0 
39 4 557 634 716 81 -1 -1 -1 0 
39 8 401 349 35 14 -1 -1 -1 0 
39 9 682 347 17 14 -1 -1 -1 0 
39 11 988 340 30 22 -1 -1 -1 0 
39 14 0 369 37 28 -1 -1 -1 0 
39 17 87 363 100 25 -1 -1 -1 0 
40 3 626 344 31 25 -1 -1 -1 0 
40 4 560 634 708 81 -1 -1 -1 0 
40 8 392 350 36 14 -1 -1 -1 0 
40 9 681 347 19 14 -1 -1 -1 0 
40 11 994 341 32 22 -1 -1 -1 0 
40 17 8 365 124 30 -1 -1 -1 0 
