3 1 1011 347 246 91 -1 -1 -1 0 
3 2 804 339 55 36 -1 -1 -1 0 
3 3 72 368 101 33 -1 -1 -1 0 
3 4 640 341 60 52 -1 -1 -1 0 
3 7 283 360 49 21 -1 -1 -1 0 
4 1 1010 347 243 90 -1 -1 -1 0 
4 2 804 339 54 36 -1 -1 -1 0 
4 3 4 372 125 34 -1 -1 -1 0 
4 4 641 341 58 51 -1 -1 -1 0 
4 7 262 360 50 23 -1 -1 -1 0 
5 1 1009 346 240 90 -1 -1 -1 0 
5 2 803 338 54 36 -1 -1 -1 0 
5 3 0 374 68 35 -1 -1 -1 0 
5 4 643 339 56 53 -1 -1 -1 0 
5 7 239 361 57 24 -1 -1 -1 0 
6 1 1008 345 239 91 -1 -1 -1 0 
6 2 803 338 54 36 -1 -1 -1 0 
6 3 0 376 33 36 -1 -1 -1 0 
6 4 643 339 56 52 -1 -1 -1 0 
6 7 217 362 61 24 -1 -1 -1 0 
7 1 1006 345 239 91 -1 -1 -1 0 
7 2 803 337 53 36 -1 -1 -1 0 
7 4 644 339 56 52 -1 -1 -1 0 
7 7 190 363 65 26 -1 -1 -1 0 
7 11 369 359 29 13 -1 -1 -1 0 
8 1 1004 344 240 90 -1 -1 -1 0 
8 2 802 336 54 37 -1 -1 -1 0 
8 4 645 339 55 51 -1 -1 -1 0 
8 7 159 363 73 28 -1 -1 -1 0 
8 11 358 359 30 14 -1 -1 -1 0 
9 1 1004 345 235 89 -1 -1 -1 0 
9 2 802 336 53 37 -1 -1 -1 0 
9 4 645 339 56 50 -1 -1 -1 0 
9 7 123 364 83 31 -1 -1 -1 0 
9 11 345 360 31 15 -1 -1 -1 0 
10 1 1003 345 234 89 -1 -1 -1 0 
10 2 801 337 53 36 -1 -1 -1 0 
10 4 646 340 55 50 -1 -1 -1 0 
10 7 82 366 93 33 -1 -1 -1 0 
10 11 331 361 33 15 -1 -1 -1 0 
11 1 1003 345 231 88 -1 -1 -1 0 
11 2 801 338 52 36 -1 -1 -1 0 
11 4 646 340 55 50 -1 -1 -1 0 
11 7 31 368 108 35 -1 -1 -1 0 
11 11 315 363 36 14 -1 -1 -1 0 
12 1 1002 346 229 88 -1 -1 -1 0 
12 2 801 338 52 36 -1 -1 -1 0 
12 4 647 340 53 49 -1 -1 -1 0 
12 7 1 369 95 37 -1 -1 -1 0 
12 11 304 364 37 14 -1 -1 -1 0 
13 1 1001 346 228 88 -1 -1 -1 0 
13 2 801 338 51 36 -1 -1 -1 0 
13 4 647 340 54 50 -1 -1 -1 0 
13 7 0 371 65 38 -1 -1 -1 0 
14 1 1000 346 227 88 -1 -1 -1 0 
14 2 800 339 52 36 -1 -1 -1 0 
14 4 648 339 52 51 -1 -1 -1 0 
14 11 266 365 40 17 -1 -1 -1 0 
14 15 580 636 694 79 -1 -1 -1 0 
15 1 999 347 226 88 -1 -1 -1 0 
15 2 800 339 51 36 -1 -1 -1 0 
15 4 648 339 54 50 -1 -1 -1 0 
15 11 242 365 47 18 -1 -1 -1 0 
15 15 584 636 693 79 -1 -1 -1 0 
16 1 998 347 225 88 -1 -1 -1 0 
16 2 799 339 52 35 -1 -1 -1 0 
16 4 649 339 54 48 -1 -1 -1 0 
16 11 220 366 47 19 -1 -1 -1 0 
16 15 564 634 713 81 -1 -1 -1 0 
16 17 407 356 27 13 -1 -1 -1 0 
17 1 997 347 224 88 -1 -1 -1 0 
17 2 799 339 50 35 -1 -1 -1 0 
17 4 650 339 53 48 -1 -1 -1 0 
17 11 193 366 53 20 -1 -1 -1 0 
17 15 562 633 717 82 -1 -1 -1 0 
17 17 397 356 29 14 -1 -1 -1 0 
18 1 997 347 222 87 -1 -1 -1 0 
18 2 798 339 51 35 -1 -1 -1 0 
18 4 650 339 53 47 -1 -1 -1 0 
18 11 163 367 59 22 -1 -1 -1 0 
18 17 386 355 32 15 -1 -1 -1 0 
19 1 996 347 221 87 -1 -1 -1 0 
19 2 797 339 51 35 -1 -1 -1 0 
19 4 651 339 51 47 -1 -1 -1 0 
19 11 129 367 67 25 -1 -1 -1 0 
19 17 376 356 32 15 -1 -1 -1 0 
20 1 995 347 220 86 -1 -1 -1 0 
20 2 797 338 51 36 -1 -1 -1 0 
20 4 651 339 52 47 -1 -1 -1 0 
20 11 107 368 70 25 -1 -1 -1 0 
20 17 368 356 32 15 -1 -1 -1 0 
21 1 994 347 219 86 -1 -1 -1 0 
21 2 796 338 52 35 -1 -1 -1 0 
21 4 651 341 53 44 -1 -1 -1 0 
21 11 40 372 90 26 -1 -1 -1 0 
22 1 993 347 218 85 -1 -1 -1 0 
22 2 795 338 53 35 -1 -1 -1 0 
22 4 652 341 52 44 -1 -1 -1 0 
22 11 9 373 95 27 -1 -1 -1 0 
22 15 562 635 716 80 -1 -1 -1 0 
22 17 381 356 39 15 -1 -1 -1 0 
23 1 993 346 216 86 -1 -1 -1 0 
23 2 795 338 52 35 -1 -1 -1 0 
23 4 652 341 52 44 -1 -1 -1 0 
23 15 561 635 717 80 -1 -1 -1 0 
23 17 372 356 40 16 -1 -1 -1 0 
24 1 991 346 216 85 -1 -1 -1 0 
24 2 795 338 51 35 -1 -1 -1 0 
24 4 652 342 53 42 -1 -1 -1 0 
24 17 356 357 43 17 -1 -1 -1 0 
25 1 991 346 214 85 -1 -1 -1 0 
25 2 794 338 52 35 -1 -1 -1 0 
25 4 654 342 50 42 -1 -1 -1 0 
25 15 561 635 715 80 -1 -1 -1 0 
25 17 335 358 47 16 -1 -1 -1 0 
26 1 990 346 212 84 -1 -1 -1 0 
26 2 795 338 50 35 -1 -1 -1 0 
26 4 655 342 48 41 -1 -1 -1 0 
26 15 561 635 715 80 -1 -1 -1 0 
26 17 313 358 46 19 -1 -1 -1 0 
27 1 989 347 212 83 -1 -1 -1 0 
27 2 795 338 50 35 -1 -1 -1 0 
27 4 656 340 48 43 -1 -1 -1 0 
27 17 303 359 48 18 -1 -1 -1 0 
28 1 989 347 210 83 -1 -1 -1 0 
28 2 795 338 49 35 -1 -1 -1 0 
28 4 656 340 49 43 -1 -1 -1 0 
28 17 244 361 65 21 -1 -1 -1 0 
29 1 987 347 211 83 -1 -1 -1 0 
29 2 794 338 49 34 -1 -1 -1 0 
29 4 656 341 49 42 -1 -1 -1 0 
29 17 228 361 68 22 -1 -1 -1 0 
30 1 987 347 208 83 -1 -1 -1 0 
30 2 793 338 50 34 -1 -1 -1 0 
30 4 657 341 47 42 -1 -1 -1 0 
31 1 986 347 208 83 -1 -1 -1 0 
31 2 793 338 49 34 -1 -1 -1 0 
31 4 656 343 49 40 -1 -1 -1 0 
31 15 559 634 717 81 -1 -1 -1 0 
31 17 120 367 79 26 -1 -1 -1 0 
32 1 985 347 207 82 -1 -1 -1 0 
32 2 794 338 47 34 -1 -1 -1 0 
32 4 657 342 47 41 -1 -1 -1 0 
32 15 560 633 716 82 -1 -1 -1 0 
32 17 92 368 71 29 -1 -1 -1 0 
33 1 985 347 206 82 -1 -1 -1 0 
33 2 792 339 50 33 -1 -1 -1 0 
33 4 657 342 48 41 -1 -1 -1 0 
33 15 558 634 721 80 -1 -1 -1 0 
33 17 64 369 74 30 -1 -1 -1 0 
33 25 14 372 102 33 -1 -1 -1 0 
34 1 984 347 205 81 -1 -1 -1 0 
34 2 793 339 47 33 -1 -1 -1 0 
34 4 658 343 47 39 -1 -1 -1 0 
34 15 561 635 717 79 -1 -1 -1 0 
34 25 8 373 73 34 -1 -1 -1 0 
35 1 984 346 203 82 -1 -1 -1 0 
35 2 792 339 48 33 -1 -1 -1 0 
35 4 658 342 47 40 -1 -1 -1 0 
35 15 561 635 717 79 -1 -1 -1 0 
35 25 0 373 74 35 -1 -1 -1 0 
36 1 982 346 204 81 -1 -1 -1 0 
36 2 792 338 48 34 -1 -1 -1 0 
36 4 658 343 48 39 -1 -1 -1 0 
36 15 562 635 715 79 -1 -1 -1 0 
37 1 980 345 205 82 -1 -1 -1 0 
37 2 791 338 49 34 -1 -1 -1 0 
37 4 659 341 45 41 -1 -1 -1 0 
37 15 561 635 716 79 -1 -1 -1 0 
38 1 981 345 202 82 -1 -1 -1 0 
38 2 791 338 48 33 -1 -1 -1 0 
38 4 660 339 44 42 -1 -1 -1 0 
38 15 561 635 715 78 -1 -1 -1 0 
38 28 290 364 42 15 -1 -1 -1 0 
39 1 980 344 202 83 -1 -1 -1 0 
39 2 790 337 48 34 -1 -1 -1 0 
39 4 660 339 45 42 -1 -1 -1 0 
39 15 560 635 716 79 -1 -1 -1 0 
39 28 267 365 48 15 -1 -1 -1 0 
40 1 979 344 201 82 -1 -1 -1 0 
40 2 789 337 49 34 -1 -1 -1 0 
40 4 660 338 44 43 -1 -1 -1 0 
40 15 560 635 716 79 -1 -1 -1 0 
40 28 244 366 51 15 -1 -1 -1 0 
