3 1 868 344 90 48 -1 -1 -1 0 
3 3 496 339 18 15 -1 -1 -1 0 
4 1 872 343 91 49 -1 -1 -1 0 
4 3 494 339 20 15 -1 -1 -1 0 
4 5 428 341 24 15 -1 -1 -1 0 
5 1 874 344 96 48 -1 -1 -1 0 
5 3 491 338 23 16 -1 -1 -1 0 
5 5 424 341 25 16 -1 -1 -1 0 
6 1 878 344 99 49 -1 -1 -1 0 
6 3 514 338 26 16 -1 -1 -1 0 
6 5 436 340 26 18 -1 -1 -1 0 
7 1 883 344 98 50 -1 -1 -1 0 
7 3 496 340 24 16 -1 -1 -1 0 
7 5 416 340 44 19 -1 -1 -1 0 
7 11 686 340 28 16 -1 -1 -1 0 
8 1 885 344 103 51 -1 -1 -1 0 
8 3 485 342 25 15 -1 -1 -1 0 
8 5 407 339 51 22 -1 -1 -1 0 
8 11 663 338 28 17 -1 -1 -1 0 
8 12 49 335 154 61 -1 -1 -1 0 
9 1 888 344 105 51 -1 -1 -1 0 
9 3 479 345 24 13 -1 -1 -1 0 
9 5 400 339 55 23 -1 -1 -1 0 
9 11 656 338 28 17 -1 -1 -1 0 
9 12 2 335 148 66 -1 -1 -1 0 
10 1 894 345 103 52 -1 -1 -1 0 
10 3 508 342 21 14 -1 -1 -1 0 
10 5 391 339 60 24 -1 -1 -1 0 
10 11 653 337 29 18 -1 -1 -1 0 
10 12 0 334 116 70 -1 -1 -1 0 
10 15 690 340 20 16 -1 -1 -1 0 
11 1 896 345 109 53 -1 -1 -1 0 
11 3 517 340 20 15 -1 -1 -1 0 
11 5 383 339 63 24 -1 -1 -1 0 
11 11 653 337 29 18 -1 -1 -1 0 
11 15 692 340 18 16 -1 -1 -1 0 
12 1 900 346 110 53 -1 -1 -1 0 
12 3 519 338 20 17 -1 -1 -1 0 
12 5 373 340 65 24 -1 -1 -1 0 
12 11 653 337 30 17 -1 -1 -1 0 
12 15 691 340 20 16 -1 -1 -1 0 
12 16 150 350 87 31 -1 -1 -1 0 
12 17 462 341 28 19 -1 -1 -1 0 
13 1 905 346 111 55 -1 -1 -1 0 
13 3 517 338 20 17 -1 -1 -1 0 
13 5 364 338 66 27 -1 -1 -1 0 
13 11 653 338 31 16 -1 -1 -1 0 
13 15 691 340 21 16 -1 -1 -1 0 
13 16 102 351 99 33 -1 -1 -1 0 
13 17 456 341 28 20 -1 -1 -1 0 
14 1 908 346 114 56 -1 -1 -1 0 
14 3 519 338 20 17 -1 -1 -1 0 
14 5 351 337 72 29 -1 -1 -1 0 
14 11 654 338 30 16 -1 -1 -1 0 
14 15 691 340 21 16 -1 -1 -1 0 
14 16 40 352 117 36 -1 -1 -1 0 
14 17 448 341 31 21 -1 -1 -1 0 
15 1 912 346 117 57 -1 -1 -1 0 
15 3 511 338 21 18 -1 -1 -1 0 
15 5 338 338 76 29 -1 -1 -1 0 
15 11 655 338 31 16 -1 -1 -1 0 
15 15 693 340 18 16 -1 -1 -1 0 
15 16 2 353 101 40 -1 -1 -1 0 
15 17 438 340 34 24 -1 -1 -1 0 
16 1 915 347 122 57 -1 -1 -1 0 
16 3 509 338 19 19 -1 -1 -1 0 
16 5 324 338 76 32 -1 -1 -1 0 
16 11 655 339 32 15 -1 -1 -1 0 
16 15 693 340 19 15 -1 -1 -1 0 
16 16 0 354 36 43 -1 -1 -1 0 
16 17 430 340 35 25 -1 -1 -1 0 
17 1 920 347 122 58 -1 -1 -1 0 
17 3 504 338 20 19 -1 -1 -1 0 
17 5 307 339 82 33 -1 -1 -1 0 
17 11 656 338 31 16 -1 -1 -1 0 
17 15 694 340 19 15 -1 -1 -1 0 
17 16 0 355 -2 45 -1 -1 -1 0 
17 17 418 340 39 27 -1 -1 -1 0 
18 1 924 347 127 59 -1 -1 -1 0 
18 3 501 337 18 21 -1 -1 -1 0 
18 5 288 339 85 35 -1 -1 -1 0 
18 11 656 338 32 16 -1 -1 -1 0 
18 15 695 340 19 15 -1 -1 -1 0 
18 17 405 340 43 28 -1 -1 -1 0 
19 1 928 347 131 60 -1 -1 -1 0 
19 3 494 339 21 20 -1 -1 -1 0 
19 5 266 339 93 36 -1 -1 -1 0 
19 11 657 338 32 16 -1 -1 -1 0 
19 15 695 340 20 14 -1 -1 -1 0 
19 17 391 340 46 29 -1 -1 -1 0 
20 1 932 347 136 61 -1 -1 -1 0 
20 3 489 337 20 23 -1 -1 -1 0 
20 5 241 339 98 39 -1 -1 -1 0 
20 11 656 337 33 17 -1 -1 -1 0 
20 15 695 340 21 14 -1 -1 -1 0 
20 17 375 339 50 31 -1 -1 -1 0 
21 1 937 347 138 62 -1 -1 -1 0 
21 3 482 334 20 26 -1 -1 -1 0 
21 5 214 339 100 42 -1 -1 -1 0 
21 11 655 338 36 16 -1 -1 -1 0 
21 15 696 340 22 14 -1 -1 -1 0 
21 17 355 339 56 33 -1 -1 -1 0 
22 1 940 347 144 63 -1 -1 -1 0 
22 3 473 336 22 26 -1 -1 -1 0 
22 5 176 340 112 46 -1 -1 -1 0 
22 11 656 338 34 15 -1 -1 -1 0 
22 15 696 340 21 14 -1 -1 -1 0 
22 17 332 339 63 35 -1 -1 -1 0 
23 1 946 346 144 64 -1 -1 -1 0 
23 3 464 337 24 26 -1 -1 -1 0 
23 5 125 338 130 52 -1 -1 -1 0 
23 11 656 338 35 15 -1 -1 -1 0 
23 15 697 340 20 13 -1 -1 -1 0 
23 17 305 339 69 37 -1 -1 -1 0 
24 1 951 346 148 67 -1 -1 -1 0 
24 3 453 337 26 27 -1 -1 -1 0 
24 5 56 339 158 57 -1 -1 -1 0 
24 11 656 338 37 15 -1 -1 -1 0 
24 15 697 339 20 14 -1 -1 -1 0 
24 17 272 340 79 39 -1 -1 -1 0 
25 1 954 346 155 68 -1 -1 -1 0 
25 3 441 336 27 30 -1 -1 -1 0 
25 5 5 338 157 60 -1 -1 -1 0 
25 11 658 336 33 17 -1 -1 -1 0 
25 15 697 339 20 14 -1 -1 -1 0 
25 17 230 340 93 43 -1 -1 -1 0 
26 1 959 346 159 69 -1 -1 -1 0 
26 3 425 336 32 31 -1 -1 -1 0 
26 5 0 338 131 63 -1 -1 -1 0 
26 11 658 334 33 18 -1 -1 -1 0 
26 15 697 339 21 14 -1 -1 -1 0 
26 17 177 339 109 48 -1 -1 -1 0 
27 1 963 346 164 71 -1 -1 -1 0 
27 3 408 336 38 31 -1 -1 -1 0 
27 11 657 335 36 17 -1 -1 -1 0 
27 15 698 339 19 14 -1 -1 -1 0 
27 17 104 339 139 52 -1 -1 -1 0 
28 1 968 346 168 72 -1 -1 -1 0 
28 3 387 335 45 33 -1 -1 -1 0 
28 11 656 335 37 17 -1 -1 -1 0 
28 15 698 339 19 13 -1 -1 -1 0 
28 17 16 337 164 60 -1 -1 -1 0 
29 1 973 347 175 74 -1 -1 -1 0 
29 3 362 335 53 35 -1 -1 -1 0 
29 11 658 334 33 18 -1 -1 -1 0 
29 15 698 339 19 14 -1 -1 -1 0 
29 17 0 338 98 61 -1 -1 -1 0 
29 21 556 634 723 81 -1 -1 -1 0 
30 1 977 347 182 75 -1 -1 -1 0 
30 3 332 335 62 37 -1 -1 -1 0 
30 11 657 333 34 19 -1 -1 -1 0 
30 15 698 338 19 15 -1 -1 -1 0 
30 17 0 338 56 64 -1 -1 -1 0 
30 21 563 635 713 79 -1 -1 -1 0 
31 1 983 347 186 77 -1 -1 -1 0 
31 3 293 334 80 41 -1 -1 -1 0 
31 15 699 338 18 15 -1 -1 -1 0 
31 21 570 635 704 79 -1 -1 -1 0 
32 1 988 347 193 78 -1 -1 -1 0 
32 3 244 333 103 46 -1 -1 -1 0 
32 11 658 333 22 18 -1 -1 -1 0 
32 15 698 338 20 15 -1 -1 -1 0 
32 21 566 634 710 80 -1 -1 -1 0 
33 1 994 347 200 80 -1 -1 -1 0 
33 3 178 332 136 52 -1 -1 -1 0 
33 11 657 333 20 17 -1 -1 -1 0 
33 15 697 339 22 14 -1 -1 -1 0 
33 21 566 633 711 81 -1 -1 -1 0 
34 1 1000 347 206 83 -1 -1 -1 0 
34 3 80 331 192 62 -1 -1 -1 0 
34 11 656 333 21 17 -1 -1 -1 0 
34 15 699 339 18 14 -1 -1 -1 0 
34 21 558 634 719 80 -1 -1 -1 0 
35 1 1005 347 216 85 -1 -1 -1 0 
35 3 12 330 183 69 -1 -1 -1 0 
35 11 655 334 22 17 -1 -1 -1 0 
35 15 697 339 22 14 -1 -1 -1 0 
35 21 557 634 720 80 -1 -1 -1 0 
36 1 1010 348 227 86 -1 -1 -1 0 
36 3 1 328 87 74 -1 -1 -1 0 
36 11 655 334 22 17 -1 -1 -1 0 
36 15 698 339 20 14 -1 -1 -1 0 
36 21 558 634 718 80 -1 -1 -1 0 
37 1 1017 348 236 88 -1 -1 -1 0 
37 3 0 328 42 77 -1 -1 -1 0 
37 11 655 335 22 16 -1 -1 -1 0 
37 15 698 339 21 14 -1 -1 -1 0 
37 21 556 635 722 79 -1 -1 -1 0 
38 1 1022 349 246 89 -1 -1 -1 0 
38 11 655 337 20 16 -1 -1 -1 0 
38 15 698 339 21 15 -1 -1 -1 0 
38 21 561 635 713 80 -1 -1 -1 0 
39 1 1032 350 245 92 -1 -1 -1 0 
39 11 655 337 20 14 -1 -1 -1 0 
39 15 698 339 21 15 -1 -1 -1 0 
39 21 558 635 717 80 -1 -1 -1 0 
40 1 1041 350 238 95 -1 -1 -1 0 
40 11 654 338 20 14 -1 -1 -1 0 
40 15 698 340 22 14 -1 -1 -1 0 
40 21 558 635 719 80 -1 -1 -1 0 
40 23 421 338 36 24 -1 -1 -1 0 
