3 1 564 343 55 42 -1 -1 -1 0 
3 2 694 336 25 24 -1 -1 -1 0 
3 3 450 338 30 17 -1 -1 -1 0 
3 4 566 634 706 80 -1 -1 -1 0 
4 1 563 343 56 42 -1 -1 -1 0 
4 2 693 336 26 24 -1 -1 -1 0 
4 3 437 339 32 17 -1 -1 -1 0 
4 4 564 635 710 79 -1 -1 -1 0 
5 1 564 343 55 42 -1 -1 -1 0 
5 2 693 337 26 23 -1 -1 -1 0 
5 3 425 339 38 17 -1 -1 -1 0 
5 4 562 635 713 79 -1 -1 -1 0 
6 1 564 342 54 42 -1 -1 -1 0 
6 2 693 337 26 23 -1 -1 -1 0 
6 3 413 339 38 17 -1 -1 -1 0 
6 4 570 636 702 78 -1 -1 -1 0 
7 1 563 342 55 42 -1 -1 -1 0 
7 2 693 337 24 23 -1 -1 -1 0 
7 3 400 339 41 18 -1 -1 -1 0 
7 4 571 636 701 78 -1 -1 -1 0 
8 1 565 342 52 41 -1 -1 -1 0 
8 2 693 336 24 24 -1 -1 -1 0 
8 3 386 339 43 20 -1 -1 -1 0 
8 4 568 636 706 78 -1 -1 -1 0 
9 1 564 342 54 41 -1 -1 -1 0 
9 2 692 336 26 24 -1 -1 -1 0 
9 3 369 339 48 21 -1 -1 -1 0 
9 4 564 636 709 78 -1 -1 -1 0 
10 1 565 340 53 43 -1 -1 -1 0 
10 2 692 335 25 25 -1 -1 -1 0 
10 3 353 339 50 21 -1 -1 -1 0 
10 4 561 636 712 79 -1 -1 -1 0 
11 1 565 340 53 42 -1 -1 -1 0 
11 2 691 335 27 25 -1 -1 -1 0 
11 3 335 339 53 21 -1 -1 -1 0 
11 4 570 636 702 79 -1 -1 -1 0 
12 1 565 341 54 42 -1 -1 -1 0 
12 2 692 335 25 24 -1 -1 -1 0 
12 3 313 339 60 24 -1 -1 -1 0 
12 4 562 636 712 79 -1 -1 -1 0 
13 1 565 341 54 42 -1 -1 -1 0 
13 2 691 335 25 24 -1 -1 -1 0 
13 3 291 339 63 25 -1 -1 -1 0 
13 4 562 636 712 79 -1 -1 -1 0 
14 1 566 341 52 41 -1 -1 -1 0 
14 2 691 335 25 24 -1 -1 -1 0 
14 3 267 340 68 26 -1 -1 -1 0 
14 4 562 636 711 79 -1 -1 -1 0 
15 1 567 341 51 41 -1 -1 -1 0 
15 2 691 335 25 24 -1 -1 -1 0 
15 3 240 339 75 28 -1 -1 -1 0 
15 4 560 636 714 78 -1 -1 -1 0 
16 1 567 341 51 41 -1 -1 -1 0 
16 2 691 335 26 24 -1 -1 -1 0 
16 3 207 339 85 30 -1 -1 -1 0 
16 4 559 636 714 78 -1 -1 -1 0 
17 1 567 341 52 40 -1 -1 -1 0 
17 2 691 335 25 24 -1 -1 -1 0 
17 3 172 340 92 32 -1 -1 -1 0 
17 4 568 636 702 78 -1 -1 -1 0 
18 1 568 341 51 40 -1 -1 -1 0 
18 2 692 335 24 23 -1 -1 -1 0 
18 3 127 340 107 33 -1 -1 -1 0 
18 4 566 636 694 79 -1 -1 -1 0 
19 1 568 341 50 40 -1 -1 -1 0 
19 2 691 335 26 23 -1 -1 -1 0 
19 3 75 340 125 35 -1 -1 -1 0 
19 4 563 636 707 79 -1 -1 -1 0 
19 10 1116 367 37 26 -1 -1 -1 0 
20 1 569 341 49 40 -1 -1 -1 0 
20 2 692 335 24 23 -1 -1 -1 0 
20 3 44 340 131 37 -1 -1 -1 0 
20 4 568 635 699 80 -1 -1 -1 0 
20 10 1182 374 46 32 -1 -1 -1 0 
21 1 568 341 51 39 -1 -1 -1 0 
21 2 691 335 25 23 -1 -1 -1 0 
21 3 3 341 101 39 -1 -1 -1 0 
21 4 562 636 703 79 -1 -1 -1 0 
21 10 1214 376 53 34 -1 -1 -1 0 
22 1 569 340 50 40 -1 -1 -1 0 
22 2 691 335 26 23 -1 -1 -1 0 
22 3 0 342 71 39 -1 -1 -1 0 
22 4 563 636 697 79 -1 -1 -1 0 
22 10 1235 380 44 33 -1 -1 -1 0 
23 1 569 341 52 39 -1 -1 -1 0 
23 2 692 335 24 23 -1 -1 -1 0 
23 4 560 636 699 78 -1 -1 -1 0 
23 10 1256 387 23 29 -1 -1 -1 0 
24 1 569 342 52 38 -1 -1 -1 0 
24 2 691 335 26 24 -1 -1 -1 0 
24 4 560 636 698 78 -1 -1 -1 0 
24 10 1281 390 -2 30 -1 -1 -1 0 
25 1 571 341 50 39 -1 -1 -1 0 
25 2 691 335 27 24 -1 -1 -1 0 
26 1 571 341 50 39 -1 -1 -1 0 
26 2 692 335 25 24 -1 -1 -1 0 
26 10 1220 371 48 36 -1 -1 -1 0 
27 1 572 341 50 39 -1 -1 -1 0 
27 2 692 335 26 24 -1 -1 -1 0 
27 4 573 636 695 79 -1 -1 -1 0 
27 10 1231 371 48 37 -1 -1 -1 0 
28 1 572 341 50 39 -1 -1 -1 0 
28 2 692 335 25 24 -1 -1 -1 0 
28 4 563 636 704 79 -1 -1 -1 0 
29 1 573 342 49 38 -1 -1 -1 0 
29 2 692 335 26 24 -1 -1 -1 0 
29 4 563 636 704 80 -1 -1 -1 0 
30 1 573 341 50 39 -1 -1 -1 0 
30 2 693 335 25 24 -1 -1 -1 0 
30 10 1127 355 36 34 -1 -1 -1 0 
31 1 574 341 49 39 -1 -1 -1 0 
31 2 693 335 24 24 -1 -1 -1 0 
31 4 560 636 704 79 -1 -1 -1 0 
31 10 1121 351 42 37 -1 -1 -1 0 
32 1 575 341 49 38 -1 -1 -1 0 
32 2 692 336 26 23 -1 -1 -1 0 
32 4 556 636 716 79 -1 -1 -1 0 
32 10 1117 349 44 38 -1 -1 -1 0 
32 17 1160 349 53 46 -1 -1 -1 0 
33 1 575 340 48 39 -1 -1 -1 0 
33 2 693 336 25 23 -1 -1 -1 0 
33 4 565 636 706 79 -1 -1 -1 0 
33 10 1162 349 54 44 -1 -1 -1 0 
33 17 1146 351 51 41 -1 -1 -1 0 
34 1 575 340 49 39 -1 -1 -1 0 
34 2 693 336 24 23 -1 -1 -1 0 
34 4 561 636 710 78 -1 -1 -1 0 
34 10 1179 349 59 46 -1 -1 -1 0 
34 17 1145 352 50 39 -1 -1 -1 0 
35 1 576 340 47 38 -1 -1 -1 0 
35 2 692 336 26 23 -1 -1 -1 0 
35 4 562 636 695 78 -1 -1 -1 0 
35 10 1195 349 63 48 -1 -1 -1 0 
35 17 1160 351 52 40 -1 -1 -1 0 
36 1 576 340 48 38 -1 -1 -1 0 
36 2 692 336 26 23 -1 -1 -1 0 
36 4 562 636 694 78 -1 -1 -1 0 
36 10 1211 351 62 49 -1 -1 -1 0 
36 17 1171 351 55 43 -1 -1 -1 0 
37 1 576 339 49 38 -1 -1 -1 0 
37 2 693 336 24 23 -1 -1 -1 0 
37 10 1231 352 46 49 -1 -1 -1 0 
37 17 1186 351 53 45 -1 -1 -1 0 
38 1 576 339 48 37 -1 -1 -1 0 
38 2 693 336 24 22 -1 -1 -1 0 
38 10 1212 351 62 48 -1 -1 -1 0 
38 17 1192 351 54 45 -1 -1 -1 0 
39 1 576 339 48 37 -1 -1 -1 0 
39 2 693 336 24 22 -1 -1 -1 0 
39 10 1216 350 63 49 -1 -1 -1 0 
40 1 577 339 47 37 -1 -1 -1 0 
40 2 692 336 26 22 -1 -1 -1 0 
40 10 1194 359 47 38 -1 -1 -1 0 
40 17 1231 354 45 46 -1 -1 -1 0 
