3 1 569 356 35 25 -1 -1 -1 0 
3 3 634 348 25 20 -1 -1 -1 0 
4 1 568 356 37 24 -1 -1 -1 0 
4 3 636 346 24 22 -1 -1 -1 0 
5 1 570 353 34 25 -1 -1 -1 0 
5 3 635 345 26 21 -1 -1 -1 0 
6 1 570 350 34 25 -1 -1 -1 0 
6 3 636 344 25 19 -1 -1 -1 0 
7 1 569 349 35 25 -1 -1 -1 0 
7 3 637 341 24 20 -1 -1 -1 0 
8 1 568 348 36 24 -1 -1 -1 0 
8 3 636 341 24 19 -1 -1 -1 0 
9 1 568 347 37 24 -1 -1 -1 0 
9 3 635 342 25 17 -1 -1 -1 0 
10 1 569 348 34 24 -1 -1 -1 0 
10 3 636 342 24 18 -1 -1 -1 0 
11 1 569 348 34 25 -1 -1 -1 0 
11 3 636 342 23 19 -1 -1 -1 0 
12 1 569 349 34 25 -1 -1 -1 0 
12 3 636 342 24 20 -1 -1 -1 0 
13 1 569 349 34 25 -1 -1 -1 0 
13 3 635 344 26 20 -1 -1 -1 0 
14 1 569 349 34 25 -1 -1 -1 0 
14 3 635 346 25 18 -1 -1 -1 0 
15 1 569 349 34 25 -1 -1 -1 0 
15 3 637 345 23 19 -1 -1 -1 0 
16 1 570 348 34 25 -1 -1 -1 0 
16 3 636 345 25 18 -1 -1 -1 0 
17 1 571 348 33 25 -1 -1 -1 0 
17 3 636 343 25 18 -1 -1 -1 0 
18 1 570 347 34 25 -1 -1 -1 0 
18 3 638 342 23 19 -1 -1 -1 0 
19 1 571 346 34 25 -1 -1 -1 0 
19 3 638 342 23 18 -1 -1 -1 0 
20 1 571 346 34 24 -1 -1 -1 0 
21 1 572 346 33 24 -1 -1 -1 0 
21 3 639 341 24 19 -1 -1 -1 0 
22 1 572 348 35 23 -1 -1 -1 0 
22 3 639 342 24 19 -1 -1 -1 0 
23 1 572 349 35 23 -1 -1 -1 0 
23 3 639 345 23 17 -1 -1 -1 0 
24 1 573 350 34 23 -1 -1 -1 0 
24 3 640 345 22 19 -1 -1 -1 0 
25 1 573 352 33 23 -1 -1 -1 0 
25 3 639 343 24 22 -1 -1 -1 0 
26 1 574 353 33 23 -1 -1 -1 0 
26 3 639 343 24 22 -1 -1 -1 0 
27 1 574 353 33 23 -1 -1 -1 0 
28 1 574 353 33 24 -1 -1 -1 0 
29 1 574 352 33 24 -1 -1 -1 0 
29 3 641 347 23 19 -1 -1 -1 0 
29 18 288 362 38 19 -1 -1 -1 0 
30 1 574 351 35 23 -1 -1 -1 0 
30 3 641 347 23 18 -1 -1 -1 0 
30 18 258 361 52 21 -1 -1 -1 0 
31 1 575 349 33 23 -1 -1 -1 0 
31 3 642 346 21 18 -1 -1 -1 0 
31 18 231 360 56 22 -1 -1 -1 0 
32 1 576 348 32 23 -1 -1 -1 0 
32 3 642 346 22 16 -1 -1 -1 0 
32 18 190 359 75 24 -1 -1 -1 0 
33 1 577 348 32 23 -1 -1 -1 0 
33 3 643 346 21 16 -1 -1 -1 0 
33 18 162 361 73 24 -1 -1 -1 0 
34 1 576 347 33 23 -1 -1 -1 0 
34 3 643 346 21 16 -1 -1 -1 0 
34 18 139 363 57 25 -1 -1 -1 0 
35 1 577 348 33 22 -1 -1 -1 0 
35 3 643 346 20 16 -1 -1 -1 0 
35 18 83 365 82 27 -1 -1 -1 0 
36 1 577 348 33 23 -1 -1 -1 0 
36 3 643 344 21 18 -1 -1 -1 0 
36 18 49 367 67 29 -1 -1 -1 0 
37 1 577 350 33 23 -1 -1 -1 0 
37 3 643 346 22 17 -1 -1 -1 0 
37 18 2 369 59 33 -1 -1 -1 0 
38 1 577 350 33 23 -1 -1 -1 0 
38 3 644 347 20 16 -1 -1 -1 0 
38 18 0 370 22 34 -1 -1 -1 0 
38 19 304 354 48 24 -1 -1 -1 0 
38 20 368 356 42 18 -1 -1 -1 0 
39 1 576 351 34 22 -1 -1 -1 0 
39 3 644 347 19 18 -1 -1 -1 0 
39 19 273 356 62 25 -1 -1 -1 0 
39 20 354 357 43 19 -1 -1 -1 0 
40 1 577 351 33 22 -1 -1 -1 0 
40 3 644 348 19 17 -1 -1 -1 0 
40 19 240 357 69 26 -1 -1 -1 0 
40 20 338 358 45 20 -1 -1 -1 0 
