3 1 439 354 129 79 -1 -1 -1 0 
3 2 887 334 122 69 -1 -1 -1 0 
3 3 648 345 69 56 -1 -1 -1 0 
3 4 1063 341 98 40 -1 -1 -1 0 
3 6 704 311 37 47 -1 -1 -1 0 
3 7 440 345 35 18 -1 -1 -1 0 
3 8 628 341 21 20 -1 -1 -1 0 
3 10 565 635 713 78 -1 -1 -1 0 
4 1 442 353 129 79 -1 -1 -1 0 
4 2 885 333 125 69 -1 -1 -1 0 
4 3 648 347 69 53 -1 -1 -1 0 
4 4 1068 340 98 41 -1 -1 -1 0 
4 6 704 311 35 48 -1 -1 -1 0 
4 7 427 346 43 18 -1 -1 -1 0 
4 8 627 341 24 21 -1 -1 -1 0 
4 10 563 636 715 77 -1 -1 -1 0 
5 1 447 353 126 77 -1 -1 -1 0 
5 2 884 333 124 68 -1 -1 -1 0 
5 3 649 345 66 55 -1 -1 -1 0 
5 4 1072 340 101 42 -1 -1 -1 0 
5 6 704 311 36 48 -1 -1 -1 0 
5 7 416 346 43 20 -1 -1 -1 0 
5 8 628 341 22 20 -1 -1 -1 0 
5 10 570 636 704 77 -1 -1 -1 0 
5 11 492 343 21 14 -1 -1 -1 0 
6 1 451 354 123 74 -1 -1 -1 0 
6 2 883 333 124 68 -1 -1 -1 0 
6 3 649 346 66 54 -1 -1 -1 0 
6 4 1077 340 103 42 -1 -1 -1 0 
6 6 704 311 35 48 -1 -1 -1 0 
6 7 403 347 45 20 -1 -1 -1 0 
6 8 627 341 23 20 -1 -1 -1 0 
6 10 575 636 699 77 -1 -1 -1 0 
6 11 486 342 24 15 -1 -1 -1 0 
7 1 455 354 120 73 -1 -1 -1 0 
7 2 882 334 123 67 -1 -1 -1 0 
7 3 649 346 66 54 -1 -1 -1 0 
7 4 1081 340 104 43 -1 -1 -1 0 
7 6 704 311 35 48 -1 -1 -1 0 
7 7 388 347 50 22 -1 -1 -1 0 
7 8 628 341 22 20 -1 -1 -1 0 
7 10 565 636 711 78 -1 -1 -1 0 
7 11 480 343 24 16 -1 -1 -1 0 
8 1 460 353 116 72 -1 -1 -1 0 
8 2 882 334 121 67 -1 -1 -1 0 
8 3 650 344 65 56 -1 -1 -1 0 
8 4 1083 341 109 43 -1 -1 -1 0 
8 6 703 311 36 48 -1 -1 -1 0 
8 7 372 348 55 22 -1 -1 -1 0 
8 8 628 340 22 21 -1 -1 -1 0 
8 10 561 636 716 78 -1 -1 -1 0 
8 11 474 343 23 17 -1 -1 -1 0 
9 1 464 352 112 71 -1 -1 -1 0 
9 2 881 333 121 68 -1 -1 -1 0 
9 3 649 343 66 57 -1 -1 -1 0 
9 4 1087 341 112 42 -1 -1 -1 0 
9 6 701 311 38 48 -1 -1 -1 0 
9 7 356 348 57 23 -1 -1 -1 0 
9 8 627 341 23 19 -1 -1 -1 0 
9 10 560 635 715 79 -1 -1 -1 0 
9 11 466 343 26 18 -1 -1 -1 0 
10 1 468 351 109 71 -1 -1 -1 0 
10 2 880 333 119 68 -1 -1 -1 0 
10 3 649 342 66 58 -1 -1 -1 0 
10 4 1094 340 109 43 -1 -1 -1 0 
10 6 701 311 37 48 -1 -1 -1 0 
10 7 336 348 64 24 -1 -1 -1 0 
10 8 627 341 23 19 -1 -1 -1 0 
10 10 560 635 716 79 -1 -1 -1 0 
10 11 458 342 27 19 -1 -1 -1 0 
11 1 470 351 108 68 -1 -1 -1 0 
11 2 879 332 120 69 -1 -1 -1 0 
11 3 649 341 66 58 -1 -1 -1 0 
11 4 1099 340 112 43 -1 -1 -1 0 
11 6 701 309 36 49 -1 -1 -1 0 
11 7 315 349 68 24 -1 -1 -1 0 
11 8 628 339 20 20 -1 -1 -1 0 
11 10 574 635 699 78 -1 -1 -1 0 
11 11 450 343 29 19 -1 -1 -1 0 
12 1 474 350 106 67 -1 -1 -1 0 
12 2 878 332 121 68 -1 -1 -1 0 
12 3 649 340 66 58 -1 -1 -1 0 
12 4 1102 340 117 43 -1 -1 -1 0 
12 6 701 309 36 49 -1 -1 -1 0 
12 7 291 349 73 26 -1 -1 -1 0 
12 8 628 338 20 20 -1 -1 -1 0 
12 10 561 635 717 78 -1 -1 -1 0 
12 11 442 343 28 20 -1 -1 -1 0 
13 1 477 350 104 66 -1 -1 -1 0 
13 2 878 332 119 68 -1 -1 -1 0 
13 3 650 341 66 57 -1 -1 -1 0 
13 4 1109 339 116 45 -1 -1 -1 0 
13 6 700 308 38 49 -1 -1 -1 0 
13 7 262 349 85 27 -1 -1 -1 0 
13 8 627 338 22 20 -1 -1 -1 0 
13 10 574 635 700 78 -1 -1 -1 0 
13 11 432 343 33 20 -1 -1 -1 0 
14 1 480 350 102 65 -1 -1 -1 0 
14 2 877 332 119 67 -1 -1 -1 0 
14 3 650 341 66 56 -1 -1 -1 0 
14 4 1114 339 119 45 -1 -1 -1 0 
14 6 700 308 37 49 -1 -1 -1 0 
14 7 231 349 93 30 -1 -1 -1 0 
14 8 628 338 20 19 -1 -1 -1 0 
14 10 569 635 708 78 -1 -1 -1 0 
14 11 423 343 34 21 -1 -1 -1 0 
15 1 483 350 100 64 -1 -1 -1 0 
15 2 877 333 118 67 -1 -1 -1 0 
15 3 651 341 64 57 -1 -1 -1 0 
15 4 1119 340 123 45 -1 -1 -1 0 
15 6 701 309 35 49 -1 -1 -1 0 
15 7 196 350 101 33 -1 -1 -1 0 
15 8 628 339 21 19 -1 -1 -1 0 
15 10 570 635 707 78 -1 -1 -1 0 
15 11 411 344 38 22 -1 -1 -1 0 
16 1 487 350 96 64 -1 -1 -1 0 
16 2 876 333 118 67 -1 -1 -1 0 
16 3 650 343 67 55 -1 -1 -1 0 
16 4 1127 340 123 47 -1 -1 -1 0 
16 6 700 310 38 48 -1 -1 -1 0 
16 7 148 352 120 36 -1 -1 -1 0 
16 8 628 340 21 19 -1 -1 -1 0 
16 10 565 636 712 77 -1 -1 -1 0 
16 11 399 345 40 22 -1 -1 -1 0 
17 1 489 349 97 64 -1 -1 -1 0 
17 2 875 333 117 67 -1 -1 -1 0 
17 3 651 343 65 55 -1 -1 -1 0 
17 4 1132 341 127 46 -1 -1 -1 0 
17 6 700 311 38 47 -1 -1 -1 0 
17 7 90 353 143 39 -1 -1 -1 0 
17 8 628 340 22 19 -1 -1 -1 0 
17 10 576 636 696 78 -1 -1 -1 0 
17 11 387 345 42 23 -1 -1 -1 0 
18 1 491 350 96 61 -1 -1 -1 0 
18 2 876 333 115 67 -1 -1 -1 0 
18 3 651 343 65 55 -1 -1 -1 0 
18 4 1140 342 129 46 -1 -1 -1 0 
18 6 701 311 36 47 -1 -1 -1 0 
18 7 15 354 172 44 -1 -1 -1 0 
18 8 629 340 22 19 -1 -1 -1 0 
18 10 565 636 712 78 -1 -1 -1 0 
18 11 374 347 39 23 -1 -1 -1 0 
19 1 494 352 94 59 -1 -1 -1 0 
19 2 874 334 117 67 -1 -1 -1 0 
19 3 651 344 65 55 -1 -1 -1 0 
19 4 1146 343 130 47 -1 -1 -1 0 
19 6 701 311 36 48 -1 -1 -1 0 
19 7 0 358 132 46 -1 -1 -1 0 
19 8 629 341 22 18 -1 -1 -1 0 
19 10 560 636 719 78 -1 -1 -1 0 
19 11 357 348 49 24 -1 -1 -1 0 
20 1 498 352 91 58 -1 -1 -1 0 
20 2 874 334 116 67 -1 -1 -1 0 
20 3 652 344 64 55 -1 -1 -1 0 
20 4 1154 343 125 48 -1 -1 -1 0 
20 6 701 310 36 49 -1 -1 -1 0 
20 7 0 361 66 45 -1 -1 -1 0 
20 8 630 341 21 18 -1 -1 -1 0 
20 10 563 634 712 80 -1 -1 -1 0 
20 11 341 349 52 24 -1 -1 -1 0 
21 1 501 352 89 57 -1 -1 -1 0 
21 2 874 334 115 67 -1 -1 -1 0 
21 3 653 344 63 55 -1 -1 -1 0 
21 4 1162 344 117 47 -1 -1 -1 0 
21 6 700 310 38 49 -1 -1 -1 0 
21 7 0 363 29 46 -1 -1 -1 0 
21 8 630 341 22 18 -1 -1 -1 0 
21 10 562 634 715 80 -1 -1 -1 0 
21 11 323 349 55 27 -1 -1 -1 0 
21 15 0 476 129 235 -1 -1 -1 0 
22 1 503 352 87 56 -1 -1 -1 0 
22 2 873 334 116 67 -1 -1 -1 0 
22 3 653 344 63 55 -1 -1 -1 0 
22 4 1169 344 110 48 -1 -1 -1 0 
22 6 701 309 36 50 -1 -1 -1 0 
22 8 632 341 19 18 -1 -1 -1 0 
22 10 563 634 714 80 -1 -1 -1 0 
22 11 303 349 59 29 -1 -1 -1 0 
22 15 0 463 160 242 -1 -1 -1 0 
23 1 506 352 86 55 -1 -1 -1 0 
23 2 872 335 116 65 -1 -1 -1 0 
23 3 653 344 62 55 -1 -1 -1 0 
23 4 1175 345 104 47 -1 -1 -1 0 
23 6 700 310 38 49 -1 -1 -1 0 
23 8 632 341 19 18 -1 -1 -1 0 
23 10 558 635 721 78 -1 -1 -1 0 
23 11 277 350 67 31 -1 -1 -1 0 
23 15 0 454 192 234 -1 -1 -1 0 
23 18 458 350 27 14 -1 -1 -1 0 
24 1 509 352 83 54 -1 -1 -1 0 
24 2 872 335 114 65 -1 -1 -1 0 
24 3 653 343 63 56 -1 -1 -1 0 
24 4 1184 345 95 47 -1 -1 -1 0 
24 6 701 309 36 50 -1 -1 -1 0 
24 8 632 340 20 19 -1 -1 -1 0 
24 10 563 635 712 78 -1 -1 -1 0 
24 11 249 351 75 32 -1 -1 -1 0 
24 15 0 434 215 233 -1 -1 -1 0 
24 18 448 350 27 15 -1 -1 -1 0 
24 19 503 343 24 18 -1 -1 -1 0 
24 20 379 351 61 20 -1 -1 -1 0 
25 1 510 351 84 54 -1 -1 -1 0 
25 2 872 334 114 66 -1 -1 -1 0 
25 3 653 344 64 55 -1 -1 -1 0 
25 4 1193 345 86 48 -1 -1 -1 0 
25 6 700 308 37 50 -1 -1 -1 0 
25 8 633 340 19 19 -1 -1 -1 0 
25 10 561 635 715 78 -1 -1 -1 0 
25 11 217 351 83 35 -1 -1 -1 0 
25 15 1 409 233 253 -1 -1 -1 0 
25 18 438 349 30 17 -1 -1 -1 0 
25 19 496 343 27 18 -1 -1 -1 0 
25 20 402 350 28 18 -1 -1 -1 0 
26 1 513 351 82 53 -1 -1 -1 0 
26 2 871 334 113 65 -1 -1 -1 0 
26 3 653 344 64 55 -1 -1 -1 0 
26 4 1201 346 78 47 -1 -1 -1 0 
26 6 701 307 36 51 -1 -1 -1 0 
26 8 633 339 20 19 -1 -1 -1 0 
26 10 560 634 715 79 -1 -1 -1 0 
26 11 180 351 93 38 -1 -1 -1 0 
26 15 2 389 254 271 -1 -1 -1 0 
26 18 427 349 32 18 -1 -1 -1 0 
26 19 488 342 31 17 -1 -1 -1 0 
26 20 391 349 34 19 -1 -1 -1 0 
27 1 516 350 80 53 -1 -1 -1 0 
27 2 870 334 114 65 -1 -1 -1 0 
27 3 654 344 63 54 -1 -1 -1 0 
27 4 1211 345 68 48 -1 -1 -1 0 
27 6 702 307 35 51 -1 -1 -1 0 
27 8 633 338 19 19 -1 -1 -1 0 
27 10 559 634 717 81 -1 -1 -1 0 
27 11 135 352 108 40 -1 -1 -1 0 
27 15 2 375 274 286 -1 -1 -1 0 
27 18 414 351 38 16 -1 -1 -1 0 
27 19 480 343 31 18 -1 -1 -1 0 
27 20 377 351 38 20 -1 -1 -1 0 
27 21 301 352 73 27 -1 -1 -1 0 
28 1 518 349 79 53 -1 -1 -1 0 
28 2 870 334 113 65 -1 -1 -1 0 
28 3 655 342 62 56 -1 -1 -1 0 
28 4 1220 345 59 48 -1 -1 -1 0 
28 6 700 306 39 51 -1 -1 -1 0 
28 8 633 338 20 18 -1 -1 -1 0 
28 10 557 634 719 81 -1 -1 -1 0 
28 11 86 353 120 43 -1 -1 -1 0 
28 15 1 365 295 297 -1 -1 -1 0 
28 18 404 351 35 16 -1 -1 -1 0 
28 19 471 344 31 17 -1 -1 -1 0 
28 20 361 352 43 20 -1 -1 -1 0 
28 21 263 353 83 30 -1 -1 -1 0 
29 1 521 349 78 52 -1 -1 -1 0 
29 2 870 333 112 65 -1 -1 -1 0 
29 3 656 341 62 56 -1 -1 -1 0 
29 4 1229 348 50 46 -1 -1 -1 0 
29 6 702 306 36 51 -1 -1 -1 0 
29 8 633 337 20 19 -1 -1 -1 0 
29 10 556 634 723 80 -1 -1 -1 0 
29 11 39 354 128 40 -1 -1 -1 0 
29 15 2 358 311 306 -1 -1 -1 0 
29 18 389 352 39 16 -1 -1 -1 0 
29 19 461 344 36 18 -1 -1 -1 0 
29 20 344 352 45 22 -1 -1 -1 0 
29 21 218 354 95 33 -1 -1 -1 0 
30 1 524 348 76 52 -1 -1 -1 0 
30 2 870 333 112 65 -1 -1 -1 0 
30 3 656 341 62 56 -1 -1 -1 0 
30 4 1239 351 40 44 -1 -1 -1 0 
30 6 703 307 35 49 -1 -1 -1 0 
30 8 634 338 20 17 -1 -1 -1 0 
30 10 561 634 715 80 -1 -1 -1 0 
30 11 5 355 135 41 -1 -1 -1 0 
30 15 0 353 331 313 -1 -1 -1 0 
30 18 374 352 42 19 -1 -1 -1 0 
30 19 451 343 38 21 -1 -1 -1 0 
30 20 327 353 46 24 -1 -1 -1 0 
30 21 172 357 102 34 -1 -1 -1 0 
31 1 527 348 75 52 -1 -1 -1 0 
31 2 870 332 112 65 -1 -1 -1 0 
31 3 657 340 62 57 -1 -1 -1 0 
31 4 1250 358 29 37 -1 -1 -1 0 
31 6 704 306 34 50 -1 -1 -1 0 
31 8 635 339 19 16 -1 -1 -1 0 
31 10 557 635 722 79 -1 -1 -1 0 
31 15 5 351 335 334 -1 -1 -1 0 
31 18 357 353 45 19 -1 -1 -1 0 
31 19 437 344 48 20 -1 -1 -1 0 
31 20 305 354 52 24 -1 -1 -1 0 
31 21 151 359 75 33 -1 -1 -1 0 
32 1 530 348 73 51 -1 -1 -1 0 
32 2 870 332 110 64 -1 -1 -1 0 
32 3 658 340 61 57 -1 -1 -1 0 
32 4 1263 365 16 31 -1 -1 -1 0 
32 6 703 306 36 50 -1 -1 -1 0 
32 8 636 339 18 16 -1 -1 -1 0 
32 10 559 635 718 79 -1 -1 -1 0 
32 15 5 350 351 355 -1 -1 -1 0 
32 18 336 355 50 19 -1 -1 -1 0 
32 19 426 344 46 22 -1 -1 -1 0 
32 20 281 355 57 25 -1 -1 -1 0 
32 21 117 360 78 35 -1 -1 -1 0 
33 1 531 348 74 50 -1 -1 -1 0 
33 2 870 333 110 63 -1 -1 -1 0 
33 3 658 340 62 56 -1 -1 -1 0 
33 4 1271 367 8 29 -1 -1 -1 0 
33 6 703 305 36 51 -1 -1 -1 0 
33 8 637 340 18 15 -1 -1 -1 0 
33 10 560 635 716 78 -1 -1 -1 0 
33 15 0 350 373 360 -1 -1 -1 0 
33 18 312 357 57 20 -1 -1 -1 0 
33 19 410 345 51 22 -1 -1 -1 0 
33 20 255 357 60 25 -1 -1 -1 0 
34 1 535 348 70 50 -1 -1 -1 0 
34 2 870 333 109 63 -1 -1 -1 0 
34 3 658 341 63 55 -1 -1 -1 0 
34 6 703 306 37 50 -1 -1 -1 0 
34 8 638 340 17 15 -1 -1 -1 0 
34 10 563 636 715 77 -1 -1 -1 0 
34 15 0 350 389 354 -1 -1 -1 0 
34 18 286 358 61 23 -1 -1 -1 0 
34 19 394 345 54 24 -1 -1 -1 0 
34 20 239 358 51 22 -1 -1 -1 0 
35 1 537 347 70 50 -1 -1 -1 0 
35 2 870 333 109 63 -1 -1 -1 0 
35 3 659 341 62 55 -1 -1 -1 0 
35 6 704 306 36 50 -1 -1 -1 0 
35 8 638 338 19 16 -1 -1 -1 0 
35 10 563 636 713 77 -1 -1 -1 0 
35 15 0 351 405 335 -1 -1 -1 0 
35 18 271 359 52 22 -1 -1 -1 0 
35 19 374 344 64 28 -1 -1 -1 0 
35 20 222 359 52 22 -1 -1 -1 0 
35 23 500 345 27 15 -1 -1 -1 0 
36 1 538 346 71 50 -1 -1 -1 0 
36 2 869 333 110 63 -1 -1 -1 0 
36 3 659 340 63 55 -1 -1 -1 0 
36 6 704 305 36 51 -1 -1 -1 0 
36 8 638 337 19 17 -1 -1 -1 0 
36 10 563 635 712 78 -1 -1 -1 0 
36 15 0 351 416 313 -1 -1 -1 0 
36 18 254 360 55 23 -1 -1 -1 0 
36 19 353 344 72 30 -1 -1 -1 0 
36 23 491 346 29 14 -1 -1 -1 0 
37 1 541 346 69 49 -1 -1 -1 0 
37 2 869 333 110 62 -1 -1 -1 0 
37 3 660 340 62 55 -1 -1 -1 0 
37 6 704 305 37 51 -1 -1 -1 0 
37 8 639 337 19 16 -1 -1 -1 0 
37 10 561 635 715 79 -1 -1 -1 0 
37 15 0 351 424 295 -1 -1 -1 0 
37 19 327 345 82 31 -1 -1 -1 0 
37 23 481 346 32 15 -1 -1 -1 0 
38 1 544 346 67 48 -1 -1 -1 0 
38 2 869 332 109 62 -1 -1 -1 0 
38 3 660 341 63 53 -1 -1 -1 0 
38 6 704 305 37 50 -1 -1 -1 0 
38 8 640 337 18 16 -1 -1 -1 0 
38 10 559 636 718 78 -1 -1 -1 0 
38 15 0 350 433 278 -1 -1 -1 0 
38 19 312 345 75 32 -1 -1 -1 0 
38 23 518 340 24 15 -1 -1 -1 0 
39 1 545 347 67 46 -1 -1 -1 0 
39 2 869 332 109 62 -1 -1 -1 0 
39 3 661 341 62 52 -1 -1 -1 0 
39 6 705 305 36 50 -1 -1 -1 0 
39 8 641 336 18 17 -1 -1 -1 0 
39 10 559 636 718 78 -1 -1 -1 0 
39 15 0 350 443 262 -1 -1 -1 0 
39 19 296 346 79 32 -1 -1 -1 0 
39 23 471 344 40 17 -1 -1 -1 0 
40 1 548 347 65 45 -1 -1 -1 0 
40 2 870 332 107 62 -1 -1 -1 0 
40 3 662 341 61 52 -1 -1 -1 0 
40 6 705 305 36 50 -1 -1 -1 0 
40 8 641 337 19 16 -1 -1 -1 0 
40 10 559 636 719 77 -1 -1 -1 0 
40 15 0 348 450 252 -1 -1 -1 0 
40 23 443 346 46 18 -1 -1 -1 0 
