3 1 507 353 86 61 -1 -1 -1 0 
3 3 827 338 33 16 -1 -1 -1 0 
4 1 506 354 87 60 -1 -1 -1 0 
4 3 828 338 35 17 -1 -1 -1 0 
5 1 507 353 85 61 -1 -1 -1 0 
5 3 828 338 36 17 -1 -1 -1 0 
6 1 507 354 85 61 -1 -1 -1 0 
6 3 835 338 32 17 -1 -1 -1 0 
7 1 506 354 86 60 -1 -1 -1 0 
7 3 836 338 33 18 -1 -1 -1 0 
8 1 506 354 85 60 -1 -1 -1 0 
9 1 506 353 85 60 -1 -1 -1 0 
10 1 506 353 85 60 -1 -1 -1 0 
10 3 836 337 39 19 -1 -1 -1 0 
10 6 561 636 713 79 -1 -1 -1 0 
11 1 507 352 85 60 -1 -1 -1 0 
11 3 838 337 38 18 -1 -1 -1 0 
11 6 560 636 716 80 -1 -1 -1 0 
12 1 508 352 83 59 -1 -1 -1 0 
12 3 840 337 40 17 -1 -1 -1 0 
12 6 561 635 716 80 -1 -1 -1 0 
12 7 1081 331 126 36 -1 -1 -1 0 
13 1 507 352 85 59 -1 -1 -1 0 
13 3 842 337 40 17 -1 -1 -1 0 
13 6 560 635 719 80 -1 -1 -1 0 
13 7 1145 332 83 37 -1 -1 -1 0 
14 1 508 351 83 59 -1 -1 -1 0 
14 3 844 336 41 16 -1 -1 -1 0 
14 6 558 635 720 80 -1 -1 -1 0 
14 7 1165 332 84 38 -1 -1 -1 0 
15 1 508 350 84 59 -1 -1 -1 0 
15 3 847 335 39 17 -1 -1 -1 0 
15 6 558 635 721 80 -1 -1 -1 0 
15 7 1131 329 131 38 -1 -1 -1 0 
16 1 509 350 83 60 -1 -1 -1 0 
16 3 848 335 42 17 -1 -1 -1 0 
16 6 558 635 721 80 -1 -1 -1 0 
16 7 1148 327 105 41 -1 -1 -1 0 
17 1 509 350 83 59 -1 -1 -1 0 
17 3 848 334 45 18 -1 -1 -1 0 
17 7 1138 324 141 44 -1 -1 -1 0 
18 1 510 350 81 58 -1 -1 -1 0 
18 3 851 334 44 17 -1 -1 -1 0 
18 6 561 635 715 80 -1 -1 -1 0 
18 7 1152 324 127 43 -1 -1 -1 0 
19 1 510 350 82 58 -1 -1 -1 0 
19 3 852 333 45 18 -1 -1 -1 0 
19 6 561 635 716 80 -1 -1 -1 0 
19 7 1159 323 120 44 -1 -1 -1 0 
20 1 510 350 82 58 -1 -1 -1 0 
20 3 862 334 35 17 -1 -1 -1 0 
20 6 559 634 717 81 -1 -1 -1 0 
21 1 511 350 81 58 -1 -1 -1 0 
21 3 865 334 34 16 -1 -1 -1 0 
21 6 562 635 715 80 -1 -1 -1 0 
22 1 512 351 80 58 -1 -1 -1 0 
22 3 868 333 33 17 -1 -1 -1 0 
22 6 578 635 696 80 -1 -1 -1 0 
23 1 512 352 81 58 -1 -1 -1 0 
23 6 565 635 714 80 -1 -1 -1 0 
24 1 512 353 82 57 -1 -1 -1 0 
24 6 561 635 716 80 -1 -1 -1 0 
25 1 514 353 80 58 -1 -1 -1 0 
25 3 868 335 45 19 -1 -1 -1 0 
25 6 572 634 702 81 -1 -1 -1 0 
26 1 513 354 83 57 -1 -1 -1 0 
26 3 870 335 46 19 -1 -1 -1 0 
26 6 579 634 695 81 -1 -1 -1 0 
26 15 638 351 19 14 -1 -1 -1 0 
26 16 8 368 116 35 -1 -1 -1 0 
27 1 514 355 81 57 -1 -1 -1 0 
27 6 581 633 694 82 -1 -1 -1 0 
27 15 639 350 19 15 -1 -1 -1 0 
27 16 0 370 73 36 -1 -1 -1 0 
28 1 515 354 80 57 -1 -1 -1 0 
28 3 875 335 52 20 -1 -1 -1 0 
28 15 639 349 20 16 -1 -1 -1 0 
28 16 0 372 48 36 -1 -1 -1 0 
29 1 516 354 80 57 -1 -1 -1 0 
29 3 878 335 45 20 -1 -1 -1 0 
29 6 570 635 708 80 -1 -1 -1 0 
29 15 638 350 21 15 -1 -1 -1 0 
29 18 147 371 77 20 -1 -1 -1 0 
30 1 517 353 80 57 -1 -1 -1 0 
30 3 880 334 42 23 -1 -1 -1 0 
30 6 570 635 708 80 -1 -1 -1 0 
30 15 638 350 22 15 -1 -1 -1 0 
30 18 107 371 87 22 -1 -1 -1 0 
31 1 516 353 81 56 -1 -1 -1 0 
31 3 881 334 51 25 -1 -1 -1 0 
31 18 80 371 72 23 -1 -1 -1 0 
32 1 517 353 80 56 -1 -1 -1 0 
32 3 879 334 64 24 -1 -1 -1 0 
32 18 53 371 74 23 -1 -1 -1 0 
33 1 518 352 79 56 -1 -1 -1 0 
33 3 886 334 58 27 -1 -1 -1 0 
33 15 638 348 20 16 -1 -1 -1 0 
34 1 519 352 79 56 -1 -1 -1 0 
34 3 888 334 62 27 -1 -1 -1 0 
34 15 638 348 20 16 -1 -1 -1 0 
35 1 519 353 80 55 -1 -1 -1 0 
35 3 891 334 64 27 -1 -1 -1 0 
35 6 562 635 715 80 -1 -1 -1 0 
35 15 637 348 21 16 -1 -1 -1 0 
36 1 520 353 79 55 -1 -1 -1 0 
36 3 894 334 65 28 -1 -1 -1 0 
36 6 559 635 718 80 -1 -1 -1 0 
37 1 521 353 78 56 -1 -1 -1 0 
37 3 896 334 68 29 -1 -1 -1 0 
37 6 560 634 717 80 -1 -1 -1 0 
38 1 521 354 80 55 -1 -1 -1 0 
38 6 560 634 719 80 -1 -1 -1 0 
39 1 523 354 79 55 -1 -1 -1 0 
39 6 558 634 720 80 -1 -1 -1 0 
39 21 287 363 42 14 -1 -1 -1 0 
40 1 524 354 79 54 -1 -1 -1 0 
40 3 905 334 73 27 -1 -1 -1 0 
40 6 564 635 712 79 -1 -1 -1 0 
40 15 382 358 28 12 -1 -1 -1 0 
40 21 270 364 44 15 -1 -1 -1 0 
