3 1 0 337 323 161 -1 -1 -1 0 
3 2 775 348 83 51 -1 -1 -1 0 
3 3 556 345 63 50 -1 -1 -1 0 
3 4 669 351 28 19 -1 -1 -1 0 
3 5 753 323 47 43 -1 -1 -1 0 
3 6 555 635 723 79 -1 -1 -1 0 
4 1 0 337 329 159 -1 -1 -1 0 
4 2 775 348 82 51 -1 -1 -1 0 
4 3 557 345 63 50 -1 -1 -1 0 
4 4 669 352 28 19 -1 -1 -1 0 
4 5 753 324 47 42 -1 -1 -1 0 
4 6 555 636 720 78 -1 -1 -1 0 
5 1 0 337 339 155 -1 -1 -1 0 
5 2 774 348 82 51 -1 -1 -1 0 
5 3 559 345 61 49 -1 -1 -1 0 
5 4 670 352 27 19 -1 -1 -1 0 
5 5 754 324 45 42 -1 -1 -1 0 
6 1 0 337 346 150 -1 -1 -1 0 
6 2 774 349 83 50 -1 -1 -1 0 
6 3 559 345 62 49 -1 -1 -1 0 
6 4 670 352 27 19 -1 -1 -1 0 
6 5 755 325 43 41 -1 -1 -1 0 
6 6 568 635 707 78 -1 -1 -1 0 
7 1 10 338 343 144 -1 -1 -1 0 
7 2 775 349 81 50 -1 -1 -1 0 
7 3 560 345 61 48 -1 -1 -1 0 
7 4 670 351 27 19 -1 -1 -1 0 
7 5 755 325 43 41 -1 -1 -1 0 
7 6 584 635 689 78 -1 -1 -1 0 
8 1 32 338 326 139 -1 -1 -1 0 
8 2 775 350 80 49 -1 -1 -1 0 
8 3 562 345 59 48 -1 -1 -1 0 
8 4 670 351 27 19 -1 -1 -1 0 
8 5 755 325 43 41 -1 -1 -1 0 
8 6 566 635 713 78 -1 -1 -1 0 
9 1 56 338 308 136 -1 -1 -1 0 
9 2 775 350 80 49 -1 -1 -1 0 
9 3 563 345 60 48 -1 -1 -1 0 
9 4 670 351 28 19 -1 -1 -1 0 
9 5 754 325 45 41 -1 -1 -1 0 
9 6 567 636 712 77 -1 -1 -1 0 
10 1 78 338 292 134 -1 -1 -1 0 
10 2 775 350 80 49 -1 -1 -1 0 
10 3 564 346 60 46 -1 -1 -1 0 
10 4 671 352 26 19 -1 -1 -1 0 
10 5 755 325 43 41 -1 -1 -1 0 
10 6 561 635 716 78 -1 -1 -1 0 
11 1 97 338 281 130 -1 -1 -1 0 
11 2 775 349 79 50 -1 -1 -1 0 
11 3 565 346 59 46 -1 -1 -1 0 
11 4 672 351 25 20 -1 -1 -1 0 
11 5 755 325 44 41 -1 -1 -1 0 
11 6 561 635 714 79 -1 -1 -1 0 
12 1 117 338 266 129 -1 -1 -1 0 
12 2 775 349 79 50 -1 -1 -1 0 
12 3 566 346 58 45 -1 -1 -1 0 
12 4 671 351 27 20 -1 -1 -1 0 
12 5 754 325 46 41 -1 -1 -1 0 
12 6 559 635 720 79 -1 -1 -1 0 
13 1 133 338 258 124 -1 -1 -1 0 
13 2 775 349 78 49 -1 -1 -1 0 
13 3 566 346 59 45 -1 -1 -1 0 
13 4 671 351 28 19 -1 -1 -1 0 
13 5 754 324 46 42 -1 -1 -1 0 
13 6 558 635 721 79 -1 -1 -1 0 
14 1 151 337 245 123 -1 -1 -1 0 
14 2 774 348 79 50 -1 -1 -1 0 
14 3 568 346 56 44 -1 -1 -1 0 
14 4 672 350 26 20 -1 -1 -1 0 
14 5 753 324 47 42 -1 -1 -1 0 
14 6 563 635 714 79 -1 -1 -1 0 
15 1 164 337 240 120 -1 -1 -1 0 
15 2 774 348 79 50 -1 -1 -1 0 
15 3 568 346 58 44 -1 -1 -1 0 
15 4 672 350 27 19 -1 -1 -1 0 
15 5 753 324 47 42 -1 -1 -1 0 
15 6 559 635 720 79 -1 -1 -1 0 
16 1 178 337 231 116 -1 -1 -1 0 
16 2 774 349 79 49 -1 -1 -1 0 
16 3 570 346 56 43 -1 -1 -1 0 
16 4 671 350 27 20 -1 -1 -1 0 
16 5 754 324 47 41 -1 -1 -1 0 
16 6 558 635 721 79 -1 -1 -1 0 
17 1 192 337 223 113 -1 -1 -1 0 
17 2 774 349 79 49 -1 -1 -1 0 
17 3 572 346 54 43 -1 -1 -1 0 
17 4 670 350 28 20 -1 -1 -1 0 
17 5 754 324 47 41 -1 -1 -1 0 
18 1 205 338 215 111 -1 -1 -1 0 
18 2 775 349 77 49 -1 -1 -1 0 
18 3 573 346 54 43 -1 -1 -1 0 
18 4 670 350 29 20 -1 -1 -1 0 
18 5 754 324 48 41 -1 -1 -1 0 
19 1 217 338 208 108 -1 -1 -1 0 
19 2 775 350 76 48 -1 -1 -1 0 
19 3 573 346 55 42 -1 -1 -1 0 
19 4 671 349 28 20 -1 -1 -1 0 
19 5 754 325 48 40 -1 -1 -1 0 
20 1 229 338 201 107 -1 -1 -1 0 
20 2 774 350 77 49 -1 -1 -1 0 
20 3 575 345 52 43 -1 -1 -1 0 
20 4 671 350 27 20 -1 -1 -1 0 
20 5 753 326 49 40 -1 -1 -1 0 
21 1 238 337 198 105 -1 -1 -1 0 
21 2 774 350 78 48 -1 -1 -1 0 
21 3 576 345 52 43 -1 -1 -1 0 
21 4 672 350 26 20 -1 -1 -1 0 
21 5 754 325 48 41 -1 -1 -1 0 
21 6 577 635 698 78 -1 -1 -1 0 
22 1 251 337 189 104 -1 -1 -1 0 
22 2 775 349 76 49 -1 -1 -1 0 
22 3 576 345 54 42 -1 -1 -1 0 
22 4 671 350 27 20 -1 -1 -1 0 
22 5 754 325 48 41 -1 -1 -1 0 
22 6 565 635 712 78 -1 -1 -1 0 
23 1 260 337 184 102 -1 -1 -1 0 
23 2 775 349 76 49 -1 -1 -1 0 
23 3 577 345 54 42 -1 -1 -1 0 
23 4 672 349 26 20 -1 -1 -1 0 
23 5 754 325 48 41 -1 -1 -1 0 
23 6 565 634 713 79 -1 -1 -1 0 
24 1 269 337 179 100 -1 -1 -1 0 
24 2 775 349 77 48 -1 -1 -1 0 
24 3 579 345 52 41 -1 -1 -1 0 
24 4 672 349 27 20 -1 -1 -1 0 
24 5 753 325 49 40 -1 -1 -1 0 
25 1 277 338 177 97 -1 -1 -1 0 
25 2 775 348 76 49 -1 -1 -1 0 
25 3 579 345 53 40 -1 -1 -1 0 
25 4 673 349 25 20 -1 -1 -1 0 
25 5 754 323 46 42 -1 -1 -1 0 
26 1 287 338 169 95 -1 -1 -1 0 
26 2 776 348 75 48 -1 -1 -1 0 
26 3 581 345 51 40 -1 -1 -1 0 
26 4 673 349 25 20 -1 -1 -1 0 
26 5 753 323 47 42 -1 -1 -1 0 
26 6 562 634 715 79 -1 -1 -1 0 
27 1 294 339 166 93 -1 -1 -1 0 
27 2 776 348 74 48 -1 -1 -1 0 
27 3 582 345 51 40 -1 -1 -1 0 
27 4 673 349 26 20 -1 -1 -1 0 
27 5 753 322 47 43 -1 -1 -1 0 
27 6 566 634 711 79 -1 -1 -1 0 
28 1 301 339 162 92 -1 -1 -1 0 
28 2 775 348 76 48 -1 -1 -1 0 
28 3 583 345 50 40 -1 -1 -1 0 
28 4 673 349 26 20 -1 -1 -1 0 
28 5 753 322 47 43 -1 -1 -1 0 
28 6 566 634 711 79 -1 -1 -1 0 
29 1 308 340 158 90 -1 -1 -1 0 
29 2 775 348 75 48 -1 -1 -1 0 
29 3 584 346 49 39 -1 -1 -1 0 
29 4 672 350 27 19 -1 -1 -1 0 
29 5 754 323 46 43 -1 -1 -1 0 
30 1 315 340 154 88 -1 -1 -1 0 
30 2 775 348 76 48 -1 -1 -1 0 
30 3 585 346 48 39 -1 -1 -1 0 
30 4 673 350 25 19 -1 -1 -1 0 
30 5 754 323 46 43 -1 -1 -1 0 
31 1 323 341 149 87 -1 -1 -1 0 
31 2 776 348 73 48 -1 -1 -1 0 
31 3 585 346 50 39 -1 -1 -1 0 
31 4 673 350 25 19 -1 -1 -1 0 
31 5 754 324 47 42 -1 -1 -1 0 
32 1 329 341 147 86 -1 -1 -1 0 
32 2 775 348 75 48 -1 -1 -1 0 
32 3 585 346 50 39 -1 -1 -1 0 
32 4 673 350 26 19 -1 -1 -1 0 
32 5 754 324 47 42 -1 -1 -1 0 
33 1 335 341 144 84 -1 -1 -1 0 
33 2 775 348 74 48 -1 -1 -1 0 
33 3 586 347 50 38 -1 -1 -1 0 
33 4 673 349 25 20 -1 -1 -1 0 
33 5 755 324 45 42 -1 -1 -1 0 
33 6 563 634 713 80 -1 -1 -1 0 
34 1 341 340 139 83 -1 -1 -1 0 
34 2 775 348 74 47 -1 -1 -1 0 
34 3 588 345 47 39 -1 -1 -1 0 
34 4 673 349 25 20 -1 -1 -1 0 
34 5 754 323 47 42 -1 -1 -1 0 
34 6 563 634 713 80 -1 -1 -1 0 
35 1 346 339 137 82 -1 -1 -1 0 
35 2 775 348 74 46 -1 -1 -1 0 
35 3 589 345 47 38 -1 -1 -1 0 
35 4 674 348 25 20 -1 -1 -1 0 
35 5 756 322 44 43 -1 -1 -1 0 
36 1 351 339 135 80 -1 -1 -1 0 
36 2 776 347 72 47 -1 -1 -1 0 
36 3 590 345 46 37 -1 -1 -1 0 
36 4 673 348 26 20 -1 -1 -1 0 
36 5 755 322 46 43 -1 -1 -1 0 
37 1 357 339 131 79 -1 -1 -1 0 
37 2 776 347 72 47 -1 -1 -1 0 
37 3 589 344 48 38 -1 -1 -1 0 
37 4 673 349 25 18 -1 -1 -1 0 
37 5 755 322 46 43 -1 -1 -1 0 
38 1 362 340 129 77 -1 -1 -1 0 
38 2 776 347 72 47 -1 -1 -1 0 
38 3 590 346 47 36 -1 -1 -1 0 
38 4 674 349 23 19 -1 -1 -1 0 
38 5 755 322 46 43 -1 -1 -1 0 
39 1 367 340 125 75 -1 -1 -1 0 
39 2 775 347 73 47 -1 -1 -1 0 
39 3 592 345 44 37 -1 -1 -1 0 
39 4 674 349 23 19 -1 -1 -1 0 
39 5 755 321 46 44 -1 -1 -1 0 
40 1 372 340 123 76 -1 -1 -1 0 
40 2 775 348 73 46 -1 -1 -1 0 
40 3 592 347 46 35 -1 -1 -1 0 
40 4 673 349 24 20 -1 -1 -1 0 
40 5 755 322 47 44 -1 -1 -1 0 
