3 1 674 350 27 21 -1 -1 -1 0 
4 1 675 350 26 22 -1 -1 -1 0 
5 1 674 350 28 22 -1 -1 -1 0 
6 1 675 351 26 21 -1 -1 -1 0 
7 1 674 352 27 21 -1 -1 -1 0 
8 1 674 352 27 21 -1 -1 -1 0 
9 1 675 352 25 21 -1 -1 -1 0 
10 1 675 351 25 21 -1 -1 -1 0 
11 1 673 351 27 21 -1 -1 -1 0 
12 1 674 350 25 22 -1 -1 -1 0 
13 1 674 350 25 22 -1 -1 -1 0 
14 1 673 349 26 22 -1 -1 -1 0 
15 1 673 349 26 22 -1 -1 -1 0 
16 1 673 349 27 22 -1 -1 -1 0 
17 1 673 349 27 22 -1 -1 -1 0 
17 3 411 389 25 14 -1 -1 -1 0 
18 1 674 349 25 21 -1 -1 -1 0 
18 3 404 390 26 16 -1 -1 -1 0 
19 1 673 349 26 21 -1 -1 -1 0 
19 3 396 391 28 16 -1 -1 -1 0 
19 5 247 417 41 27 -1 -1 -1 0 
20 1 673 349 26 21 -1 -1 -1 0 
20 3 388 391 29 18 -1 -1 -1 0 
20 5 226 420 44 29 -1 -1 -1 0 
21 1 674 348 24 22 -1 -1 -1 0 
21 3 380 392 30 18 -1 -1 -1 0 
21 5 211 421 47 31 -1 -1 -1 0 
22 1 673 348 26 21 -1 -1 -1 0 
22 3 371 395 32 18 -1 -1 -1 0 
22 5 174 429 52 31 -1 -1 -1 0 
23 1 674 348 24 21 -1 -1 -1 0 
23 3 362 396 34 20 -1 -1 -1 0 
23 5 144 433 57 34 -1 -1 -1 0 
24 1 673 348 25 21 -1 -1 -1 0 
24 3 351 397 36 20 -1 -1 -1 0 
24 5 111 437 65 35 -1 -1 -1 0 
25 1 673 347 25 22 -1 -1 -1 0 
25 3 341 399 36 20 -1 -1 -1 0 
25 5 70 443 77 36 -1 -1 -1 0 
26 1 673 347 26 22 -1 -1 -1 0 
26 3 329 400 39 20 -1 -1 -1 0 
26 5 23 452 90 35 -1 -1 -1 0 
27 1 673 346 25 22 -1 -1 -1 0 
27 3 317 401 41 21 -1 -1 -1 0 
27 5 0 460 67 36 -1 -1 -1 0 
28 1 672 346 26 22 -1 -1 -1 0 
28 3 305 404 39 21 -1 -1 -1 0 
28 5 0 464 37 38 -1 -1 -1 0 
29 1 672 346 26 21 -1 -1 -1 0 
29 3 292 405 39 23 -1 -1 -1 0 
30 1 672 346 26 21 -1 -1 -1 0 
30 3 276 408 43 24 -1 -1 -1 0 
31 1 672 346 25 21 -1 -1 -1 0 
31 3 260 411 45 25 -1 -1 -1 0 
32 1 672 347 26 20 -1 -1 -1 0 
32 3 242 414 51 26 -1 -1 -1 0 
33 1 672 348 25 20 -1 -1 -1 0 
33 3 223 417 56 27 -1 -1 -1 0 
34 1 672 348 26 20 -1 -1 -1 0 
34 3 202 420 60 29 -1 -1 -1 0 
35 1 672 348 25 20 -1 -1 -1 0 
35 3 179 423 65 30 -1 -1 -1 0 
36 1 672 349 25 19 -1 -1 -1 0 
36 3 153 426 74 33 -1 -1 -1 0 
37 1 672 347 25 21 -1 -1 -1 0 
37 3 124 431 79 33 -1 -1 -1 0 
38 1 671 346 27 21 -1 -1 -1 0 
38 3 90 436 88 36 -1 -1 -1 0 
39 1 672 346 25 21 -1 -1 -1 0 
39 3 50 443 99 36 -1 -1 -1 0 
40 1 671 346 26 21 -1 -1 -1 0 
40 3 24 446 105 38 -1 -1 -1 0 
