3 1 330 346 38 21 -1 -1 -1 0 
3 2 656 338 49 42 -1 -1 -1 0 
4 1 314 347 42 20 -1 -1 -1 0 
4 2 657 339 48 41 -1 -1 -1 0 
5 1 296 347 44 20 -1 -1 -1 0 
5 2 658 339 47 42 -1 -1 -1 0 
6 1 276 348 46 21 -1 -1 -1 0 
6 2 657 339 49 42 -1 -1 -1 0 
7 1 254 348 51 23 -1 -1 -1 0 
7 2 658 340 47 41 -1 -1 -1 0 
8 1 229 349 58 24 -1 -1 -1 0 
8 2 658 340 48 41 -1 -1 -1 0 
9 1 201 349 66 25 -1 -1 -1 0 
9 2 659 340 47 41 -1 -1 -1 0 
10 1 170 349 70 27 -1 -1 -1 0 
10 2 659 340 47 41 -1 -1 -1 0 
11 1 133 350 77 28 -1 -1 -1 0 
11 2 658 340 48 41 -1 -1 -1 0 
12 1 90 351 86 30 -1 -1 -1 0 
12 2 658 341 48 40 -1 -1 -1 0 
12 4 556 635 695 80 -1 -1 -1 0 
13 1 38 353 102 32 -1 -1 -1 0 
13 2 659 341 46 40 -1 -1 -1 0 
13 4 555 634 700 81 -1 -1 -1 0 
14 1 2 354 89 34 -1 -1 -1 0 
14 2 659 341 46 41 -1 -1 -1 0 
15 1 0 354 36 35 -1 -1 -1 0 
15 2 658 341 48 41 -1 -1 -1 0 
16 1 0 355 3 36 -1 -1 -1 0 
16 2 658 342 48 41 -1 -1 -1 0 
17 2 658 342 49 41 -1 -1 -1 0 
18 2 659 341 47 41 -1 -1 -1 0 
19 2 660 341 47 41 -1 -1 -1 0 
20 2 660 340 46 42 -1 -1 -1 0 
21 2 659 340 49 42 -1 -1 -1 0 
21 4 566 635 697 81 -1 -1 -1 0 
22 2 659 340 49 41 -1 -1 -1 0 
22 4 567 635 697 81 -1 -1 -1 0 
23 2 661 341 46 40 -1 -1 -1 0 
24 2 661 341 46 40 -1 -1 -1 0 
25 2 660 341 48 40 -1 -1 -1 0 
26 2 660 341 48 40 -1 -1 -1 0 
27 2 661 341 46 40 -1 -1 -1 0 
28 2 661 341 46 40 -1 -1 -1 0 
28 6 304 351 40 17 -1 -1 -1 0 
29 2 660 341 48 41 -1 -1 -1 0 
29 6 285 352 44 17 -1 -1 -1 0 
30 2 660 341 48 41 -1 -1 -1 0 
30 6 264 353 49 17 -1 -1 -1 0 
31 2 661 341 48 42 -1 -1 -1 0 
31 6 241 353 53 19 -1 -1 -1 0 
32 2 661 341 48 41 -1 -1 -1 0 
32 6 216 354 57 20 -1 -1 -1 0 
33 2 661 341 49 41 -1 -1 -1 0 
33 6 189 354 60 23 -1 -1 -1 0 
34 2 662 341 48 41 -1 -1 -1 0 
34 6 153 355 74 23 -1 -1 -1 0 
35 2 662 341 49 41 -1 -1 -1 0 
35 6 116 356 85 25 -1 -1 -1 0 
36 2 663 341 48 40 -1 -1 -1 0 
36 6 74 357 89 27 -1 -1 -1 0 
37 2 663 341 48 40 -1 -1 -1 0 
37 6 16 359 108 28 -1 -1 -1 0 
38 2 663 340 47 41 -1 -1 -1 0 
38 6 0 359 69 30 -1 -1 -1 0 
39 2 663 340 48 41 -1 -1 -1 0 
39 6 0 360 36 31 -1 -1 -1 0 
40 2 662 340 49 41 -1 -1 -1 0 
40 8 396 349 29 13 -1 -1 -1 0 
