3 1 684 345 26 19 -1 -1 -1 0 
3 2 632 342 26 26 -1 -1 -1 0 
4 1 685 345 24 19 -1 -1 -1 0 
4 2 631 342 27 25 -1 -1 -1 0 
5 1 685 345 23 18 -1 -1 -1 0 
5 2 632 342 25 25 -1 -1 -1 0 
6 1 685 345 24 18 -1 -1 -1 0 
6 2 632 342 25 25 -1 -1 -1 0 
7 1 686 345 24 18 -1 -1 -1 0 
7 2 632 342 25 25 -1 -1 -1 0 
8 1 686 345 25 18 -1 -1 -1 0 
8 2 632 342 25 25 -1 -1 -1 0 
9 1 687 344 24 19 -1 -1 -1 0 
9 2 632 341 25 25 -1 -1 -1 0 
10 1 687 344 25 19 -1 -1 -1 0 
10 2 633 341 25 25 -1 -1 -1 0 
11 1 687 344 26 19 -1 -1 -1 0 
11 2 633 340 26 26 -1 -1 -1 0 
12 1 688 344 26 19 -1 -1 -1 0 
12 2 634 340 25 26 -1 -1 -1 0 
13 1 689 344 25 19 -1 -1 -1 0 
13 2 634 340 26 26 -1 -1 -1 0 
14 1 690 344 25 20 -1 -1 -1 0 
14 2 635 342 25 24 -1 -1 -1 0 
15 1 690 344 26 20 -1 -1 -1 0 
15 2 635 342 26 24 -1 -1 -1 0 
16 1 691 344 25 20 -1 -1 -1 0 
16 2 635 343 27 23 -1 -1 -1 0 
17 1 693 345 24 19 -1 -1 -1 0 
17 2 637 342 24 24 -1 -1 -1 0 
18 1 694 345 24 18 -1 -1 -1 0 
18 2 637 342 24 24 -1 -1 -1 0 
19 1 695 344 24 19 -1 -1 -1 0 
19 2 639 342 23 23 -1 -1 -1 0 
20 1 696 343 25 19 -1 -1 -1 0 
20 2 639 342 25 22 -1 -1 -1 0 
21 1 697 343 24 19 -1 -1 -1 0 
21 2 641 341 22 23 -1 -1 -1 0 
22 1 698 342 25 20 -1 -1 -1 0 
22 2 641 341 23 22 -1 -1 -1 0 
23 1 699 343 26 19 -1 -1 -1 0 
24 1 700 343 26 19 -1 -1 -1 0 
25 1 702 344 25 20 -1 -1 -1 0 
25 2 643 342 25 23 -1 -1 -1 0 
26 1 703 344 25 21 -1 -1 -1 0 
26 2 644 344 25 21 -1 -1 -1 0 
27 1 704 344 25 21 -1 -1 -1 0 
27 2 645 344 24 21 -1 -1 -1 0 
28 1 704 344 26 20 -1 -1 -1 0 
28 2 647 343 23 23 -1 -1 -1 0 
29 1 705 344 26 20 -1 -1 -1 0 
29 2 647 343 24 23 -1 -1 -1 0 
30 1 706 344 26 20 -1 -1 -1 0 
30 2 648 343 23 23 -1 -1 -1 0 
31 1 707 343 26 21 -1 -1 -1 0 
31 2 647 343 25 22 -1 -1 -1 0 
32 1 707 344 26 20 -1 -1 -1 0 
32 2 649 343 23 22 -1 -1 -1 0 
33 1 708 344 26 20 -1 -1 -1 0 
33 2 649 343 24 22 -1 -1 -1 0 
34 1 709 345 26 20 -1 -1 -1 0 
34 2 648 343 26 22 -1 -1 -1 0 
35 1 710 345 26 19 -1 -1 -1 0 
35 2 649 342 24 23 -1 -1 -1 0 
36 1 711 345 25 19 -1 -1 -1 0 
36 2 649 342 25 23 -1 -1 -1 0 
37 1 710 345 28 20 -1 -1 -1 0 
37 2 650 341 23 23 -1 -1 -1 0 
38 1 711 345 27 21 -1 -1 -1 0 
38 2 649 342 26 23 -1 -1 -1 0 
39 1 711 345 27 21 -1 -1 -1 0 
39 2 649 343 26 22 -1 -1 -1 0 
40 1 712 346 28 21 -1 -1 -1 0 
40 2 651 343 23 22 -1 -1 -1 0 
