3 1 1092 348 186 192 -1 -1 -1 0 
3 2 442 357 130 77 -1 -1 -1 0 
3 3 663 341 38 33 -1 -1 -1 0 
3 4 233 356 106 29 -1 -1 -1 0 
3 5 568 634 708 78 -1 -1 -1 0 
4 1 1107 357 172 183 -1 -1 -1 0 
4 2 447 357 126 75 -1 -1 -1 0 
4 3 663 341 38 33 -1 -1 -1 0 
4 4 199 357 113 32 -1 -1 -1 0 
4 5 564 634 712 78 -1 -1 -1 0 
5 1 1121 371 157 171 -1 -1 -1 0 
5 2 450 356 125 75 -1 -1 -1 0 
5 3 664 341 36 32 -1 -1 -1 0 
5 4 156 359 125 34 -1 -1 -1 0 
5 5 575 634 701 78 -1 -1 -1 0 
6 1 1137 385 141 159 -1 -1 -1 0 
6 2 452 357 125 73 -1 -1 -1 0 
6 3 663 341 38 32 -1 -1 -1 0 
6 4 108 361 136 37 -1 -1 -1 0 
6 5 565 634 714 79 -1 -1 -1 0 
7 1 1153 394 125 154 -1 -1 -1 0 
7 2 456 357 122 72 -1 -1 -1 0 
7 3 663 341 37 32 -1 -1 -1 0 
7 4 46 363 153 41 -1 -1 -1 0 
7 5 561 634 717 79 -1 -1 -1 0 
8 1 1171 408 107 147 -1 -1 -1 0 
8 2 461 356 118 72 -1 -1 -1 0 
8 3 663 341 37 32 -1 -1 -1 0 
8 4 0 366 143 41 -1 -1 -1 0 
8 5 562 634 715 80 -1 -1 -1 0 
9 1 1189 414 89 147 -1 -1 -1 0 
9 2 464 355 116 72 -1 -1 -1 0 
9 3 663 341 37 32 -1 -1 -1 0 
9 4 0 364 72 46 -1 -1 -1 0 
9 5 572 634 702 80 -1 -1 -1 0 
10 1 1208 419 70 148 -1 -1 -1 0 
10 2 466 355 117 70 -1 -1 -1 0 
10 3 662 341 39 32 -1 -1 -1 0 
10 4 0 365 31 48 -1 -1 -1 0 
10 5 560 634 718 80 -1 -1 -1 0 
11 1 1228 424 50 136 -1 -1 -1 0 
11 2 471 354 111 70 -1 -1 -1 0 
11 3 663 340 37 33 -1 -1 -1 0 
11 5 555 634 724 79 -1 -1 -1 0 
12 1 1241 432 38 131 -1 -1 -1 0 
12 2 472 355 113 68 -1 -1 -1 0 
12 3 663 341 37 33 -1 -1 -1 0 
12 5 570 634 704 79 -1 -1 -1 0 
13 2 476 356 110 66 -1 -1 -1 0 
13 3 663 342 38 32 -1 -1 -1 0 
13 5 571 634 703 79 -1 -1 -1 0 
14 2 478 357 109 64 -1 -1 -1 0 
14 3 664 342 36 32 -1 -1 -1 0 
14 5 573 635 703 78 -1 -1 -1 0 
15 2 482 357 105 64 -1 -1 -1 0 
15 3 664 342 36 33 -1 -1 -1 0 
15 5 562 635 717 78 -1 -1 -1 0 
16 2 485 357 103 63 -1 -1 -1 0 
16 3 663 343 37 32 -1 -1 -1 0 
16 5 563 636 714 77 -1 -1 -1 0 
17 2 487 356 102 62 -1 -1 -1 0 
17 3 663 342 37 32 -1 -1 -1 0 
17 5 562 636 715 77 -1 -1 -1 0 
18 2 489 356 101 61 -1 -1 -1 0 
18 3 662 342 38 32 -1 -1 -1 0 
18 5 564 636 712 77 -1 -1 -1 0 
19 2 492 356 98 61 -1 -1 -1 0 
19 3 662 342 37 32 -1 -1 -1 0 
19 5 567 636 708 78 -1 -1 -1 0 
20 2 494 355 98 61 -1 -1 -1 0 
20 3 662 343 37 31 -1 -1 -1 0 
20 5 561 634 716 79 -1 -1 -1 0 
21 2 497 354 95 61 -1 -1 -1 0 
21 3 661 342 38 32 -1 -1 -1 0 
21 5 561 634 716 79 -1 -1 -1 0 
21 12 760 329 34 27 -1 -1 -1 0 
22 2 498 354 96 60 -1 -1 -1 0 
22 3 661 342 38 32 -1 -1 -1 0 
22 5 569 635 707 78 -1 -1 -1 0 
22 12 759 328 36 28 -1 -1 -1 0 
23 2 501 354 93 59 -1 -1 -1 0 
23 3 662 341 37 33 -1 -1 -1 0 
23 5 561 635 716 78 -1 -1 -1 0 
23 12 759 328 36 28 -1 -1 -1 0 
23 13 661 332 40 41 -1 -1 -1 0 
24 2 503 354 92 58 -1 -1 -1 0 
24 3 662 341 37 32 -1 -1 -1 0 
24 5 556 635 722 77 -1 -1 -1 0 
24 12 758 329 38 27 -1 -1 -1 0 
24 13 661 328 39 45 -1 -1 -1 0 
25 2 505 354 91 58 -1 -1 -1 0 
25 3 661 340 38 33 -1 -1 -1 0 
25 5 555 635 723 77 -1 -1 -1 0 
25 12 758 329 38 27 -1 -1 -1 0 
25 13 660 327 41 47 -1 -1 -1 0 
26 2 506 354 91 57 -1 -1 -1 0 
26 3 661 340 38 33 -1 -1 -1 0 
26 5 563 635 711 78 -1 -1 -1 0 
26 12 758 328 38 28 -1 -1 -1 0 
26 13 660 321 41 52 -1 -1 -1 0 
27 2 509 354 87 56 -1 -1 -1 0 
27 3 661 340 38 33 -1 -1 -1 0 
27 5 559 635 717 78 -1 -1 -1 0 
27 12 758 328 38 28 -1 -1 -1 0 
27 13 657 327 46 46 -1 -1 -1 0 
28 2 512 354 85 55 -1 -1 -1 0 
28 3 660 339 40 34 -1 -1 -1 0 
28 5 558 635 719 78 -1 -1 -1 0 
28 12 758 327 38 28 -1 -1 -1 0 
28 13 659 326 42 47 -1 -1 -1 0 
29 2 513 353 85 56 -1 -1 -1 0 
29 3 659 339 41 34 -1 -1 -1 0 
29 5 561 635 713 79 -1 -1 -1 0 
29 12 757 327 39 28 -1 -1 -1 0 
29 13 658 324 42 50 -1 -1 -1 0 
30 2 515 353 84 55 -1 -1 -1 0 
30 5 559 635 718 78 -1 -1 -1 0 
30 12 756 327 40 28 -1 -1 -1 0 
30 13 658 323 42 51 -1 -1 -1 0 
31 2 516 353 83 54 -1 -1 -1 0 
31 3 658 339 42 34 -1 -1 -1 0 
31 5 559 635 719 78 -1 -1 -1 0 
31 12 757 327 38 28 -1 -1 -1 0 
31 13 655 328 46 45 -1 -1 -1 0 
32 2 518 352 81 54 -1 -1 -1 0 
32 3 659 339 40 34 -1 -1 -1 0 
32 5 565 634 709 79 -1 -1 -1 0 
32 12 756 326 40 29 -1 -1 -1 0 
32 13 655 328 45 45 -1 -1 -1 0 
32 14 350 351 54 21 -1 -1 -1 0 
33 2 519 351 82 53 -1 -1 -1 0 
33 3 659 339 41 34 -1 -1 -1 0 
33 5 561 635 716 78 -1 -1 -1 0 
33 12 756 326 42 29 -1 -1 -1 0 
33 13 655 328 45 45 -1 -1 -1 0 
33 14 321 351 67 24 -1 -1 -1 0 
34 2 521 351 80 52 -1 -1 -1 0 
34 3 660 339 39 34 -1 -1 -1 0 
34 5 563 635 714 78 -1 -1 -1 0 
34 12 757 326 40 29 -1 -1 -1 0 
34 14 292 351 68 27 -1 -1 -1 0 
34 16 715 334 23 17 -1 -1 -1 0 
35 2 524 350 77 52 -1 -1 -1 0 
35 3 660 338 39 34 -1 -1 -1 0 
35 5 560 635 717 79 -1 -1 -1 0 
35 12 756 326 42 29 -1 -1 -1 0 
35 14 252 351 81 30 -1 -1 -1 0 
35 16 716 334 22 16 -1 -1 -1 0 
36 2 525 349 77 52 -1 -1 -1 0 
36 3 660 338 40 34 -1 -1 -1 0 
36 5 559 636 718 78 -1 -1 -1 0 
36 12 757 327 40 28 -1 -1 -1 0 
36 14 205 351 96 34 -1 -1 -1 0 
36 16 716 333 22 18 -1 -1 -1 0 
37 2 527 349 76 51 -1 -1 -1 0 
37 3 661 338 39 34 -1 -1 -1 0 
37 5 559 636 718 78 -1 -1 -1 0 
37 12 756 327 41 28 -1 -1 -1 0 
37 14 146 351 116 38 -1 -1 -1 0 
37 16 716 333 23 18 -1 -1 -1 0 
37 18 277 352 58 26 -1 -1 -1 0 
37 19 474 340 30 19 -1 -1 -1 0 
38 2 529 349 75 50 -1 -1 -1 0 
38 3 662 338 39 35 -1 -1 -1 0 
38 5 558 636 719 78 -1 -1 -1 0 
38 12 757 327 41 28 -1 -1 -1 0 
38 14 65 352 146 43 -1 -1 -1 0 
38 16 715 335 24 17 -1 -1 -1 0 
38 18 252 353 64 27 -1 -1 -1 0 
38 19 469 341 30 19 -1 -1 -1 0 
38 20 391 350 34 17 -1 -1 -1 0 
39 2 531 349 73 52 -1 -1 -1 0 
39 3 662 339 39 35 -1 -1 -1 0 
39 5 559 636 716 78 -1 -1 -1 0 
39 12 758 328 41 29 -1 -1 -1 0 
39 14 5 355 134 48 -1 -1 -1 0 
39 16 715 338 24 15 -1 -1 -1 0 
39 18 225 354 69 30 -1 -1 -1 0 
39 19 463 343 30 19 -1 -1 -1 0 
39 20 380 352 38 16 -1 -1 -1 0 
40 2 532 351 74 50 -1 -1 -1 0 
40 3 663 341 39 34 -1 -1 -1 0 
40 5 563 636 713 78 -1 -1 -1 0 
40 12 759 330 40 29 -1 -1 -1 0 
40 14 0 356 95 51 -1 -1 -1 0 
40 16 715 339 24 14 -1 -1 -1 0 
40 18 191 356 77 32 -1 -1 -1 0 
40 19 456 344 29 20 -1 -1 -1 0 
40 20 369 353 40 17 -1 -1 -1 0 
