3 1 1102 348 66 19 -1 -1 -1 0 
3 2 679 345 40 33 -1 -1 -1 0 
3 4 811 335 24 20 -1 -1 -1 0 
3 5 865 336 44 29 -1 -1 -1 0 
3 6 757 334 52 43 -1 -1 -1 0 
4 1 1115 349 61 18 -1 -1 -1 0 
4 2 678 345 42 33 -1 -1 -1 0 
4 4 810 335 26 20 -1 -1 -1 0 
4 5 864 336 44 29 -1 -1 -1 0 
4 6 756 333 53 45 -1 -1 -1 0 
4 9 1 285 345 345 -1 -1 -1 0 
5 1 772 339 20 15 -1 -1 -1 0 
5 2 679 344 41 33 -1 -1 -1 0 
5 4 809 334 27 20 -1 -1 -1 0 
5 5 864 336 45 29 -1 -1 -1 0 
5 6 755 333 56 44 -1 -1 -1 0 
5 9 1 280 357 349 -1 -1 -1 0 
6 1 713 337 20 15 -1 -1 -1 0 
6 2 679 343 41 33 -1 -1 -1 0 
6 4 809 334 28 20 -1 -1 -1 0 
6 5 863 335 46 29 -1 -1 -1 0 
6 6 756 332 54 45 -1 -1 -1 0 
6 9 4 252 362 376 -1 -1 -1 0 
7 1 699 336 20 15 -1 -1 -1 0 
7 2 680 342 40 33 -1 -1 -1 0 
7 4 809 332 27 20 -1 -1 -1 0 
7 5 863 335 45 29 -1 -1 -1 0 
7 6 756 331 54 45 -1 -1 -1 0 
7 9 0 239 383 387 -1 -1 -1 0 
8 1 698 336 20 14 -1 -1 -1 0 
8 2 680 341 40 33 -1 -1 -1 0 
8 4 809 330 26 21 -1 -1 -1 0 
8 5 862 334 46 29 -1 -1 -1 0 
8 6 756 330 55 45 -1 -1 -1 0 
8 9 0 230 393 395 -1 -1 -1 0 
9 1 701 336 19 14 -1 -1 -1 0 
9 2 680 341 40 33 -1 -1 -1 0 
9 4 809 331 27 19 -1 -1 -1 0 
9 5 862 333 46 29 -1 -1 -1 0 
9 6 756 330 54 45 -1 -1 -1 0 
9 9 0 228 403 395 -1 -1 -1 0 
10 1 704 336 19 14 -1 -1 -1 0 
10 2 679 341 41 32 -1 -1 -1 0 
10 4 809 332 26 18 -1 -1 -1 0 
10 5 862 333 46 29 -1 -1 -1 0 
10 6 756 330 54 44 -1 -1 -1 0 
10 9 0 228 410 401 -1 -1 -1 0 
11 1 707 335 19 15 -1 -1 -1 0 
11 2 680 341 39 33 -1 -1 -1 0 
11 4 810 332 24 19 -1 -1 -1 0 
11 5 861 333 46 30 -1 -1 -1 0 
11 6 756 330 54 45 -1 -1 -1 0 
11 9 10 228 399 454 -1 -1 -1 0 
11 18 954 310 22 18 -1 -1 -1 0 
12 1 708 336 20 14 -1 -1 -1 0 
12 2 679 342 41 33 -1 -1 -1 0 
12 4 809 334 26 19 -1 -1 -1 0 
12 5 860 335 48 29 -1 -1 -1 0 
12 6 756 331 54 45 -1 -1 -1 0 
12 9 4 229 420 475 -1 -1 -1 0 
12 18 957 312 26 19 -1 -1 -1 0 
13 1 690 335 19 14 -1 -1 -1 0 
13 2 678 342 41 35 -1 -1 -1 0 
13 4 810 335 23 19 -1 -1 -1 0 
13 5 859 336 49 29 -1 -1 -1 0 
13 6 755 333 55 45 -1 -1 -1 0 
13 9 0 230 435 481 -1 -1 -1 0 
13 18 961 313 28 21 -1 -1 -1 0 
14 1 710 339 20 13 -1 -1 -1 0 
14 2 677 343 43 34 -1 -1 -1 0 
14 4 808 337 26 17 -1 -1 -1 0 
14 5 860 337 47 29 -1 -1 -1 0 
14 6 755 333 55 46 -1 -1 -1 0 
14 9 0 231 447 473 -1 -1 -1 0 
14 18 965 314 29 22 -1 -1 -1 0 
15 1 713 341 20 13 -1 -1 -1 0 
15 2 677 344 43 34 -1 -1 -1 0 
15 4 810 337 22 18 -1 -1 -1 0 
15 5 859 337 47 30 -1 -1 -1 0 
15 6 754 334 57 45 -1 -1 -1 0 
15 9 0 231 456 450 -1 -1 -1 0 
15 18 971 314 28 24 -1 -1 -1 0 
16 1 714 342 20 13 -1 -1 -1 0 
16 2 677 346 42 33 -1 -1 -1 0 
16 4 809 340 24 16 -1 -1 -1 0 
16 5 858 339 48 30 -1 -1 -1 0 
16 6 755 334 55 46 -1 -1 -1 0 
16 9 0 235 464 421 -1 -1 -1 0 
16 18 975 317 31 23 -1 -1 -1 0 
17 1 716 342 19 13 -1 -1 -1 0 
17 2 677 346 42 33 -1 -1 -1 0 
17 4 809 340 24 16 -1 -1 -1 0 
17 5 858 339 48 30 -1 -1 -1 0 
17 6 755 335 55 46 -1 -1 -1 0 
17 9 0 233 463 409 -1 -1 -1 0 
17 18 980 317 32 24 -1 -1 -1 0 
18 1 718 341 17 14 -1 -1 -1 0 
18 2 676 346 44 33 -1 -1 -1 0 
18 4 809 339 23 17 -1 -1 -1 0 
18 5 858 338 47 32 -1 -1 -1 0 
18 6 756 334 54 47 -1 -1 -1 0 
18 9 0 230 469 397 -1 -1 -1 0 
18 18 983 317 38 24 -1 -1 -1 0 
19 1 718 341 18 14 -1 -1 -1 0 
19 2 676 346 43 33 -1 -1 -1 0 
19 4 808 337 24 18 -1 -1 -1 0 
19 5 857 337 48 32 -1 -1 -1 0 
19 6 755 334 56 47 -1 -1 -1 0 
19 9 0 235 479 374 -1 -1 -1 0 
19 18 992 316 35 24 -1 -1 -1 0 
20 1 719 340 19 14 -1 -1 -1 0 
20 2 676 346 42 32 -1 -1 -1 0 
20 4 807 337 26 18 -1 -1 -1 0 
20 5 856 337 49 31 -1 -1 -1 0 
20 6 755 334 56 46 -1 -1 -1 0 
20 9 0 244 483 352 -1 -1 -1 0 
20 18 998 315 40 26 -1 -1 -1 0 
21 1 721 339 20 14 -1 -1 -1 0 
21 2 677 344 42 32 -1 -1 -1 0 
21 4 808 335 25 19 -1 -1 -1 0 
21 5 857 336 47 31 -1 -1 -1 0 
21 6 756 333 56 46 -1 -1 -1 0 
21 9 0 253 489 332 -1 -1 -1 0 
21 18 1007 314 40 26 -1 -1 -1 0 
21 22 574 332 32 18 -1 -1 -1 0 
22 1 618 335 28 16 -1 -1 -1 0 
22 2 678 343 41 32 -1 -1 -1 0 
22 4 809 335 26 19 -1 -1 -1 0 
22 5 857 335 49 31 -1 -1 -1 0 
22 6 757 332 55 46 -1 -1 -1 0 
22 9 0 259 492 320 -1 -1 -1 0 
22 18 1014 313 44 26 -1 -1 -1 0 
22 22 692 330 21 19 -1 -1 -1 0 
23 1 576 334 29 16 -1 -1 -1 0 
23 2 679 342 41 33 -1 -1 -1 0 
23 4 810 334 26 19 -1 -1 -1 0 
23 5 858 335 49 31 -1 -1 -1 0 
23 6 758 332 56 46 -1 -1 -1 0 
23 9 0 265 500 302 -1 -1 -1 0 
23 18 1025 311 44 29 -1 -1 -1 0 
23 22 728 328 20 21 -1 -1 -1 0 
24 1 554 337 33 13 -1 -1 -1 0 
24 2 679 344 42 31 -1 -1 -1 0 
24 4 811 334 26 19 -1 -1 -1 0 
24 5 859 335 48 31 -1 -1 -1 0 
24 6 760 332 55 46 -1 -1 -1 0 
24 9 0 270 504 284 -1 -1 -1 0 
24 18 1033 312 51 28 -1 -1 -1 0 
24 22 765 327 20 22 -1 -1 -1 0 
25 1 542 338 33 13 -1 -1 -1 0 
25 2 680 343 41 32 -1 -1 -1 0 
25 4 812 333 25 20 -1 -1 -1 0 
25 5 859 335 49 30 -1 -1 -1 0 
25 6 760 332 56 46 -1 -1 -1 0 
25 9 0 273 508 270 -1 -1 -1 0 
25 18 1047 312 50 31 -1 -1 -1 0 
26 1 536 339 29 13 -1 -1 -1 0 
26 2 681 343 40 32 -1 -1 -1 0 
26 4 813 332 25 21 -1 -1 -1 0 
26 5 860 335 48 31 -1 -1 -1 0 
26 6 761 332 56 46 -1 -1 -1 0 
26 9 29 276 478 259 -1 -1 -1 0 
26 18 1057 312 57 32 -1 -1 -1 0 
27 1 527 339 32 14 -1 -1 -1 0 
27 2 681 343 41 32 -1 -1 -1 0 
27 4 814 333 25 20 -1 -1 -1 0 
27 5 860 335 49 31 -1 -1 -1 0 
27 6 762 332 55 46 -1 -1 -1 0 
27 9 63 278 447 247 -1 -1 -1 0 
27 18 1071 312 60 35 -1 -1 -1 0 
28 1 511 339 33 14 -1 -1 -1 0 
28 2 681 344 42 31 -1 -1 -1 0 
28 4 815 334 25 19 -1 -1 -1 0 
28 5 861 335 49 31 -1 -1 -1 0 
28 6 763 332 55 46 -1 -1 -1 0 
28 9 96 279 418 238 -1 -1 -1 0 
28 18 1086 312 65 37 -1 -1 -1 0 
29 2 683 343 41 32 -1 -1 -1 0 
29 4 816 334 24 19 -1 -1 -1 0 
29 5 861 335 50 31 -1 -1 -1 0 
29 6 764 332 54 47 -1 -1 -1 0 
29 9 126 280 394 228 -1 -1 -1 0 
29 18 1101 312 72 38 -1 -1 -1 0 
30 1 499 342 32 14 -1 -1 -1 0 
30 2 684 341 40 34 -1 -1 -1 0 
30 4 816 334 25 19 -1 -1 -1 0 
30 5 861 335 51 31 -1 -1 -1 0 
30 6 765 331 54 48 -1 -1 -1 0 
30 9 153 282 373 220 -1 -1 -1 0 
30 18 1119 313 78 39 -1 -1 -1 0 
31 1 486 342 32 14 -1 -1 -1 0 
31 2 685 341 39 33 -1 -1 -1 0 
31 4 817 334 24 19 -1 -1 -1 0 
31 5 862 335 49 31 -1 -1 -1 0 
31 6 765 331 56 48 -1 -1 -1 0 
31 9 177 284 355 214 -1 -1 -1 0 
31 18 1137 313 88 40 -1 -1 -1 0 
32 2 684 341 42 33 -1 -1 -1 0 
32 4 818 334 24 19 -1 -1 -1 0 
32 5 861 335 50 32 -1 -1 -1 0 
32 6 766 331 56 48 -1 -1 -1 0 
32 9 200 286 339 206 -1 -1 -1 0 
32 18 1158 313 97 43 -1 -1 -1 0 
32 22 751 338 22 15 -1 -1 -1 0 
33 2 685 341 41 33 -1 -1 -1 0 
33 4 818 334 24 20 -1 -1 -1 0 
33 5 861 335 50 32 -1 -1 -1 0 
33 6 766 331 56 48 -1 -1 -1 0 
33 9 221 288 324 199 -1 -1 -1 0 
33 18 1185 313 90 44 -1 -1 -1 0 
33 22 764 338 22 15 -1 -1 -1 0 
34 2 685 342 41 32 -1 -1 -1 0 
34 4 818 336 24 19 -1 -1 -1 0 
34 5 860 336 51 32 -1 -1 -1 0 
34 6 767 332 56 47 -1 -1 -1 0 
34 9 240 290 309 192 -1 -1 -1 0 
34 18 1213 313 66 46 -1 -1 -1 0 
35 2 686 342 40 32 -1 -1 -1 0 
35 4 818 337 25 18 -1 -1 -1 0 
35 5 860 336 51 32 -1 -1 -1 0 
35 6 767 333 56 46 -1 -1 -1 0 
35 9 258 292 296 186 -1 -1 -1 0 
35 18 1248 314 31 43 -1 -1 -1 0 
35 22 745 337 18 16 -1 -1 -1 0 
36 2 687 342 39 32 -1 -1 -1 0 
36 4 819 337 24 18 -1 -1 -1 0 
36 5 860 336 51 33 -1 -1 -1 0 
36 6 768 333 55 47 -1 -1 -1 0 
36 9 275 294 282 179 -1 -1 -1 0 
36 18 1266 314 13 44 -1 -1 -1 0 
36 22 743 337 19 16 -1 -1 -1 0 
37 1 205 355 69 20 -1 -1 -1 0 
37 2 686 343 40 31 -1 -1 -1 0 
37 4 819 336 23 19 -1 -1 -1 0 
37 5 861 336 48 33 -1 -1 -1 0 
37 6 768 333 55 47 -1 -1 -1 0 
37 9 289 295 273 175 -1 -1 -1 0 
37 22 742 338 18 14 -1 -1 -1 0 
38 1 160 356 77 22 -1 -1 -1 0 
38 2 687 343 39 32 -1 -1 -1 0 
38 4 818 336 24 20 -1 -1 -1 0 
38 5 859 338 51 32 -1 -1 -1 0 
38 6 768 333 55 47 -1 -1 -1 0 
38 9 305 297 260 170 -1 -1 -1 0 
38 22 743 338 16 14 -1 -1 -1 0 
39 1 121 359 78 22 -1 -1 -1 0 
39 2 687 343 39 32 -1 -1 -1 0 
39 4 818 336 24 20 -1 -1 -1 0 
39 5 860 338 49 32 -1 -1 -1 0 
39 6 768 333 55 48 -1 -1 -1 0 
39 9 317 298 253 165 -1 -1 -1 0 
39 22 742 338 18 15 -1 -1 -1 0 
39 29 0 369 133 128 -1 -1 -1 0 
40 1 76 360 81 22 -1 -1 -1 0 
40 2 686 344 40 31 -1 -1 -1 0 
40 4 818 336 24 20 -1 -1 -1 0 
40 5 860 339 49 31 -1 -1 -1 0 
40 6 768 333 55 48 -1 -1 -1 0 
40 9 331 299 241 161 -1 -1 -1 0 
40 22 742 338 18 15 -1 -1 -1 0 
40 29 0 354 164 136 -1 -1 -1 0 
