3 1 454 361 133 85 -1 -1 -1 0 
3 3 674 350 30 23 -1 -1 -1 0 
4 1 453 360 134 85 -1 -1 -1 0 
4 3 673 350 31 21 -1 -1 -1 0 
5 1 454 362 133 83 -1 -1 -1 0 
5 3 674 351 28 21 -1 -1 -1 0 
6 1 454 362 132 82 -1 -1 -1 0 
6 3 673 350 29 22 -1 -1 -1 0 
7 1 455 362 130 81 -1 -1 -1 0 
7 3 673 350 29 21 -1 -1 -1 0 
8 1 455 362 129 81 -1 -1 -1 0 
8 3 673 350 29 21 -1 -1 -1 0 
8 8 326 350 56 23 -1 -1 -1 0 
9 1 455 362 128 81 -1 -1 -1 0 
9 3 672 350 30 21 -1 -1 -1 0 
9 8 305 352 49 23 -1 -1 -1 0 
10 1 455 361 128 82 -1 -1 -1 0 
10 3 671 349 31 22 -1 -1 -1 0 
10 8 278 353 53 25 -1 -1 -1 0 
11 1 454 361 129 82 -1 -1 -1 0 
11 3 671 349 30 21 -1 -1 -1 0 
11 8 251 354 58 26 -1 -1 -1 0 
12 1 454 361 128 81 -1 -1 -1 0 
12 3 671 349 30 21 -1 -1 -1 0 
12 8 220 354 62 29 -1 -1 -1 0 
13 1 455 361 126 80 -1 -1 -1 0 
13 3 672 348 28 22 -1 -1 -1 0 
13 8 182 355 73 32 -1 -1 -1 0 
13 11 272 360 41 16 -1 -1 -1 0 
14 1 454 360 128 80 -1 -1 -1 0 
14 3 671 348 29 22 -1 -1 -1 0 
14 8 136 356 90 36 -1 -1 -1 0 
14 11 249 362 45 16 -1 -1 -1 0 
14 12 349 355 34 15 -1 -1 -1 0 
15 1 455 360 126 79 -1 -1 -1 0 
15 3 670 348 30 22 -1 -1 -1 0 
15 8 81 359 100 37 -1 -1 -1 0 
15 11 226 363 45 17 -1 -1 -1 0 
15 12 334 355 36 16 -1 -1 -1 0 
16 1 454 361 127 79 -1 -1 -1 0 
16 3 670 349 31 21 -1 -1 -1 0 
16 8 10 361 122 39 -1 -1 -1 0 
16 11 198 364 52 19 -1 -1 -1 0 
16 12 317 356 40 16 -1 -1 -1 0 
17 1 455 361 125 79 -1 -1 -1 0 
17 3 670 349 30 21 -1 -1 -1 0 
17 8 0 363 65 42 -1 -1 -1 0 
17 11 167 365 57 20 -1 -1 -1 0 
17 12 300 356 42 18 -1 -1 -1 0 
18 1 455 361 125 78 -1 -1 -1 0 
18 3 670 349 30 21 -1 -1 -1 0 
18 8 0 365 26 44 -1 -1 -1 0 
18 11 131 365 65 23 -1 -1 -1 0 
18 12 281 357 45 18 -1 -1 -1 0 
19 1 455 361 124 78 -1 -1 -1 0 
19 3 670 349 29 21 -1 -1 -1 0 
19 11 88 366 76 25 -1 -1 -1 0 
19 12 259 358 49 19 -1 -1 -1 0 
20 1 454 361 125 78 -1 -1 -1 0 
20 3 670 349 29 22 -1 -1 -1 0 
20 11 37 368 87 27 -1 -1 -1 0 
20 12 238 359 48 21 -1 -1 -1 0 
21 1 455 360 124 78 -1 -1 -1 0 
21 3 669 349 31 22 -1 -1 -1 0 
21 11 1 370 76 29 -1 -1 -1 0 
21 12 209 360 58 22 -1 -1 -1 0 
22 1 455 360 123 78 -1 -1 -1 0 
22 3 669 349 30 22 -1 -1 -1 0 
22 11 0 371 43 30 -1 -1 -1 0 
22 12 180 361 61 24 -1 -1 -1 0 
23 1 454 360 124 78 -1 -1 -1 0 
23 3 670 348 29 22 -1 -1 -1 0 
23 12 144 363 72 25 -1 -1 -1 0 
24 1 454 360 123 77 -1 -1 -1 0 
24 3 669 349 31 21 -1 -1 -1 0 
24 12 104 364 78 28 -1 -1 -1 0 
24 14 345 355 35 13 -1 -1 -1 0 
25 1 455 359 122 78 -1 -1 -1 0 
25 3 669 349 30 21 -1 -1 -1 0 
25 12 55 364 87 31 -1 -1 -1 0 
25 14 329 355 38 14 -1 -1 -1 0 
26 1 454 359 123 77 -1 -1 -1 0 
26 3 669 349 31 21 -1 -1 -1 0 
26 12 2 367 98 32 -1 -1 -1 0 
26 14 314 356 38 15 -1 -1 -1 0 
27 1 455 359 121 77 -1 -1 -1 0 
27 3 669 349 30 21 -1 -1 -1 0 
27 12 0 367 46 32 -1 -1 -1 0 
27 14 298 356 40 16 -1 -1 -1 0 
28 1 455 359 120 76 -1 -1 -1 0 
28 3 669 349 29 21 -1 -1 -1 0 
28 12 0 367 13 35 -1 -1 -1 0 
28 14 280 356 43 18 -1 -1 -1 0 
29 1 454 358 121 77 -1 -1 -1 0 
29 3 667 349 32 21 -1 -1 -1 0 
29 14 261 357 45 18 -1 -1 -1 0 
30 1 454 358 122 76 -1 -1 -1 0 
30 3 668 349 30 21 -1 -1 -1 0 
30 14 239 357 48 20 -1 -1 -1 0 
30 16 398 351 25 12 -1 -1 -1 0 
31 1 454 358 122 75 -1 -1 -1 0 
31 3 669 349 29 22 -1 -1 -1 0 
31 14 214 358 53 22 -1 -1 -1 0 
31 16 394 351 25 13 -1 -1 -1 0 
32 1 455 358 120 75 -1 -1 -1 0 
32 3 669 350 29 22 -1 -1 -1 0 
32 14 186 359 58 24 -1 -1 -1 0 
33 1 455 358 119 75 -1 -1 -1 0 
33 3 669 350 29 22 -1 -1 -1 0 
33 14 154 360 64 25 -1 -1 -1 0 
34 1 455 358 118 75 -1 -1 -1 0 
34 3 669 350 29 23 -1 -1 -1 0 
34 14 117 361 72 28 -1 -1 -1 0 
34 16 354 353 29 16 -1 -1 -1 0 
35 1 455 359 117 75 -1 -1 -1 0 
35 3 668 350 30 23 -1 -1 -1 0 
35 14 73 364 85 29 -1 -1 -1 0 
35 16 340 355 33 16 -1 -1 -1 0 
36 1 454 359 119 75 -1 -1 -1 0 
36 3 668 350 30 22 -1 -1 -1 0 
36 14 21 367 98 31 -1 -1 -1 0 
36 16 324 356 38 15 -1 -1 -1 0 
37 1 455 360 117 73 -1 -1 -1 0 
37 3 668 350 30 22 -1 -1 -1 0 
37 14 0 369 70 32 -1 -1 -1 0 
37 16 309 357 39 15 -1 -1 -1 0 
38 1 455 360 117 73 -1 -1 -1 0 
38 3 668 350 30 22 -1 -1 -1 0 
38 14 0 370 38 34 -1 -1 -1 0 
38 16 295 357 38 17 -1 -1 -1 0 
39 1 456 361 115 73 -1 -1 -1 0 
39 3 669 350 29 22 -1 -1 -1 0 
39 16 277 358 41 17 -1 -1 -1 0 
40 1 455 361 118 72 -1 -1 -1 0 
40 3 669 351 29 22 -1 -1 -1 0 
40 16 258 358 45 19 -1 -1 -1 0 
