3 2 595 347 49 37 -1 -1 -1 0 
3 3 830 342 41 27 -1 -1 -1 0 
3 4 447 350 33 23 -1 -1 -1 0 
3 5 712 317 36 46 -1 -1 -1 0 
3 6 965 271 313 361 -1 -1 -1 0 
3 7 476 344 53 29 -1 -1 -1 0 
3 8 561 635 710 79 -1 -1 -1 0 
4 2 596 347 48 38 -1 -1 -1 0 
4 3 830 342 40 27 -1 -1 -1 0 
4 4 440 350 32 23 -1 -1 -1 0 
4 5 712 316 35 47 -1 -1 -1 0 
4 6 971 272 308 342 -1 -1 -1 0 
4 7 446 345 71 33 -1 -1 -1 0 
4 8 557 635 719 79 -1 -1 -1 0 
5 2 596 348 49 37 -1 -1 -1 0 
5 3 830 342 40 27 -1 -1 -1 0 
5 4 513 348 22 17 -1 -1 -1 0 
5 5 711 317 36 46 -1 -1 -1 0 
5 6 981 271 297 338 -1 -1 -1 0 
5 7 418 345 81 38 -1 -1 -1 0 
5 8 557 635 720 80 -1 -1 -1 0 
6 2 597 347 47 38 -1 -1 -1 0 
6 3 829 342 42 27 -1 -1 -1 0 
6 4 519 347 22 17 -1 -1 -1 0 
6 5 711 317 36 46 -1 -1 -1 0 
6 6 988 271 290 335 -1 -1 -1 0 
6 7 394 345 84 43 -1 -1 -1 0 
7 2 596 347 49 38 -1 -1 -1 0 
7 3 829 342 42 27 -1 -1 -1 0 
7 4 515 347 23 18 -1 -1 -1 0 
7 5 711 317 36 45 -1 -1 -1 0 
7 6 996 271 281 334 -1 -1 -1 0 
7 7 352 346 103 49 -1 -1 -1 0 
7 8 560 635 707 80 -1 -1 -1 0 
7 13 970 335 50 24 -1 -1 -1 0 
8 2 597 348 48 36 -1 -1 -1 0 
8 3 829 342 42 26 -1 -1 -1 0 
8 4 506 348 27 18 -1 -1 -1 0 
8 5 712 317 35 46 -1 -1 -1 0 
8 6 1006 270 271 337 -1 -1 -1 0 
8 7 298 348 124 57 -1 -1 -1 0 
8 8 557 635 717 80 -1 -1 -1 0 
8 13 973 335 51 24 -1 -1 -1 0 
9 2 597 347 48 37 -1 -1 -1 0 
9 3 829 343 41 25 -1 -1 -1 0 
9 4 551 345 22 15 -1 -1 -1 0 
9 5 712 317 35 46 -1 -1 -1 0 
9 6 1014 271 263 338 -1 -1 -1 0 
9 7 216 350 171 67 -1 -1 -1 0 
9 8 557 636 718 78 -1 -1 -1 0 
9 13 976 335 47 24 -1 -1 -1 0 
9 14 677 342 17 14 -1 -1 -1 0 
10 2 597 347 49 36 -1 -1 -1 0 
10 3 829 342 41 26 -1 -1 -1 0 
10 4 566 344 20 14 -1 -1 -1 0 
10 5 711 317 36 46 -1 -1 -1 0 
10 6 1023 271 254 339 -1 -1 -1 0 
10 7 89 351 229 84 -1 -1 -1 0 
10 8 555 636 720 78 -1 -1 -1 0 
10 13 976 335 50 24 -1 -1 -1 0 
10 14 676 342 17 14 -1 -1 -1 0 
11 2 599 347 46 36 -1 -1 -1 0 
11 3 830 342 39 27 -1 -1 -1 0 
11 4 578 343 20 14 -1 -1 -1 0 
11 5 712 317 35 47 -1 -1 -1 0 
11 6 1032 273 245 338 -1 -1 -1 0 
11 7 13 353 206 96 -1 -1 -1 0 
11 8 559 636 714 78 -1 -1 -1 0 
11 13 977 335 50 24 -1 -1 -1 0 
11 14 675 343 17 12 -1 -1 -1 0 
11 16 471 350 33 22 -1 -1 -1 0 
12 2 598 347 49 36 -1 -1 -1 0 
12 3 829 342 41 27 -1 -1 -1 0 
12 5 712 316 34 48 -1 -1 -1 0 
12 6 1044 273 233 343 -1 -1 -1 0 
12 7 0 355 167 102 -1 -1 -1 0 
12 8 557 636 718 78 -1 -1 -1 0 
12 13 977 334 52 25 -1 -1 -1 0 
12 14 675 342 18 14 -1 -1 -1 0 
12 16 460 351 33 23 -1 -1 -1 0 
12 18 313 355 53 23 -1 -1 -1 0 
13 2 599 347 47 36 -1 -1 -1 0 
13 3 827 342 43 27 -1 -1 -1 0 
13 5 712 316 35 48 -1 -1 -1 0 
13 6 1056 273 221 343 -1 -1 -1 0 
13 8 561 636 712 78 -1 -1 -1 0 
13 13 978 334 51 26 -1 -1 -1 0 
13 14 675 342 18 14 -1 -1 -1 0 
13 16 447 351 36 23 -1 -1 -1 0 
13 18 300 358 52 20 -1 -1 -1 0 
13 19 83 364 158 58 -1 -1 -1 0 
14 2 599 349 48 34 -1 -1 -1 0 
14 3 829 343 40 26 -1 -1 -1 0 
14 5 712 316 34 48 -1 -1 -1 0 
14 6 1068 275 209 342 -1 -1 -1 0 
14 8 565 636 701 78 -1 -1 -1 0 
14 13 979 334 53 26 -1 -1 -1 0 
14 14 675 342 17 14 -1 -1 -1 0 
14 16 433 352 38 25 -1 -1 -1 0 
14 18 285 361 53 21 -1 -1 -1 0 
14 19 6 369 160 66 -1 -1 -1 0 
15 2 600 349 46 34 -1 -1 -1 0 
15 3 828 343 41 26 -1 -1 -1 0 
15 5 711 316 36 48 -1 -1 -1 0 
15 6 1082 276 195 343 -1 -1 -1 0 
15 8 558 636 718 78 -1 -1 -1 0 
15 13 980 334 51 27 -1 -1 -1 0 
15 16 415 353 43 26 -1 -1 -1 0 
15 18 263 363 64 21 -1 -1 -1 0 
15 19 0 375 68 67 -1 -1 -1 0 
16 2 601 349 46 34 -1 -1 -1 0 
16 3 827 343 43 26 -1 -1 -1 0 
16 5 711 317 37 48 -1 -1 -1 0 
16 6 1097 278 180 345 -1 -1 -1 0 
16 8 559 636 715 78 -1 -1 -1 0 
16 13 980 334 54 28 -1 -1 -1 0 
16 14 560 345 25 17 -1 -1 -1 0 
16 16 396 354 47 28 -1 -1 -1 0 
16 18 242 365 67 21 -1 -1 -1 0 
16 19 0 379 15 70 -1 -1 -1 0 
17 2 602 349 45 34 -1 -1 -1 0 
17 3 828 343 40 27 -1 -1 -1 0 
17 4 790 341 17 11 -1 -1 -1 0 
17 5 711 317 36 48 -1 -1 -1 0 
17 6 1111 288 167 341 -1 -1 -1 0 
17 8 561 637 714 77 -1 -1 -1 0 
17 13 982 334 54 28 -1 -1 -1 0 
17 14 544 345 27 17 -1 -1 -1 0 
17 16 374 355 51 30 -1 -1 -1 0 
17 18 226 366 62 22 -1 -1 -1 0 
18 2 601 348 46 35 -1 -1 -1 0 
18 3 828 343 40 27 -1 -1 -1 0 
18 4 805 342 16 11 -1 -1 -1 0 
18 5 711 317 35 48 -1 -1 -1 0 
18 6 1129 307 148 334 -1 -1 -1 0 
18 8 570 637 703 77 -1 -1 -1 0 
18 13 983 334 55 28 -1 -1 -1 0 
18 14 532 345 26 19 -1 -1 -1 0 
18 16 347 355 59 33 -1 -1 -1 0 
18 18 199 367 68 23 -1 -1 -1 0 
19 2 601 348 47 35 -1 -1 -1 0 
19 3 827 343 41 27 -1 -1 -1 0 
19 4 810 342 17 12 -1 -1 -1 0 
19 5 711 317 35 48 -1 -1 -1 0 
19 6 1147 329 131 324 -1 -1 -1 0 
19 8 561 637 715 77 -1 -1 -1 0 
19 13 984 334 54 28 -1 -1 -1 0 
19 14 524 346 24 19 -1 -1 -1 0 
19 16 317 356 64 36 -1 -1 -1 0 
19 18 170 368 76 24 -1 -1 -1 0 
20 2 601 348 47 35 -1 -1 -1 0 
20 3 827 343 41 27 -1 -1 -1 0 
20 4 831 342 17 11 -1 -1 -1 0 
20 5 710 317 37 49 -1 -1 -1 0 
20 6 1169 350 108 315 -1 -1 -1 0 
20 8 559 637 716 77 -1 -1 -1 0 
20 13 987 333 52 29 -1 -1 -1 0 
20 14 517 346 26 20 -1 -1 -1 0 
20 16 279 355 76 42 -1 -1 -1 0 
20 18 140 369 81 25 -1 -1 -1 0 
21 2 601 348 47 35 -1 -1 -1 0 
21 3 827 343 41 26 -1 -1 -1 0 
21 5 710 316 37 49 -1 -1 -1 0 
21 6 1191 384 88 279 -1 -1 -1 0 
21 8 561 637 713 78 -1 -1 -1 0 
21 13 988 332 53 30 -1 -1 -1 0 
21 14 509 346 31 20 -1 -1 -1 0 
21 16 230 357 95 46 -1 -1 -1 0 
21 18 107 370 87 28 -1 -1 -1 0 
21 22 477 350 21 12 -1 -1 -1 0 
22 2 602 347 46 36 -1 -1 -1 0 
22 3 826 342 42 26 -1 -1 -1 0 
22 5 710 316 37 48 -1 -1 -1 0 
22 6 1215 413 64 198 -1 -1 -1 0 
22 8 559 637 717 78 -1 -1 -1 0 
22 13 988 332 55 29 -1 -1 -1 0 
22 14 504 345 28 22 -1 -1 -1 0 
22 16 170 360 113 50 -1 -1 -1 0 
22 18 64 371 99 29 -1 -1 -1 0 
22 22 472 350 19 12 -1 -1 -1 0 
23 2 603 346 45 36 -1 -1 -1 0 
23 3 826 342 41 26 -1 -1 -1 0 
23 5 710 316 37 48 -1 -1 -1 0 
23 6 1228 427 51 180 -1 -1 -1 0 
23 8 565 635 705 80 -1 -1 -1 0 
23 13 990 332 56 29 -1 -1 -1 0 
23 14 496 345 32 23 -1 -1 -1 0 
23 16 88 364 143 57 -1 -1 -1 0 
23 18 37 372 102 30 -1 -1 -1 0 
23 22 464 349 22 14 -1 -1 -1 0 
24 2 603 346 45 37 -1 -1 -1 0 
24 3 827 342 40 26 -1 -1 -1 0 
24 5 710 316 37 48 -1 -1 -1 0 
24 8 561 635 716 80 -1 -1 -1 0 
24 13 992 332 55 29 -1 -1 -1 0 
24 14 488 346 34 24 -1 -1 -1 0 
24 16 10 367 147 64 -1 -1 -1 0 
24 22 458 350 22 14 -1 -1 -1 0 
25 2 602 347 48 36 -1 -1 -1 0 
25 3 826 341 42 27 -1 -1 -1 0 
25 4 699 343 19 13 -1 -1 -1 0 
25 5 711 315 37 49 -1 -1 -1 0 
25 8 555 635 724 79 -1 -1 -1 0 
25 13 992 333 59 28 -1 -1 -1 0 
25 14 478 346 39 25 -1 -1 -1 0 
25 16 0 374 55 65 -1 -1 -1 0 
25 22 450 352 26 13 -1 -1 -1 0 
26 2 603 349 47 34 -1 -1 -1 0 
26 3 826 342 41 26 -1 -1 -1 0 
26 4 680 343 20 13 -1 -1 -1 0 
26 5 712 315 36 50 -1 -1 -1 0 
26 8 561 635 714 79 -1 -1 -1 0 
26 13 995 333 58 29 -1 -1 -1 0 
26 14 468 348 42 24 -1 -1 -1 0 
26 16 0 376 3 68 -1 -1 -1 0 
26 22 443 353 24 14 -1 -1 -1 0 
27 2 604 349 46 34 -1 -1 -1 0 
27 3 826 342 41 26 -1 -1 -1 0 
27 4 676 343 19 13 -1 -1 -1 0 
27 5 711 316 39 48 -1 -1 -1 0 
27 8 557 636 720 78 -1 -1 -1 0 
27 13 996 333 59 29 -1 -1 -1 0 
27 14 457 348 44 25 -1 -1 -1 0 
27 22 436 354 22 14 -1 -1 -1 0 
27 25 31 355 28 16 -1 -1 -1 0 
28 2 605 349 46 34 -1 -1 -1 0 
28 3 827 342 41 27 -1 -1 -1 0 
28 4 567 349 21 13 -1 -1 -1 0 
28 5 711 316 38 48 -1 -1 -1 0 
28 8 554 636 723 78 -1 -1 -1 0 
28 13 998 333 59 29 -1 -1 -1 0 
28 14 445 349 46 28 -1 -1 -1 0 
28 22 427 354 22 15 -1 -1 -1 0 
28 25 23 355 28 16 -1 -1 -1 0 
29 2 605 349 46 34 -1 -1 -1 0 
29 3 827 342 40 27 -1 -1 -1 0 
29 4 641 345 17 14 -1 -1 -1 0 
29 5 712 316 37 48 -1 -1 -1 0 
29 8 560 636 711 80 -1 -1 -1 0 
29 13 999 333 60 29 -1 -1 -1 0 
29 14 430 349 51 29 -1 -1 -1 0 
29 22 480 352 25 14 -1 -1 -1 0 
30 2 606 348 45 35 -1 -1 -1 0 
30 3 827 342 40 27 -1 -1 -1 0 
30 4 664 343 16 14 -1 -1 -1 0 
30 5 713 316 37 48 -1 -1 -1 0 
30 8 560 636 715 80 -1 -1 -1 0 
30 13 1003 331 58 31 -1 -1 -1 0 
30 14 412 348 57 33 -1 -1 -1 0 
30 22 496 351 22 16 -1 -1 -1 0 
30 31 229 369 59 20 -1 -1 -1 0 
31 2 606 348 45 35 -1 -1 -1 0 
31 3 827 342 41 27 -1 -1 -1 0 
31 4 666 343 17 13 -1 -1 -1 0 
31 5 712 316 38 48 -1 -1 -1 0 
31 8 556 636 723 79 -1 -1 -1 0 
31 13 1003 332 63 30 -1 -1 -1 0 
31 14 394 349 61 35 -1 -1 -1 0 
31 22 497 351 24 17 -1 -1 -1 0 
31 31 202 369 64 23 -1 -1 -1 0 
32 2 606 348 45 34 -1 -1 -1 0 
32 3 827 343 41 26 -1 -1 -1 0 
32 5 712 315 39 49 -1 -1 -1 0 
32 8 557 636 720 79 -1 -1 -1 0 
32 13 1006 332 61 30 -1 -1 -1 0 
32 14 373 350 67 36 -1 -1 -1 0 
32 22 492 351 26 18 -1 -1 -1 0 
32 31 184 370 67 23 -1 -1 -1 0 
33 2 606 348 45 34 -1 -1 -1 0 
33 3 828 343 40 26 -1 -1 -1 0 
33 4 676 343 16 13 -1 -1 -1 0 
33 5 712 315 39 49 -1 -1 -1 0 
33 8 559 636 715 79 -1 -1 -1 0 
33 13 1008 332 61 30 -1 -1 -1 0 
33 14 348 349 74 40 -1 -1 -1 0 
33 22 484 351 28 19 -1 -1 -1 0 
33 31 136 371 82 26 -1 -1 -1 0 
34 2 605 348 46 34 -1 -1 -1 0 
34 3 828 343 39 26 -1 -1 -1 0 
34 4 675 343 19 13 -1 -1 -1 0 
34 5 712 315 39 49 -1 -1 -1 0 
34 8 559 636 717 79 -1 -1 -1 0 
34 13 1010 332 61 31 -1 -1 -1 0 
34 14 316 350 85 44 -1 -1 -1 0 
34 22 476 351 27 20 -1 -1 -1 0 
34 31 98 374 87 27 -1 -1 -1 0 
34 33 495 345 53 30 -1 -1 -1 0 
35 2 607 348 44 34 -1 -1 -1 0 
35 3 828 343 40 26 -1 -1 -1 0 
35 4 676 343 18 13 -1 -1 -1 0 
35 5 712 315 39 49 -1 -1 -1 0 
35 8 557 637 720 78 -1 -1 -1 0 
35 13 1010 332 65 31 -1 -1 -1 0 
35 14 279 351 98 47 -1 -1 -1 0 
35 22 465 352 31 21 -1 -1 -1 0 
35 31 70 375 91 28 -1 -1 -1 0 
35 33 485 345 53 32 -1 -1 -1 0 
36 2 607 348 44 35 -1 -1 -1 0 
36 3 828 344 39 26 -1 -1 -1 0 
36 4 674 343 21 13 -1 -1 -1 0 
36 5 713 316 39 49 -1 -1 -1 0 
36 8 560 637 715 78 -1 -1 -1 0 
36 13 1012 332 66 32 -1 -1 -1 0 
36 14 232 352 116 53 -1 -1 -1 0 
36 22 456 352 27 22 -1 -1 -1 0 
36 31 4 380 101 32 -1 -1 -1 0 
36 33 470 345 57 34 -1 -1 -1 0 
37 2 607 348 45 35 -1 -1 -1 0 
37 3 827 344 41 26 -1 -1 -1 0 
37 4 676 343 21 13 -1 -1 -1 0 
37 5 713 316 38 49 -1 -1 -1 0 
37 8 557 637 719 78 -1 -1 -1 0 
37 13 1015 333 66 31 -1 -1 -1 0 
37 14 172 352 140 61 -1 -1 -1 0 
37 22 508 349 27 20 -1 -1 -1 0 
37 31 0 379 57 36 -1 -1 -1 0 
37 33 453 345 61 37 -1 -1 -1 0 
38 2 608 347 44 36 -1 -1 -1 0 
38 3 828 343 40 27 -1 -1 -1 0 
38 5 713 316 39 50 -1 -1 -1 0 
38 8 558 637 717 78 -1 -1 -1 0 
38 13 1017 333 67 32 -1 -1 -1 0 
38 14 93 354 172 68 -1 -1 -1 0 
38 22 523 348 27 22 -1 -1 -1 0 
38 31 0 380 26 38 -1 -1 -1 0 
38 33 430 346 66 41 -1 -1 -1 0 
38 35 298 362 48 20 -1 -1 -1 0 
39 2 609 347 43 36 -1 -1 -1 0 
39 3 829 343 39 26 -1 -1 -1 0 
39 5 714 317 38 49 -1 -1 -1 0 
39 8 562 637 711 78 -1 -1 -1 0 
39 13 1020 333 67 32 -1 -1 -1 0 
39 14 14 356 189 78 -1 -1 -1 0 
39 22 523 347 30 23 -1 -1 -1 0 
39 33 398 346 80 46 -1 -1 -1 0 
39 35 276 364 55 20 -1 -1 -1 0 
40 2 609 347 44 36 -1 -1 -1 0 
40 3 829 343 39 26 -1 -1 -1 0 
40 5 714 317 39 49 -1 -1 -1 0 
40 8 559 637 718 78 -1 -1 -1 0 
40 13 1023 332 67 33 -1 -1 -1 0 
40 14 0 359 120 82 -1 -1 -1 0 
40 22 517 347 33 25 -1 -1 -1 0 
40 33 361 347 92 52 -1 -1 -1 0 
40 35 254 365 56 21 -1 -1 -1 0 
