3 1 647 351 75 54 -1 -1 -1 0 
3 2 93 360 113 38 -1 -1 -1 0 
3 3 250 351 84 39 -1 -1 -1 0 
3 4 809 339 32 24 -1 -1 -1 0 
3 6 763 339 19 17 -1 -1 -1 0 
3 7 712 339 23 18 -1 -1 -1 0 
3 8 561 635 715 80 -1 -1 -1 0 
4 1 652 350 72 54 -1 -1 -1 0 
4 2 19 361 137 42 -1 -1 -1 0 
4 3 203 354 98 40 -1 -1 -1 0 
4 4 807 338 36 25 -1 -1 -1 0 
4 6 762 338 20 18 -1 -1 -1 0 
4 7 712 339 23 19 -1 -1 -1 0 
4 8 563 635 708 80 -1 -1 -1 0 
5 1 656 347 70 56 -1 -1 -1 0 
5 2 0 364 97 43 -1 -1 -1 0 
5 3 147 357 114 43 -1 -1 -1 0 
5 4 808 338 34 24 -1 -1 -1 0 
5 6 762 338 20 17 -1 -1 -1 0 
5 7 711 338 23 20 -1 -1 -1 0 
5 8 558 634 717 81 -1 -1 -1 0 
6 1 660 346 67 56 -1 -1 -1 0 
6 2 0 366 58 45 -1 -1 -1 0 
6 3 78 360 136 47 -1 -1 -1 0 
6 4 807 338 36 24 -1 -1 -1 0 
6 6 763 338 19 17 -1 -1 -1 0 
6 7 711 338 23 20 -1 -1 -1 0 
6 8 556 636 723 79 -1 -1 -1 0 
7 1 664 347 68 55 -1 -1 -1 0 
7 3 6 364 150 51 -1 -1 -1 0 
7 4 807 338 36 25 -1 -1 -1 0 
7 6 762 339 21 15 -1 -1 -1 0 
7 8 563 635 711 80 -1 -1 -1 0 
7 16 429 336 47 29 -1 -1 -1 0 
8 1 668 347 67 54 -1 -1 -1 0 
8 3 0 368 83 52 -1 -1 -1 0 
8 4 807 338 36 25 -1 -1 -1 0 
8 6 763 339 19 15 -1 -1 -1 0 
8 7 505 345 40 23 -1 -1 -1 0 
8 8 562 635 714 80 -1 -1 -1 0 
8 16 416 337 47 29 -1 -1 -1 0 
8 18 356 352 59 27 -1 -1 -1 0 
8 20 167 351 141 56 -1 -1 -1 0 
9 1 672 348 67 52 -1 -1 -1 0 
9 3 0 371 38 54 -1 -1 -1 0 
9 4 808 338 35 25 -1 -1 -1 0 
9 6 763 338 19 16 -1 -1 -1 0 
9 7 467 348 40 22 -1 -1 -1 0 
9 8 556 634 720 81 -1 -1 -1 0 
9 16 401 337 51 31 -1 -1 -1 0 
9 18 329 353 64 28 -1 -1 -1 0 
9 20 63 351 222 67 -1 -1 -1 0 
10 1 675 348 67 51 -1 -1 -1 0 
10 4 808 338 36 25 -1 -1 -1 0 
10 6 763 338 20 16 -1 -1 -1 0 
10 7 443 351 46 21 -1 -1 -1 0 
10 8 559 634 717 81 -1 -1 -1 0 
10 16 383 337 56 33 -1 -1 -1 0 
10 18 298 354 70 31 -1 -1 -1 0 
10 20 4 354 208 75 -1 -1 -1 0 
11 1 679 348 66 51 -1 -1 -1 0 
11 4 809 338 35 25 -1 -1 -1 0 
11 6 764 338 18 17 -1 -1 -1 0 
11 7 426 351 46 24 -1 -1 -1 0 
11 8 558 634 718 81 -1 -1 -1 0 
11 16 364 337 61 35 -1 -1 -1 0 
11 18 263 355 79 34 -1 -1 -1 0 
11 20 0 365 107 68 -1 -1 -1 0 
11 23 658 340 27 25 -1 -1 -1 0 
12 1 683 348 66 51 -1 -1 -1 0 
12 4 809 338 36 25 -1 -1 -1 0 
12 6 763 339 20 16 -1 -1 -1 0 
12 7 408 352 49 25 -1 -1 -1 0 
12 8 562 634 713 81 -1 -1 -1 0 
12 16 344 337 65 37 -1 -1 -1 0 
12 18 221 357 91 37 -1 -1 -1 0 
12 20 0 367 58 73 -1 -1 -1 0 
12 23 659 340 27 25 -1 -1 -1 0 
13 1 686 348 67 50 -1 -1 -1 0 
13 4 810 338 35 26 -1 -1 -1 0 
13 6 763 339 21 16 -1 -1 -1 0 
13 7 386 353 54 28 -1 -1 -1 0 
13 8 556 634 723 81 -1 -1 -1 0 
13 16 322 337 68 39 -1 -1 -1 0 
13 18 170 359 104 40 -1 -1 -1 0 
13 23 659 340 28 24 -1 -1 -1 0 
14 1 689 349 67 49 -1 -1 -1 0 
14 4 809 338 36 26 -1 -1 -1 0 
14 6 764 339 19 17 -1 -1 -1 0 
14 7 363 352 58 31 -1 -1 -1 0 
14 8 563 634 713 81 -1 -1 -1 0 
14 16 306 338 71 40 -1 -1 -1 0 
14 18 108 361 124 44 -1 -1 -1 0 
14 23 659 341 29 23 -1 -1 -1 0 
15 1 694 349 64 48 -1 -1 -1 0 
15 4 810 338 36 26 -1 -1 -1 0 
15 6 763 339 21 16 -1 -1 -1 0 
15 7 334 353 65 34 -1 -1 -1 0 
15 8 561 634 715 81 -1 -1 -1 0 
15 16 269 338 81 43 -1 -1 -1 0 
15 18 21 363 158 49 -1 -1 -1 0 
15 23 660 341 28 23 -1 -1 -1 0 
16 1 697 349 64 48 -1 -1 -1 0 
16 4 810 338 35 26 -1 -1 -1 0 
16 6 764 338 19 17 -1 -1 -1 0 
16 7 299 349 74 42 -1 -1 -1 0 
16 8 560 634 717 81 -1 -1 -1 0 
16 16 237 338 91 46 -1 -1 -1 0 
16 18 0 367 109 49 -1 -1 -1 0 
16 23 661 339 27 24 -1 -1 -1 0 
16 25 438 343 58 30 -1 -1 -1 0 
17 1 701 349 63 47 -1 -1 -1 0 
17 4 811 338 35 26 -1 -1 -1 0 
17 6 763 338 21 17 -1 -1 -1 0 
17 7 254 349 92 47 -1 -1 -1 0 
17 8 553 635 725 81 -1 -1 -1 0 
17 16 200 338 101 50 -1 -1 -1 0 
17 18 0 369 66 51 -1 -1 -1 0 
17 23 662 338 27 25 -1 -1 -1 0 
17 25 410 344 72 33 -1 -1 -1 0 
18 1 704 347 63 49 -1 -1 -1 0 
18 4 810 338 36 25 -1 -1 -1 0 
18 6 763 338 21 16 -1 -1 -1 0 
18 7 225 350 96 49 -1 -1 -1 0 
18 8 560 634 713 82 -1 -1 -1 0 
18 16 157 337 122 56 -1 -1 -1 0 
18 23 661 338 29 24 -1 -1 -1 0 
18 25 416 345 50 29 -1 -1 -1 0 
19 1 707 347 63 49 -1 -1 -1 0 
19 4 811 338 36 25 -1 -1 -1 0 
19 6 763 338 21 17 -1 -1 -1 0 
19 8 557 634 720 82 -1 -1 -1 0 
19 16 106 338 131 59 -1 -1 -1 0 
19 23 661 337 28 25 -1 -1 -1 0 
19 25 354 350 80 33 -1 -1 -1 0 
20 1 710 347 63 49 -1 -1 -1 0 
20 4 811 338 36 25 -1 -1 -1 0 
20 6 763 338 20 17 -1 -1 -1 0 
20 8 557 634 720 82 -1 -1 -1 0 
20 16 39 338 156 77 -1 -1 -1 0 
20 23 661 337 29 24 -1 -1 -1 0 
20 25 302 352 94 40 -1 -1 -1 0 
20 28 388 346 52 29 -1 -1 -1 0 
20 29 216 347 70 31 -1 -1 -1 0 
21 1 714 347 61 49 -1 -1 -1 0 
21 4 812 338 35 25 -1 -1 -1 0 
21 6 764 338 19 17 -1 -1 -1 0 
21 8 557 634 720 82 -1 -1 -1 0 
21 16 2 339 139 82 -1 -1 -1 0 
21 23 660 337 30 25 -1 -1 -1 0 
21 25 240 355 117 44 -1 -1 -1 0 
21 28 367 348 54 29 -1 -1 -1 0 
21 29 181 348 81 33 -1 -1 -1 0 
21 31 488 342 47 23 -1 -1 -1 0 
22 1 716 347 62 49 -1 -1 -1 0 
22 4 812 338 35 26 -1 -1 -1 0 
22 6 764 338 19 18 -1 -1 -1 0 
22 8 560 634 716 81 -1 -1 -1 0 
22 16 0 337 84 75 -1 -1 -1 0 
22 23 660 339 30 23 -1 -1 -1 0 
22 25 159 357 148 52 -1 -1 -1 0 
22 28 341 348 59 32 -1 -1 -1 0 
22 29 146 349 70 34 -1 -1 -1 0 
22 31 476 344 45 24 -1 -1 -1 0 
23 1 719 347 61 49 -1 -1 -1 0 
23 4 811 339 37 25 -1 -1 -1 0 
23 6 576 341 24 16 -1 -1 -1 0 
23 8 562 635 713 80 -1 -1 -1 0 
23 16 0 337 48 79 -1 -1 -1 0 
23 23 661 339 28 23 -1 -1 -1 0 
23 25 37 358 202 64 -1 -1 -1 0 
23 28 312 349 66 34 -1 -1 -1 0 
23 29 118 350 72 36 -1 -1 -1 0 
23 31 459 342 47 28 -1 -1 -1 0 
24 1 722 347 62 49 -1 -1 -1 0 
24 4 812 340 35 25 -1 -1 -1 0 
24 6 677 341 20 17 -1 -1 -1 0 
24 8 560 635 717 80 -1 -1 -1 0 
24 23 661 341 29 21 -1 -1 -1 0 
24 25 0 362 144 66 -1 -1 -1 0 
24 28 278 350 77 37 -1 -1 -1 0 
24 29 59 350 102 35 -1 -1 -1 0 
24 31 437 342 54 30 -1 -1 -1 0 
25 1 724 348 63 48 -1 -1 -1 0 
25 4 812 340 34 25 -1 -1 -1 0 
25 6 701 341 20 18 -1 -1 -1 0 
25 8 581 634 686 83 -1 -1 -1 0 
25 23 662 342 28 21 -1 -1 -1 0 
25 25 0 364 91 70 -1 -1 -1 0 
25 28 238 352 86 38 -1 -1 -1 0 
25 29 6 351 110 40 -1 -1 -1 0 
25 31 412 342 62 34 -1 -1 -1 0 
26 1 727 348 63 48 -1 -1 -1 0 
26 4 811 339 37 26 -1 -1 -1 0 
26 6 710 341 21 18 -1 -1 -1 0 
26 8 560 634 719 82 -1 -1 -1 0 
26 23 664 341 26 22 -1 -1 -1 0 
26 28 192 355 96 39 -1 -1 -1 0 
26 29 0 351 62 43 -1 -1 -1 0 
26 31 379 347 76 32 -1 -1 -1 0 
27 1 731 348 61 48 -1 -1 -1 0 
27 4 811 339 36 26 -1 -1 -1 0 
27 6 714 341 21 17 -1 -1 -1 0 
27 8 566 634 711 81 -1 -1 -1 0 
27 23 664 341 26 22 -1 -1 -1 0 
27 28 200 351 81 37 -1 -1 -1 0 
27 29 0 352 29 45 -1 -1 -1 0 
27 31 347 350 80 34 -1 -1 -1 0 
28 1 733 348 62 47 -1 -1 -1 0 
28 4 811 338 37 26 -1 -1 -1 0 
28 6 716 341 21 16 -1 -1 -1 0 
28 8 558 634 721 81 -1 -1 -1 0 
28 23 665 340 25 22 -1 -1 -1 0 
28 28 172 349 85 39 -1 -1 -1 0 
28 31 303 351 92 38 -1 -1 -1 0 
29 1 735 348 62 46 -1 -1 -1 0 
29 4 812 338 37 26 -1 -1 -1 0 
29 6 716 341 21 16 -1 -1 -1 0 
29 8 558 634 719 81 -1 -1 -1 0 
29 23 664 339 27 23 -1 -1 -1 0 
29 28 149 350 88 39 -1 -1 -1 0 
29 31 249 353 108 43 -1 -1 -1 0 
29 36 382 346 47 23 -1 -1 -1 0 
30 1 738 347 60 47 -1 -1 -1 0 
30 4 812 338 37 25 -1 -1 -1 0 
30 6 716 340 22 16 -1 -1 -1 0 
30 8 560 634 715 81 -1 -1 -1 0 
30 23 663 338 28 23 -1 -1 -1 0 
30 31 175 355 136 50 -1 -1 -1 0 
30 36 363 346 50 24 -1 -1 -1 0 
30 38 1 368 52 52 -1 -1 -1 0 
31 1 740 347 62 47 -1 -1 -1 0 
31 4 813 338 36 25 -1 -1 -1 0 
31 6 717 340 22 16 -1 -1 -1 0 
31 8 562 635 714 80 -1 -1 -1 0 
31 23 663 339 29 22 -1 -1 -1 0 
31 31 64 357 184 59 -1 -1 -1 0 
31 36 341 348 55 24 -1 -1 -1 0 
31 38 0 370 23 52 -1 -1 -1 0 
32 1 741 347 63 46 -1 -1 -1 0 
32 4 813 337 36 25 -1 -1 -1 0 
32 6 717 340 22 16 -1 -1 -1 0 
32 8 561 635 715 80 -1 -1 -1 0 
32 23 664 339 27 22 -1 -1 -1 0 
32 31 6 361 147 63 -1 -1 -1 0 
32 36 318 349 59 25 -1 -1 -1 0 
32 39 427 347 58 25 -1 -1 -1 0 
33 1 744 347 63 46 -1 -1 -1 0 
33 4 812 338 37 24 -1 -1 -1 0 
33 6 717 339 22 17 -1 -1 -1 0 
33 8 559 635 717 81 -1 -1 -1 0 
33 23 666 339 25 22 -1 -1 -1 0 
33 31 0 363 103 66 -1 -1 -1 0 
33 36 292 349 64 27 -1 -1 -1 0 
33 39 500 342 38 22 -1 -1 -1 0 
33 41 561 338 28 18 -1 -1 -1 0 
34 1 746 347 62 46 -1 -1 -1 0 
34 4 813 338 35 25 -1 -1 -1 0 
34 6 717 337 21 20 -1 -1 -1 0 
34 8 562 635 715 80 -1 -1 -1 0 
34 23 666 339 25 22 -1 -1 -1 0 
34 36 264 349 69 29 -1 -1 -1 0 
34 39 515 340 35 22 -1 -1 -1 0 
34 41 552 338 32 19 -1 -1 -1 0 
35 1 748 347 62 47 -1 -1 -1 0 
35 4 812 339 37 24 -1 -1 -1 0 
35 6 716 337 22 20 -1 -1 -1 0 
35 8 564 635 712 80 -1 -1 -1 0 
35 23 667 338 24 23 -1 -1 -1 0 
35 36 230 350 79 31 -1 -1 -1 0 
35 39 476 341 35 24 -1 -1 -1 0 
35 41 542 339 36 19 -1 -1 -1 0 
35 42 362 350 76 32 -1 -1 -1 0 
36 1 750 347 62 47 -1 -1 -1 0 
36 4 814 339 34 25 -1 -1 -1 0 
36 6 715 339 23 19 -1 -1 -1 0 
36 8 561 636 716 79 -1 -1 -1 0 
36 23 666 338 26 23 -1 -1 -1 0 
36 36 191 351 89 34 -1 -1 -1 0 
36 39 448 342 39 25 -1 -1 -1 0 
36 41 535 339 36 20 -1 -1 -1 0 
36 42 319 350 90 36 -1 -1 -1 0 
37 1 752 347 62 46 -1 -1 -1 0 
37 4 814 340 34 24 -1 -1 -1 0 
37 6 716 339 23 19 -1 -1 -1 0 
37 8 573 636 701 78 -1 -1 -1 0 
37 23 666 338 27 23 -1 -1 -1 0 
37 36 145 354 104 35 -1 -1 -1 0 
37 39 426 343 44 26 -1 -1 -1 0 
37 41 529 339 34 21 -1 -1 -1 0 
37 42 265 357 93 36 -1 -1 -1 0 
37 45 480 341 39 25 -1 -1 -1 0 
38 1 754 347 62 46 -1 -1 -1 0 
38 4 815 340 33 24 -1 -1 -1 0 
38 6 717 338 21 19 -1 -1 -1 0 
38 8 561 636 717 78 -1 -1 -1 0 
38 23 666 338 26 23 -1 -1 -1 0 
38 36 90 355 118 38 -1 -1 -1 0 
38 39 405 345 47 27 -1 -1 -1 0 
38 41 523 339 35 21 -1 -1 -1 0 
38 42 198 362 91 38 -1 -1 -1 0 
38 45 350 348 48 25 -1 -1 -1 0 
39 1 756 347 62 46 -1 -1 -1 0 
39 4 815 340 34 25 -1 -1 -1 0 
39 6 717 338 21 19 -1 -1 -1 0 
39 7 81 367 120 51 -1 -1 -1 0 
39 8 561 636 715 78 -1 -1 -1 0 
39 23 667 338 26 23 -1 -1 -1 0 
39 36 21 357 130 44 -1 -1 -1 0 
39 39 385 345 50 29 -1 -1 -1 0 
39 41 516 340 35 22 -1 -1 -1 0 
39 42 181 363 109 40 -1 -1 -1 0 
39 45 282 353 61 25 -1 -1 -1 0 
40 1 758 347 62 46 -1 -1 -1 0 
40 4 816 340 33 25 -1 -1 -1 0 
40 6 716 339 23 18 -1 -1 -1 0 
40 7 20 371 165 51 -1 -1 -1 0 
40 8 556 637 723 77 -1 -1 -1 0 
40 23 668 338 26 23 -1 -1 -1 0 
40 28 0 362 80 21 -1 -1 -1 0 
40 36 2 369 95 50 -1 -1 -1 0 
40 39 361 349 56 28 -1 -1 -1 0 
40 41 506 340 38 23 -1 -1 -1 0 
40 42 149 364 99 43 -1 -1 -1 0 
40 45 239 354 71 29 -1 -1 -1 0 
