3 1 573 322 63 60 -1 -1 -1 0 
3 2 669 347 30 22 -1 -1 -1 0 
4 1 575 322 60 60 -1 -1 -1 0 
4 2 669 347 29 21 -1 -1 -1 0 
4 3 559 635 711 79 -1 -1 -1 0 
5 1 574 323 62 58 -1 -1 -1 0 
5 2 669 347 29 22 -1 -1 -1 0 
5 3 560 636 710 79 -1 -1 -1 0 
6 1 575 323 60 58 -1 -1 -1 0 
6 2 668 347 31 21 -1 -1 -1 0 
6 3 557 636 714 79 -1 -1 -1 0 
7 1 575 323 60 57 -1 -1 -1 0 
7 2 669 347 28 21 -1 -1 -1 0 
7 3 552 637 722 78 -1 -1 -1 0 
8 1 575 324 61 56 -1 -1 -1 0 
8 2 669 347 28 21 -1 -1 -1 0 
8 3 569 638 698 77 -1 -1 -1 0 
9 1 576 325 59 55 -1 -1 -1 0 
9 2 669 346 28 23 -1 -1 -1 0 
9 3 568 637 703 78 -1 -1 -1 0 
9 5 668 346 30 23 -1 -1 -1 0 
10 1 577 324 58 56 -1 -1 -1 0 
10 2 667 346 31 23 -1 -1 -1 0 
10 3 563 637 713 78 -1 -1 -1 0 
10 5 669 347 28 21 -1 -1 -1 0 
11 1 577 324 58 56 -1 -1 -1 0 
11 2 667 346 31 24 -1 -1 -1 0 
11 3 565 638 708 77 -1 -1 -1 0 
12 1 577 324 58 56 -1 -1 -1 0 
12 2 667 347 30 23 -1 -1 -1 0 
12 3 565 637 709 78 -1 -1 -1 0 
13 1 578 324 57 56 -1 -1 -1 0 
13 2 668 347 28 23 -1 -1 -1 0 
13 3 566 637 708 78 -1 -1 -1 0 
14 1 578 324 58 55 -1 -1 -1 0 
14 2 667 347 28 22 -1 -1 -1 0 
14 3 561 637 715 78 -1 -1 -1 0 
15 1 578 324 58 55 -1 -1 -1 0 
15 2 668 346 27 23 -1 -1 -1 0 
15 3 561 637 715 78 -1 -1 -1 0 
16 1 579 324 56 54 -1 -1 -1 0 
16 2 667 346 29 23 -1 -1 -1 0 
17 1 580 325 55 53 -1 -1 -1 0 
17 2 667 346 28 23 -1 -1 -1 0 
17 5 667 345 28 24 -1 -1 -1 0 
17 6 1007 347 105 65 -1 -1 -1 0 
18 1 581 325 54 53 -1 -1 -1 0 
18 2 667 346 27 22 -1 -1 -1 0 
18 5 666 344 28 24 -1 -1 -1 0 
18 6 1018 347 100 65 -1 -1 -1 0 
19 1 581 325 55 53 -1 -1 -1 0 
19 2 667 346 28 22 -1 -1 -1 0 
19 3 567 637 709 78 -1 -1 -1 0 
19 6 1028 346 98 66 -1 -1 -1 0 
20 1 581 325 56 52 -1 -1 -1 0 
20 2 666 346 28 22 -1 -1 -1 0 
20 3 568 638 708 78 -1 -1 -1 0 
20 6 1039 346 97 68 -1 -1 -1 0 
21 1 582 325 54 51 -1 -1 -1 0 
21 2 666 346 28 22 -1 -1 -1 0 
21 6 1051 346 96 70 -1 -1 -1 0 
22 1 582 325 54 51 -1 -1 -1 0 
22 2 665 346 29 22 -1 -1 -1 0 
22 6 1062 347 98 71 -1 -1 -1 0 
23 1 583 326 53 51 -1 -1 -1 0 
23 2 665 346 28 22 -1 -1 -1 0 
23 6 1077 348 94 72 -1 -1 -1 0 
24 1 583 326 54 51 -1 -1 -1 0 
24 2 664 346 29 22 -1 -1 -1 0 
24 6 1089 348 94 75 -1 -1 -1 0 
25 1 583 327 54 50 -1 -1 -1 0 
25 2 665 347 28 22 -1 -1 -1 0 
25 3 576 637 699 78 -1 -1 -1 0 
25 5 664 346 30 23 -1 -1 -1 0 
25 6 1108 350 85 75 -1 -1 -1 0 
26 1 582 327 55 50 -1 -1 -1 0 
26 2 665 347 28 22 -1 -1 -1 0 
26 3 562 637 716 78 -1 -1 -1 0 
26 5 664 347 30 23 -1 -1 -1 0 
26 6 1118 350 85 77 -1 -1 -1 0 
27 1 584 328 52 49 -1 -1 -1 0 
27 2 665 347 28 22 -1 -1 -1 0 
27 3 559 637 719 78 -1 -1 -1 0 
27 5 665 346 28 24 -1 -1 -1 0 
28 1 584 328 53 49 -1 -1 -1 0 
28 2 664 348 28 22 -1 -1 -1 0 
28 3 561 637 715 78 -1 -1 -1 0 
28 5 665 346 28 24 -1 -1 -1 0 
28 7 0 460 90 254 -1 -1 -1 0 
29 1 584 328 53 49 -1 -1 -1 0 
29 2 664 348 28 22 -1 -1 -1 0 
29 3 559 638 717 77 -1 -1 -1 0 
29 7 0 444 112 270 -1 -1 -1 0 
29 8 267 342 47 17 -1 -1 -1 0 
30 1 584 328 52 48 -1 -1 -1 0 
30 2 665 347 27 23 -1 -1 -1 0 
30 3 565 638 706 77 -1 -1 -1 0 
30 7 0 434 131 281 -1 -1 -1 0 
30 8 246 343 52 17 -1 -1 -1 0 
31 1 585 328 52 49 -1 -1 -1 0 
31 2 664 346 28 24 -1 -1 -1 0 
31 3 565 638 705 77 -1 -1 -1 0 
31 5 664 343 28 27 -1 -1 -1 0 
31 7 0 427 150 287 -1 -1 -1 0 
31 8 226 343 53 18 -1 -1 -1 0 
32 1 586 329 51 48 -1 -1 -1 0 
32 2 663 346 30 24 -1 -1 -1 0 
32 3 560 638 715 77 -1 -1 -1 0 
32 5 663 344 30 26 -1 -1 -1 0 
32 7 0 423 168 287 -1 -1 -1 0 
32 8 202 343 58 19 -1 -1 -1 0 
33 1 586 330 51 47 -1 -1 -1 0 
33 2 663 347 30 24 -1 -1 -1 0 
33 3 557 638 719 77 -1 -1 -1 0 
33 5 663 344 30 26 -1 -1 -1 0 
33 7 0 420 184 282 -1 -1 -1 0 
33 8 176 344 63 19 -1 -1 -1 0 
34 1 586 330 51 46 -1 -1 -1 0 
34 2 662 347 31 23 -1 -1 -1 0 
34 3 563 637 708 78 -1 -1 -1 0 
34 5 663 347 30 23 -1 -1 -1 0 
34 7 0 409 199 279 -1 -1 -1 0 
34 8 147 343 68 21 -1 -1 -1 0 
35 1 587 328 49 48 -1 -1 -1 0 
35 2 663 345 29 25 -1 -1 -1 0 
35 3 566 637 709 78 -1 -1 -1 0 
35 5 663 347 29 23 -1 -1 -1 0 
35 7 0 408 214 266 -1 -1 -1 0 
35 8 114 342 76 23 -1 -1 -1 0 
36 1 587 327 49 48 -1 -1 -1 0 
36 2 663 345 29 25 -1 -1 -1 0 
36 3 561 637 715 78 -1 -1 -1 0 
36 5 663 347 29 23 -1 -1 -1 0 
36 7 3 391 217 282 -1 -1 -1 0 
36 8 73 342 88 23 -1 -1 -1 0 
37 1 586 327 52 47 -1 -1 -1 0 
37 2 663 345 29 24 -1 -1 -1 0 
37 3 570 637 705 78 -1 -1 -1 0 
37 5 664 345 28 24 -1 -1 -1 0 
37 7 0 380 236 286 -1 -1 -1 0 
37 8 26 341 102 25 -1 -1 -1 0 
38 1 588 327 49 47 -1 -1 -1 0 
38 2 664 345 27 24 -1 -1 -1 0 
38 3 564 637 712 77 -1 -1 -1 0 
38 5 663 345 29 24 -1 -1 -1 0 
38 7 2 364 244 295 -1 -1 -1 0 
38 8 0 341 86 26 -1 -1 -1 0 
39 1 587 328 51 45 -1 -1 -1 0 
39 2 662 345 30 24 -1 -1 -1 0 
39 3 564 636 709 78 -1 -1 -1 0 
39 5 663 345 29 24 -1 -1 -1 0 
39 7 1 352 257 301 -1 -1 -1 0 
39 8 0 340 57 28 -1 -1 -1 0 
40 1 588 328 49 45 -1 -1 -1 0 
40 2 662 345 30 24 -1 -1 -1 0 
40 3 565 636 710 78 -1 -1 -1 0 
40 7 4 339 263 317 -1 -1 -1 0 
