3 1 589 332 70 57 -1 -1 -1 0 
3 2 856 341 55 36 -1 -1 -1 0 
3 3 216 357 88 28 -1 -1 -1 0 
3 4 771 338 58 46 -1 -1 -1 0 
3 6 699 347 36 27 -1 -1 -1 0 
3 7 351 356 42 17 -1 -1 -1 0 
3 8 1227 421 52 180 -1 -1 -1 0 
3 9 528 347 54 36 -1 -1 -1 0 
4 1 591 332 69 57 -1 -1 -1 0 
4 2 855 341 56 36 -1 -1 -1 0 
4 3 178 358 96 30 -1 -1 -1 0 
4 4 771 339 57 45 -1 -1 -1 0 
4 6 700 348 36 26 -1 -1 -1 0 
4 7 332 357 43 18 -1 -1 -1 0 
4 8 1225 418 54 186 -1 -1 -1 0 
4 9 530 347 56 36 -1 -1 -1 0 
5 1 593 331 67 58 -1 -1 -1 0 
5 2 855 342 57 36 -1 -1 -1 0 
5 3 132 358 109 34 -1 -1 -1 0 
5 4 772 338 56 46 -1 -1 -1 0 
5 6 701 347 35 28 -1 -1 -1 0 
5 7 310 358 46 20 -1 -1 -1 0 
5 8 1222 413 57 193 -1 -1 -1 0 
5 9 534 347 53 36 -1 -1 -1 0 
5 10 456 350 36 17 -1 -1 -1 0 
6 1 594 331 68 57 -1 -1 -1 0 
6 2 855 343 57 36 -1 -1 -1 0 
6 3 96 361 111 33 -1 -1 -1 0 
6 4 772 338 57 46 -1 -1 -1 0 
6 6 702 347 34 28 -1 -1 -1 0 
6 7 286 359 49 22 -1 -1 -1 0 
6 8 1220 410 59 199 -1 -1 -1 0 
6 9 538 347 49 35 -1 -1 -1 0 
6 10 442 351 39 17 -1 -1 -1 0 
7 1 595 332 69 56 -1 -1 -1 0 
7 2 856 343 55 35 -1 -1 -1 0 
7 3 18 362 146 39 -1 -1 -1 0 
7 4 773 338 56 46 -1 -1 -1 0 
7 6 702 347 34 28 -1 -1 -1 0 
7 7 260 360 53 23 -1 -1 -1 0 
7 8 1217 408 62 203 -1 -1 -1 0 
7 9 539 348 50 34 -1 -1 -1 0 
7 10 428 352 40 17 -1 -1 -1 0 
8 1 597 332 67 55 -1 -1 -1 0 
8 2 857 343 54 35 -1 -1 -1 0 
8 3 0 363 129 41 -1 -1 -1 0 
8 4 774 337 55 47 -1 -1 -1 0 
8 6 703 348 35 27 -1 -1 -1 0 
8 7 230 361 59 24 -1 -1 -1 0 
8 8 1216 408 63 203 -1 -1 -1 0 
8 9 541 348 51 33 -1 -1 -1 0 
8 10 411 353 44 18 -1 -1 -1 0 
9 1 599 333 66 54 -1 -1 -1 0 
9 2 856 343 56 36 -1 -1 -1 0 
9 4 773 338 57 46 -1 -1 -1 0 
9 6 703 350 35 25 -1 -1 -1 0 
9 7 197 363 66 25 -1 -1 -1 0 
9 8 1214 407 65 205 -1 -1 -1 0 
9 9 546 348 46 33 -1 -1 -1 0 
9 10 395 354 45 19 -1 -1 -1 0 
9 12 565 636 712 78 -1 -1 -1 0 
10 1 600 334 66 53 -1 -1 -1 0 
10 2 857 343 54 36 -1 -1 -1 0 
10 4 774 338 56 46 -1 -1 -1 0 
10 6 704 350 34 25 -1 -1 -1 0 
10 7 160 364 71 28 -1 -1 -1 0 
10 8 1211 406 68 206 -1 -1 -1 0 
10 9 548 347 47 34 -1 -1 -1 0 
10 10 374 354 50 21 -1 -1 -1 0 
10 12 565 632 706 83 -1 -1 -1 0 
11 1 601 335 66 52 -1 -1 -1 0 
11 2 856 343 56 36 -1 -1 -1 0 
11 4 774 339 55 45 -1 -1 -1 0 
11 6 705 351 32 25 -1 -1 -1 0 
11 7 116 366 80 29 -1 -1 -1 0 
11 8 1211 404 68 208 -1 -1 -1 0 
11 9 550 347 47 33 -1 -1 -1 0 
11 10 353 355 54 21 -1 -1 -1 0 
11 12 553 634 726 81 -1 -1 -1 0 
12 1 604 335 62 52 -1 -1 -1 0 
12 2 856 344 55 35 -1 -1 -1 0 
12 4 775 339 54 45 -1 -1 -1 0 
12 6 705 351 32 25 -1 -1 -1 0 
12 7 63 367 91 31 -1 -1 -1 0 
12 8 1209 404 70 208 -1 -1 -1 0 
12 9 552 347 46 33 -1 -1 -1 0 
12 10 330 355 58 24 -1 -1 -1 0 
12 12 552 634 727 81 -1 -1 -1 0 
13 1 604 335 63 51 -1 -1 -1 0 
13 2 855 344 56 36 -1 -1 -1 0 
13 4 774 339 55 45 -1 -1 -1 0 
13 6 705 349 32 27 -1 -1 -1 0 
13 7 4 368 101 34 -1 -1 -1 0 
13 8 1207 404 72 210 -1 -1 -1 0 
13 9 554 347 46 33 -1 -1 -1 0 
13 10 303 356 64 25 -1 -1 -1 0 
14 1 604 335 63 51 -1 -1 -1 0 
14 2 855 345 55 35 -1 -1 -1 0 
14 4 774 340 54 45 -1 -1 -1 0 
14 6 705 350 32 26 -1 -1 -1 0 
14 7 0 370 45 33 -1 -1 -1 0 
14 8 1204 403 75 210 -1 -1 -1 0 
14 9 555 347 46 33 -1 -1 -1 0 
14 10 272 357 71 26 -1 -1 -1 0 
15 1 605 335 62 51 -1 -1 -1 0 
15 2 854 345 55 36 -1 -1 -1 0 
15 4 774 341 53 44 -1 -1 -1 0 
15 6 705 350 31 26 -1 -1 -1 0 
15 7 0 371 9 35 -1 -1 -1 0 
15 8 1202 404 77 209 -1 -1 -1 0 
15 9 557 347 44 33 -1 -1 -1 0 
15 10 239 358 77 27 -1 -1 -1 0 
15 14 411 356 36 16 -1 -1 -1 0 
16 1 605 335 62 51 -1 -1 -1 0 
16 2 853 346 55 35 -1 -1 -1 0 
16 4 772 341 54 45 -1 -1 -1 0 
16 6 704 350 32 26 -1 -1 -1 0 
16 8 1200 403 79 211 -1 -1 -1 0 
16 9 558 347 42 33 -1 -1 -1 0 
16 10 198 359 89 29 -1 -1 -1 0 
16 14 394 355 43 18 -1 -1 -1 0 
17 1 606 336 61 50 -1 -1 -1 0 
17 2 852 347 56 35 -1 -1 -1 0 
17 4 771 342 55 44 -1 -1 -1 0 
17 6 703 350 33 26 -1 -1 -1 0 
17 8 1199 405 80 210 -1 -1 -1 0 
17 9 558 347 46 32 -1 -1 -1 0 
17 10 153 359 100 33 -1 -1 -1 0 
17 14 377 355 44 18 -1 -1 -1 0 
17 18 0 387 150 140 -1 -1 -1 0 
18 1 606 335 61 50 -1 -1 -1 0 
18 2 852 347 54 35 -1 -1 -1 0 
18 4 771 342 54 45 -1 -1 -1 0 
18 6 703 349 32 27 -1 -1 -1 0 
18 8 1198 405 80 211 -1 -1 -1 0 
18 9 561 346 44 32 -1 -1 -1 0 
18 10 97 359 115 36 -1 -1 -1 0 
18 14 356 354 47 20 -1 -1 -1 0 
18 18 0 364 181 152 -1 -1 -1 0 
18 19 665 342 16 10 -1 -1 -1 0 
19 1 606 335 61 50 -1 -1 -1 0 
19 2 851 347 55 35 -1 -1 -1 0 
19 4 770 342 54 45 -1 -1 -1 0 
19 6 702 349 33 27 -1 -1 -1 0 
19 8 1196 405 83 212 -1 -1 -1 0 
19 9 562 346 43 32 -1 -1 -1 0 
19 10 74 360 90 35 -1 -1 -1 0 
19 12 559 635 717 80 -1 -1 -1 0 
19 14 335 355 51 20 -1 -1 -1 0 
19 18 0 354 212 154 -1 -1 -1 0 
19 19 662 342 17 10 -1 -1 -1 0 
20 1 607 335 59 49 -1 -1 -1 0 
20 2 850 346 55 35 -1 -1 -1 0 
20 4 769 341 55 45 -1 -1 -1 0 
20 6 702 350 33 25 -1 -1 -1 0 
20 8 1194 404 85 212 -1 -1 -1 0 
20 9 564 345 40 32 -1 -1 -1 0 
20 10 40 361 94 36 -1 -1 -1 0 
20 12 561 635 714 79 -1 -1 -1 0 
20 14 313 355 52 21 -1 -1 -1 0 
20 18 0 349 238 158 -1 -1 -1 0 
20 20 1194 402 85 210 -1 -1 -1 0 
21 1 607 335 60 48 -1 -1 -1 0 
21 2 850 345 53 36 -1 -1 -1 0 
21 4 769 339 53 46 -1 -1 -1 0 
21 6 703 349 31 25 -1 -1 -1 0 
21 8 1192 403 87 212 -1 -1 -1 0 
21 9 565 345 40 31 -1 -1 -1 0 
21 12 560 635 716 79 -1 -1 -1 0 
21 14 289 355 54 23 -1 -1 -1 0 
21 18 0 347 259 162 -1 -1 -1 0 
21 20 1192 402 87 209 -1 -1 -1 0 
22 1 609 334 57 48 -1 -1 -1 0 
22 2 849 344 53 37 -1 -1 -1 0 
22 4 768 339 54 46 -1 -1 -1 0 
22 6 703 348 31 25 -1 -1 -1 0 
22 8 1189 402 90 211 -1 -1 -1 0 
22 9 565 344 40 31 -1 -1 -1 0 
22 12 560 635 716 79 -1 -1 -1 0 
22 14 259 355 64 24 -1 -1 -1 0 
22 18 7 347 266 186 -1 -1 -1 0 
22 20 1191 402 88 211 -1 -1 -1 0 
23 1 609 334 58 47 -1 -1 -1 0 
23 2 848 344 54 36 -1 -1 -1 0 
23 4 768 339 54 46 -1 -1 -1 0 
23 6 703 347 31 26 -1 -1 -1 0 
23 8 1188 401 91 212 -1 -1 -1 0 
23 9 566 344 41 30 -1 -1 -1 0 
23 12 560 635 716 79 -1 -1 -1 0 
23 14 231 355 66 25 -1 -1 -1 0 
23 18 0 347 300 188 -1 -1 -1 0 
23 20 1188 402 91 208 -1 -1 -1 0 
24 1 609 334 58 46 -1 -1 -1 0 
24 2 848 343 52 37 -1 -1 -1 0 
24 4 767 338 54 46 -1 -1 -1 0 
24 6 702 346 33 26 -1 -1 -1 0 
24 8 1187 400 91 214 -1 -1 -1 0 
24 9 567 343 40 31 -1 -1 -1 0 
24 12 558 635 719 79 -1 -1 -1 0 
24 14 209 355 70 27 -1 -1 -1 0 
24 18 0 346 323 179 -1 -1 -1 0 
24 19 364 351 57 18 -1 -1 -1 0 
24 20 1187 401 92 209 -1 -1 -1 0 
25 1 611 334 55 46 -1 -1 -1 0 
25 2 847 343 53 37 -1 -1 -1 0 
25 4 766 338 55 46 -1 -1 -1 0 
25 6 702 347 32 25 -1 -1 -1 0 
25 8 1184 399 95 214 -1 -1 -1 0 
25 9 568 343 40 30 -1 -1 -1 0 
25 12 564 634 710 80 -1 -1 -1 0 
25 18 0 347 337 169 -1 -1 -1 0 
25 19 338 352 58 19 -1 -1 -1 0 
25 20 1185 400 94 211 -1 -1 -1 0 
26 1 612 335 55 45 -1 -1 -1 0 
26 2 845 342 55 37 -1 -1 -1 0 
26 4 765 338 56 45 -1 -1 -1 0 
26 6 701 348 33 24 -1 -1 -1 0 
26 8 1184 397 95 212 -1 -1 -1 0 
26 9 569 344 40 28 -1 -1 -1 0 
26 12 571 629 695 85 -1 -1 -1 0 
26 18 0 347 350 159 -1 -1 -1 0 
26 19 317 352 58 21 -1 -1 -1 0 
26 20 1184 399 94 213 -1 -1 -1 0 
27 1 612 334 54 45 -1 -1 -1 0 
27 2 844 343 55 36 -1 -1 -1 0 
27 4 764 338 56 45 -1 -1 -1 0 
27 6 701 348 32 24 -1 -1 -1 0 
27 8 1183 396 96 210 -1 -1 -1 0 
27 9 570 344 39 28 -1 -1 -1 0 
27 12 552 632 727 83 -1 -1 -1 0 
27 14 42 361 92 33 -1 -1 -1 0 
27 18 0 347 362 150 -1 -1 -1 0 
27 19 282 353 63 22 -1 -1 -1 0 
27 20 1182 398 96 213 -1 -1 -1 0 
28 1 612 334 55 45 -1 -1 -1 0 
28 2 845 343 52 37 -1 -1 -1 0 
28 4 764 339 55 45 -1 -1 -1 0 
28 6 700 349 33 23 -1 -1 -1 0 
28 8 1181 395 98 211 -1 -1 -1 0 
28 9 570 346 40 26 -1 -1 -1 0 
28 12 558 633 721 82 -1 -1 -1 0 
28 14 2 362 95 37 -1 -1 -1 0 
28 18 0 348 372 141 -1 -1 -1 0 
28 20 1180 398 99 213 -1 -1 -1 0 
29 1 612 334 55 45 -1 -1 -1 0 
29 2 843 343 54 37 -1 -1 -1 0 
29 4 763 339 55 45 -1 -1 -1 0 
29 6 700 349 32 23 -1 -1 -1 0 
29 9 573 345 37 27 -1 -1 -1 0 
29 12 558 634 720 81 -1 -1 -1 0 
29 14 0 364 36 36 -1 -1 -1 0 
29 18 24 347 352 135 -1 -1 -1 0 
29 20 1178 395 101 212 -1 -1 -1 0 
30 2 842 343 55 37 -1 -1 -1 0 
30 4 762 339 56 45 -1 -1 -1 0 
30 6 699 349 33 23 -1 -1 -1 0 
30 9 573 345 37 27 -1 -1 -1 0 
30 12 556 635 723 81 -1 -1 -1 0 
30 14 0 364 0 38 -1 -1 -1 0 
30 18 59 346 325 131 -1 -1 -1 0 
30 20 1175 395 104 209 -1 -1 -1 0 
31 1 614 335 53 44 -1 -1 -1 0 
31 2 842 343 54 37 -1 -1 -1 0 
31 4 761 339 57 45 -1 -1 -1 0 
31 6 699 349 32 23 -1 -1 -1 0 
31 9 575 346 33 26 -1 -1 -1 0 
31 12 562 634 712 82 -1 -1 -1 0 
31 18 91 346 301 124 -1 -1 -1 0 
31 20 1174 394 105 210 -1 -1 -1 0 
32 1 615 335 53 44 -1 -1 -1 0 
32 2 842 343 52 36 -1 -1 -1 0 
32 4 760 340 57 44 -1 -1 -1 0 
32 6 699 347 32 25 -1 -1 -1 0 
32 9 576 342 36 29 -1 -1 -1 0 
32 12 562 634 714 82 -1 -1 -1 0 
32 18 120 346 280 118 -1 -1 -1 0 
32 19 159 355 72 31 -1 -1 -1 0 
32 20 1172 393 107 210 -1 -1 -1 0 
33 1 615 336 53 42 -1 -1 -1 0 
33 2 840 343 54 36 -1 -1 -1 0 
33 4 760 340 56 44 -1 -1 -1 0 
33 6 698 347 33 25 -1 -1 -1 0 
33 9 577 340 34 31 -1 -1 -1 0 
33 12 564 633 712 83 -1 -1 -1 0 
33 18 148 346 261 113 -1 -1 -1 0 
33 19 115 356 87 33 -1 -1 -1 0 
33 20 1171 394 108 208 -1 -1 -1 0 
34 1 615 336 53 41 -1 -1 -1 0 
34 2 839 342 54 36 -1 -1 -1 0 
34 4 760 340 56 44 -1 -1 -1 0 
34 6 699 347 31 24 -1 -1 -1 0 
34 9 577 340 35 30 -1 -1 -1 0 
34 12 565 633 713 82 -1 -1 -1 0 
34 18 172 346 245 107 -1 -1 -1 0 
34 19 58 357 113 36 -1 -1 -1 0 
34 20 1165 396 114 207 -1 -1 -1 0 
35 1 616 334 51 43 -1 -1 -1 0 
35 2 839 342 53 35 -1 -1 -1 0 
35 4 760 339 55 44 -1 -1 -1 0 
35 6 698 346 32 25 -1 -1 -1 0 
35 9 576 342 38 27 -1 -1 -1 0 
35 12 563 633 714 82 -1 -1 -1 0 
35 18 198 345 226 105 -1 -1 -1 0 
35 19 22 358 121 37 -1 -1 -1 0 
35 20 1164 396 115 207 -1 -1 -1 0 
36 1 616 334 52 42 -1 -1 -1 0 
36 2 838 342 53 34 -1 -1 -1 0 
36 4 760 338 54 45 -1 -1 -1 0 
36 6 699 345 31 25 -1 -1 -1 0 
36 9 578 342 37 27 -1 -1 -1 0 
36 12 562 633 715 82 -1 -1 -1 0 
36 18 215 345 218 101 -1 -1 -1 0 
36 19 0 361 41 38 -1 -1 -1 0 
36 20 1162 395 117 207 -1 -1 -1 0 
37 1 617 334 51 41 -1 -1 -1 0 
37 2 837 340 53 36 -1 -1 -1 0 
37 4 759 338 55 45 -1 -1 -1 0 
37 6 699 346 31 24 -1 -1 -1 0 
37 9 580 341 34 28 -1 -1 -1 0 
37 12 559 633 718 83 -1 -1 -1 0 
37 18 231 345 210 96 -1 -1 -1 0 
37 19 0 362 1 40 -1 -1 -1 0 
37 20 1159 393 120 206 -1 -1 -1 0 
38 1 618 334 49 40 -1 -1 -1 0 
38 2 837 340 52 36 -1 -1 -1 0 
38 4 759 337 55 45 -1 -1 -1 0 
38 6 699 346 30 23 -1 -1 -1 0 
38 9 581 341 34 27 -1 -1 -1 0 
38 12 559 633 718 83 -1 -1 -1 0 
38 18 248 345 198 93 -1 -1 -1 0 
38 20 1155 392 124 205 -1 -1 -1 0 
39 1 617 335 50 39 -1 -1 -1 0 
39 2 835 339 54 37 -1 -1 -1 0 
39 4 757 337 57 45 -1 -1 -1 0 
39 6 698 345 31 24 -1 -1 -1 0 
39 9 581 341 36 27 -1 -1 -1 0 
39 12 559 634 719 82 -1 -1 -1 0 
39 18 264 345 188 90 -1 -1 -1 0 
39 20 1153 391 126 205 -1 -1 -1 0 
39 26 543 340 28 15 -1 -1 -1 0 
40 1 619 335 48 39 -1 -1 -1 0 
40 2 834 340 54 36 -1 -1 -1 0 
40 4 757 338 56 44 -1 -1 -1 0 
40 6 697 347 33 22 -1 -1 -1 0 
40 9 582 343 36 25 -1 -1 -1 0 
40 12 558 634 721 81 -1 -1 -1 0 
40 18 278 346 180 86 -1 -1 -1 0 
40 20 1149 391 130 203 -1 -1 -1 0 
40 26 534 339 30 17 -1 -1 -1 0 
