3 1 527 339 78 62 -1 -1 -1 0 
3 2 667 341 39 35 -1 -1 -1 0 
3 4 516 341 30 37 -1 -1 -1 0 
3 5 611 340 32 29 -1 -1 -1 0 
3 6 564 636 712 80 -1 -1 -1 0 
4 1 530 340 76 60 -1 -1 -1 0 
4 2 667 341 40 34 -1 -1 -1 0 
4 4 518 342 29 36 -1 -1 -1 0 
4 5 611 340 32 29 -1 -1 -1 0 
4 6 560 636 714 80 -1 -1 -1 0 
5 1 533 339 72 61 -1 -1 -1 0 
5 2 668 342 38 33 -1 -1 -1 0 
5 4 521 342 29 35 -1 -1 -1 0 
5 5 612 340 30 29 -1 -1 -1 0 
5 6 558 636 716 80 -1 -1 -1 0 
6 1 534 339 73 60 -1 -1 -1 0 
6 2 668 343 37 32 -1 -1 -1 0 
6 4 522 342 29 35 -1 -1 -1 0 
6 5 611 340 32 29 -1 -1 -1 0 
6 6 557 636 717 80 -1 -1 -1 0 
7 1 535 341 73 57 -1 -1 -1 0 
7 2 667 343 38 33 -1 -1 -1 0 
7 4 524 343 29 34 -1 -1 -1 0 
7 5 612 340 30 29 -1 -1 -1 0 
7 6 564 636 709 80 -1 -1 -1 0 
8 1 538 340 70 57 -1 -1 -1 0 
8 2 667 343 37 33 -1 -1 -1 0 
8 4 525 342 29 35 -1 -1 -1 0 
8 5 612 339 29 30 -1 -1 -1 0 
8 6 560 636 715 80 -1 -1 -1 0 
9 1 539 342 69 54 -1 -1 -1 0 
9 2 666 342 37 33 -1 -1 -1 0 
9 4 526 342 29 34 -1 -1 -1 0 
9 5 611 339 31 30 -1 -1 -1 0 
9 6 559 635 714 81 -1 -1 -1 0 
10 1 541 341 67 55 -1 -1 -1 0 
10 2 666 342 36 33 -1 -1 -1 0 
10 4 528 341 28 34 -1 -1 -1 0 
10 5 610 340 32 28 -1 -1 -1 0 
10 6 559 635 716 81 -1 -1 -1 0 
10 12 640 338 18 14 -1 -1 -1 0 
11 1 542 343 67 52 -1 -1 -1 0 
11 2 665 342 37 33 -1 -1 -1 0 
11 4 528 341 30 34 -1 -1 -1 0 
11 5 610 340 31 28 -1 -1 -1 0 
11 6 568 635 706 81 -1 -1 -1 0 
11 12 639 337 18 15 -1 -1 -1 0 
12 1 543 344 67 50 -1 -1 -1 0 
12 2 665 341 36 34 -1 -1 -1 0 
12 4 530 341 28 34 -1 -1 -1 0 
12 5 611 339 29 28 -1 -1 -1 0 
12 6 560 635 715 81 -1 -1 -1 0 
12 12 638 337 20 15 -1 -1 -1 0 
12 14 329 350 36 16 -1 -1 -1 0 
13 1 546 342 64 51 -1 -1 -1 0 
13 2 665 341 35 34 -1 -1 -1 0 
13 4 531 341 28 33 -1 -1 -1 0 
13 5 610 339 31 28 -1 -1 -1 0 
13 6 560 634 714 82 -1 -1 -1 0 
13 12 639 337 18 15 -1 -1 -1 0 
13 14 270 350 58 19 -1 -1 -1 0 
13 15 475 341 18 11 -1 -1 -1 0 
14 1 546 344 65 49 -1 -1 -1 0 
14 2 664 341 36 34 -1 -1 -1 0 
14 4 531 341 30 33 -1 -1 -1 0 
14 5 610 340 31 27 -1 -1 -1 0 
14 6 562 632 711 84 -1 -1 -1 0 
14 12 640 337 17 15 -1 -1 -1 0 
14 14 236 350 63 20 -1 -1 -1 0 
14 15 472 341 19 12 -1 -1 -1 0 
15 1 548 346 63 46 -1 -1 -1 0 
15 2 664 340 36 34 -1 -1 -1 0 
15 4 532 341 30 32 -1 -1 -1 0 
15 5 610 340 30 27 -1 -1 -1 0 
15 6 554 634 725 82 -1 -1 -1 0 
15 12 640 337 17 15 -1 -1 -1 0 
15 14 197 351 74 24 -1 -1 -1 0 
16 1 551 344 59 48 -1 -1 -1 0 
16 2 664 341 37 33 -1 -1 -1 0 
16 4 534 342 29 31 -1 -1 -1 0 
16 5 611 341 30 26 -1 -1 -1 0 
16 6 557 635 721 81 -1 -1 -1 0 
16 12 640 337 18 15 -1 -1 -1 0 
16 14 159 352 80 25 -1 -1 -1 0 
16 17 265 354 51 18 -1 -1 -1 0 
17 1 552 342 59 49 -1 -1 -1 0 
17 2 664 341 36 33 -1 -1 -1 0 
17 4 535 342 30 31 -1 -1 -1 0 
17 5 612 341 28 25 -1 -1 -1 0 
17 6 560 635 716 80 -1 -1 -1 0 
17 12 639 338 18 14 -1 -1 -1 0 
17 14 108 354 94 27 -1 -1 -1 0 
17 17 244 354 58 21 -1 -1 -1 0 
18 1 553 342 59 49 -1 -1 -1 0 
18 2 664 342 37 32 -1 -1 -1 0 
18 4 538 342 27 32 -1 -1 -1 0 
18 5 613 341 27 25 -1 -1 -1 0 
18 6 560 635 717 80 -1 -1 -1 0 
18 12 639 338 19 13 -1 -1 -1 0 
18 14 47 356 114 31 -1 -1 -1 0 
18 17 217 355 65 21 -1 -1 -1 0 
19 1 554 340 58 50 -1 -1 -1 0 
19 2 665 341 35 33 -1 -1 -1 0 
19 4 539 341 28 32 -1 -1 -1 0 
19 5 613 341 28 25 -1 -1 -1 0 
19 6 559 636 715 79 -1 -1 -1 0 
19 12 640 338 17 13 -1 -1 -1 0 
19 14 3 357 101 34 -1 -1 -1 0 
19 17 194 355 68 22 -1 -1 -1 0 
20 1 555 341 58 48 -1 -1 -1 0 
20 2 664 341 36 33 -1 -1 -1 0 
20 4 540 341 27 32 -1 -1 -1 0 
20 5 613 341 28 25 -1 -1 -1 0 
20 6 561 635 710 80 -1 -1 -1 0 
20 12 640 338 17 12 -1 -1 -1 0 
20 14 0 359 40 34 -1 -1 -1 0 
20 17 168 355 71 24 -1 -1 -1 0 
21 1 556 343 58 45 -1 -1 -1 0 
21 2 664 342 36 32 -1 -1 -1 0 
21 4 541 341 28 32 -1 -1 -1 0 
21 5 614 341 27 24 -1 -1 -1 0 
21 6 558 635 717 80 -1 -1 -1 0 
21 12 641 337 16 14 -1 -1 -1 0 
21 14 0 360 0 36 -1 -1 -1 0 
21 17 136 357 81 25 -1 -1 -1 0 
22 1 558 340 56 48 -1 -1 -1 0 
22 2 664 342 36 32 -1 -1 -1 0 
22 4 542 340 27 32 -1 -1 -1 0 
22 5 614 341 27 24 -1 -1 -1 0 
22 6 559 635 715 80 -1 -1 -1 0 
22 12 640 337 18 14 -1 -1 -1 0 
22 17 101 358 88 26 -1 -1 -1 0 
23 1 559 339 55 48 -1 -1 -1 0 
23 2 664 342 35 32 -1 -1 -1 0 
23 4 543 340 26 32 -1 -1 -1 0 
23 5 613 341 28 24 -1 -1 -1 0 
23 6 556 635 719 80 -1 -1 -1 0 
23 12 640 337 18 14 -1 -1 -1 0 
23 15 465 344 21 12 -1 -1 -1 0 
23 17 56 358 100 29 -1 -1 -1 0 
24 1 560 338 55 49 -1 -1 -1 0 
24 2 664 341 35 32 -1 -1 -1 0 
24 4 543 340 28 31 -1 -1 -1 0 
24 5 615 340 25 25 -1 -1 -1 0 
24 6 556 636 718 80 -1 -1 -1 0 
24 12 522 341 23 10 -1 -1 -1 0 
24 15 460 345 22 10 -1 -1 -1 0 
24 17 3 359 115 31 -1 -1 -1 0 
25 1 559 343 58 43 -1 -1 -1 0 
25 2 664 340 34 33 -1 -1 -1 0 
25 4 544 340 28 30 -1 -1 -1 0 
25 5 614 341 27 24 -1 -1 -1 0 
25 6 560 636 715 80 -1 -1 -1 0 
25 12 496 341 17 11 -1 -1 -1 0 
25 15 459 345 22 10 -1 -1 -1 0 
25 17 0 360 74 31 -1 -1 -1 0 
26 1 562 341 52 44 -1 -1 -1 0 
26 2 663 340 37 33 -1 -1 -1 0 
26 4 546 340 25 30 -1 -1 -1 0 
26 5 616 340 23 24 -1 -1 -1 0 
26 6 558 636 718 80 -1 -1 -1 0 
26 12 453 344 27 10 -1 -1 -1 0 
26 17 0 361 46 32 -1 -1 -1 0 
27 1 562 343 53 41 -1 -1 -1 0 
27 2 662 340 37 32 -1 -1 -1 0 
27 4 546 340 27 29 -1 -1 -1 0 
27 5 615 340 25 24 -1 -1 -1 0 
27 6 558 636 717 80 -1 -1 -1 0 
27 12 468 342 19 11 -1 -1 -1 0 
28 1 563 344 53 40 -1 -1 -1 0 
28 2 662 341 37 31 -1 -1 -1 0 
28 4 548 340 26 28 -1 -1 -1 0 
28 5 615 340 25 23 -1 -1 -1 0 
28 6 561 635 712 81 -1 -1 -1 0 
28 12 468 342 19 11 -1 -1 -1 0 
29 1 565 344 51 39 -1 -1 -1 0 
29 2 663 341 36 31 -1 -1 -1 0 
29 4 550 340 25 28 -1 -1 -1 0 
29 5 615 339 26 24 -1 -1 -1 0 
29 6 557 634 718 82 -1 -1 -1 0 
29 12 456 342 20 11 -1 -1 -1 0 
30 1 566 344 50 38 -1 -1 -1 0 
30 2 663 341 36 30 -1 -1 -1 0 
30 4 550 340 27 27 -1 -1 -1 0 
30 5 615 339 26 23 -1 -1 -1 0 
30 6 556 635 722 81 -1 -1 -1 0 
30 12 460 341 20 12 -1 -1 -1 0 
30 15 404 346 34 12 -1 -1 -1 0 
30 20 0 417 111 94 -1 -1 -1 0 
31 1 568 343 47 39 -1 -1 -1 0 
31 2 664 341 34 30 -1 -1 -1 0 
31 4 552 339 26 28 -1 -1 -1 0 
31 5 615 339 26 23 -1 -1 -1 0 
31 6 555 635 722 81 -1 -1 -1 0 
31 12 455 341 22 12 -1 -1 -1 0 
31 15 399 347 35 12 -1 -1 -1 0 
31 20 0 400 134 105 -1 -1 -1 0 
32 1 568 343 48 38 -1 -1 -1 0 
32 2 664 341 34 30 -1 -1 -1 0 
32 4 552 339 27 27 -1 -1 -1 0 
32 5 616 339 25 22 -1 -1 -1 0 
32 6 557 635 717 81 -1 -1 -1 0 
32 12 396 345 37 12 -1 -1 -1 0 
32 20 0 383 156 120 -1 -1 -1 0 
33 1 570 341 46 40 -1 -1 -1 0 
33 2 664 340 34 31 -1 -1 -1 0 
33 4 553 338 27 28 -1 -1 -1 0 
33 5 618 338 23 23 -1 -1 -1 0 
33 6 559 634 715 82 -1 -1 -1 0 
33 12 426 343 27 12 -1 -1 -1 0 
33 15 363 347 44 13 -1 -1 -1 0 
33 20 0 376 181 126 -1 -1 -1 0 
33 22 300 345 53 19 -1 -1 -1 0 
34 1 570 340 47 40 -1 -1 -1 0 
34 2 663 340 36 31 -1 -1 -1 0 
34 4 553 338 29 27 -1 -1 -1 0 
34 5 618 338 23 23 -1 -1 -1 0 
34 6 561 634 708 82 -1 -1 -1 0 
34 12 431 341 26 12 -1 -1 -1 0 
34 15 347 348 45 14 -1 -1 -1 0 
34 20 0 372 202 130 -1 -1 -1 0 
34 22 281 345 64 20 -1 -1 -1 0 
35 1 570 339 48 41 -1 -1 -1 0 
35 2 663 340 35 30 -1 -1 -1 0 
35 4 554 337 28 28 -1 -1 -1 0 
35 5 618 339 24 22 -1 -1 -1 0 
35 6 555 635 723 81 -1 -1 -1 0 
35 12 423 341 27 12 -1 -1 -1 0 
35 15 330 348 49 15 -1 -1 -1 0 
35 20 0 369 222 128 -1 -1 -1 0 
35 22 266 345 57 23 -1 -1 -1 0 
36 1 572 339 47 40 -1 -1 -1 0 
36 2 664 341 34 30 -1 -1 -1 0 
36 4 556 337 27 28 -1 -1 -1 0 
36 5 617 339 25 22 -1 -1 -1 0 
36 6 559 635 716 81 -1 -1 -1 0 
36 15 310 349 51 15 -1 -1 -1 0 
36 20 0 368 246 112 -1 -1 -1 0 
36 22 244 346 62 24 -1 -1 -1 0 
37 1 571 340 49 39 -1 -1 -1 0 
37 2 664 342 35 29 -1 -1 -1 0 
37 4 556 338 28 27 -1 -1 -1 0 
37 5 618 339 24 22 -1 -1 -1 0 
37 6 560 635 716 81 -1 -1 -1 0 
37 15 288 350 56 17 -1 -1 -1 0 
37 20 0 367 256 104 -1 -1 -1 0 
37 22 223 347 65 26 -1 -1 -1 0 
37 23 0 420 202 287 -1 -1 -1 0 
38 1 573 341 47 38 -1 -1 -1 0 
38 2 665 342 34 29 -1 -1 -1 0 
38 4 558 338 26 26 -1 -1 -1 0 
38 5 619 339 23 23 -1 -1 -1 0 
38 6 560 635 716 81 -1 -1 -1 0 
38 15 265 351 59 18 -1 -1 -1 0 
38 20 45 367 212 94 -1 -1 -1 0 
38 22 195 349 75 26 -1 -1 -1 0 
38 23 0 377 246 309 -1 -1 -1 0 
39 1 574 342 47 37 -1 -1 -1 0 
39 2 665 341 34 30 -1 -1 -1 0 
39 4 558 340 26 24 -1 -1 -1 0 
39 5 619 339 24 23 -1 -1 -1 0 
39 6 558 635 719 81 -1 -1 -1 0 
39 15 237 352 65 20 -1 -1 -1 0 
39 20 106 368 159 80 -1 -1 -1 0 
39 22 169 349 73 28 -1 -1 -1 0 
39 23 0 331 285 334 -1 -1 -1 0 
40 1 576 342 45 37 -1 -1 -1 0 
40 2 665 341 34 30 -1 -1 -1 0 
40 4 559 340 25 24 -1 -1 -1 0 
40 5 619 340 25 22 -1 -1 -1 0 
40 6 557 635 721 81 -1 -1 -1 0 
40 15 202 353 82 21 -1 -1 -1 0 
40 20 118 363 156 78 -1 -1 -1 0 
40 22 150 349 59 24 -1 -1 -1 0 
40 23 0 306 319 350 -1 -1 -1 0 
