3 1 805 348 100 64 -1 -1 -1 0 
3 3 369 349 72 32 -1 -1 -1 0 
3 4 135 332 184 60 -1 -1 -1 0 
3 6 212 342 121 56 -1 -1 -1 0 
4 1 806 349 98 64 -1 -1 -1 0 
4 3 334 350 84 36 -1 -1 -1 0 
4 4 87 331 199 69 -1 -1 -1 0 
4 6 151 345 143 62 -1 -1 -1 0 
5 1 806 349 98 65 -1 -1 -1 0 
5 3 290 351 98 41 -1 -1 -1 0 
5 4 55 330 211 74 -1 -1 -1 0 
5 6 63 344 187 72 -1 -1 -1 0 
6 1 805 349 100 64 -1 -1 -1 0 
6 3 232 352 121 46 -1 -1 -1 0 
6 4 4 343 186 81 -1 -1 -1 0 
6 6 17 334 221 71 -1 -1 -1 0 
6 10 446 350 29 17 -1 -1 -1 0 
7 1 805 348 100 64 -1 -1 -1 0 
7 3 154 353 154 53 -1 -1 -1 0 
7 4 0 345 111 81 -1 -1 -1 0 
7 6 5 336 120 81 -1 -1 -1 0 
7 10 437 349 31 19 -1 -1 -1 0 
8 1 806 348 99 64 -1 -1 -1 0 
8 3 38 354 207 65 -1 -1 -1 0 
8 4 0 347 72 86 -1 -1 -1 0 
8 6 0 335 81 86 -1 -1 -1 0 
8 10 427 350 35 19 -1 -1 -1 0 
9 1 805 348 101 65 -1 -1 -1 0 
9 3 2 355 153 72 -1 -1 -1 0 
9 10 419 350 34 20 -1 -1 -1 0 
10 1 805 347 102 66 -1 -1 -1 0 
10 3 0 356 103 77 -1 -1 -1 0 
10 10 410 349 34 22 -1 -1 -1 0 
11 1 805 347 102 65 -1 -1 -1 0 
11 10 398 349 38 23 -1 -1 -1 0 
11 15 725 347 18 12 -1 -1 -1 0 
12 1 805 347 102 65 -1 -1 -1 0 
12 10 387 349 38 23 -1 -1 -1 0 
12 15 726 346 16 12 -1 -1 -1 0 
13 1 806 348 101 64 -1 -1 -1 0 
13 10 372 349 43 24 -1 -1 -1 0 
13 15 726 346 16 12 -1 -1 -1 0 
14 1 806 348 101 64 -1 -1 -1 0 
14 10 358 350 46 24 -1 -1 -1 0 
14 15 726 346 16 12 -1 -1 -1 0 
15 1 806 348 102 64 -1 -1 -1 0 
15 10 344 350 47 26 -1 -1 -1 0 
15 15 726 346 16 12 -1 -1 -1 0 
16 1 807 348 101 65 -1 -1 -1 0 
16 10 326 350 51 28 -1 -1 -1 0 
17 1 806 348 102 65 -1 -1 -1 0 
17 10 307 350 56 30 -1 -1 -1 0 
17 15 523 353 20 11 -1 -1 -1 0 
18 1 807 348 101 65 -1 -1 -1 0 
18 10 287 350 60 31 -1 -1 -1 0 
18 15 492 354 20 10 -1 -1 -1 0 
19 1 806 348 102 65 -1 -1 -1 0 
19 10 264 350 65 34 -1 -1 -1 0 
19 15 462 354 20 11 -1 -1 -1 0 
20 1 806 348 102 65 -1 -1 -1 0 
20 10 249 350 68 35 -1 -1 -1 0 
20 15 473 355 20 11 -1 -1 -1 0 
21 1 806 348 103 65 -1 -1 -1 0 
21 10 207 353 80 37 -1 -1 -1 0 
21 15 466 355 22 13 -1 -1 -1 0 
22 1 807 348 101 65 -1 -1 -1 0 
22 10 172 352 90 41 -1 -1 -1 0 
22 15 460 356 23 13 -1 -1 -1 0 
23 1 807 348 101 66 -1 -1 -1 0 
23 10 130 352 101 45 -1 -1 -1 0 
23 15 453 357 25 12 -1 -1 -1 0 
24 1 806 348 103 66 -1 -1 -1 0 
24 10 78 352 119 49 -1 -1 -1 0 
24 15 446 357 25 13 -1 -1 -1 0 
25 1 806 347 103 67 -1 -1 -1 0 
25 10 15 354 143 52 -1 -1 -1 0 
25 15 438 356 27 15 -1 -1 -1 0 
26 1 806 347 104 67 -1 -1 -1 0 
26 10 0 355 103 55 -1 -1 -1 0 
26 15 428 357 30 15 -1 -1 -1 0 
27 1 806 347 104 67 -1 -1 -1 0 
27 10 0 356 44 56 -1 -1 -1 0 
27 15 419 356 30 17 -1 -1 -1 0 
27 19 484 354 32 12 -1 -1 -1 0 
28 1 806 347 104 67 -1 -1 -1 0 
28 10 0 356 9 59 -1 -1 -1 0 
28 15 409 357 31 17 -1 -1 -1 0 
28 19 470 354 37 14 -1 -1 -1 0 
29 1 806 347 105 67 -1 -1 -1 0 
29 15 397 357 34 18 -1 -1 -1 0 
29 19 453 355 42 14 -1 -1 -1 0 
30 1 807 348 104 66 -1 -1 -1 0 
30 15 384 357 36 19 -1 -1 -1 0 
30 19 437 355 47 17 -1 -1 -1 0 
31 1 806 348 105 66 -1 -1 -1 0 
31 15 369 358 44 20 -1 -1 -1 0 
31 19 417 356 55 17 -1 -1 -1 0 
32 1 807 348 103 66 -1 -1 -1 0 
32 15 355 359 41 21 -1 -1 -1 0 
32 19 395 357 58 19 -1 -1 -1 0 
32 22 723 347 18 13 -1 -1 -1 0 
33 1 807 349 104 66 -1 -1 -1 0 
33 15 352 359 67 21 -1 -1 -1 0 
33 19 351 359 41 21 -1 -1 -1 0 
33 22 723 348 18 13 -1 -1 -1 0 
34 1 807 349 103 67 -1 -1 -1 0 
34 15 323 360 84 24 -1 -1 -1 0 
34 19 330 360 42 22 -1 -1 -1 0 
34 22 723 348 18 13 -1 -1 -1 0 
35 1 808 350 102 67 -1 -1 -1 0 
35 15 289 361 89 30 -1 -1 -1 0 
35 22 723 349 18 12 -1 -1 -1 0 
35 24 494 350 27 19 -1 -1 -1 0 
36 1 806 350 105 67 -1 -1 -1 0 
36 15 232 363 112 34 -1 -1 -1 0 
36 22 724 349 17 12 -1 -1 -1 0 
36 24 486 350 28 19 -1 -1 -1 0 
37 1 807 350 104 68 -1 -1 -1 0 
37 15 209 364 122 35 -1 -1 -1 0 
37 19 253 363 49 25 -1 -1 -1 0 
37 22 724 349 16 12 -1 -1 -1 0 
37 24 475 350 32 20 -1 -1 -1 0 
38 1 808 350 102 68 -1 -1 -1 0 
38 19 216 364 61 28 -1 -1 -1 0 
38 22 722 349 19 12 -1 -1 -1 0 
38 24 465 350 34 21 -1 -1 -1 0 
38 27 505 354 20 12 -1 -1 -1 0 
39 1 807 350 104 66 -1 -1 -1 0 
39 19 163 365 84 31 -1 -1 -1 0 
39 22 723 348 18 11 -1 -1 -1 0 
39 24 454 349 38 22 -1 -1 -1 0 
39 27 498 353 22 13 -1 -1 -1 0 
40 1 808 349 102 67 -1 -1 -1 0 
40 19 110 366 100 34 -1 -1 -1 0 
40 22 723 348 18 11 -1 -1 -1 0 
40 24 441 349 36 22 -1 -1 -1 0 
40 27 492 352 21 14 -1 -1 -1 0 
40 31 414 355 30 19 -1 -1 -1 0 
40 32 515 350 27 13 -1 -1 -1 0 
