3 2 729 338 52 37 -1 -1 -1 0 
3 3 358 338 50 26 -1 -1 -1 0 
3 4 199 345 80 32 -1 -1 -1 0 
3 5 632 337 24 21 -1 -1 -1 0 
3 6 278 334 59 31 -1 -1 -1 0 
3 7 435 337 31 17 -1 -1 -1 0 
4 2 729 338 52 37 -1 -1 -1 0 
4 3 340 340 54 25 -1 -1 -1 0 
4 4 154 345 92 35 -1 -1 -1 0 
4 5 632 336 25 21 -1 -1 -1 0 
4 6 259 334 65 32 -1 -1 -1 0 
4 7 427 337 36 17 -1 -1 -1 0 
4 9 590 334 22 20 -1 -1 -1 0 
5 2 728 338 53 37 -1 -1 -1 0 
5 3 319 340 58 26 -1 -1 -1 0 
5 4 94 345 112 38 -1 -1 -1 0 
5 5 632 335 24 21 -1 -1 -1 0 
5 6 238 335 67 32 -1 -1 -1 0 
5 7 419 337 38 17 -1 -1 -1 0 
5 9 591 333 21 20 -1 -1 -1 0 
6 2 728 337 52 37 -1 -1 -1 0 
6 3 294 340 67 26 -1 -1 -1 0 
6 4 15 344 143 41 -1 -1 -1 0 
6 5 632 334 24 21 -1 -1 -1 0 
6 6 213 334 75 34 -1 -1 -1 0 
6 7 446 328 21 16 -1 -1 -1 0 
6 9 590 332 23 20 -1 -1 -1 0 
7 2 729 337 51 37 -1 -1 -1 0 
7 3 267 339 72 28 -1 -1 -1 0 
7 4 0 343 92 43 -1 -1 -1 0 
7 5 633 333 23 21 -1 -1 -1 0 
7 6 184 333 86 36 -1 -1 -1 0 
7 7 451 324 23 16 -1 -1 -1 0 
7 9 591 331 21 20 -1 -1 -1 0 
8 2 729 336 49 37 -1 -1 -1 0 
8 3 233 337 82 31 -1 -1 -1 0 
8 4 0 342 51 46 -1 -1 -1 0 
8 5 633 333 23 21 -1 -1 -1 0 
8 6 151 333 97 37 -1 -1 -1 0 
8 7 480 323 20 17 -1 -1 -1 0 
8 9 592 331 21 19 -1 -1 -1 0 
8 12 337 334 36 19 -1 -1 -1 0 
8 13 395 333 40 21 -1 -1 -1 0 
9 2 728 336 51 38 -1 -1 -1 0 
9 3 192 337 97 32 -1 -1 -1 0 
9 5 633 334 23 20 -1 -1 -1 0 
9 6 114 332 96 40 -1 -1 -1 0 
9 7 487 324 23 16 -1 -1 -1 0 
9 9 593 330 20 19 -1 -1 -1 0 
9 12 325 335 38 18 -1 -1 -1 0 
9 13 383 334 43 21 -1 -1 -1 0 
10 2 726 335 53 39 -1 -1 -1 0 
10 3 139 337 118 34 -1 -1 -1 0 
10 5 633 334 23 20 -1 -1 -1 0 
10 6 65 331 98 43 -1 -1 -1 0 
10 7 489 325 22 15 -1 -1 -1 0 
10 9 594 330 20 19 -1 -1 -1 0 
10 12 311 336 42 18 -1 -1 -1 0 
10 13 372 334 42 22 -1 -1 -1 0 
11 2 728 326 48 48 -1 -1 -1 0 
11 3 71 337 141 37 -1 -1 -1 0 
11 5 633 335 23 19 -1 -1 -1 0 
11 6 6 329 106 48 -1 -1 -1 0 
11 7 488 326 22 15 -1 -1 -1 0 
11 9 594 330 20 19 -1 -1 -1 0 
11 12 297 335 44 20 -1 -1 -1 0 
11 13 356 334 46 23 -1 -1 -1 0 
11 14 569 635 705 79 -1 -1 -1 0 
11 15 442 323 31 17 -1 -1 -1 0 
12 2 726 321 51 53 -1 -1 -1 0 
12 3 7 338 145 40 -1 -1 -1 0 
12 5 634 336 22 19 -1 -1 -1 0 
12 6 0 329 78 50 -1 -1 -1 0 
12 7 487 324 19 18 -1 -1 -1 0 
12 9 595 330 19 20 -1 -1 -1 0 
12 12 280 335 47 22 -1 -1 -1 0 
12 13 339 335 49 24 -1 -1 -1 0 
12 14 563 635 714 79 -1 -1 -1 0 
12 15 441 323 27 18 -1 -1 -1 0 
13 2 725 318 53 56 -1 -1 -1 0 
13 3 0 340 76 42 -1 -1 -1 0 
13 5 635 336 21 19 -1 -1 -1 0 
13 7 482 325 23 18 -1 -1 -1 0 
13 9 594 330 22 19 -1 -1 -1 0 
13 12 262 337 49 23 -1 -1 -1 0 
13 13 319 335 53 25 -1 -1 -1 0 
13 14 565 636 710 77 -1 -1 -1 0 
13 15 435 326 29 16 -1 -1 -1 0 
14 2 725 318 54 56 -1 -1 -1 0 
14 3 0 340 35 43 -1 -1 -1 0 
14 5 634 335 24 20 -1 -1 -1 0 
14 7 480 324 21 21 -1 -1 -1 0 
14 9 595 331 21 19 -1 -1 -1 0 
14 12 241 339 54 24 -1 -1 -1 0 
14 13 291 337 65 27 -1 -1 -1 0 
14 15 432 327 32 17 -1 -1 -1 0 
15 2 724 319 54 55 -1 -1 -1 0 
15 5 635 334 23 21 -1 -1 -1 0 
15 7 476 325 23 21 -1 -1 -1 0 
15 9 596 331 20 19 -1 -1 -1 0 
15 12 217 341 53 26 -1 -1 -1 0 
15 13 261 339 78 29 -1 -1 -1 0 
15 14 556 635 718 78 -1 -1 -1 0 
15 15 429 328 33 18 -1 -1 -1 0 
16 2 721 329 60 46 -1 -1 -1 0 
16 5 634 334 26 21 -1 -1 -1 0 
16 7 474 326 22 21 -1 -1 -1 0 
16 9 596 332 21 19 -1 -1 -1 0 
16 12 190 342 51 30 -1 -1 -1 0 
16 13 224 342 82 31 -1 -1 -1 0 
16 14 561 635 714 78 -1 -1 -1 0 
16 15 425 329 31 18 -1 -1 -1 0 
17 2 723 335 55 39 -1 -1 -1 0 
17 5 635 335 24 20 -1 -1 -1 0 
17 7 435 327 33 21 -1 -1 -1 0 
17 9 598 332 19 19 -1 -1 -1 0 
17 12 162 344 96 33 -1 -1 -1 0 
17 13 241 342 44 30 -1 -1 -1 0 
17 14 563 635 711 78 -1 -1 -1 0 
17 15 450 333 28 17 -1 -1 -1 0 
18 2 724 336 52 38 -1 -1 -1 0 
18 5 636 335 22 20 -1 -1 -1 0 
18 7 419 327 32 21 -1 -1 -1 0 
18 9 598 332 21 19 -1 -1 -1 0 
18 12 113 345 113 38 -1 -1 -1 0 
18 13 206 343 58 31 -1 -1 -1 0 
18 14 573 635 700 79 -1 -1 -1 0 
18 15 455 333 24 18 -1 -1 -1 0 
19 2 725 336 50 37 -1 -1 -1 0 
19 5 636 334 22 21 -1 -1 -1 0 
19 7 409 327 32 22 -1 -1 -1 0 
19 9 599 331 20 20 -1 -1 -1 0 
19 12 27 346 146 43 -1 -1 -1 0 
19 13 162 344 68 34 -1 -1 -1 0 
19 14 567 635 709 79 -1 -1 -1 0 
19 15 451 332 27 20 -1 -1 -1 0 
20 2 724 336 50 37 -1 -1 -1 0 
20 5 636 334 22 21 -1 -1 -1 0 
20 7 402 326 31 25 -1 -1 -1 0 
20 9 599 331 21 19 -1 -1 -1 0 
20 12 0 347 95 43 -1 -1 -1 0 
20 13 92 346 96 35 -1 -1 -1 0 
20 14 567 636 709 78 -1 -1 -1 0 
20 15 463 327 21 16 -1 -1 -1 0 
21 2 724 336 50 37 -1 -1 -1 0 
21 5 636 333 22 21 -1 -1 -1 0 
21 7 394 326 33 25 -1 -1 -1 0 
21 9 600 330 20 20 -1 -1 -1 0 
21 12 0 346 121 43 -1 -1 -1 0 
21 13 60 346 103 38 -1 -1 -1 0 
21 14 562 635 714 79 -1 -1 -1 0 
21 15 464 324 21 15 -1 -1 -1 0 
22 2 722 336 53 36 -1 -1 -1 0 
22 5 635 333 23 21 -1 -1 -1 0 
22 7 384 325 36 27 -1 -1 -1 0 
22 9 601 330 19 19 -1 -1 -1 0 
22 12 0 347 112 45 -1 -1 -1 0 
22 14 567 634 705 80 -1 -1 -1 0 
22 15 463 323 20 15 -1 -1 -1 0 
22 17 520 327 17 10 -1 -1 -1 0 
22 18 425 331 32 22 -1 -1 -1 0 
23 2 723 337 51 35 -1 -1 -1 0 
23 5 635 334 23 19 -1 -1 -1 0 
23 7 373 324 43 29 -1 -1 -1 0 
23 9 601 330 20 19 -1 -1 -1 0 
23 14 561 634 717 80 -1 -1 -1 0 
23 15 460 323 21 15 -1 -1 -1 0 
23 17 518 327 17 10 -1 -1 -1 0 
23 18 413 332 36 21 -1 -1 -1 0 
24 2 722 337 51 35 -1 -1 -1 0 
24 5 636 333 21 21 -1 -1 -1 0 
24 7 360 324 48 29 -1 -1 -1 0 
24 9 601 330 21 19 -1 -1 -1 0 
24 14 562 635 715 79 -1 -1 -1 0 
24 15 455 323 23 16 -1 -1 -1 0 
24 17 515 327 17 11 -1 -1 -1 0 
24 18 402 332 37 22 -1 -1 -1 0 
25 2 723 337 49 35 -1 -1 -1 0 
25 5 636 333 22 20 -1 -1 -1 0 
25 7 344 328 49 27 -1 -1 -1 0 
25 9 601 330 22 19 -1 -1 -1 0 
25 14 562 635 715 79 -1 -1 -1 0 
25 15 451 323 23 16 -1 -1 -1 0 
25 17 512 327 18 11 -1 -1 -1 0 
25 18 388 330 41 25 -1 -1 -1 0 
26 2 722 337 50 35 -1 -1 -1 0 
26 5 636 333 22 20 -1 -1 -1 0 
26 7 328 331 48 26 -1 -1 -1 0 
26 9 602 330 21 19 -1 -1 -1 0 
26 14 569 635 706 79 -1 -1 -1 0 
26 15 446 322 24 17 -1 -1 -1 0 
26 17 507 327 21 12 -1 -1 -1 0 
26 18 371 330 48 25 -1 -1 -1 0 
27 2 722 337 49 36 -1 -1 -1 0 
27 5 636 334 23 19 -1 -1 -1 0 
27 7 309 334 49 23 -1 -1 -1 0 
27 9 602 330 23 19 -1 -1 -1 0 
27 14 565 635 711 78 -1 -1 -1 0 
27 15 441 322 26 18 -1 -1 -1 0 
27 17 503 328 24 12 -1 -1 -1 0 
27 18 352 328 52 28 -1 -1 -1 0 
28 2 721 337 50 36 -1 -1 -1 0 
28 5 636 334 23 19 -1 -1 -1 0 
28 7 288 334 49 25 -1 -1 -1 0 
28 9 603 330 22 19 -1 -1 -1 0 
28 14 567 635 709 78 -1 -1 -1 0 
28 15 437 323 26 18 -1 -1 -1 0 
28 17 500 328 24 13 -1 -1 -1 0 
28 18 327 325 63 31 -1 -1 -1 0 
29 2 720 337 51 36 -1 -1 -1 0 
29 5 638 333 21 20 -1 -1 -1 0 
29 7 262 335 55 26 -1 -1 -1 0 
29 9 604 330 22 19 -1 -1 -1 0 
29 14 565 635 711 78 -1 -1 -1 0 
29 15 432 323 27 19 -1 -1 -1 0 
29 17 498 329 23 13 -1 -1 -1 0 
29 18 308 324 63 34 -1 -1 -1 0 
30 2 720 337 51 37 -1 -1 -1 0 
30 5 639 335 21 19 -1 -1 -1 0 
30 7 234 336 51 28 -1 -1 -1 0 
30 9 605 331 21 19 -1 -1 -1 0 
30 14 560 635 717 78 -1 -1 -1 0 
30 15 427 324 27 19 -1 -1 -1 0 
30 17 496 329 21 15 -1 -1 -1 0 
30 18 280 324 70 36 -1 -1 -1 0 
31 2 721 331 49 43 -1 -1 -1 0 
31 5 640 337 21 18 -1 -1 -1 0 
31 7 267 328 49 30 -1 -1 -1 0 
31 9 606 332 21 18 -1 -1 -1 0 
31 14 563 635 711 78 -1 -1 -1 0 
31 15 420 325 30 20 -1 -1 -1 0 
31 17 492 329 22 16 -1 -1 -1 0 
31 18 239 328 89 36 -1 -1 -1 0 
32 2 718 336 54 40 -1 -1 -1 0 
32 5 640 338 21 18 -1 -1 -1 0 
32 7 257 326 58 32 -1 -1 -1 0 
32 9 608 333 19 18 -1 -1 -1 0 
32 14 563 635 711 79 -1 -1 -1 0 
32 15 413 327 32 20 -1 -1 -1 0 
32 17 487 330 24 17 -1 -1 -1 0 
32 18 198 332 97 36 -1 -1 -1 0 
33 2 719 338 53 38 -1 -1 -1 0 
33 5 640 339 22 17 -1 -1 -1 0 
33 7 239 328 65 33 -1 -1 -1 0 
33 9 608 334 21 17 -1 -1 -1 0 
33 14 558 635 720 78 -1 -1 -1 0 
33 15 406 329 33 19 -1 -1 -1 0 
33 17 483 331 24 19 -1 -1 -1 0 
33 18 224 330 67 34 -1 -1 -1 0 
34 2 719 339 52 38 -1 -1 -1 0 
34 5 640 340 22 17 -1 -1 -1 0 
34 7 205 328 81 37 -1 -1 -1 0 
34 9 610 334 19 18 -1 -1 -1 0 
34 14 560 634 717 79 -1 -1 -1 0 
34 15 399 329 33 21 -1 -1 -1 0 
34 17 476 332 28 19 -1 -1 -1 0 
34 18 197 328 83 38 -1 -1 -1 0 
35 2 720 339 50 38 -1 -1 -1 0 
35 5 641 340 20 18 -1 -1 -1 0 
35 7 171 328 92 41 -1 -1 -1 0 
35 9 610 335 20 17 -1 -1 -1 0 
35 14 563 634 712 79 -1 -1 -1 0 
35 15 390 328 36 23 -1 -1 -1 0 
35 17 469 333 30 19 -1 -1 -1 0 
35 18 179 328 87 39 -1 -1 -1 0 
35 22 10 337 136 49 -1 -1 -1 0 
36 2 721 339 49 38 -1 -1 -1 0 
36 5 641 341 21 17 -1 -1 -1 0 
36 7 133 328 104 45 -1 -1 -1 0 
36 9 611 336 20 17 -1 -1 -1 0 
36 14 559 635 719 78 -1 -1 -1 0 
36 15 380 329 40 23 -1 -1 -1 0 
36 17 461 334 31 20 -1 -1 -1 0 
36 22 0 337 130 51 -1 -1 -1 0 
37 2 720 339 50 39 -1 -1 -1 0 
37 5 640 342 22 17 -1 -1 -1 0 
37 7 86 329 121 49 -1 -1 -1 0 
37 9 612 336 20 17 -1 -1 -1 0 
37 14 559 635 717 78 -1 -1 -1 0 
37 15 371 330 40 24 -1 -1 -1 0 
37 17 453 336 32 19 -1 -1 -1 0 
38 2 720 339 50 38 -1 -1 -1 0 
38 5 641 341 22 18 -1 -1 -1 0 
38 7 30 330 139 53 -1 -1 -1 0 
38 14 560 635 715 78 -1 -1 -1 0 
38 15 360 331 42 24 -1 -1 -1 0 
38 17 443 337 34 19 -1 -1 -1 0 
39 2 721 339 49 38 -1 -1 -1 0 
39 5 641 341 23 17 -1 -1 -1 0 
39 7 2 332 123 55 -1 -1 -1 0 
39 9 493 332 19 13 -1 -1 -1 0 
39 14 570 635 702 78 -1 -1 -1 0 
39 15 347 331 46 26 -1 -1 -1 0 
39 17 433 338 35 20 -1 -1 -1 0 
40 2 721 340 49 36 -1 -1 -1 0 
40 5 643 341 21 17 -1 -1 -1 0 
40 7 0 332 76 57 -1 -1 -1 0 
40 9 471 332 18 12 -1 -1 -1 0 
40 14 563 635 715 78 -1 -1 -1 0 
40 15 333 332 50 26 -1 -1 -1 0 
40 17 421 339 37 21 -1 -1 -1 0 
