3 1 577 350 48 34 -1 -1 -1 0 
3 2 623 350 27 19 -1 -1 -1 0 
3 3 963 356 59 31 -1 -1 -1 0 
3 4 674 329 25 39 -1 -1 -1 0 
4 1 578 350 47 33 -1 -1 -1 0 
4 2 624 351 25 19 -1 -1 -1 0 
4 3 966 356 58 32 -1 -1 -1 0 
4 4 674 329 25 39 -1 -1 -1 0 
5 1 579 349 48 34 -1 -1 -1 0 
5 2 623 349 27 20 -1 -1 -1 0 
5 3 970 356 57 33 -1 -1 -1 0 
5 4 674 329 26 39 -1 -1 -1 0 
6 1 580 349 47 33 -1 -1 -1 0 
6 2 624 348 26 20 -1 -1 -1 0 
6 3 972 357 59 32 -1 -1 -1 0 
6 4 675 331 25 37 -1 -1 -1 0 
7 1 581 350 48 32 -1 -1 -1 0 
7 2 625 348 26 19 -1 -1 -1 0 
7 3 975 358 59 31 -1 -1 -1 0 
7 4 676 330 23 38 -1 -1 -1 0 
8 1 583 350 46 31 -1 -1 -1 0 
8 2 626 348 25 19 -1 -1 -1 0 
8 3 981 358 55 32 -1 -1 -1 0 
8 4 676 331 24 38 -1 -1 -1 0 
9 1 584 351 46 30 -1 -1 -1 0 
9 2 627 348 24 19 -1 -1 -1 0 
9 3 981 358 59 33 -1 -1 -1 0 
9 4 676 331 24 38 -1 -1 -1 0 
9 7 578 636 697 78 -1 -1 -1 0 
10 1 586 350 46 30 -1 -1 -1 0 
10 2 627 347 25 20 -1 -1 -1 0 
10 3 987 361 37 29 -1 -1 -1 0 
10 4 678 329 22 39 -1 -1 -1 0 
10 7 564 635 712 79 -1 -1 -1 0 
11 1 588 350 45 30 -1 -1 -1 0 
11 2 629 347 23 19 -1 -1 -1 0 
11 3 986 361 56 30 -1 -1 -1 0 
11 4 678 328 23 40 -1 -1 -1 0 
11 7 561 635 716 78 -1 -1 -1 0 
11 8 0 512 175 203 -1 -1 -1 0 
12 1 589 350 45 30 -1 -1 -1 0 
12 2 629 346 24 21 -1 -1 -1 0 
12 3 990 362 59 30 -1 -1 -1 0 
12 4 678 328 22 40 -1 -1 -1 0 
12 7 563 635 711 78 -1 -1 -1 0 
12 8 0 498 213 216 -1 -1 -1 0 
12 9 1 372 54 34 -1 -1 -1 0 
13 1 590 350 45 30 -1 -1 -1 0 
13 2 630 348 25 19 -1 -1 -1 0 
13 3 993 363 61 30 -1 -1 -1 0 
13 4 678 330 23 38 -1 -1 -1 0 
13 7 558 635 718 77 -1 -1 -1 0 
13 8 0 484 247 229 -1 -1 -1 0 
13 9 0 373 33 34 -1 -1 -1 0 
14 1 592 350 44 29 -1 -1 -1 0 
14 2 630 348 26 19 -1 -1 -1 0 
14 3 997 364 60 29 -1 -1 -1 0 
14 4 679 330 22 38 -1 -1 -1 0 
14 7 564 635 710 77 -1 -1 -1 0 
14 8 2 459 270 254 -1 -1 -1 0 
15 1 593 349 43 29 -1 -1 -1 0 
15 2 630 348 27 19 -1 -1 -1 0 
15 3 1002 364 58 29 -1 -1 -1 0 
15 4 679 330 23 37 -1 -1 -1 0 
15 7 561 635 712 77 -1 -1 -1 0 
15 8 3 435 295 277 -1 -1 -1 0 
16 1 593 349 45 29 -1 -1 -1 0 
16 2 632 348 25 19 -1 -1 -1 0 
16 3 1005 364 61 30 -1 -1 -1 0 
16 4 679 329 23 38 -1 -1 -1 0 
16 7 562 634 710 79 -1 -1 -1 0 
16 8 2 419 320 294 -1 -1 -1 0 
16 10 336 352 50 25 -1 -1 -1 0 
17 1 595 349 44 29 -1 -1 -1 0 
17 2 632 348 27 19 -1 -1 -1 0 
17 3 1009 364 61 30 -1 -1 -1 0 
17 4 678 336 26 31 -1 -1 -1 0 
17 7 558 634 717 79 -1 -1 -1 0 
17 8 1 408 341 306 -1 -1 -1 0 
17 10 320 353 51 25 -1 -1 -1 0 
18 1 597 349 43 29 -1 -1 -1 0 
18 2 632 348 28 19 -1 -1 -1 0 
18 3 1013 364 60 31 -1 -1 -1 0 
18 4 679 341 25 25 -1 -1 -1 0 
18 7 565 632 704 82 -1 -1 -1 0 
18 8 1 400 360 315 -1 -1 -1 0 
18 10 310 354 51 25 -1 -1 -1 0 
19 1 599 348 41 30 -1 -1 -1 0 
19 2 632 347 27 19 -1 -1 -1 0 
19 3 1016 364 62 32 -1 -1 -1 0 
19 4 680 335 23 32 -1 -1 -1 0 
19 7 552 633 727 81 -1 -1 -1 0 
19 8 0 395 379 320 -1 -1 -1 0 
20 1 600 348 41 30 -1 -1 -1 0 
20 2 633 347 25 18 -1 -1 -1 0 
20 3 1019 365 63 31 -1 -1 -1 0 
20 4 680 331 24 36 -1 -1 -1 0 
20 7 557 635 722 79 -1 -1 -1 0 
20 8 0 391 394 323 -1 -1 -1 0 
20 10 255 354 63 32 -1 -1 -1 0 
21 1 601 348 41 29 -1 -1 -1 0 
21 2 634 347 24 18 -1 -1 -1 0 
21 3 1023 365 64 31 -1 -1 -1 0 
21 4 681 329 23 38 -1 -1 -1 0 
21 7 559 635 717 79 -1 -1 -1 0 
21 8 1 388 406 326 -1 -1 -1 0 
21 10 225 355 76 31 -1 -1 -1 0 
22 1 601 348 42 29 -1 -1 -1 0 
22 2 636 348 23 16 -1 -1 -1 0 
22 3 1027 365 64 32 -1 -1 -1 0 
22 4 680 329 26 37 -1 -1 -1 0 
22 7 559 635 716 79 -1 -1 -1 0 
22 8 0 385 421 327 -1 -1 -1 0 
22 10 197 356 80 33 -1 -1 -1 0 
23 1 603 348 41 28 -1 -1 -1 0 
23 2 637 348 23 16 -1 -1 -1 0 
23 3 1031 366 65 32 -1 -1 -1 0 
23 4 680 329 26 37 -1 -1 -1 0 
23 7 559 634 716 80 -1 -1 -1 0 
23 8 0 381 436 319 -1 -1 -1 0 
23 10 161 354 91 35 -1 -1 -1 0 
24 1 604 349 40 26 -1 -1 -1 0 
24 2 638 347 21 16 -1 -1 -1 0 
24 3 1035 367 65 31 -1 -1 -1 0 
24 4 680 333 27 32 -1 -1 -1 0 
24 7 565 634 709 80 -1 -1 -1 0 
24 8 0 379 452 298 -1 -1 -1 0 
24 10 138 355 94 35 -1 -1 -1 0 
25 1 606 350 39 25 -1 -1 -1 0 
25 2 638 347 22 16 -1 -1 -1 0 
25 3 1040 368 65 31 -1 -1 -1 0 
25 4 681 331 24 34 -1 -1 -1 0 
25 7 562 634 713 80 -1 -1 -1 0 
25 8 0 378 463 275 -1 -1 -1 0 
26 1 608 350 37 25 -1 -1 -1 0 
26 2 639 346 21 17 -1 -1 -1 0 
26 3 1045 368 65 31 -1 -1 -1 0 
26 4 680 336 27 29 -1 -1 -1 0 
26 7 557 635 721 79 -1 -1 -1 0 
26 8 0 376 471 255 -1 -1 -1 0 
27 1 609 348 36 26 -1 -1 -1 0 
27 2 667 345 24 18 -1 -1 -1 0 
27 3 1050 367 65 33 -1 -1 -1 0 
27 4 680 336 28 28 -1 -1 -1 0 
27 7 562 635 713 79 -1 -1 -1 0 
27 8 0 375 481 233 -1 -1 -1 0 
27 10 3 357 90 45 -1 -1 -1 0 
28 1 610 348 36 25 -1 -1 -1 0 
28 2 678 345 24 18 -1 -1 -1 0 
28 3 1055 367 65 33 -1 -1 -1 0 
28 7 560 635 715 79 -1 -1 -1 0 
28 8 11 373 472 216 -1 -1 -1 0 
28 10 0 357 61 48 -1 -1 -1 0 
29 1 611 346 37 27 -1 -1 -1 0 
29 2 683 344 23 19 -1 -1 -1 0 
29 3 1060 367 66 33 -1 -1 -1 0 
29 7 562 634 711 80 -1 -1 -1 0 
29 8 54 371 427 201 -1 -1 -1 0 
30 1 611 347 37 25 -1 -1 -1 0 
30 2 687 343 24 19 -1 -1 -1 0 
30 3 1065 367 67 34 -1 -1 -1 0 
30 7 556 634 723 80 -1 -1 -1 0 
30 8 95 370 391 187 -1 -1 -1 0 
31 1 613 346 36 26 -1 -1 -1 0 
31 3 1072 368 65 34 -1 -1 -1 0 
31 4 682 325 24 39 -1 -1 -1 0 
31 7 558 634 717 80 -1 -1 -1 0 
31 8 132 368 362 176 -1 -1 -1 0 
32 1 613 347 37 25 -1 -1 -1 0 
32 3 1076 370 69 34 -1 -1 -1 0 
32 4 681 326 26 39 -1 -1 -1 0 
32 7 559 635 717 79 -1 -1 -1 0 
32 8 167 368 334 165 -1 -1 -1 0 
33 1 614 347 37 25 -1 -1 -1 0 
33 3 1080 372 72 33 -1 -1 -1 0 
33 4 682 329 26 36 -1 -1 -1 0 
33 7 558 635 718 79 -1 -1 -1 0 
33 8 197 366 310 158 -1 -1 -1 0 
34 1 616 347 35 25 -1 -1 -1 0 
34 3 1087 371 71 35 -1 -1 -1 0 
34 4 682 328 26 38 -1 -1 -1 0 
34 7 557 635 720 79 -1 -1 -1 0 
34 8 222 365 292 152 -1 -1 -1 0 
35 1 617 347 35 26 -1 -1 -1 0 
35 3 1093 374 72 33 -1 -1 -1 0 
35 4 682 328 26 38 -1 -1 -1 0 
35 7 557 636 721 78 -1 -1 -1 0 
35 8 245 365 276 144 -1 -1 -1 0 
36 1 618 347 34 26 -1 -1 -1 0 
36 2 685 344 24 21 -1 -1 -1 0 
36 3 1100 374 71 34 -1 -1 -1 0 
36 4 681 333 28 33 -1 -1 -1 0 
36 7 561 635 713 79 -1 -1 -1 0 
36 8 266 365 261 137 -1 -1 -1 0 
37 1 618 347 34 25 -1 -1 -1 0 
37 2 688 344 24 21 -1 -1 -1 0 
37 3 1105 376 75 34 -1 -1 -1 0 
37 4 683 332 24 34 -1 -1 -1 0 
37 7 560 635 715 79 -1 -1 -1 0 
37 8 285 364 249 133 -1 -1 -1 0 
38 1 619 347 34 25 -1 -1 -1 0 
38 2 685 344 24 21 -1 -1 -1 0 
38 3 1112 377 75 34 -1 -1 -1 0 
38 4 682 336 27 30 -1 -1 -1 0 
38 7 558 635 720 79 -1 -1 -1 0 
38 8 302 364 237 127 -1 -1 -1 0 
39 1 619 347 34 25 -1 -1 -1 0 
39 2 684 344 25 22 -1 -1 -1 0 
39 3 1119 377 75 35 -1 -1 -1 0 
39 4 681 337 28 29 -1 -1 -1 0 
39 7 562 636 714 78 -1 -1 -1 0 
39 8 318 363 225 124 -1 -1 -1 0 
40 1 620 348 33 23 -1 -1 -1 0 
40 2 683 344 26 22 -1 -1 -1 0 
40 3 1123 378 79 35 -1 -1 -1 0 
40 7 558 636 720 78 -1 -1 -1 0 
40 8 332 361 215 121 -1 -1 -1 0 
