3 1 0 464 265 247 -1 -1 -1 0 
3 2 905 332 130 70 -1 -1 -1 0 
3 3 660 339 74 68 -1 -1 -1 0 
3 4 2 353 82 48 -1 -1 -1 0 
3 6 608 338 34 29 -1 -1 -1 0 
3 7 563 635 712 80 -1 -1 -1 0 
3 8 713 306 35 48 -1 -1 -1 0 
4 1 1 440 283 269 -1 -1 -1 0 
4 2 905 331 130 70 -1 -1 -1 0 
4 3 658 339 75 67 -1 -1 -1 0 
4 4 0 354 53 48 -1 -1 -1 0 
4 6 609 338 33 29 -1 -1 -1 0 
4 7 576 635 700 79 -1 -1 -1 0 
4 8 713 306 35 48 -1 -1 -1 0 
4 10 459 333 43 26 -1 -1 -1 0 
5 1 1 419 302 288 -1 -1 -1 0 
5 2 905 331 129 69 -1 -1 -1 0 
5 3 657 338 75 67 -1 -1 -1 0 
5 6 608 337 34 30 -1 -1 -1 0 
5 7 563 635 715 79 -1 -1 -1 0 
5 8 713 305 36 48 -1 -1 -1 0 
5 10 454 333 44 27 -1 -1 -1 0 
6 1 0 405 322 303 -1 -1 -1 0 
6 2 905 331 129 69 -1 -1 -1 0 
6 3 657 338 73 66 -1 -1 -1 0 
6 6 609 337 35 29 -1 -1 -1 0 
6 7 560 634 718 80 -1 -1 -1 0 
6 8 713 305 36 48 -1 -1 -1 0 
6 10 436 333 48 31 -1 -1 -1 0 
7 1 0 396 338 313 -1 -1 -1 0 
7 2 905 331 129 69 -1 -1 -1 0 
7 3 656 337 74 68 -1 -1 -1 0 
7 6 608 338 36 27 -1 -1 -1 0 
7 7 562 634 714 80 -1 -1 -1 0 
7 8 714 306 35 48 -1 -1 -1 0 
7 10 424 332 49 33 -1 -1 -1 0 
8 1 0 388 353 321 -1 -1 -1 0 
8 2 905 331 128 69 -1 -1 -1 0 
8 3 654 338 76 67 -1 -1 -1 0 
8 6 610 339 33 27 -1 -1 -1 0 
8 7 557 634 720 80 -1 -1 -1 0 
8 8 713 306 36 48 -1 -1 -1 0 
8 10 410 332 52 35 -1 -1 -1 0 
9 1 0 383 367 329 -1 -1 -1 0 
9 2 904 332 130 69 -1 -1 -1 0 
9 3 655 338 73 67 -1 -1 -1 0 
9 6 612 340 32 26 -1 -1 -1 0 
9 7 568 634 708 80 -1 -1 -1 0 
9 8 714 308 35 48 -1 -1 -1 0 
9 10 395 334 54 34 -1 -1 -1 0 
10 1 0 381 379 333 -1 -1 -1 0 
10 2 904 332 130 69 -1 -1 -1 0 
10 3 654 338 73 67 -1 -1 -1 0 
10 6 614 340 29 26 -1 -1 -1 0 
10 7 559 634 720 79 -1 -1 -1 0 
10 8 714 308 36 48 -1 -1 -1 0 
10 10 378 334 58 36 -1 -1 -1 0 
11 1 0 380 391 334 -1 -1 -1 0 
11 2 904 332 130 69 -1 -1 -1 0 
11 3 653 339 74 67 -1 -1 -1 0 
11 6 614 342 30 25 -1 -1 -1 0 
11 7 559 635 719 78 -1 -1 -1 0 
11 8 713 309 37 48 -1 -1 -1 0 
11 10 355 334 68 38 -1 -1 -1 0 
12 1 0 377 400 336 -1 -1 -1 0 
12 2 905 332 129 69 -1 -1 -1 0 
12 3 652 339 73 67 -1 -1 -1 0 
12 6 616 340 29 27 -1 -1 -1 0 
12 7 561 635 715 78 -1 -1 -1 0 
12 8 713 308 36 49 -1 -1 -1 0 
12 10 327 336 81 38 -1 -1 -1 0 
13 1 0 376 412 326 -1 -1 -1 0 
13 2 903 332 132 69 -1 -1 -1 0 
13 3 651 339 75 66 -1 -1 -1 0 
13 6 616 340 30 27 -1 -1 -1 0 
13 7 564 635 711 78 -1 -1 -1 0 
13 8 713 308 37 49 -1 -1 -1 0 
13 10 306 334 86 38 -1 -1 -1 0 
14 1 0 373 422 317 -1 -1 -1 0 
14 2 903 332 132 69 -1 -1 -1 0 
14 3 651 338 74 66 -1 -1 -1 0 
14 6 616 340 31 26 -1 -1 -1 0 
14 7 561 635 716 78 -1 -1 -1 0 
14 8 713 308 37 49 -1 -1 -1 0 
14 10 270 333 102 42 -1 -1 -1 0 
15 1 0 372 431 302 -1 -1 -1 0 
15 2 903 332 131 69 -1 -1 -1 0 
15 3 650 339 75 65 -1 -1 -1 0 
15 6 618 340 29 26 -1 -1 -1 0 
15 7 561 634 714 80 -1 -1 -1 0 
15 8 713 309 37 48 -1 -1 -1 0 
15 10 262 333 86 42 -1 -1 -1 0 
16 1 0 371 442 281 -1 -1 -1 0 
16 2 904 332 130 69 -1 -1 -1 0 
16 3 650 339 74 65 -1 -1 -1 0 
16 6 617 340 31 26 -1 -1 -1 0 
16 7 556 634 723 80 -1 -1 -1 0 
16 8 713 309 37 48 -1 -1 -1 0 
16 10 233 332 93 44 -1 -1 -1 0 
17 1 0 370 450 261 -1 -1 -1 0 
17 2 904 332 130 69 -1 -1 -1 0 
17 3 650 339 72 65 -1 -1 -1 0 
17 6 619 341 30 25 -1 -1 -1 0 
17 7 561 634 716 80 -1 -1 -1 0 
17 8 714 310 37 48 -1 -1 -1 0 
17 10 193 332 108 43 -1 -1 -1 0 
18 1 0 369 456 243 -1 -1 -1 0 
18 2 903 332 132 69 -1 -1 -1 0 
18 3 649 340 73 65 -1 -1 -1 0 
18 6 620 341 30 25 -1 -1 -1 0 
18 7 561 634 716 80 -1 -1 -1 0 
18 8 714 311 37 48 -1 -1 -1 0 
18 10 170 331 114 45 -1 -1 -1 0 
19 1 0 368 463 225 -1 -1 -1 0 
19 2 904 332 130 69 -1 -1 -1 0 
19 3 649 340 73 64 -1 -1 -1 0 
19 6 621 340 29 26 -1 -1 -1 0 
19 7 560 634 716 79 -1 -1 -1 0 
19 8 714 311 37 48 -1 -1 -1 0 
20 1 0 368 468 210 -1 -1 -1 0 
20 2 905 332 128 70 -1 -1 -1 0 
20 3 648 340 74 64 -1 -1 -1 0 
20 6 622 340 28 26 -1 -1 -1 0 
20 7 561 635 718 78 -1 -1 -1 0 
20 8 714 311 37 48 -1 -1 -1 0 
21 1 20 367 449 195 -1 -1 -1 0 
21 2 904 332 131 70 -1 -1 -1 0 
21 3 648 340 74 64 -1 -1 -1 0 
21 6 622 340 29 25 -1 -1 -1 0 
21 7 563 635 712 78 -1 -1 -1 0 
21 8 715 311 37 48 -1 -1 -1 0 
21 17 2 325 112 74 -1 -1 -1 0 
22 1 56 366 414 184 -1 -1 -1 0 
22 2 905 332 126 70 -1 -1 -1 0 
22 3 648 340 73 64 -1 -1 -1 0 
22 6 624 340 27 25 -1 -1 -1 0 
22 7 567 636 709 78 -1 -1 -1 0 
22 8 714 311 38 48 -1 -1 -1 0 
22 17 0 324 91 74 -1 -1 -1 0 
23 1 90 364 385 174 -1 -1 -1 0 
23 2 905 332 127 70 -1 -1 -1 0 
23 3 648 339 73 64 -1 -1 -1 0 
23 6 624 341 28 24 -1 -1 -1 0 
23 7 561 636 717 78 -1 -1 -1 0 
23 8 715 310 38 48 -1 -1 -1 0 
24 1 122 364 359 165 -1 -1 -1 0 
24 2 904 332 128 70 -1 -1 -1 0 
24 3 648 339 73 64 -1 -1 -1 0 
24 6 625 341 27 24 -1 -1 -1 0 
24 7 565 636 710 78 -1 -1 -1 0 
24 8 715 310 38 48 -1 -1 -1 0 
24 19 1019 335 33 36 -1 -1 -1 0 
25 1 152 363 335 157 -1 -1 -1 0 
25 2 906 331 125 70 -1 -1 -1 0 
25 3 650 337 70 65 -1 -1 -1 0 
25 6 626 342 27 22 -1 -1 -1 0 
25 7 561 636 714 79 -1 -1 -1 0 
25 8 715 310 38 48 -1 -1 -1 0 
25 19 1019 335 37 36 -1 -1 -1 0 
26 1 178 363 316 151 -1 -1 -1 0 
26 2 904 331 127 70 -1 -1 -1 0 
26 3 649 338 72 64 -1 -1 -1 0 
26 6 628 341 26 23 -1 -1 -1 0 
26 7 555 636 724 78 -1 -1 -1 0 
26 8 715 310 37 48 -1 -1 -1 0 
26 19 1019 336 40 35 -1 -1 -1 0 
27 1 202 363 299 145 -1 -1 -1 0 
27 2 905 331 126 70 -1 -1 -1 0 
27 3 649 339 73 63 -1 -1 -1 0 
27 6 628 341 27 24 -1 -1 -1 0 
27 7 558 636 719 78 -1 -1 -1 0 
27 8 715 311 38 47 -1 -1 -1 0 
27 19 1022 337 41 34 -1 -1 -1 0 
28 1 221 362 286 140 -1 -1 -1 0 
28 2 904 332 128 70 -1 -1 -1 0 
28 3 650 339 71 63 -1 -1 -1 0 
28 6 629 341 26 24 -1 -1 -1 0 
28 7 558 636 719 78 -1 -1 -1 0 
28 8 716 311 36 48 -1 -1 -1 0 
28 19 1023 338 44 34 -1 -1 -1 0 
29 1 241 362 271 134 -1 -1 -1 0 
29 2 904 332 127 71 -1 -1 -1 0 
29 3 649 339 73 63 -1 -1 -1 0 
29 6 629 343 26 22 -1 -1 -1 0 
29 7 561 636 714 78 -1 -1 -1 0 
29 8 715 312 38 47 -1 -1 -1 0 
29 19 1026 339 44 35 -1 -1 -1 0 
30 1 258 360 259 130 -1 -1 -1 0 
30 2 904 332 127 71 -1 -1 -1 0 
30 3 650 339 70 63 -1 -1 -1 0 
30 6 630 343 25 21 -1 -1 -1 0 
30 7 568 636 708 78 -1 -1 -1 0 
30 8 714 312 39 48 -1 -1 -1 0 
30 19 1024 339 51 35 -1 -1 -1 0 
31 1 276 358 245 128 -1 -1 -1 0 
31 2 903 332 128 71 -1 -1 -1 0 
31 3 650 339 71 63 -1 -1 -1 0 
31 6 630 343 25 21 -1 -1 -1 0 
31 7 561 636 717 78 -1 -1 -1 0 
31 8 714 312 38 48 -1 -1 -1 0 
31 19 1023 338 56 36 -1 -1 -1 0 
32 1 289 357 237 123 -1 -1 -1 0 
32 2 902 332 129 71 -1 -1 -1 0 
32 3 650 339 70 63 -1 -1 -1 0 
32 6 630 341 25 23 -1 -1 -1 0 
32 7 560 636 716 78 -1 -1 -1 0 
32 8 714 312 38 48 -1 -1 -1 0 
32 10 29 322 70 24 -1 -1 -1 0 
32 19 1022 337 60 37 -1 -1 -1 0 
33 1 302 356 227 120 -1 -1 -1 0 
33 2 902 332 128 71 -1 -1 -1 0 
33 3 649 339 71 63 -1 -1 -1 0 
33 6 630 340 25 24 -1 -1 -1 0 
33 7 561 636 716 78 -1 -1 -1 0 
33 8 714 312 37 48 -1 -1 -1 0 
33 10 17 322 68 23 -1 -1 -1 0 
33 19 1021 337 64 37 -1 -1 -1 0 
34 1 318 356 212 117 -1 -1 -1 0 
34 2 902 333 127 70 -1 -1 -1 0 
34 3 650 339 69 63 -1 -1 -1 0 
34 6 630 342 24 22 -1 -1 -1 0 
34 7 564 636 710 78 -1 -1 -1 0 
34 8 714 312 37 48 -1 -1 -1 0 
34 19 1021 339 68 36 -1 -1 -1 0 
35 1 326 355 210 113 -1 -1 -1 0 
35 2 901 333 128 71 -1 -1 -1 0 
35 3 650 338 68 64 -1 -1 -1 0 
35 6 630 342 24 22 -1 -1 -1 0 
35 7 560 635 716 79 -1 -1 -1 0 
35 8 713 312 37 48 -1 -1 -1 0 
35 19 1022 339 70 37 -1 -1 -1 0 
36 1 338 356 202 110 -1 -1 -1 0 
36 2 900 334 127 71 -1 -1 -1 0 
36 3 648 340 71 63 -1 -1 -1 0 
36 6 630 341 24 23 -1 -1 -1 0 
36 7 561 635 715 79 -1 -1 -1 0 
36 8 713 312 36 49 -1 -1 -1 0 
36 19 1024 340 71 38 -1 -1 -1 0 
36 20 249 354 97 26 -1 -1 -1 0 
37 1 348 356 194 108 -1 -1 -1 0 
37 2 899 334 128 71 -1 -1 -1 0 
37 3 649 341 70 62 -1 -1 -1 0 
37 6 630 341 25 23 -1 -1 -1 0 
37 7 560 635 716 79 -1 -1 -1 0 
37 8 713 312 35 49 -1 -1 -1 0 
37 19 1022 340 79 38 -1 -1 -1 0 
37 20 180 355 119 31 -1 -1 -1 0 
38 1 356 357 189 105 -1 -1 -1 0 
38 2 899 335 125 70 -1 -1 -1 0 
38 3 649 342 69 62 -1 -1 -1 0 
38 6 630 342 24 23 -1 -1 -1 0 
38 7 557 635 720 78 -1 -1 -1 0 
38 8 712 313 36 48 -1 -1 -1 0 
38 19 1023 340 81 39 -1 -1 -1 0 
38 20 86 359 157 35 -1 -1 -1 0 
39 1 366 358 181 101 -1 -1 -1 0 
39 2 898 335 126 71 -1 -1 -1 0 
39 3 649 343 70 61 -1 -1 -1 0 
39 6 629 342 25 23 -1 -1 -1 0 
39 7 588 635 678 80 -1 -1 -1 0 
39 8 712 313 35 48 -1 -1 -1 0 
39 19 1025 341 82 39 -1 -1 -1 0 
39 20 3 363 161 38 -1 -1 -1 0 
40 1 373 357 177 100 -1 -1 -1 0 
40 2 897 336 125 70 -1 -1 -1 0 
40 3 649 344 69 60 -1 -1 -1 0 
40 6 629 341 24 24 -1 -1 -1 0 
40 7 563 635 716 80 -1 -1 -1 0 
40 8 711 314 36 47 -1 -1 -1 0 
40 19 1026 341 87 38 -1 -1 -1 0 
40 20 0 368 48 37 -1 -1 -1 0 
40 21 520 344 23 15 -1 -1 -1 0 
