3 1 519 313 100 88 -1 -1 -1 0 
3 2 17 316 100 35 -1 -1 -1 0 
4 1 522 314 98 87 -1 -1 -1 0 
4 2 0 315 100 36 -1 -1 -1 0 
4 4 560 636 717 78 -1 -1 -1 0 
4 5 672 349 27 21 -1 -1 -1 0 
5 1 524 315 98 85 -1 -1 -1 0 
5 4 568 636 705 78 -1 -1 -1 0 
5 5 672 349 28 20 -1 -1 -1 0 
6 1 527 314 95 86 -1 -1 -1 0 
6 4 567 636 708 77 -1 -1 -1 0 
6 5 672 347 28 23 -1 -1 -1 0 
7 1 529 313 95 86 -1 -1 -1 0 
7 4 562 636 711 78 -1 -1 -1 0 
7 5 672 345 28 24 -1 -1 -1 0 
8 1 531 314 93 84 -1 -1 -1 0 
8 4 562 637 713 77 -1 -1 -1 0 
8 5 673 344 27 25 -1 -1 -1 0 
9 1 533 313 92 85 -1 -1 -1 0 
9 4 570 637 701 77 -1 -1 -1 0 
9 5 671 344 31 25 -1 -1 -1 0 
10 1 534 313 92 84 -1 -1 -1 0 
10 4 564 637 713 77 -1 -1 -1 0 
10 5 672 345 29 24 -1 -1 -1 0 
11 1 537 313 90 84 -1 -1 -1 0 
11 4 558 637 718 77 -1 -1 -1 0 
11 5 672 344 29 24 -1 -1 -1 0 
12 1 538 313 90 83 -1 -1 -1 0 
12 4 570 637 698 77 -1 -1 -1 0 
13 1 540 314 89 81 -1 -1 -1 0 
13 4 569 637 704 77 -1 -1 -1 0 
14 1 542 314 88 81 -1 -1 -1 0 
14 4 570 637 704 77 -1 -1 -1 0 
15 1 544 314 87 81 -1 -1 -1 0 
15 4 567 637 708 78 -1 -1 -1 0 
15 5 674 345 28 23 -1 -1 -1 0 
16 1 545 314 87 80 -1 -1 -1 0 
16 4 565 636 711 79 -1 -1 -1 0 
16 5 675 343 26 25 -1 -1 -1 0 
17 1 547 313 85 81 -1 -1 -1 0 
17 4 565 636 710 79 -1 -1 -1 0 
17 5 674 342 28 26 -1 -1 -1 0 
18 1 549 313 83 80 -1 -1 -1 0 
18 4 560 636 716 79 -1 -1 -1 0 
18 5 674 343 29 24 -1 -1 -1 0 
19 1 550 314 83 78 -1 -1 -1 0 
19 4 559 636 718 79 -1 -1 -1 0 
19 5 675 343 28 24 -1 -1 -1 0 
20 1 551 315 83 77 -1 -1 -1 0 
20 4 569 637 706 78 -1 -1 -1 0 
20 5 675 343 28 23 -1 -1 -1 0 
21 1 552 315 82 77 -1 -1 -1 0 
21 4 557 637 722 78 -1 -1 -1 0 
21 5 675 343 27 23 -1 -1 -1 0 
22 1 554 316 81 75 -1 -1 -1 0 
22 4 554 638 724 77 -1 -1 -1 0 
22 5 675 342 28 24 -1 -1 -1 0 
23 1 555 316 81 75 -1 -1 -1 0 
23 4 569 638 704 77 -1 -1 -1 0 
23 5 675 343 28 24 -1 -1 -1 0 
24 1 557 317 79 73 -1 -1 -1 0 
24 4 567 638 709 77 -1 -1 -1 0 
24 5 675 344 29 23 -1 -1 -1 0 
25 1 558 317 80 73 -1 -1 -1 0 
25 4 567 638 708 77 -1 -1 -1 0 
25 5 676 344 27 23 -1 -1 -1 0 
26 1 559 317 79 72 -1 -1 -1 0 
26 4 574 638 701 77 -1 -1 -1 0 
26 5 675 344 28 23 -1 -1 -1 0 
27 1 560 317 77 71 -1 -1 -1 0 
27 4 567 638 710 77 -1 -1 -1 0 
27 5 675 343 28 23 -1 -1 -1 0 
28 1 561 317 77 71 -1 -1 -1 0 
28 4 576 638 697 76 -1 -1 -1 0 
28 5 675 344 28 22 -1 -1 -1 0 
29 1 562 317 76 70 -1 -1 -1 0 
29 4 565 637 711 77 -1 -1 -1 0 
29 5 675 345 28 21 -1 -1 -1 0 
30 1 563 318 75 69 -1 -1 -1 0 
30 4 564 637 712 77 -1 -1 -1 0 
30 5 675 345 28 21 -1 -1 -1 0 
31 1 563 318 75 69 -1 -1 -1 0 
31 4 572 637 703 77 -1 -1 -1 0 
31 5 675 345 28 21 -1 -1 -1 0 
32 1 564 319 74 68 -1 -1 -1 0 
32 4 563 637 714 77 -1 -1 -1 0 
32 5 675 345 26 22 -1 -1 -1 0 
33 1 565 320 73 67 -1 -1 -1 0 
33 4 569 637 705 77 -1 -1 -1 0 
33 5 674 345 28 22 -1 -1 -1 0 
34 1 566 320 72 66 -1 -1 -1 0 
34 4 575 637 698 78 -1 -1 -1 0 
34 5 674 345 27 22 -1 -1 -1 0 
35 1 567 320 70 66 -1 -1 -1 0 
35 4 566 637 711 78 -1 -1 -1 0 
35 5 674 345 27 23 -1 -1 -1 0 
36 1 567 320 71 66 -1 -1 -1 0 
36 4 560 637 717 78 -1 -1 -1 0 
36 5 674 344 26 24 -1 -1 -1 0 
37 1 568 321 69 64 -1 -1 -1 0 
37 4 561 637 716 78 -1 -1 -1 0 
37 5 672 345 29 23 -1 -1 -1 0 
38 1 569 321 68 64 -1 -1 -1 0 
38 4 562 637 714 78 -1 -1 -1 0 
38 5 672 347 29 21 -1 -1 -1 0 
38 9 568 321 68 65 -1 -1 -1 0 
39 1 569 322 68 63 -1 -1 -1 0 
39 4 575 637 698 78 -1 -1 -1 0 
39 5 672 347 29 21 -1 -1 -1 0 
39 9 569 321 67 65 -1 -1 -1 0 
40 1 570 322 67 62 -1 -1 -1 0 
40 4 567 637 708 78 -1 -1 -1 0 
40 5 672 348 29 21 -1 -1 -1 0 
40 9 569 321 68 64 -1 -1 -1 0 
