3 1 926 348 130 59 -1 -1 -1 0 
3 2 535 338 35 23 -1 -1 -1 0 
3 3 613 337 17 13 -1 -1 -1 0 
3 4 762 336 55 40 -1 -1 -1 0 
3 5 808 336 25 24 -1 -1 -1 0 
3 7 559 634 715 81 -1 -1 -1 0 
4 1 929 348 130 60 -1 -1 -1 0 
4 2 522 339 38 25 -1 -1 -1 0 
4 3 605 337 22 14 -1 -1 -1 0 
4 4 763 336 53 40 -1 -1 -1 0 
4 5 808 336 24 24 -1 -1 -1 0 
4 7 559 634 717 81 -1 -1 -1 0 
5 1 931 347 135 62 -1 -1 -1 0 
5 2 509 340 41 26 -1 -1 -1 0 
5 3 599 338 22 14 -1 -1 -1 0 
5 4 762 336 55 40 -1 -1 -1 0 
5 5 808 337 25 22 -1 -1 -1 0 
5 7 558 634 718 81 -1 -1 -1 0 
6 1 933 347 139 63 -1 -1 -1 0 
6 2 495 340 43 30 -1 -1 -1 0 
6 3 593 340 21 14 -1 -1 -1 0 
6 4 762 336 55 40 -1 -1 -1 0 
6 5 765 335 24 20 -1 -1 -1 0 
6 7 559 634 717 81 -1 -1 -1 0 
6 9 626 336 16 9 -1 -1 -1 0 
7 1 936 347 139 64 -1 -1 -1 0 
7 2 477 341 49 31 -1 -1 -1 0 
7 3 585 340 23 14 -1 -1 -1 0 
7 4 762 337 55 39 -1 -1 -1 0 
7 5 751 333 23 20 -1 -1 -1 0 
7 7 560 635 715 80 -1 -1 -1 0 
7 9 621 336 15 10 -1 -1 -1 0 
8 1 938 347 143 64 -1 -1 -1 0 
8 2 459 342 53 32 -1 -1 -1 0 
8 3 578 341 24 14 -1 -1 -1 0 
8 4 763 337 53 39 -1 -1 -1 0 
8 5 745 333 25 20 -1 -1 -1 0 
8 7 560 635 716 80 -1 -1 -1 0 
8 9 616 336 17 11 -1 -1 -1 0 
8 10 808 335 25 24 -1 -1 -1 0 
9 1 940 347 147 66 -1 -1 -1 0 
9 2 439 343 58 35 -1 -1 -1 0 
9 3 570 342 25 14 -1 -1 -1 0 
9 4 763 337 53 38 -1 -1 -1 0 
9 5 745 332 23 20 -1 -1 -1 0 
9 7 559 635 719 79 -1 -1 -1 0 
9 9 611 337 18 10 -1 -1 -1 0 
9 10 807 335 26 24 -1 -1 -1 0 
10 1 942 347 151 67 -1 -1 -1 0 
10 2 414 344 65 38 -1 -1 -1 0 
10 3 562 342 26 15 -1 -1 -1 0 
10 4 763 336 53 39 -1 -1 -1 0 
10 5 744 333 24 19 -1 -1 -1 0 
10 7 565 635 708 79 -1 -1 -1 0 
10 9 605 337 20 11 -1 -1 -1 0 
10 10 807 335 26 24 -1 -1 -1 0 
11 1 946 347 151 67 -1 -1 -1 0 
11 2 384 345 76 41 -1 -1 -1 0 
11 3 553 341 28 18 -1 -1 -1 0 
11 4 762 337 55 38 -1 -1 -1 0 
11 5 744 332 25 20 -1 -1 -1 0 
11 7 562 635 712 79 -1 -1 -1 0 
11 9 600 337 19 12 -1 -1 -1 0 
11 10 807 334 26 24 -1 -1 -1 0 
12 1 949 347 154 68 -1 -1 -1 0 
12 2 350 346 84 44 -1 -1 -1 0 
12 3 542 342 31 19 -1 -1 -1 0 
12 4 763 337 52 38 -1 -1 -1 0 
12 5 744 331 25 21 -1 -1 -1 0 
12 7 562 635 712 79 -1 -1 -1 0 
12 9 594 337 20 12 -1 -1 -1 0 
12 10 808 333 25 25 -1 -1 -1 0 
13 1 951 347 160 69 -1 -1 -1 0 
13 2 305 347 99 49 -1 -1 -1 0 
13 3 530 342 34 20 -1 -1 -1 0 
13 4 762 335 53 40 -1 -1 -1 0 
13 5 745 332 23 20 -1 -1 -1 0 
13 7 558 635 718 79 -1 -1 -1 0 
13 9 588 337 21 13 -1 -1 -1 0 
13 10 807 332 26 26 -1 -1 -1 0 
14 1 953 347 165 70 -1 -1 -1 0 
14 2 250 348 118 56 -1 -1 -1 0 
14 3 518 343 35 21 -1 -1 -1 0 
14 4 762 335 53 40 -1 -1 -1 0 
14 5 744 333 24 18 -1 -1 -1 0 
14 7 557 635 721 79 -1 -1 -1 0 
14 9 581 337 23 13 -1 -1 -1 0 
14 10 807 331 27 27 -1 -1 -1 0 
15 1 957 347 164 72 -1 -1 -1 0 
15 2 173 350 150 64 -1 -1 -1 0 
15 3 505 343 37 23 -1 -1 -1 0 
15 4 761 335 55 39 -1 -1 -1 0 
15 5 745 333 22 18 -1 -1 -1 0 
15 7 561 634 713 80 -1 -1 -1 0 
15 9 576 338 20 13 -1 -1 -1 0 
15 10 806 333 28 26 -1 -1 -1 0 
16 1 959 349 169 72 -1 -1 -1 0 
16 2 63 351 197 77 -1 -1 -1 0 
16 3 490 344 41 24 -1 -1 -1 0 
16 4 762 335 52 40 -1 -1 -1 0 
16 5 745 332 22 20 -1 -1 -1 0 
16 7 561 635 715 79 -1 -1 -1 0 
16 9 568 338 23 14 -1 -1 -1 0 
16 10 806 333 27 26 -1 -1 -1 0 
17 1 962 349 171 73 -1 -1 -1 0 
17 2 11 354 155 93 -1 -1 -1 0 
17 3 472 345 46 26 -1 -1 -1 0 
17 4 761 335 53 40 -1 -1 -1 0 
17 5 744 332 24 20 -1 -1 -1 0 
17 7 562 634 712 80 -1 -1 -1 0 
17 9 561 339 23 14 -1 -1 -1 0 
17 10 807 333 26 26 -1 -1 -1 0 
18 1 964 349 177 74 -1 -1 -1 0 
18 2 0 356 117 97 -1 -1 -1 0 
18 3 454 346 47 28 -1 -1 -1 0 
18 4 760 335 54 40 -1 -1 -1 0 
18 5 744 332 24 20 -1 -1 -1 0 
18 7 558 634 720 80 -1 -1 -1 0 
18 9 552 339 26 15 -1 -1 -1 0 
18 10 806 333 28 27 -1 -1 -1 0 
19 1 968 350 179 75 -1 -1 -1 0 
19 3 430 348 55 29 -1 -1 -1 0 
19 4 761 335 52 41 -1 -1 -1 0 
19 5 744 334 24 20 -1 -1 -1 0 
19 7 560 635 715 79 -1 -1 -1 0 
19 9 544 341 27 14 -1 -1 -1 0 
19 10 806 334 29 26 -1 -1 -1 0 
20 1 971 350 182 78 -1 -1 -1 0 
20 3 404 350 60 31 -1 -1 -1 0 
20 4 760 336 54 40 -1 -1 -1 0 
20 5 744 334 24 20 -1 -1 -1 0 
20 7 560 635 716 79 -1 -1 -1 0 
20 9 536 341 26 16 -1 -1 -1 0 
20 10 806 335 29 26 -1 -1 -1 0 
21 1 973 351 189 78 -1 -1 -1 0 
21 3 372 351 68 35 -1 -1 -1 0 
21 4 760 336 53 40 -1 -1 -1 0 
21 5 744 334 23 20 -1 -1 -1 0 
21 7 561 635 712 79 -1 -1 -1 0 
21 9 526 342 28 16 -1 -1 -1 0 
21 10 807 335 28 26 -1 -1 -1 0 
22 1 976 351 194 79 -1 -1 -1 0 
22 3 333 352 80 40 -1 -1 -1 0 
22 4 760 336 52 41 -1 -1 -1 0 
22 5 743 335 24 20 -1 -1 -1 0 
22 7 558 635 718 79 -1 -1 -1 0 
22 9 516 343 30 17 -1 -1 -1 0 
22 10 807 336 28 26 -1 -1 -1 0 
23 1 979 352 198 80 -1 -1 -1 0 
23 3 284 356 95 44 -1 -1 -1 0 
23 4 760 337 52 40 -1 -1 -1 0 
23 5 743 335 25 20 -1 -1 -1 0 
23 7 561 635 714 80 -1 -1 -1 0 
23 9 503 344 33 17 -1 -1 -1 0 
23 10 807 336 28 26 -1 -1 -1 0 
24 1 983 351 202 82 -1 -1 -1 0 
24 3 220 358 117 51 -1 -1 -1 0 
24 4 760 337 52 40 -1 -1 -1 0 
24 5 743 336 25 20 -1 -1 -1 0 
24 7 563 635 711 80 -1 -1 -1 0 
24 9 492 345 34 18 -1 -1 -1 0 
24 10 807 336 28 26 -1 -1 -1 0 
25 1 987 351 208 84 -1 -1 -1 0 
25 3 130 361 151 60 -1 -1 -1 0 
25 4 759 338 53 39 -1 -1 -1 0 
25 5 743 335 25 21 -1 -1 -1 0 
25 7 560 635 715 80 -1 -1 -1 0 
25 9 478 345 37 19 -1 -1 -1 0 
25 10 807 336 28 26 -1 -1 -1 0 
26 1 990 351 216 85 -1 -1 -1 0 
26 3 22 366 178 72 -1 -1 -1 0 
26 4 760 337 50 40 -1 -1 -1 0 
26 5 743 335 24 21 -1 -1 -1 0 
26 7 565 635 710 80 -1 -1 -1 0 
26 9 465 346 37 20 -1 -1 -1 0 
26 10 807 336 27 26 -1 -1 -1 0 
27 1 995 351 218 86 -1 -1 -1 0 
27 3 0 374 83 74 -1 -1 -1 0 
27 4 760 337 50 40 -1 -1 -1 0 
27 5 743 335 24 21 -1 -1 -1 0 
27 7 562 635 715 80 -1 -1 -1 0 
27 9 449 346 40 22 -1 -1 -1 0 
27 10 807 336 27 26 -1 -1 -1 0 
28 1 996 351 229 87 -1 -1 -1 0 
28 3 0 377 27 77 -1 -1 -1 0 
28 4 759 335 52 40 -1 -1 -1 0 
28 5 743 335 23 22 -1 -1 -1 0 
28 7 562 634 713 81 -1 -1 -1 0 
28 9 431 345 44 25 -1 -1 -1 0 
28 10 807 336 28 26 -1 -1 -1 0 
29 1 1002 351 233 89 -1 -1 -1 0 
29 4 759 335 51 41 -1 -1 -1 0 
29 5 743 335 23 22 -1 -1 -1 0 
29 7 560 635 718 80 -1 -1 -1 0 
29 9 411 348 50 25 -1 -1 -1 0 
29 10 807 337 28 25 -1 -1 -1 0 
30 1 1005 350 241 91 -1 -1 -1 0 
30 4 758 335 53 39 -1 -1 -1 0 
30 5 743 335 23 21 -1 -1 -1 0 
30 7 561 635 714 80 -1 -1 -1 0 
30 9 389 348 53 26 -1 -1 -1 0 
30 10 808 335 28 27 -1 -1 -1 0 
31 1 1010 350 248 93 -1 -1 -1 0 
31 4 759 335 52 40 -1 -1 -1 0 
31 5 743 335 23 21 -1 -1 -1 0 
31 7 559 635 719 80 -1 -1 -1 0 
31 9 364 350 58 28 -1 -1 -1 0 
31 10 807 336 30 26 -1 -1 -1 0 
32 1 1014 350 256 95 -1 -1 -1 0 
32 4 759 335 52 40 -1 -1 -1 0 
32 5 744 335 23 22 -1 -1 -1 0 
32 7 562 635 714 80 -1 -1 -1 0 
32 9 334 352 65 29 -1 -1 -1 0 
32 10 807 336 30 26 -1 -1 -1 0 
33 1 1020 351 258 97 -1 -1 -1 0 
33 4 760 336 51 40 -1 -1 -1 0 
33 5 743 337 25 21 -1 -1 -1 0 
33 7 562 635 713 80 -1 -1 -1 0 
33 9 299 354 74 32 -1 -1 -1 0 
33 10 807 337 31 26 -1 -1 -1 0 
34 1 1027 351 252 98 -1 -1 -1 0 
34 4 759 336 52 40 -1 -1 -1 0 
34 5 744 338 23 20 -1 -1 -1 0 
34 7 557 636 721 78 -1 -1 -1 0 
34 9 257 357 85 33 -1 -1 -1 0 
34 10 807 337 31 26 -1 -1 -1 0 
35 1 1033 352 246 100 -1 -1 -1 0 
35 4 759 337 52 39 -1 -1 -1 0 
35 5 744 338 23 21 -1 -1 -1 0 
35 7 562 636 713 78 -1 -1 -1 0 
35 9 205 360 100 37 -1 -1 -1 0 
35 10 807 339 32 25 -1 -1 -1 0 
36 1 1039 352 240 102 -1 -1 -1 0 
36 4 759 337 51 39 -1 -1 -1 0 
36 5 744 339 24 21 -1 -1 -1 0 
36 7 560 636 715 78 -1 -1 -1 0 
36 9 139 363 119 43 -1 -1 -1 0 
36 10 808 339 30 26 -1 -1 -1 0 
37 1 1042 353 237 101 -1 -1 -1 0 
37 4 760 338 50 39 -1 -1 -1 0 
37 5 744 340 23 20 -1 -1 -1 0 
37 7 558 635 718 79 -1 -1 -1 0 
37 9 44 367 155 49 -1 -1 -1 0 
37 10 807 340 32 25 -1 -1 -1 0 
38 1 1047 353 232 102 -1 -1 -1 0 
38 4 759 338 52 39 -1 -1 -1 0 
38 5 744 340 21 20 -1 -1 -1 0 
38 7 561 635 713 79 -1 -1 -1 0 
38 9 4 371 112 56 -1 -1 -1 0 
38 10 808 341 31 24 -1 -1 -1 0 
39 1 1051 353 228 102 -1 -1 -1 0 
39 4 759 338 52 39 -1 -1 -1 0 
39 5 744 340 22 20 -1 -1 -1 0 
39 7 559 635 716 79 -1 -1 -1 0 
39 9 0 374 72 57 -1 -1 -1 0 
39 10 808 341 31 25 -1 -1 -1 0 
40 1 1058 352 221 105 -1 -1 -1 0 
40 4 760 338 50 39 -1 -1 -1 0 
40 5 745 338 22 21 -1 -1 -1 0 
40 7 562 634 714 80 -1 -1 -1 0 
40 10 808 341 32 25 -1 -1 -1 0 
