3 1 1 352 400 359 -1 -1 -1 0 
3 2 610 337 30 34 -1 -1 -1 0 
3 3 675 348 32 23 -1 -1 -1 0 
4 1 1 351 407 359 -1 -1 -1 0 
4 2 610 337 31 33 -1 -1 -1 0 
4 3 675 347 33 24 -1 -1 -1 0 
4 4 229 333 67 39 -1 -1 -1 0 
5 1 1 352 414 361 -1 -1 -1 0 
5 2 611 336 29 33 -1 -1 -1 0 
5 3 675 347 32 24 -1 -1 -1 0 
5 4 209 333 70 38 -1 -1 -1 0 
5 5 559 634 716 81 -1 -1 -1 0 
6 1 1 351 420 362 -1 -1 -1 0 
6 2 610 336 31 34 -1 -1 -1 0 
6 3 674 347 34 24 -1 -1 -1 0 
6 4 187 333 76 31 -1 -1 -1 0 
6 5 557 634 721 81 -1 -1 -1 0 
7 1 1 351 427 362 -1 -1 -1 0 
7 2 611 336 31 34 -1 -1 -1 0 
7 3 675 347 32 24 -1 -1 -1 0 
7 4 175 333 72 29 -1 -1 -1 0 
7 5 557 634 720 81 -1 -1 -1 0 
8 1 2 349 431 363 -1 -1 -1 0 
8 2 610 336 32 34 -1 -1 -1 0 
8 3 674 347 34 24 -1 -1 -1 0 
8 5 555 634 721 81 -1 -1 -1 0 
9 1 2 348 436 364 -1 -1 -1 0 
9 2 611 336 30 33 -1 -1 -1 0 
9 3 674 347 34 24 -1 -1 -1 0 
9 5 554 635 722 80 -1 -1 -1 0 
10 1 1 347 442 365 -1 -1 -1 0 
10 2 611 336 30 33 -1 -1 -1 0 
10 3 675 347 32 24 -1 -1 -1 0 
10 5 558 635 716 80 -1 -1 -1 0 
11 1 1 347 447 366 -1 -1 -1 0 
11 2 611 336 30 33 -1 -1 -1 0 
11 3 674 347 33 24 -1 -1 -1 0 
11 5 557 635 720 80 -1 -1 -1 0 
12 1 1 346 451 367 -1 -1 -1 0 
12 2 611 336 30 33 -1 -1 -1 0 
12 3 675 347 32 24 -1 -1 -1 0 
12 5 556 635 722 80 -1 -1 -1 0 
13 1 1 346 454 367 -1 -1 -1 0 
13 2 611 336 30 33 -1 -1 -1 0 
13 3 674 348 33 23 -1 -1 -1 0 
13 5 558 635 716 80 -1 -1 -1 0 
14 1 0 345 460 367 -1 -1 -1 0 
14 2 611 336 30 33 -1 -1 -1 0 
14 3 675 348 31 23 -1 -1 -1 0 
14 5 559 636 715 78 -1 -1 -1 0 
15 1 0 345 464 366 -1 -1 -1 0 
15 2 611 336 30 33 -1 -1 -1 0 
15 3 675 347 31 24 -1 -1 -1 0 
15 5 558 636 717 78 -1 -1 -1 0 
16 1 0 345 468 362 -1 -1 -1 0 
16 2 611 337 30 32 -1 -1 -1 0 
16 3 675 346 31 25 -1 -1 -1 0 
16 5 558 636 718 78 -1 -1 -1 0 
17 1 0 345 472 358 -1 -1 -1 0 
17 2 612 337 28 32 -1 -1 -1 0 
17 3 674 346 32 25 -1 -1 -1 0 
17 5 557 636 718 78 -1 -1 -1 0 
18 1 0 346 480 342 -1 -1 -1 0 
18 2 612 336 29 33 -1 -1 -1 0 
18 3 674 345 33 25 -1 -1 -1 0 
18 5 560 636 715 78 -1 -1 -1 0 
19 1 0 346 482 327 -1 -1 -1 0 
19 2 612 336 28 33 -1 -1 -1 0 
19 3 673 345 34 25 -1 -1 -1 0 
19 5 559 636 715 79 -1 -1 -1 0 
20 1 0 346 485 311 -1 -1 -1 0 
20 2 611 336 30 33 -1 -1 -1 0 
20 3 673 346 33 24 -1 -1 -1 0 
20 5 559 636 715 79 -1 -1 -1 0 
21 1 0 346 486 299 -1 -1 -1 0 
21 2 611 336 30 33 -1 -1 -1 0 
21 3 674 346 31 24 -1 -1 -1 0 
21 5 563 636 710 79 -1 -1 -1 0 
22 1 0 347 489 287 -1 -1 -1 0 
22 2 611 336 30 33 -1 -1 -1 0 
22 3 673 346 33 24 -1 -1 -1 0 
22 5 555 635 722 80 -1 -1 -1 0 
23 1 1 346 488 279 -1 -1 -1 0 
23 2 610 337 31 32 -1 -1 -1 0 
23 3 674 346 31 24 -1 -1 -1 0 
23 5 559 635 716 80 -1 -1 -1 0 
24 1 0 346 491 270 -1 -1 -1 0 
24 2 610 337 31 32 -1 -1 -1 0 
24 3 673 346 33 24 -1 -1 -1 0 
24 5 559 635 717 80 -1 -1 -1 0 
25 1 1 346 491 263 -1 -1 -1 0 
25 2 611 338 29 30 -1 -1 -1 0 
25 3 674 346 30 25 -1 -1 -1 0 
25 5 555 635 724 80 -1 -1 -1 0 
26 1 1 346 494 256 -1 -1 -1 0 
26 2 612 337 27 31 -1 -1 -1 0 
26 3 674 346 30 25 -1 -1 -1 0 
26 5 558 635 719 80 -1 -1 -1 0 
27 1 11 346 484 249 -1 -1 -1 0 
27 2 611 337 29 31 -1 -1 -1 0 
27 3 673 346 32 25 -1 -1 -1 0 
27 5 560 635 714 80 -1 -1 -1 0 
28 1 28 346 466 244 -1 -1 -1 0 
28 2 611 336 28 32 -1 -1 -1 0 
28 3 674 346 30 25 -1 -1 -1 0 
28 5 558 635 718 79 -1 -1 -1 0 
29 1 47 346 449 237 -1 -1 -1 0 
29 2 611 336 28 33 -1 -1 -1 0 
29 3 673 347 32 24 -1 -1 -1 0 
29 5 559 635 716 79 -1 -1 -1 0 
30 1 65 346 434 232 -1 -1 -1 0 
30 2 610 336 30 33 -1 -1 -1 0 
30 3 673 347 32 23 -1 -1 -1 0 
30 5 558 635 719 79 -1 -1 -1 0 
31 1 82 346 420 227 -1 -1 -1 0 
31 2 611 336 29 33 -1 -1 -1 0 
31 3 673 348 32 22 -1 -1 -1 0 
31 5 560 635 714 80 -1 -1 -1 0 
32 1 97 347 408 221 -1 -1 -1 0 
32 2 611 337 30 32 -1 -1 -1 0 
32 3 674 348 30 23 -1 -1 -1 0 
32 5 557 635 718 80 -1 -1 -1 0 
33 1 112 347 394 217 -1 -1 -1 0 
33 2 611 338 30 30 -1 -1 -1 0 
33 3 673 349 32 22 -1 -1 -1 0 
33 5 561 635 712 80 -1 -1 -1 0 
34 1 124 347 386 211 -1 -1 -1 0 
34 2 612 338 28 30 -1 -1 -1 0 
34 3 674 348 30 23 -1 -1 -1 0 
34 5 557 635 718 81 -1 -1 -1 0 
35 1 137 346 375 208 -1 -1 -1 0 
35 2 612 338 28 30 -1 -1 -1 0 
35 3 674 347 30 24 -1 -1 -1 0 
35 5 556 635 721 81 -1 -1 -1 0 
36 1 151 345 361 205 -1 -1 -1 0 
36 2 612 338 28 30 -1 -1 -1 0 
36 3 674 346 30 24 -1 -1 -1 0 
36 5 559 635 715 81 -1 -1 -1 0 
37 1 162 345 353 202 -1 -1 -1 0 
37 2 611 338 30 30 -1 -1 -1 0 
37 3 673 346 32 24 -1 -1 -1 0 
37 5 558 635 716 81 -1 -1 -1 0 
38 1 173 344 344 200 -1 -1 -1 0 
38 2 612 338 29 30 -1 -1 -1 0 
38 3 673 346 32 24 -1 -1 -1 0 
38 5 555 635 722 80 -1 -1 -1 0 
38 8 612 339 28 29 -1 -1 -1 0 
39 1 181 345 339 194 -1 -1 -1 0 
39 2 613 337 28 31 -1 -1 -1 0 
39 3 673 346 32 24 -1 -1 -1 0 
39 5 558 635 718 80 -1 -1 -1 0 
39 8 613 338 28 29 -1 -1 -1 0 
40 1 192 345 330 190 -1 -1 -1 0 
40 2 613 337 28 30 -1 -1 -1 0 
40 3 673 346 32 24 -1 -1 -1 0 
40 5 559 636 718 78 -1 -1 -1 0 
40 8 613 337 28 30 -1 -1 -1 0 
