3 1 1034 349 244 104 -1 -1 -1 0 
3 2 309 355 61 34 -1 -1 -1 0 
3 3 882 338 63 40 -1 -1 -1 0 
3 4 800 347 43 27 -1 -1 -1 0 
4 1 1040 349 238 105 -1 -1 -1 0 
4 2 279 356 69 35 -1 -1 -1 0 
4 3 883 337 63 41 -1 -1 -1 0 
4 4 799 347 44 27 -1 -1 -1 0 
5 1 1045 348 234 106 -1 -1 -1 0 
5 2 247 356 74 39 -1 -1 -1 0 
5 3 883 337 65 40 -1 -1 -1 0 
5 4 799 346 44 27 -1 -1 -1 0 
6 1 1049 348 230 107 -1 -1 -1 0 
6 2 206 358 87 41 -1 -1 -1 0 
6 3 884 336 65 41 -1 -1 -1 0 
6 4 799 346 44 27 -1 -1 -1 0 
7 1 1054 347 225 109 -1 -1 -1 0 
7 2 160 359 98 45 -1 -1 -1 0 
7 3 885 335 66 42 -1 -1 -1 0 
7 4 801 345 42 27 -1 -1 -1 0 
8 1 1060 347 219 112 -1 -1 -1 0 
8 2 98 361 118 50 -1 -1 -1 0 
8 3 885 335 67 42 -1 -1 -1 0 
8 4 800 344 44 28 -1 -1 -1 0 
9 1 1065 347 214 113 -1 -1 -1 0 
9 2 15 364 148 55 -1 -1 -1 0 
9 3 886 335 66 42 -1 -1 -1 0 
9 4 800 344 44 28 -1 -1 -1 0 
9 7 505 350 21 13 -1 -1 -1 0 
10 1 1072 348 206 115 -1 -1 -1 0 
10 2 0 365 96 59 -1 -1 -1 0 
10 3 887 334 67 43 -1 -1 -1 0 
10 4 799 344 45 28 -1 -1 -1 0 
10 7 499 350 20 14 -1 -1 -1 0 
11 1 1076 349 202 116 -1 -1 -1 0 
11 2 0 367 55 61 -1 -1 -1 0 
11 3 888 334 67 44 -1 -1 -1 0 
11 4 799 345 45 28 -1 -1 -1 0 
11 7 491 351 23 14 -1 -1 -1 0 
12 1 1084 349 194 118 -1 -1 -1 0 
12 3 888 334 70 44 -1 -1 -1 0 
12 4 798 345 46 28 -1 -1 -1 0 
12 7 483 352 24 14 -1 -1 -1 0 
12 8 838 344 23 14 -1 -1 -1 0 
13 1 1089 349 190 121 -1 -1 -1 0 
13 3 888 336 71 42 -1 -1 -1 0 
13 4 797 344 48 29 -1 -1 -1 0 
13 7 475 353 25 14 -1 -1 -1 0 
13 8 839 344 21 14 -1 -1 -1 0 
14 1 1096 350 182 122 -1 -1 -1 0 
14 3 889 336 71 42 -1 -1 -1 0 
14 4 798 344 46 28 -1 -1 -1 0 
14 7 467 353 26 14 -1 -1 -1 0 
14 8 839 345 20 13 -1 -1 -1 0 
15 1 1104 350 174 126 -1 -1 -1 0 
15 3 890 335 70 44 -1 -1 -1 0 
15 4 797 344 47 29 -1 -1 -1 0 
15 7 458 353 27 16 -1 -1 -1 0 
16 1 1109 351 170 125 -1 -1 -1 0 
16 3 890 335 72 44 -1 -1 -1 0 
16 4 798 344 46 29 -1 -1 -1 0 
16 7 447 354 30 16 -1 -1 -1 0 
16 8 839 345 21 14 -1 -1 -1 0 
17 1 1113 351 166 118 -1 -1 -1 0 
17 3 891 335 72 45 -1 -1 -1 0 
17 4 798 344 46 29 -1 -1 -1 0 
17 7 435 354 34 17 -1 -1 -1 0 
17 8 839 345 22 14 -1 -1 -1 0 
18 1 1121 352 158 112 -1 -1 -1 0 
18 3 892 335 73 44 -1 -1 -1 0 
18 4 798 344 47 30 -1 -1 -1 0 
18 7 424 355 33 18 -1 -1 -1 0 
18 8 839 344 22 15 -1 -1 -1 0 
19 1 1129 352 150 110 -1 -1 -1 0 
19 3 892 335 73 44 -1 -1 -1 0 
19 4 798 344 46 30 -1 -1 -1 0 
19 7 409 355 37 21 -1 -1 -1 0 
19 8 839 344 22 15 -1 -1 -1 0 
20 1 1137 353 142 108 -1 -1 -1 0 
20 3 892 335 74 45 -1 -1 -1 0 
20 4 797 345 48 29 -1 -1 -1 0 
20 7 393 357 41 20 -1 -1 -1 0 
20 8 839 344 23 15 -1 -1 -1 0 
21 1 1144 354 135 105 -1 -1 -1 0 
21 3 892 336 77 44 -1 -1 -1 0 
21 4 798 345 47 29 -1 -1 -1 0 
21 7 377 358 43 21 -1 -1 -1 0 
21 8 840 345 22 14 -1 -1 -1 0 
22 1 1152 355 127 103 -1 -1 -1 0 
22 3 894 336 74 44 -1 -1 -1 0 
22 4 798 345 47 28 -1 -1 -1 0 
22 7 357 359 48 23 -1 -1 -1 0 
22 8 840 345 22 14 -1 -1 -1 0 
23 1 1160 358 118 101 -1 -1 -1 0 
23 3 894 335 75 45 -1 -1 -1 0 
23 4 798 345 47 28 -1 -1 -1 0 
23 7 336 360 52 25 -1 -1 -1 0 
23 8 841 344 21 15 -1 -1 -1 0 
24 1 1168 361 111 98 -1 -1 -1 0 
24 3 895 335 75 45 -1 -1 -1 0 
24 4 799 345 46 28 -1 -1 -1 0 
24 7 311 362 57 26 -1 -1 -1 0 
24 8 840 344 24 15 -1 -1 -1 0 
25 1 1177 366 101 94 -1 -1 -1 0 
25 3 895 334 77 46 -1 -1 -1 0 
25 4 800 344 46 29 -1 -1 -1 0 
25 7 281 363 65 29 -1 -1 -1 0 
25 8 841 344 22 15 -1 -1 -1 0 
26 1 1185 371 94 91 -1 -1 -1 0 
26 3 896 334 76 46 -1 -1 -1 0 
26 4 800 344 46 29 -1 -1 -1 0 
26 7 248 365 72 30 -1 -1 -1 0 
26 8 840 344 24 15 -1 -1 -1 0 
27 1 1194 378 85 85 -1 -1 -1 0 
27 3 897 334 76 46 -1 -1 -1 0 
27 4 799 344 48 30 -1 -1 -1 0 
27 7 209 366 81 34 -1 -1 -1 0 
27 8 841 344 24 15 -1 -1 -1 0 
27 14 777 344 21 14 -1 -1 -1 0 
28 1 1204 384 75 81 -1 -1 -1 0 
28 3 896 334 79 47 -1 -1 -1 0 
28 4 799 345 48 29 -1 -1 -1 0 
28 7 159 370 95 36 -1 -1 -1 0 
28 8 841 343 24 16 -1 -1 -1 0 
28 14 776 344 23 15 -1 -1 -1 0 
28 15 573 636 702 77 -1 -1 -1 0 
29 1 1214 387 65 79 -1 -1 -1 0 
29 3 896 334 80 47 -1 -1 -1 0 
29 4 800 345 47 29 -1 -1 -1 0 
29 7 94 371 115 42 -1 -1 -1 0 
29 8 841 343 25 17 -1 -1 -1 0 
29 14 777 343 24 15 -1 -1 -1 0 
29 15 578 636 694 77 -1 -1 -1 0 
30 1 1223 391 56 77 -1 -1 -1 0 
30 3 897 333 79 48 -1 -1 -1 0 
30 4 800 345 46 29 -1 -1 -1 0 
30 7 11 375 140 46 -1 -1 -1 0 
30 8 841 342 26 18 -1 -1 -1 0 
30 14 778 343 23 15 -1 -1 -1 0 
31 1 1234 392 45 78 -1 -1 -1 0 
31 3 897 333 80 49 -1 -1 -1 0 
31 4 800 345 47 29 -1 -1 -1 0 
31 7 0 378 77 49 -1 -1 -1 0 
31 8 841 342 26 17 -1 -1 -1 0 
32 1 1242 396 37 75 -1 -1 -1 0 
32 3 896 333 83 49 -1 -1 -1 0 
32 4 801 344 46 30 -1 -1 -1 0 
32 7 0 380 37 50 -1 -1 -1 0 
32 8 842 342 25 17 -1 -1 -1 0 
32 15 567 635 709 79 -1 -1 -1 0 
33 1 1252 400 27 69 -1 -1 -1 0 
33 3 897 333 83 49 -1 -1 -1 0 
33 4 801 344 46 30 -1 -1 -1 0 
33 8 842 342 26 17 -1 -1 -1 0 
33 14 582 346 23 14 -1 -1 -1 0 
33 15 571 635 702 79 -1 -1 -1 0 
34 1 1259 403 20 67 -1 -1 -1 0 
34 3 899 333 80 49 -1 -1 -1 0 
34 4 800 344 48 30 -1 -1 -1 0 
34 8 843 342 25 17 -1 -1 -1 0 
34 14 537 347 25 14 -1 -1 -1 0 
34 15 571 635 702 79 -1 -1 -1 0 
35 3 899 334 81 48 -1 -1 -1 0 
35 4 799 344 50 30 -1 -1 -1 0 
35 8 843 342 25 17 -1 -1 -1 0 
35 14 523 347 27 15 -1 -1 -1 0 
36 3 899 334 81 48 -1 -1 -1 0 
36 4 801 344 47 30 -1 -1 -1 0 
36 8 844 342 25 17 -1 -1 -1 0 
36 14 517 347 28 16 -1 -1 -1 0 
36 15 563 635 714 79 -1 -1 -1 0 
36 18 898 334 82 49 -1 -1 -1 0 
36 19 559 347 26 15 -1 -1 -1 0 
37 3 898 334 84 49 -1 -1 -1 0 
37 4 800 344 48 30 -1 -1 -1 0 
37 8 843 342 26 17 -1 -1 -1 0 
37 14 511 347 32 17 -1 -1 -1 0 
37 15 561 635 717 79 -1 -1 -1 0 
37 18 898 334 84 49 -1 -1 -1 0 
37 19 557 347 25 16 -1 -1 -1 0 
38 3 898 334 86 49 -1 -1 -1 0 
38 4 800 343 49 31 -1 -1 -1 0 
38 8 844 342 25 18 -1 -1 -1 0 
38 14 508 348 30 16 -1 -1 -1 0 
38 15 571 635 704 79 -1 -1 -1 0 
38 18 898 334 86 50 -1 -1 -1 0 
38 19 552 347 25 17 -1 -1 -1 0 
39 3 898 334 86 50 -1 -1 -1 0 
39 4 800 343 49 32 -1 -1 -1 0 
39 8 844 342 26 18 -1 -1 -1 0 
39 14 503 348 32 18 -1 -1 -1 0 
39 15 572 635 703 79 -1 -1 -1 0 
39 18 899 334 85 50 -1 -1 -1 0 
39 19 547 347 25 18 -1 -1 -1 0 
40 3 899 335 86 49 -1 -1 -1 0 
40 4 800 343 49 32 -1 -1 -1 0 
40 8 845 342 25 18 -1 -1 -1 0 
40 14 500 348 30 19 -1 -1 -1 0 
40 18 899 334 85 51 -1 -1 -1 0 
40 19 541 347 26 19 -1 -1 -1 0 
