3 1 533 341 79 60 -1 -1 -1 0 
3 2 679 337 21 16 -1 -1 -1 0 
3 3 644 336 22 17 -1 -1 -1 0 
4 1 534 341 77 60 -1 -1 -1 0 
4 2 680 337 19 16 -1 -1 -1 0 
4 3 644 336 21 18 -1 -1 -1 0 
5 1 535 342 77 59 -1 -1 -1 0 
5 2 679 338 20 15 -1 -1 -1 0 
5 3 643 337 21 17 -1 -1 -1 0 
6 1 535 342 77 59 -1 -1 -1 0 
6 2 679 337 19 16 -1 -1 -1 0 
6 3 643 338 21 16 -1 -1 -1 0 
7 1 535 342 77 59 -1 -1 -1 0 
7 2 678 337 19 16 -1 -1 -1 0 
7 3 643 338 19 16 -1 -1 -1 0 
8 1 535 342 77 58 -1 -1 -1 0 
8 2 677 336 21 17 -1 -1 -1 0 
8 3 642 338 21 16 -1 -1 -1 0 
9 1 536 342 76 58 -1 -1 -1 0 
9 2 678 336 18 17 -1 -1 -1 0 
9 3 642 338 20 16 -1 -1 -1 0 
10 1 536 342 75 57 -1 -1 -1 0 
10 2 678 336 18 17 -1 -1 -1 0 
10 3 642 338 20 16 -1 -1 -1 0 
11 1 537 342 74 57 -1 -1 -1 0 
11 2 677 336 18 18 -1 -1 -1 0 
11 3 641 338 21 16 -1 -1 -1 0 
12 1 536 342 76 57 -1 -1 -1 0 
12 2 677 336 18 18 -1 -1 -1 0 
12 3 642 338 20 16 -1 -1 -1 0 
13 1 536 342 75 57 -1 -1 -1 0 
13 2 652 337 22 17 -1 -1 -1 0 
13 3 665 337 18 17 -1 -1 -1 0 
14 1 536 342 75 57 -1 -1 -1 0 
14 2 644 337 22 17 -1 -1 -1 0 
14 3 673 337 18 18 -1 -1 -1 0 
15 1 536 342 75 57 -1 -1 -1 0 
15 2 641 337 21 17 -1 -1 -1 0 
15 3 676 337 19 18 -1 -1 -1 0 
16 1 537 342 72 57 -1 -1 -1 0 
16 2 640 337 22 17 -1 -1 -1 0 
16 3 677 336 19 18 -1 -1 -1 0 
17 1 537 342 73 56 -1 -1 -1 0 
17 2 640 337 22 17 -1 -1 -1 0 
17 3 677 336 19 18 -1 -1 -1 0 
18 1 538 342 72 56 -1 -1 -1 0 
18 2 639 337 22 17 -1 -1 -1 0 
18 3 677 337 18 17 -1 -1 -1 0 
19 1 537 343 73 55 -1 -1 -1 0 
19 2 639 337 22 17 -1 -1 -1 0 
19 3 677 338 18 17 -1 -1 -1 0 
20 1 538 343 72 55 -1 -1 -1 0 
20 2 640 338 21 16 -1 -1 -1 0 
20 3 677 338 18 17 -1 -1 -1 0 
21 1 539 343 71 55 -1 -1 -1 0 
21 2 640 338 22 17 -1 -1 -1 0 
21 3 677 339 17 16 -1 -1 -1 0 
22 1 539 343 70 54 -1 -1 -1 0 
22 2 640 338 22 17 -1 -1 -1 0 
22 3 676 339 18 17 -1 -1 -1 0 
23 1 539 343 70 55 -1 -1 -1 0 
23 2 640 338 22 17 -1 -1 -1 0 
23 3 676 339 18 17 -1 -1 -1 0 
24 1 540 342 69 55 -1 -1 -1 0 
24 2 640 339 22 15 -1 -1 -1 0 
24 3 676 339 18 17 -1 -1 -1 0 
25 1 539 342 72 55 -1 -1 -1 0 
25 2 641 338 21 16 -1 -1 -1 0 
25 3 675 339 19 16 -1 -1 -1 0 
26 1 540 342 71 54 -1 -1 -1 0 
26 2 641 338 21 16 -1 -1 -1 0 
26 3 675 339 19 16 -1 -1 -1 0 
27 1 540 342 72 54 -1 -1 -1 0 
27 2 641 338 21 16 -1 -1 -1 0 
27 3 676 338 18 17 -1 -1 -1 0 
28 1 541 342 70 53 -1 -1 -1 0 
28 2 664 338 19 17 -1 -1 -1 0 
28 3 653 338 21 16 -1 -1 -1 0 
29 1 542 341 69 54 -1 -1 -1 0 
29 2 672 338 19 17 -1 -1 -1 0 
29 3 644 338 22 16 -1 -1 -1 0 
30 1 543 341 68 54 -1 -1 -1 0 
30 2 653 338 21 16 -1 -1 -1 0 
30 3 665 338 18 17 -1 -1 -1 0 
31 1 544 342 67 53 -1 -1 -1 0 
31 2 646 338 21 16 -1 -1 -1 0 
31 3 672 338 19 17 -1 -1 -1 0 
32 1 544 342 67 52 -1 -1 -1 0 
32 2 643 338 21 16 -1 -1 -1 0 
32 3 675 338 19 17 -1 -1 -1 0 
33 1 545 342 67 52 -1 -1 -1 0 
33 2 642 338 21 16 -1 -1 -1 0 
33 3 676 337 20 18 -1 -1 -1 0 
34 1 545 342 66 51 -1 -1 -1 0 
34 2 642 337 20 17 -1 -1 -1 0 
34 3 676 337 20 18 -1 -1 -1 0 
35 1 546 342 66 51 -1 -1 -1 0 
35 2 665 337 18 18 -1 -1 -1 0 
35 3 654 338 20 16 -1 -1 -1 0 
36 1 547 342 65 51 -1 -1 -1 0 
36 2 672 337 20 18 -1 -1 -1 0 
36 3 646 338 19 16 -1 -1 -1 0 
36 12 561 635 714 80 -1 -1 -1 0 
37 1 547 342 67 51 -1 -1 -1 0 
37 2 675 337 20 18 -1 -1 -1 0 
37 3 666 337 18 17 -1 -1 -1 0 
37 12 565 635 711 79 -1 -1 -1 0 
38 1 549 343 65 50 -1 -1 -1 0 
38 2 650 337 20 18 -1 -1 -1 0 
38 3 672 337 20 18 -1 -1 -1 0 
38 12 559 634 716 81 -1 -1 -1 0 
39 1 549 343 66 50 -1 -1 -1 0 
39 2 668 337 19 18 -1 -1 -1 0 
39 3 653 337 20 17 -1 -1 -1 0 
39 12 558 634 716 81 -1 -1 -1 0 
40 1 549 343 66 49 -1 -1 -1 0 
40 2 674 337 19 18 -1 -1 -1 0 
40 3 645 337 20 17 -1 -1 -1 0 
40 12 558 634 717 81 -1 -1 -1 0 
