3 1 4 327 139 71 -1 -1 -1 0 
3 2 379 339 29 23 -1 -1 -1 0 
3 3 243 341 70 30 -1 -1 -1 0 
3 4 433 338 38 25 -1 -1 -1 0 
3 5 718 337 29 22 -1 -1 -1 0 
3 6 687 340 30 21 -1 -1 -1 0 
3 7 880 344 31 17 -1 -1 -1 0 
3 8 510 334 15 12 -1 -1 -1 0 
4 1 0 326 109 74 -1 -1 -1 0 
4 2 372 339 29 22 -1 -1 -1 0 
4 3 212 342 76 32 -1 -1 -1 0 
4 4 418 339 44 25 -1 -1 -1 0 
4 5 719 338 28 22 -1 -1 -1 0 
4 6 687 340 31 22 -1 -1 -1 0 
4 7 883 345 30 17 -1 -1 -1 0 
4 8 508 336 18 11 -1 -1 -1 0 
5 2 360 340 32 23 -1 -1 -1 0 
5 3 171 343 89 34 -1 -1 -1 0 
5 4 403 340 45 27 -1 -1 -1 0 
5 5 719 339 28 22 -1 -1 -1 0 
5 6 688 340 32 22 -1 -1 -1 0 
5 7 884 346 31 16 -1 -1 -1 0 
5 8 508 336 18 12 -1 -1 -1 0 
5 9 304 341 62 31 -1 -1 -1 0 
5 10 566 636 711 78 -1 -1 -1 0 
6 2 339 341 42 23 -1 -1 -1 0 
6 3 125 344 102 37 -1 -1 -1 0 
6 4 385 340 51 28 -1 -1 -1 0 
6 5 720 339 28 21 -1 -1 -1 0 
6 6 689 340 31 22 -1 -1 -1 0 
6 7 888 346 30 16 -1 -1 -1 0 
6 8 508 337 17 12 -1 -1 -1 0 
6 9 273 342 68 33 -1 -1 -1 0 
6 10 563 636 712 78 -1 -1 -1 0 
7 2 322 341 44 25 -1 -1 -1 0 
7 3 63 345 126 40 -1 -1 -1 0 
7 4 363 339 58 31 -1 -1 -1 0 
7 5 721 338 27 22 -1 -1 -1 0 
7 6 689 340 31 21 -1 -1 -1 0 
7 7 890 345 31 17 -1 -1 -1 0 
7 8 507 337 17 12 -1 -1 -1 0 
7 9 234 342 82 36 -1 -1 -1 0 
7 10 563 635 712 80 -1 -1 -1 0 
8 2 304 341 40 25 -1 -1 -1 0 
8 3 5 344 131 45 -1 -1 -1 0 
8 4 334 338 68 34 -1 -1 -1 0 
8 5 720 338 30 21 -1 -1 -1 0 
8 6 689 339 32 21 -1 -1 -1 0 
8 7 892 344 33 16 -1 -1 -1 0 
8 8 506 335 18 13 -1 -1 -1 0 
8 9 187 341 96 40 -1 -1 -1 0 
8 10 562 635 714 80 -1 -1 -1 0 
8 11 426 338 26 16 -1 -1 -1 0 
9 2 282 341 40 27 -1 -1 -1 0 
9 3 0 344 74 47 -1 -1 -1 0 
9 4 298 338 82 36 -1 -1 -1 0 
9 5 721 338 30 20 -1 -1 -1 0 
9 6 690 339 30 21 -1 -1 -1 0 
9 7 896 344 31 15 -1 -1 -1 0 
9 8 505 335 19 13 -1 -1 -1 0 
9 9 126 341 117 44 -1 -1 -1 0 
9 10 559 635 718 80 -1 -1 -1 0 
9 11 421 338 26 16 -1 -1 -1 0 
10 2 268 342 41 27 -1 -1 -1 0 
10 3 0 345 36 49 -1 -1 -1 0 
10 4 254 337 96 41 -1 -1 -1 0 
10 5 722 337 29 20 -1 -1 -1 0 
10 6 691 338 30 21 -1 -1 -1 0 
10 7 899 343 31 15 -1 -1 -1 0 
10 8 504 335 19 13 -1 -1 -1 0 
10 9 42 341 149 51 -1 -1 -1 0 
10 10 558 635 720 80 -1 -1 -1 0 
10 11 415 338 28 16 -1 -1 -1 0 
10 12 446 334 27 15 -1 -1 -1 0 
11 4 194 338 118 45 -1 -1 -1 0 
11 5 723 337 29 20 -1 -1 -1 0 
11 6 690 338 33 21 -1 -1 -1 0 
11 7 902 343 31 15 -1 -1 -1 0 
11 8 503 334 19 14 -1 -1 -1 0 
11 9 2 342 115 57 -1 -1 -1 0 
11 10 561 635 715 80 -1 -1 -1 0 
11 11 409 338 28 17 -1 -1 -1 0 
11 12 446 335 26 14 -1 -1 -1 0 
12 4 110 338 163 52 -1 -1 -1 0 
12 5 725 337 27 20 -1 -1 -1 0 
12 6 691 338 31 22 -1 -1 -1 0 
12 7 904 344 33 15 -1 -1 -1 0 
12 8 501 334 21 16 -1 -1 -1 0 
12 9 0 343 72 60 -1 -1 -1 0 
12 10 559 634 719 80 -1 -1 -1 0 
12 11 402 339 30 18 -1 -1 -1 0 
12 12 436 336 27 17 -1 -1 -1 0 
13 4 18 338 172 61 -1 -1 -1 0 
13 5 725 338 28 19 -1 -1 -1 0 
13 6 692 338 31 22 -1 -1 -1 0 
13 7 906 344 33 15 -1 -1 -1 0 
13 8 497 334 25 17 -1 -1 -1 0 
13 10 558 634 721 80 -1 -1 -1 0 
13 11 394 339 31 19 -1 -1 -1 0 
13 12 433 336 22 18 -1 -1 -1 0 
14 4 1 341 79 65 -1 -1 -1 0 
14 5 727 338 27 21 -1 -1 -1 0 
14 6 692 340 32 21 -1 -1 -1 0 
14 7 910 345 31 15 -1 -1 -1 0 
14 8 466 338 19 15 -1 -1 -1 0 
14 10 561 635 715 79 -1 -1 -1 0 
14 11 383 340 34 20 -1 -1 -1 0 
14 12 425 337 26 18 -1 -1 -1 0 
15 4 0 341 28 69 -1 -1 -1 0 
15 5 727 338 28 21 -1 -1 -1 0 
15 6 693 340 31 21 -1 -1 -1 0 
15 7 914 345 29 15 -1 -1 -1 0 
15 8 450 340 22 14 -1 -1 -1 0 
15 10 562 635 713 79 -1 -1 -1 0 
15 11 372 342 37 20 -1 -1 -1 0 
15 12 419 337 27 20 -1 -1 -1 0 
16 5 726 338 30 22 -1 -1 -1 0 
16 6 692 340 31 22 -1 -1 -1 0 
16 7 915 346 33 15 -1 -1 -1 0 
16 8 444 341 17 13 -1 -1 -1 0 
16 10 562 634 712 80 -1 -1 -1 0 
16 11 361 343 38 21 -1 -1 -1 0 
16 12 413 337 29 21 -1 -1 -1 0 
16 15 4 347 106 48 -1 -1 -1 0 
16 16 488 337 26 17 -1 -1 -1 0 
17 5 726 338 32 22 -1 -1 -1 0 
17 6 691 340 34 22 -1 -1 -1 0 
17 7 920 346 30 16 -1 -1 -1 0 
17 8 437 342 20 13 -1 -1 -1 0 
17 10 556 635 723 79 -1 -1 -1 0 
17 11 346 343 42 22 -1 -1 -1 0 
17 12 405 337 30 23 -1 -1 -1 0 
17 15 0 348 84 49 -1 -1 -1 0 
17 16 485 336 26 19 -1 -1 -1 0 
18 5 727 338 31 23 -1 -1 -1 0 
18 6 692 340 33 22 -1 -1 -1 0 
18 7 921 347 32 15 -1 -1 -1 0 
18 8 431 342 23 14 -1 -1 -1 0 
18 10 560 635 716 79 -1 -1 -1 0 
18 11 330 343 47 23 -1 -1 -1 0 
18 12 396 337 34 23 -1 -1 -1 0 
18 16 481 335 29 21 -1 -1 -1 0 
19 5 728 338 30 23 -1 -1 -1 0 
19 6 692 339 32 23 -1 -1 -1 0 
19 7 923 347 33 16 -1 -1 -1 0 
19 8 425 343 26 13 -1 -1 -1 0 
19 10 563 635 711 79 -1 -1 -1 0 
19 11 311 343 52 25 -1 -1 -1 0 
19 12 387 337 37 24 -1 -1 -1 0 
19 16 476 334 31 22 -1 -1 -1 0 
20 5 728 338 31 23 -1 -1 -1 0 
20 6 692 339 33 23 -1 -1 -1 0 
20 7 925 348 34 15 -1 -1 -1 0 
20 8 421 342 24 14 -1 -1 -1 0 
20 10 561 634 715 80 -1 -1 -1 0 
20 11 292 342 55 27 -1 -1 -1 0 
20 12 377 336 38 26 -1 -1 -1 0 
20 16 470 334 32 23 -1 -1 -1 0 
20 18 505 328 22 20 -1 -1 -1 0 
21 5 728 338 31 23 -1 -1 -1 0 
21 6 692 338 33 23 -1 -1 -1 0 
21 7 928 348 34 15 -1 -1 -1 0 
21 8 415 341 25 15 -1 -1 -1 0 
21 10 566 634 708 80 -1 -1 -1 0 
21 11 268 341 60 29 -1 -1 -1 0 
21 12 365 336 42 26 -1 -1 -1 0 
21 16 466 334 29 23 -1 -1 -1 0 
21 18 504 326 23 23 -1 -1 -1 0 
22 5 729 337 30 23 -1 -1 -1 0 
22 6 692 337 32 24 -1 -1 -1 0 
22 7 931 348 34 15 -1 -1 -1 0 
22 8 408 341 27 15 -1 -1 -1 0 
22 10 562 634 715 80 -1 -1 -1 0 
22 11 239 341 69 31 -1 -1 -1 0 
22 12 353 335 43 28 -1 -1 -1 0 
22 16 458 333 33 25 -1 -1 -1 0 
22 18 503 329 25 20 -1 -1 -1 0 
23 5 728 337 31 23 -1 -1 -1 0 
23 6 692 337 32 24 -1 -1 -1 0 
23 7 934 349 34 15 -1 -1 -1 0 
23 8 471 336 23 15 -1 -1 -1 0 
23 10 563 634 712 80 -1 -1 -1 0 
23 11 205 341 80 33 -1 -1 -1 0 
23 12 338 334 48 29 -1 -1 -1 0 
23 16 448 334 38 25 -1 -1 -1 0 
23 18 427 336 30 19 -1 -1 -1 0 
24 5 728 338 32 23 -1 -1 -1 0 
24 6 691 338 33 23 -1 -1 -1 0 
24 7 937 350 34 14 -1 -1 -1 0 
24 8 493 333 20 17 -1 -1 -1 0 
24 10 570 629 696 85 -1 -1 -1 0 
24 11 164 341 92 36 -1 -1 -1 0 
24 12 321 334 51 31 -1 -1 -1 0 
24 16 438 332 44 29 -1 -1 -1 0 
24 18 394 339 32 19 -1 -1 -1 0 
25 5 728 338 32 23 -1 -1 -1 0 
25 6 690 338 34 24 -1 -1 -1 0 
25 7 941 351 34 14 -1 -1 -1 0 
25 8 498 332 20 18 -1 -1 -1 0 
25 10 560 633 719 80 -1 -1 -1 0 
25 11 113 342 109 39 -1 -1 -1 0 
25 12 302 334 56 34 -1 -1 -1 0 
25 16 428 332 44 32 -1 -1 -1 0 
25 18 378 340 34 20 -1 -1 -1 0 
26 5 728 338 33 24 -1 -1 -1 0 
26 6 690 338 34 25 -1 -1 -1 0 
26 7 944 351 34 15 -1 -1 -1 0 
26 8 500 332 22 19 -1 -1 -1 0 
26 10 559 633 720 80 -1 -1 -1 0 
26 11 46 342 132 43 -1 -1 -1 0 
26 12 279 335 63 35 -1 -1 -1 0 
26 16 415 332 50 32 -1 -1 -1 0 
26 18 365 341 36 21 -1 -1 -1 0 
27 5 729 338 32 24 -1 -1 -1 0 
27 6 690 339 34 24 -1 -1 -1 0 
27 7 947 351 34 15 -1 -1 -1 0 
27 8 500 333 24 18 -1 -1 -1 0 
27 10 570 635 708 78 -1 -1 -1 0 
27 11 4 343 114 47 -1 -1 -1 0 
27 12 253 335 71 37 -1 -1 -1 0 
27 16 400 332 55 35 -1 -1 -1 0 
27 18 353 341 39 22 -1 -1 -1 0 
28 2 440 337 34 20 -1 -1 -1 0 
28 5 729 338 32 24 -1 -1 -1 0 
28 6 690 339 33 24 -1 -1 -1 0 
28 7 949 351 37 15 -1 -1 -1 0 
28 8 499 334 25 17 -1 -1 -1 0 
28 10 568 634 707 79 -1 -1 -1 0 
28 11 0 346 48 47 -1 -1 -1 0 
28 12 224 335 79 39 -1 -1 -1 0 
28 16 381 332 64 36 -1 -1 -1 0 
28 18 339 342 40 21 -1 -1 -1 0 
29 2 439 337 35 20 -1 -1 -1 0 
29 5 730 338 33 24 -1 -1 -1 0 
29 6 690 339 33 24 -1 -1 -1 0 
29 7 954 351 35 15 -1 -1 -1 0 
29 8 498 335 24 18 -1 -1 -1 0 
29 10 563 634 713 79 -1 -1 -1 0 
29 11 0 346 10 49 -1 -1 -1 0 
29 12 188 335 90 42 -1 -1 -1 0 
29 16 358 332 75 39 -1 -1 -1 0 
29 18 326 343 35 22 -1 -1 -1 0 
30 2 432 338 38 21 -1 -1 -1 0 
30 5 731 338 32 24 -1 -1 -1 0 
30 6 691 340 32 24 -1 -1 -1 0 
30 7 958 351 35 16 -1 -1 -1 0 
30 8 496 331 25 23 -1 -1 -1 0 
30 10 565 635 712 78 -1 -1 -1 0 
30 12 143 336 106 45 -1 -1 -1 0 
30 16 347 332 79 41 -1 -1 -1 0 
30 18 308 345 31 22 -1 -1 -1 0 
31 2 426 336 35 25 -1 -1 -1 0 
31 5 732 338 32 24 -1 -1 -1 0 
31 6 692 340 32 24 -1 -1 -1 0 
31 7 960 351 38 17 -1 -1 -1 0 
31 8 493 327 27 27 -1 -1 -1 0 
31 10 565 635 710 79 -1 -1 -1 0 
31 12 87 336 126 50 -1 -1 -1 0 
31 16 297 332 101 45 -1 -1 -1 0 
31 18 291 346 32 23 -1 -1 -1 0 
32 2 414 336 42 25 -1 -1 -1 0 
32 5 733 337 31 25 -1 -1 -1 0 
32 6 692 340 32 23 -1 -1 -1 0 
32 7 964 351 38 16 -1 -1 -1 0 
32 8 495 327 27 27 -1 -1 -1 0 
32 10 563 634 712 80 -1 -1 -1 0 
32 12 14 335 155 55 -1 -1 -1 0 
32 16 261 330 112 50 -1 -1 -1 0 
33 2 402 335 47 28 -1 -1 -1 0 
33 5 733 337 32 25 -1 -1 -1 0 
33 6 691 340 32 23 -1 -1 -1 0 
33 7 968 351 37 16 -1 -1 -1 0 
33 8 483 323 35 32 -1 -1 -1 0 
33 10 561 634 716 80 -1 -1 -1 0 
33 12 1 335 107 59 -1 -1 -1 0 
33 16 210 329 134 56 -1 -1 -1 0 
34 2 389 336 50 28 -1 -1 -1 0 
34 5 732 337 34 25 -1 -1 -1 0 
34 6 691 340 32 23 -1 -1 -1 0 
34 7 971 351 38 17 -1 -1 -1 0 
34 8 478 322 35 34 -1 -1 -1 0 
34 10 564 634 711 80 -1 -1 -1 0 
34 12 0 335 76 61 -1 -1 -1 0 
34 16 140 328 167 65 -1 -1 -1 0 
34 19 441 341 20 12 -1 -1 -1 0 
35 2 375 336 53 31 -1 -1 -1 0 
35 5 733 337 33 25 -1 -1 -1 0 
35 6 690 341 33 23 -1 -1 -1 0 
35 7 975 351 38 17 -1 -1 -1 0 
35 8 474 321 33 37 -1 -1 -1 0 
35 10 562 634 711 80 -1 -1 -1 0 
35 16 36 326 220 74 -1 -1 -1 0 
35 19 437 341 20 13 -1 -1 -1 0 
36 2 358 336 58 32 -1 -1 -1 0 
36 5 733 337 33 25 -1 -1 -1 0 
36 6 689 341 33 23 -1 -1 -1 0 
36 7 978 351 39 18 -1 -1 -1 0 
36 8 468 317 36 42 -1 -1 -1 0 
36 10 561 635 715 79 -1 -1 -1 0 
36 16 7 325 176 81 -1 -1 -1 0 
36 18 169 347 44 33 -1 -1 -1 0 
36 19 432 342 21 13 -1 -1 -1 0 
37 2 337 336 66 33 -1 -1 -1 0 
37 5 733 338 35 25 -1 -1 -1 0 
37 6 689 342 32 22 -1 -1 -1 0 
37 7 982 353 41 17 -1 -1 -1 0 
37 8 460 317 40 43 -1 -1 -1 0 
37 10 562 635 711 80 -1 -1 -1 0 
37 16 0 339 92 70 -1 -1 -1 0 
37 18 148 347 46 35 -1 -1 -1 0 
37 19 427 342 23 14 -1 -1 -1 0 
38 2 313 336 75 35 -1 -1 -1 0 
38 5 732 339 36 24 -1 -1 -1 0 
38 6 688 342 32 22 -1 -1 -1 0 
38 7 986 353 42 18 -1 -1 -1 0 
38 8 451 318 45 43 -1 -1 -1 0 
38 10 559 635 718 79 -1 -1 -1 0 
38 16 0 340 48 73 -1 -1 -1 0 
38 19 421 341 26 15 -1 -1 -1 0 
39 2 287 335 83 38 -1 -1 -1 0 
39 5 734 339 33 25 -1 -1 -1 0 
39 6 688 342 31 23 -1 -1 -1 0 
39 7 990 355 43 17 -1 -1 -1 0 
39 8 442 316 48 46 -1 -1 -1 0 
39 10 563 635 715 79 -1 -1 -1 0 
39 19 415 341 25 15 -1 -1 -1 0 
40 2 253 335 97 41 -1 -1 -1 0 
40 5 703 341 34 25 -1 -1 -1 0 
40 6 687 343 32 22 -1 -1 -1 0 
40 7 996 355 39 18 -1 -1 -1 0 
40 8 433 316 49 48 -1 -1 -1 0 
40 10 565 635 711 79 -1 -1 -1 0 
40 19 409 342 23 15 -1 -1 -1 0 
