3 2 266 359 114 54 -1 -1 -1 0 
3 3 1053 333 81 36 -1 -1 -1 0 
3 4 717 316 40 51 -1 -1 -1 0 
3 5 452 348 31 20 -1 -1 -1 0 
3 6 613 348 41 33 -1 -1 -1 0 
3 7 832 344 38 25 -1 -1 -1 0 
3 8 560 636 713 78 -1 -1 -1 0 
4 2 196 364 145 59 -1 -1 -1 0 
4 3 1056 333 81 36 -1 -1 -1 0 
4 4 718 316 40 51 -1 -1 -1 0 
4 5 442 349 33 20 -1 -1 -1 0 
4 6 613 349 42 32 -1 -1 -1 0 
4 7 832 343 38 26 -1 -1 -1 0 
4 8 559 636 716 78 -1 -1 -1 0 
5 2 99 367 187 71 -1 -1 -1 0 
5 3 1059 331 82 37 -1 -1 -1 0 
5 4 718 315 40 52 -1 -1 -1 0 
5 5 431 349 34 21 -1 -1 -1 0 
5 6 613 349 43 31 -1 -1 -1 0 
5 7 832 343 39 26 -1 -1 -1 0 
5 8 560 636 715 79 -1 -1 -1 0 
6 2 9 373 202 82 -1 -1 -1 0 
6 3 1062 330 86 38 -1 -1 -1 0 
6 4 719 314 40 52 -1 -1 -1 0 
6 5 419 349 36 21 -1 -1 -1 0 
6 6 613 348 43 32 -1 -1 -1 0 
6 7 832 342 39 26 -1 -1 -1 0 
6 8 558 636 716 79 -1 -1 -1 0 
7 2 0 379 109 77 -1 -1 -1 0 
7 3 1066 328 87 39 -1 -1 -1 0 
7 4 719 312 40 53 -1 -1 -1 0 
7 5 405 348 39 23 -1 -1 -1 0 
7 6 614 346 41 32 -1 -1 -1 0 
7 7 832 341 40 26 -1 -1 -1 0 
7 8 561 635 711 81 -1 -1 -1 0 
8 2 0 383 52 82 -1 -1 -1 0 
8 3 1070 327 87 40 -1 -1 -1 0 
8 4 720 311 39 54 -1 -1 -1 0 
8 5 391 348 41 24 -1 -1 -1 0 
8 6 613 346 43 31 -1 -1 -1 0 
8 7 833 340 38 27 -1 -1 -1 0 
8 8 555 635 722 81 -1 -1 -1 0 
9 3 1072 326 91 41 -1 -1 -1 0 
9 4 720 310 40 54 -1 -1 -1 0 
9 5 374 349 44 26 -1 -1 -1 0 
9 6 614 345 42 32 -1 -1 -1 0 
9 7 833 341 40 25 -1 -1 -1 0 
9 8 558 635 717 81 -1 -1 -1 0 
10 3 1077 327 91 40 -1 -1 -1 0 
10 4 720 310 40 54 -1 -1 -1 0 
10 5 356 349 48 27 -1 -1 -1 0 
10 6 614 345 41 31 -1 -1 -1 0 
10 7 834 341 38 25 -1 -1 -1 0 
10 8 555 636 723 80 -1 -1 -1 0 
11 3 1080 328 94 40 -1 -1 -1 0 
11 4 719 310 42 54 -1 -1 -1 0 
11 5 336 349 51 29 -1 -1 -1 0 
11 6 615 345 40 31 -1 -1 -1 0 
11 7 834 341 38 25 -1 -1 -1 0 
11 8 556 636 722 79 -1 -1 -1 0 
11 15 719 310 41 54 -1 -1 -1 0 
11 16 758 339 20 19 -1 -1 -1 0 
12 3 1085 328 93 42 -1 -1 -1 0 
12 4 720 310 41 54 -1 -1 -1 0 
12 5 313 351 56 29 -1 -1 -1 0 
12 6 614 344 41 32 -1 -1 -1 0 
12 7 834 341 38 26 -1 -1 -1 0 
12 8 559 636 714 79 -1 -1 -1 0 
12 15 720 310 40 54 -1 -1 -1 0 
12 16 758 339 20 19 -1 -1 -1 0 
13 3 1089 330 94 43 -1 -1 -1 0 
13 5 285 352 65 30 -1 -1 -1 0 
13 6 614 345 40 32 -1 -1 -1 0 
13 7 834 342 38 26 -1 -1 -1 0 
13 8 557 636 719 79 -1 -1 -1 0 
13 15 719 312 42 53 -1 -1 -1 0 
14 3 1092 330 97 44 -1 -1 -1 0 
14 4 719 313 42 51 -1 -1 -1 0 
14 5 253 353 73 29 -1 -1 -1 0 
14 6 614 345 41 32 -1 -1 -1 0 
14 7 833 343 41 25 -1 -1 -1 0 
14 8 559 637 716 78 -1 -1 -1 0 
14 15 720 312 40 54 -1 -1 -1 0 
15 3 1094 331 103 44 -1 -1 -1 0 
15 4 720 313 41 51 -1 -1 -1 0 
15 5 214 355 85 28 -1 -1 -1 0 
15 6 614 345 41 33 -1 -1 -1 0 
15 7 834 343 39 25 -1 -1 -1 0 
15 8 561 636 712 79 -1 -1 -1 0 
15 15 720 313 41 54 -1 -1 -1 0 
16 3 1099 331 103 44 -1 -1 -1 0 
16 4 721 312 39 54 -1 -1 -1 0 
16 5 171 356 95 27 -1 -1 -1 0 
16 6 614 345 41 33 -1 -1 -1 0 
16 7 834 343 39 26 -1 -1 -1 0 
16 8 562 636 712 79 -1 -1 -1 0 
16 15 720 313 41 54 -1 -1 -1 0 
17 3 1103 330 107 44 -1 -1 -1 0 
17 4 721 312 40 55 -1 -1 -1 0 
17 5 116 359 109 28 -1 -1 -1 0 
17 6 614 345 40 33 -1 -1 -1 0 
17 7 834 343 40 25 -1 -1 -1 0 
17 8 567 636 709 79 -1 -1 -1 0 
18 3 1107 329 108 45 -1 -1 -1 0 
18 4 720 312 42 55 -1 -1 -1 0 
18 5 42 361 135 30 -1 -1 -1 0 
18 6 614 344 39 33 -1 -1 -1 0 
18 7 834 342 40 26 -1 -1 -1 0 
18 8 563 636 713 79 -1 -1 -1 0 
19 3 1112 328 111 46 -1 -1 -1 0 
19 4 720 311 42 56 -1 -1 -1 0 
19 5 0 364 116 26 -1 -1 -1 0 
19 6 614 344 40 33 -1 -1 -1 0 
19 7 834 342 40 25 -1 -1 -1 0 
19 8 561 636 716 79 -1 -1 -1 0 
20 3 1117 327 112 47 -1 -1 -1 0 
20 4 721 310 42 56 -1 -1 -1 0 
20 5 0 366 76 25 -1 -1 -1 0 
20 6 614 342 39 34 -1 -1 -1 0 
20 7 835 340 38 26 -1 -1 -1 0 
20 8 559 636 719 78 -1 -1 -1 0 
21 3 1121 325 116 48 -1 -1 -1 0 
21 4 720 309 43 56 -1 -1 -1 0 
21 6 614 342 39 34 -1 -1 -1 0 
21 7 835 340 38 25 -1 -1 -1 0 
21 8 559 637 717 78 -1 -1 -1 0 
22 3 1125 325 120 48 -1 -1 -1 0 
22 4 720 308 43 57 -1 -1 -1 0 
22 6 612 342 41 33 -1 -1 -1 0 
22 7 835 339 38 26 -1 -1 -1 0 
22 8 559 637 716 78 -1 -1 -1 0 
22 16 760 339 20 18 -1 -1 -1 0 
23 3 1131 324 120 49 -1 -1 -1 0 
23 4 720 308 42 56 -1 -1 -1 0 
23 6 612 342 41 33 -1 -1 -1 0 
23 7 835 339 38 25 -1 -1 -1 0 
23 8 559 638 717 77 -1 -1 -1 0 
23 15 719 309 43 55 -1 -1 -1 0 
23 16 761 339 20 17 -1 -1 -1 0 
24 3 1135 323 125 50 -1 -1 -1 0 
24 4 719 308 43 54 -1 -1 -1 0 
24 6 612 342 41 32 -1 -1 -1 0 
24 7 835 338 38 26 -1 -1 -1 0 
24 8 562 637 710 78 -1 -1 -1 0 
24 15 720 308 43 55 -1 -1 -1 0 
25 3 1141 323 126 51 -1 -1 -1 0 
25 4 719 307 43 55 -1 -1 -1 0 
25 6 612 341 40 32 -1 -1 -1 0 
25 7 835 337 39 26 -1 -1 -1 0 
25 8 561 637 714 78 -1 -1 -1 0 
25 15 720 307 43 56 -1 -1 -1 0 
25 16 760 337 20 19 -1 -1 -1 0 
26 3 1145 322 130 51 -1 -1 -1 0 
26 4 719 306 44 54 -1 -1 -1 0 
26 6 612 341 39 30 -1 -1 -1 0 
26 7 834 335 40 26 -1 -1 -1 0 
26 8 560 636 715 79 -1 -1 -1 0 
26 16 760 337 20 18 -1 -1 -1 0 
26 19 442 346 56 17 -1 -1 -1 0 
27 3 1151 322 128 52 -1 -1 -1 0 
27 4 720 306 43 54 -1 -1 -1 0 
27 6 612 341 39 30 -1 -1 -1 0 
27 7 834 335 40 26 -1 -1 -1 0 
27 8 557 636 721 79 -1 -1 -1 0 
27 19 410 347 70 18 -1 -1 -1 0 
28 3 1157 323 122 51 -1 -1 -1 0 
28 4 719 306 43 55 -1 -1 -1 0 
28 6 612 341 38 30 -1 -1 -1 0 
28 7 833 336 40 26 -1 -1 -1 0 
28 8 561 636 713 79 -1 -1 -1 0 
28 16 760 337 20 19 -1 -1 -1 0 
28 19 371 349 84 18 -1 -1 -1 0 
29 3 1163 324 116 53 -1 -1 -1 0 
29 4 720 307 42 56 -1 -1 -1 0 
29 6 611 343 39 29 -1 -1 -1 0 
29 7 833 337 39 27 -1 -1 -1 0 
29 8 561 635 713 79 -1 -1 -1 0 
29 15 720 308 42 56 -1 -1 -1 0 
29 16 760 339 21 18 -1 -1 -1 0 
29 19 324 352 97 20 -1 -1 -1 0 
29 23 477 338 50 26 -1 -1 -1 0 
30 3 1168 326 111 52 -1 -1 -1 0 
30 4 720 308 42 57 -1 -1 -1 0 
30 6 611 345 39 29 -1 -1 -1 0 
30 7 833 339 40 26 -1 -1 -1 0 
30 8 557 636 722 78 -1 -1 -1 0 
30 15 720 309 41 57 -1 -1 -1 0 
30 16 760 340 21 17 -1 -1 -1 0 
30 19 254 355 123 23 -1 -1 -1 0 
30 23 462 340 59 28 -1 -1 -1 0 
31 3 1176 327 103 53 -1 -1 -1 0 
31 4 719 309 44 58 -1 -1 -1 0 
31 6 611 348 39 27 -1 -1 -1 0 
31 7 834 341 39 26 -1 -1 -1 0 
31 8 559 636 717 78 -1 -1 -1 0 
31 15 718 310 45 56 -1 -1 -1 0 
31 19 218 357 129 24 -1 -1 -1 0 
31 23 446 341 59 30 -1 -1 -1 0 
32 3 1181 328 98 54 -1 -1 -1 0 
32 4 718 310 46 57 -1 -1 -1 0 
32 6 611 350 38 25 -1 -1 -1 0 
32 7 834 341 39 26 -1 -1 -1 0 
32 8 560 635 716 79 -1 -1 -1 0 
32 15 718 310 45 57 -1 -1 -1 0 
32 23 424 342 65 32 -1 -1 -1 0 
33 3 1187 328 92 55 -1 -1 -1 0 
33 4 719 310 44 58 -1 -1 -1 0 
33 6 611 350 37 25 -1 -1 -1 0 
33 7 833 342 41 26 -1 -1 -1 0 
33 8 555 636 724 78 -1 -1 -1 0 
33 15 719 310 43 58 -1 -1 -1 0 
33 23 403 340 66 36 -1 -1 -1 0 
34 3 1194 328 85 54 -1 -1 -1 0 
34 4 719 310 44 58 -1 -1 -1 0 
34 6 611 348 36 27 -1 -1 -1 0 
34 7 833 342 40 25 -1 -1 -1 0 
34 8 561 636 714 78 -1 -1 -1 0 
34 15 719 310 43 58 -1 -1 -1 0 
34 23 371 339 89 40 -1 -1 -1 0 
35 3 1200 328 79 53 -1 -1 -1 0 
35 4 719 309 44 58 -1 -1 -1 0 
35 6 610 346 37 28 -1 -1 -1 0 
35 7 833 341 39 25 -1 -1 -1 0 
35 8 563 636 711 78 -1 -1 -1 0 
35 15 719 309 43 58 -1 -1 -1 0 
35 16 487 348 24 14 -1 -1 -1 0 
35 23 338 338 99 45 -1 -1 -1 0 
36 3 1208 327 71 54 -1 -1 -1 0 
36 4 719 309 43 58 -1 -1 -1 0 
36 6 609 348 38 26 -1 -1 -1 0 
36 7 834 341 38 25 -1 -1 -1 0 
36 8 557 636 720 79 -1 -1 -1 0 
36 15 718 309 44 58 -1 -1 -1 0 
36 16 461 348 25 16 -1 -1 -1 0 
36 23 296 339 111 50 -1 -1 -1 0 
37 3 1215 327 64 54 -1 -1 -1 0 
37 4 718 309 45 59 -1 -1 -1 0 
37 6 610 346 36 28 -1 -1 -1 0 
37 7 832 341 42 25 -1 -1 -1 0 
37 8 564 636 706 81 -1 -1 -1 0 
37 16 445 349 28 17 -1 -1 -1 0 
37 23 237 340 138 57 -1 -1 -1 0 
37 30 406 345 45 28 -1 -1 -1 0 
38 3 1222 330 57 51 -1 -1 -1 0 
38 4 718 308 44 60 -1 -1 -1 0 
38 6 609 346 37 28 -1 -1 -1 0 
38 7 833 341 40 26 -1 -1 -1 0 
38 8 558 636 718 81 -1 -1 -1 0 
38 16 436 350 27 18 -1 -1 -1 0 
38 23 159 341 174 66 -1 -1 -1 0 
38 30 384 347 56 29 -1 -1 -1 0 
39 3 1230 337 49 45 -1 -1 -1 0 
39 4 718 308 45 61 -1 -1 -1 0 
39 6 609 348 38 27 -1 -1 -1 0 
39 7 833 342 40 25 -1 -1 -1 0 
39 8 558 636 720 80 -1 -1 -1 0 
39 16 426 351 30 19 -1 -1 -1 0 
39 23 38 343 238 78 -1 -1 -1 0 
39 30 369 347 55 32 -1 -1 -1 0 
39 32 496 346 28 19 -1 -1 -1 0 
40 3 1238 346 41 38 -1 -1 -1 0 
40 4 718 309 45 60 -1 -1 -1 0 
40 6 609 349 37 26 -1 -1 -1 0 
40 7 832 342 41 26 -1 -1 -1 0 
40 8 559 636 718 80 -1 -1 -1 0 
40 16 416 352 32 19 -1 -1 -1 0 
40 23 7 343 179 87 -1 -1 -1 0 
40 30 348 347 62 35 -1 -1 -1 0 
40 32 486 346 29 21 -1 -1 -1 0 
