3 1 670 339 51 43 -1 -1 -1 0 
3 2 617 339 30 25 -1 -1 -1 0 
4 1 671 339 50 43 -1 -1 -1 0 
4 2 618 339 29 25 -1 -1 -1 0 
5 1 671 338 50 43 -1 -1 -1 0 
5 2 617 339 30 24 -1 -1 -1 0 
6 1 670 338 51 42 -1 -1 -1 0 
6 2 617 339 30 23 -1 -1 -1 0 
7 1 671 337 49 42 -1 -1 -1 0 
7 2 618 338 29 23 -1 -1 -1 0 
8 1 671 336 49 41 -1 -1 -1 0 
8 2 618 337 29 23 -1 -1 -1 0 
9 1 672 336 47 41 -1 -1 -1 0 
9 2 619 338 28 22 -1 -1 -1 0 
10 1 671 335 49 42 -1 -1 -1 0 
10 2 619 338 28 22 -1 -1 -1 0 
11 1 671 337 49 41 -1 -1 -1 0 
11 2 618 338 30 23 -1 -1 -1 0 
12 1 671 337 48 42 -1 -1 -1 0 
12 2 619 339 28 23 -1 -1 -1 0 
13 1 671 338 49 43 -1 -1 -1 0 
13 2 618 341 29 22 -1 -1 -1 0 
14 1 671 339 48 43 -1 -1 -1 0 
14 2 619 342 28 22 -1 -1 -1 0 
15 1 671 340 48 42 -1 -1 -1 0 
15 2 619 342 28 23 -1 -1 -1 0 
16 1 670 340 49 43 -1 -1 -1 0 
16 2 619 342 28 23 -1 -1 -1 0 
17 1 670 340 49 42 -1 -1 -1 0 
17 2 619 342 28 22 -1 -1 -1 0 
18 1 670 339 48 42 -1 -1 -1 0 
18 2 619 340 28 23 -1 -1 -1 0 
19 1 670 339 48 41 -1 -1 -1 0 
19 2 619 340 29 22 -1 -1 -1 0 
20 1 670 338 47 41 -1 -1 -1 0 
20 2 620 339 27 23 -1 -1 -1 0 
21 1 670 338 48 41 -1 -1 -1 0 
21 2 620 339 27 22 -1 -1 -1 0 
22 1 670 338 48 40 -1 -1 -1 0 
22 2 620 339 27 22 -1 -1 -1 0 
23 1 670 338 48 40 -1 -1 -1 0 
23 2 619 339 29 22 -1 -1 -1 0 
24 1 671 337 47 40 -1 -1 -1 0 
24 2 620 339 28 22 -1 -1 -1 0 
24 4 562 635 712 78 -1 -1 -1 0 
25 1 671 337 47 40 -1 -1 -1 0 
25 2 620 338 29 23 -1 -1 -1 0 
25 4 563 635 711 78 -1 -1 -1 0 
26 1 672 337 46 40 -1 -1 -1 0 
26 2 620 338 28 23 -1 -1 -1 0 
27 1 672 337 46 40 -1 -1 -1 0 
27 2 620 337 29 24 -1 -1 -1 0 
28 1 672 337 46 40 -1 -1 -1 0 
28 2 620 338 29 23 -1 -1 -1 0 
29 1 672 338 46 39 -1 -1 -1 0 
29 2 621 338 28 23 -1 -1 -1 0 
30 1 672 338 46 39 -1 -1 -1 0 
30 2 620 339 29 22 -1 -1 -1 0 
31 1 673 338 44 40 -1 -1 -1 0 
31 2 621 339 27 23 -1 -1 -1 0 
32 1 672 339 46 39 -1 -1 -1 0 
32 2 621 339 28 23 -1 -1 -1 0 
32 4 560 634 714 79 -1 -1 -1 0 
33 1 672 339 47 39 -1 -1 -1 0 
33 2 621 339 28 23 -1 -1 -1 0 
33 4 560 634 715 79 -1 -1 -1 0 
34 1 672 339 47 39 -1 -1 -1 0 
34 2 621 339 29 22 -1 -1 -1 0 
34 4 561 633 712 81 -1 -1 -1 0 
35 1 673 339 46 38 -1 -1 -1 0 
35 2 622 339 27 22 -1 -1 -1 0 
35 4 561 633 712 81 -1 -1 -1 0 
36 1 674 339 44 38 -1 -1 -1 0 
36 2 623 338 27 22 -1 -1 -1 0 
37 1 674 339 44 38 -1 -1 -1 0 
37 2 622 339 28 21 -1 -1 -1 0 
37 4 558 633 718 81 -1 -1 -1 0 
38 1 674 339 43 37 -1 -1 -1 0 
38 2 623 339 26 21 -1 -1 -1 0 
38 4 557 633 719 82 -1 -1 -1 0 
39 1 674 339 43 37 -1 -1 -1 0 
39 2 624 339 26 21 -1 -1 -1 0 
40 1 673 339 45 37 -1 -1 -1 0 
40 2 623 340 27 20 -1 -1 -1 0 
