3 1 601 347 39 27 -1 -1 -1 0 
3 2 669 339 24 29 -1 -1 -1 0 
4 1 602 347 38 27 -1 -1 -1 0 
4 2 668 337 25 31 -1 -1 -1 0 
5 1 603 347 38 27 -1 -1 -1 0 
5 2 668 337 25 31 -1 -1 -1 0 
6 1 604 346 36 28 -1 -1 -1 0 
6 2 668 331 25 37 -1 -1 -1 0 
7 1 604 346 37 28 -1 -1 -1 0 
7 2 667 330 27 38 -1 -1 -1 0 
8 1 603 345 39 29 -1 -1 -1 0 
8 2 667 332 27 36 -1 -1 -1 0 
9 1 604 344 38 30 -1 -1 -1 0 
9 2 667 333 27 35 -1 -1 -1 0 
10 1 604 344 38 29 -1 -1 -1 0 
10 2 668 331 25 37 -1 -1 -1 0 
11 1 604 344 38 29 -1 -1 -1 0 
11 2 668 330 25 38 -1 -1 -1 0 
12 2 667 330 27 38 -1 -1 -1 0 
13 2 666 334 28 34 -1 -1 -1 0 
14 2 668 334 25 34 -1 -1 -1 0 
15 1 663 346 26 22 -1 -1 -1 0 
15 2 666 341 29 27 -1 -1 -1 0 
16 1 668 346 25 21 -1 -1 -1 0 
16 2 667 343 27 25 -1 -1 -1 0 
17 2 668 338 25 30 -1 -1 -1 0 
18 1 670 346 25 21 -1 -1 -1 0 
18 2 626 344 35 28 -1 -1 -1 0 
19 1 670 345 26 22 -1 -1 -1 0 
19 2 653 345 28 24 -1 -1 -1 0 
20 1 671 345 24 22 -1 -1 -1 0 
20 2 664 343 24 25 -1 -1 -1 0 
21 1 670 346 26 21 -1 -1 -1 0 
21 2 667 343 25 25 -1 -1 -1 0 
22 1 670 346 25 21 -1 -1 -1 0 
22 2 668 343 25 26 -1 -1 -1 0 
23 1 670 347 25 20 -1 -1 -1 0 
23 2 669 341 24 28 -1 -1 -1 0 
24 1 670 347 25 20 -1 -1 -1 0 
24 2 668 343 26 26 -1 -1 -1 0 
25 1 671 347 23 20 -1 -1 -1 0 
25 2 670 340 23 29 -1 -1 -1 0 
26 1 670 347 25 20 -1 -1 -1 0 
26 2 668 344 27 25 -1 -1 -1 0 
27 1 670 347 25 20 -1 -1 -1 0 
27 2 668 345 26 24 -1 -1 -1 0 
28 1 670 347 24 20 -1 -1 -1 0 
28 2 669 343 24 26 -1 -1 -1 0 
29 1 669 347 26 20 -1 -1 -1 0 
29 2 669 342 24 27 -1 -1 -1 0 
29 8 611 346 33 26 -1 -1 -1 0 
30 1 669 347 26 20 -1 -1 -1 0 
30 2 669 340 25 29 -1 -1 -1 0 
30 8 612 345 32 27 -1 -1 -1 0 
31 1 670 347 26 20 -1 -1 -1 0 
31 2 669 336 25 32 -1 -1 -1 0 
31 8 612 344 32 28 -1 -1 -1 0 
32 2 668 339 27 29 -1 -1 -1 0 
32 8 652 347 29 22 -1 -1 -1 0 
33 2 668 342 28 26 -1 -1 -1 0 
33 8 666 347 27 21 -1 -1 -1 0 
34 2 669 345 25 24 -1 -1 -1 0 
34 8 672 348 25 20 -1 -1 -1 0 
35 2 669 345 25 24 -1 -1 -1 0 
35 8 673 348 25 20 -1 -1 -1 0 
36 2 670 345 24 24 -1 -1 -1 0 
36 8 673 348 25 20 -1 -1 -1 0 
37 2 669 347 26 22 -1 -1 -1 0 
37 8 672 349 26 19 -1 -1 -1 0 
38 2 669 347 26 22 -1 -1 -1 0 
38 8 673 349 24 18 -1 -1 -1 0 
39 8 673 349 24 19 -1 -1 -1 0 
40 2 670 346 24 23 -1 -1 -1 0 
40 8 672 348 25 20 -1 -1 -1 0 
