3 1 470 341 110 79 -1 -1 -1 0 
3 2 253 352 72 23 -1 -1 -1 0 
3 3 664 342 51 44 -1 -1 -1 0 
3 4 333 347 49 25 -1 -1 -1 0 
3 5 565 636 709 79 -1 -1 -1 0 
3 6 380 348 29 19 -1 -1 -1 0 
3 8 80 361 106 28 -1 -1 -1 0 
4 1 475 342 108 76 -1 -1 -1 0 
4 2 240 352 71 24 -1 -1 -1 0 
4 3 664 338 51 50 -1 -1 -1 0 
4 4 322 347 54 26 -1 -1 -1 0 
4 5 562 636 713 79 -1 -1 -1 0 
4 6 374 349 28 20 -1 -1 -1 0 
4 8 46 362 127 29 -1 -1 -1 0 
5 1 482 342 103 74 -1 -1 -1 0 
5 2 225 352 75 26 -1 -1 -1 0 
5 3 663 338 54 50 -1 -1 -1 0 
5 4 314 347 54 27 -1 -1 -1 0 
5 5 558 636 718 78 -1 -1 -1 0 
5 6 367 350 28 20 -1 -1 -1 0 
5 8 21 363 128 30 -1 -1 -1 0 
5 11 664 319 53 68 -1 -1 -1 0 
6 1 488 343 100 71 -1 -1 -1 0 
6 2 211 353 75 27 -1 -1 -1 0 
6 3 663 340 54 48 -1 -1 -1 0 
6 4 303 347 59 27 -1 -1 -1 0 
6 5 562 635 712 79 -1 -1 -1 0 
6 6 360 349 30 21 -1 -1 -1 0 
6 8 1 364 124 30 -1 -1 -1 0 
6 11 664 323 53 65 -1 -1 -1 0 
7 1 494 342 96 70 -1 -1 -1 0 
7 2 194 353 78 28 -1 -1 -1 0 
7 3 663 342 54 45 -1 -1 -1 0 
7 4 290 348 63 26 -1 -1 -1 0 
7 5 561 635 714 78 -1 -1 -1 0 
7 6 351 349 35 23 -1 -1 -1 0 
7 8 0 365 101 30 -1 -1 -1 0 
7 11 663 328 55 60 -1 -1 -1 0 
8 1 498 342 94 68 -1 -1 -1 0 
8 2 174 354 84 28 -1 -1 -1 0 
8 3 664 342 52 45 -1 -1 -1 0 
8 4 278 348 67 26 -1 -1 -1 0 
8 5 559 634 717 79 -1 -1 -1 0 
8 6 344 350 34 23 -1 -1 -1 0 
8 8 0 364 74 30 -1 -1 -1 0 
8 11 664 330 53 58 -1 -1 -1 0 
9 1 504 341 89 67 -1 -1 -1 0 
9 2 150 354 93 30 -1 -1 -1 0 
9 3 664 342 52 45 -1 -1 -1 0 
9 4 263 349 72 27 -1 -1 -1 0 
9 5 557 635 720 78 -1 -1 -1 0 
9 6 336 350 34 22 -1 -1 -1 0 
9 8 0 366 73 29 -1 -1 -1 0 
9 11 667 321 48 67 -1 -1 -1 0 
10 1 508 341 88 66 -1 -1 -1 0 
10 2 126 354 100 31 -1 -1 -1 0 
10 3 664 342 52 46 -1 -1 -1 0 
10 4 257 347 70 29 -1 -1 -1 0 
10 5 560 635 714 78 -1 -1 -1 0 
10 6 329 350 35 23 -1 -1 -1 0 
10 8 0 367 54 28 -1 -1 -1 0 
10 11 662 331 58 57 -1 -1 -1 0 
11 1 512 343 85 63 -1 -1 -1 0 
11 2 97 355 113 34 -1 -1 -1 0 
11 3 663 343 54 45 -1 -1 -1 0 
11 4 235 347 88 29 -1 -1 -1 0 
11 5 561 635 714 78 -1 -1 -1 0 
11 8 0 368 23 28 -1 -1 -1 0 
11 11 665 332 52 57 -1 -1 -1 0 
12 1 513 342 87 62 -1 -1 -1 0 
12 2 65 355 127 36 -1 -1 -1 0 
12 3 664 342 52 46 -1 -1 -1 0 
12 4 216 347 95 32 -1 -1 -1 0 
12 5 558 634 717 79 -1 -1 -1 0 
12 8 0 369 6 28 -1 -1 -1 0 
12 11 664 334 53 55 -1 -1 -1 0 
13 1 521 342 78 60 -1 -1 -1 0 
13 2 27 356 146 37 -1 -1 -1 0 
13 3 663 343 54 45 -1 -1 -1 0 
13 4 195 347 105 33 -1 -1 -1 0 
13 5 560 635 715 78 -1 -1 -1 0 
13 11 665 333 51 56 -1 -1 -1 0 
14 1 525 342 77 59 -1 -1 -1 0 
14 2 0 356 153 37 -1 -1 -1 0 
14 3 664 342 52 46 -1 -1 -1 0 
14 4 175 348 113 35 -1 -1 -1 0 
14 5 562 635 713 78 -1 -1 -1 0 
14 6 290 349 61 24 -1 -1 -1 0 
14 11 664 333 53 56 -1 -1 -1 0 
15 1 529 340 74 59 -1 -1 -1 0 
15 2 0 356 128 36 -1 -1 -1 0 
15 3 663 342 54 45 -1 -1 -1 0 
15 4 152 348 126 36 -1 -1 -1 0 
15 5 565 635 710 78 -1 -1 -1 0 
15 6 282 349 63 24 -1 -1 -1 0 
15 11 664 334 53 53 -1 -1 -1 0 
16 1 533 340 73 58 -1 -1 -1 0 
16 2 4 356 101 35 -1 -1 -1 0 
16 3 665 340 51 46 -1 -1 -1 0 
16 4 126 348 140 37 -1 -1 -1 0 
16 5 563 635 712 78 -1 -1 -1 0 
16 6 269 348 56 25 -1 -1 -1 0 
16 11 662 339 56 47 -1 -1 -1 0 
17 1 536 339 71 57 -1 -1 -1 0 
17 2 0 357 77 36 -1 -1 -1 0 
17 3 665 340 51 46 -1 -1 -1 0 
17 4 103 352 110 35 -1 -1 -1 0 
17 5 561 635 716 78 -1 -1 -1 0 
17 6 257 348 57 27 -1 -1 -1 0 
17 11 664 340 53 46 -1 -1 -1 0 
17 15 338 349 36 19 -1 -1 -1 0 
18 1 539 341 70 54 -1 -1 -1 0 
18 2 0 359 45 37 -1 -1 -1 0 
18 3 664 339 52 48 -1 -1 -1 0 
18 4 68 354 117 35 -1 -1 -1 0 
18 5 560 635 716 78 -1 -1 -1 0 
18 6 247 348 59 27 -1 -1 -1 0 
18 11 664 342 52 44 -1 -1 -1 0 
18 15 328 350 41 20 -1 -1 -1 0 
18 16 519 346 27 31 -1 -1 -1 0 
19 1 541 340 70 54 -1 -1 -1 0 
19 2 0 359 24 38 -1 -1 -1 0 
19 3 664 336 52 51 -1 -1 -1 0 
19 4 33 354 128 38 -1 -1 -1 0 
19 5 561 635 713 79 -1 -1 -1 0 
19 6 229 347 81 31 -1 -1 -1 0 
19 11 664 342 52 45 -1 -1 -1 0 
19 15 319 350 47 21 -1 -1 -1 0 
19 16 521 347 27 31 -1 -1 -1 0 
20 1 544 342 68 51 -1 -1 -1 0 
20 3 663 338 55 50 -1 -1 -1 0 
20 4 2 355 130 40 -1 -1 -1 0 
20 5 559 636 717 78 -1 -1 -1 0 
20 6 210 348 97 31 -1 -1 -1 0 
20 11 664 341 53 46 -1 -1 -1 0 
20 15 311 350 45 22 -1 -1 -1 0 
20 16 522 348 27 30 -1 -1 -1 0 
21 1 548 341 64 51 -1 -1 -1 0 
21 3 663 338 55 50 -1 -1 -1 0 
21 4 0 356 99 41 -1 -1 -1 0 
21 5 559 636 716 78 -1 -1 -1 0 
21 6 192 348 104 32 -1 -1 -1 0 
21 11 663 342 54 45 -1 -1 -1 0 
21 15 300 351 51 21 -1 -1 -1 0 
21 16 523 348 28 29 -1 -1 -1 0 
22 1 550 341 63 50 -1 -1 -1 0 
22 4 0 357 79 40 -1 -1 -1 0 
22 5 561 636 712 78 -1 -1 -1 0 
22 6 169 348 119 33 -1 -1 -1 0 
22 11 664 341 52 46 -1 -1 -1 0 
22 15 289 351 57 22 -1 -1 -1 0 
22 16 524 348 32 29 -1 -1 -1 0 
22 18 57 348 115 42 -1 -1 -1 0 
23 1 553 341 61 50 -1 -1 -1 0 
23 3 664 338 53 50 -1 -1 -1 0 
23 4 0 361 30 37 -1 -1 -1 0 
23 5 559 636 715 78 -1 -1 -1 0 
23 6 156 348 125 34 -1 -1 -1 0 
23 11 664 341 53 46 -1 -1 -1 0 
23 15 278 352 58 21 -1 -1 -1 0 
23 16 526 347 34 29 -1 -1 -1 0 
23 18 14 348 134 44 -1 -1 -1 0 
24 1 555 340 62 50 -1 -1 -1 0 
24 3 664 340 54 48 -1 -1 -1 0 
24 4 0 362 5 37 -1 -1 -1 0 
24 5 561 635 711 79 -1 -1 -1 0 
24 6 122 349 119 36 -1 -1 -1 0 
24 11 664 341 53 46 -1 -1 -1 0 
24 15 268 353 58 21 -1 -1 -1 0 
24 16 528 347 33 29 -1 -1 -1 0 
24 18 0 348 122 46 -1 -1 -1 0 
25 1 557 340 61 49 -1 -1 -1 0 
25 3 664 341 55 46 -1 -1 -1 0 
25 5 557 635 720 79 -1 -1 -1 0 
25 6 82 350 137 38 -1 -1 -1 0 
25 11 663 341 55 47 -1 -1 -1 0 
25 15 255 352 59 23 -1 -1 -1 0 
25 16 529 345 34 30 -1 -1 -1 0 
25 18 0 348 103 48 -1 -1 -1 0 
26 1 559 341 60 47 -1 -1 -1 0 
26 3 664 341 55 46 -1 -1 -1 0 
26 5 561 635 714 79 -1 -1 -1 0 
26 6 50 350 130 41 -1 -1 -1 0 
26 11 665 340 53 48 -1 -1 -1 0 
26 15 244 351 58 25 -1 -1 -1 0 
26 16 530 345 35 30 -1 -1 -1 0 
27 1 562 342 60 45 -1 -1 -1 0 
27 3 665 340 53 47 -1 -1 -1 0 
27 5 560 635 713 79 -1 -1 -1 0 
27 6 6 351 153 41 -1 -1 -1 0 
27 11 664 340 55 48 -1 -1 -1 0 
27 15 227 352 64 26 -1 -1 -1 0 
27 16 531 343 37 32 -1 -1 -1 0 
27 20 388 328 81 35 -1 -1 -1 0 
27 21 189 355 39 25 -1 -1 -1 0 
28 1 565 342 58 44 -1 -1 -1 0 
28 3 667 327 49 62 -1 -1 -1 0 
28 5 562 635 712 78 -1 -1 -1 0 
28 6 0 352 124 44 -1 -1 -1 0 
28 11 663 341 56 47 -1 -1 -1 0 
28 15 211 352 68 27 -1 -1 -1 0 
28 16 532 343 38 32 -1 -1 -1 0 
28 20 387 327 78 35 -1 -1 -1 0 
28 21 170 356 45 26 -1 -1 -1 0 
28 22 98 351 79 35 -1 -1 -1 0 
29 1 568 342 56 43 -1 -1 -1 0 
29 3 668 325 48 64 -1 -1 -1 0 
29 5 561 636 714 77 -1 -1 -1 0 
29 6 0 353 77 44 -1 -1 -1 0 
29 11 664 340 55 48 -1 -1 -1 0 
29 15 195 353 72 28 -1 -1 -1 0 
29 16 534 343 37 31 -1 -1 -1 0 
29 20 381 327 80 35 -1 -1 -1 0 
29 21 150 357 45 27 -1 -1 -1 0 
29 22 59 351 97 36 -1 -1 -1 0 
29 23 282 349 55 25 -1 -1 -1 0 
30 1 570 342 55 42 -1 -1 -1 0 
30 5 563 636 708 78 -1 -1 -1 0 
30 6 0 354 53 45 -1 -1 -1 0 
30 11 664 340 55 48 -1 -1 -1 0 
30 15 177 353 77 29 -1 -1 -1 0 
30 16 535 343 36 30 -1 -1 -1 0 
30 20 374 326 83 37 -1 -1 -1 0 
30 21 125 357 54 28 -1 -1 -1 0 
30 22 21 352 110 37 -1 -1 -1 0 
30 23 272 351 54 23 -1 -1 -1 0 
31 1 572 342 54 40 -1 -1 -1 0 
31 5 561 636 712 78 -1 -1 -1 0 
31 11 664 339 55 48 -1 -1 -1 0 
31 15 158 353 82 29 -1 -1 -1 0 
31 16 536 342 36 31 -1 -1 -1 0 
31 20 373 326 78 36 -1 -1 -1 0 
31 21 102 357 57 30 -1 -1 -1 0 
31 22 1 352 109 39 -1 -1 -1 0 
31 23 263 352 39 23 -1 -1 -1 0 
32 1 573 342 53 39 -1 -1 -1 0 
32 5 561 636 710 78 -1 -1 -1 0 
32 11 665 339 55 48 -1 -1 -1 0 
32 15 137 353 87 30 -1 -1 -1 0 
32 16 537 342 36 30 -1 -1 -1 0 
32 20 369 325 78 37 -1 -1 -1 0 
32 21 76 357 63 32 -1 -1 -1 0 
32 22 0 352 84 42 -1 -1 -1 0 
32 23 254 352 38 23 -1 -1 -1 0 
33 1 575 341 51 40 -1 -1 -1 0 
33 5 561 636 713 79 -1 -1 -1 0 
33 11 665 339 55 48 -1 -1 -1 0 
33 15 114 353 95 31 -1 -1 -1 0 
33 16 538 343 35 29 -1 -1 -1 0 
33 20 356 325 87 38 -1 -1 -1 0 
33 21 47 358 69 33 -1 -1 -1 0 
33 22 0 353 56 42 -1 -1 -1 0 
33 23 235 353 60 22 -1 -1 -1 0 
34 1 576 341 51 39 -1 -1 -1 0 
34 5 561 635 713 80 -1 -1 -1 0 
34 11 664 339 57 48 -1 -1 -1 0 
34 15 91 354 99 33 -1 -1 -1 0 
34 16 539 343 35 28 -1 -1 -1 0 
34 20 345 325 94 39 -1 -1 -1 0 
34 21 13 360 78 33 -1 -1 -1 0 
34 22 0 353 39 44 -1 -1 -1 0 
34 23 222 353 61 24 -1 -1 -1 0 
35 1 578 340 50 40 -1 -1 -1 0 
35 3 663 339 60 49 -1 -1 -1 0 
35 5 559 635 715 80 -1 -1 -1 0 
35 11 666 339 54 49 -1 -1 -1 0 
35 15 63 354 110 36 -1 -1 -1 0 
35 16 540 343 35 29 -1 -1 -1 0 
35 20 337 325 98 41 -1 -1 -1 0 
35 21 0 361 60 35 -1 -1 -1 0 
35 23 209 353 69 25 -1 -1 -1 0 
36 1 580 341 49 39 -1 -1 -1 0 
36 3 662 339 62 49 -1 -1 -1 0 
36 5 559 635 717 79 -1 -1 -1 0 
36 11 665 340 57 48 -1 -1 -1 0 
36 15 32 355 118 37 -1 -1 -1 0 
36 16 543 343 33 29 -1 -1 -1 0 
36 20 329 325 100 41 -1 -1 -1 0 
36 21 0 361 38 37 -1 -1 -1 0 
36 23 193 353 75 28 -1 -1 -1 0 
37 1 583 341 47 39 -1 -1 -1 0 
37 3 665 339 57 50 -1 -1 -1 0 
37 5 558 634 717 80 -1 -1 -1 0 
37 11 665 341 57 47 -1 -1 -1 0 
37 15 2 356 124 39 -1 -1 -1 0 
37 16 544 343 34 29 -1 -1 -1 0 
37 20 320 325 105 42 -1 -1 -1 0 
37 23 178 352 80 31 -1 -1 -1 0 
38 1 584 341 48 39 -1 -1 -1 0 
38 3 665 340 57 49 -1 -1 -1 0 
38 5 559 635 717 79 -1 -1 -1 0 
38 11 666 341 56 48 -1 -1 -1 0 
38 15 0 356 102 41 -1 -1 -1 0 
38 16 544 342 36 31 -1 -1 -1 0 
38 20 310 324 111 45 -1 -1 -1 0 
38 23 158 354 85 30 -1 -1 -1 0 
39 1 587 341 46 39 -1 -1 -1 0 
39 3 666 342 57 47 -1 -1 -1 0 
39 5 562 635 711 79 -1 -1 -1 0 
39 11 667 341 55 48 -1 -1 -1 0 
39 15 0 357 75 41 -1 -1 -1 0 
39 16 545 343 35 30 -1 -1 -1 0 
39 20 303 324 111 46 -1 -1 -1 0 
39 23 141 354 84 32 -1 -1 -1 0 
39 25 393 347 33 21 -1 -1 -1 0 
40 1 588 341 47 38 -1 -1 -1 0 
40 3 666 342 57 48 -1 -1 -1 0 
40 5 561 634 707 80 -1 -1 -1 0 
40 11 666 341 57 48 -1 -1 -1 0 
40 15 0 358 44 40 -1 -1 -1 0 
40 16 547 342 34 31 -1 -1 -1 0 
40 20 291 324 119 47 -1 -1 -1 0 
40 23 119 355 94 32 -1 -1 -1 0 
40 25 381 348 48 21 -1 -1 -1 0 
