3 1 961 337 318 197 -1 -1 -1 0 
3 2 387 344 187 138 -1 -1 -1 0 
3 5 746 337 31 25 -1 -1 -1 0 
3 6 67 338 124 35 -1 -1 -1 0 
3 7 655 344 24 18 -1 -1 -1 0 
3 9 396 343 18 11 -1 -1 -1 0 
3 10 603 335 27 27 -1 -1 -1 0 
4 1 961 337 318 196 -1 -1 -1 0 
4 2 390 344 185 137 -1 -1 -1 0 
4 5 746 338 32 25 -1 -1 -1 0 
4 6 4 340 127 39 -1 -1 -1 0 
4 7 656 345 22 18 -1 -1 -1 0 
4 9 314 349 45 12 -1 -1 -1 0 
4 10 603 336 27 27 -1 -1 -1 0 
5 1 960 337 318 195 -1 -1 -1 0 
5 2 392 345 184 135 -1 -1 -1 0 
5 5 746 339 32 24 -1 -1 -1 0 
5 6 0 343 49 39 -1 -1 -1 0 
5 7 655 347 25 17 -1 -1 -1 0 
5 9 273 350 51 16 -1 -1 -1 0 
5 10 602 337 28 27 -1 -1 -1 0 
5 11 149 349 66 24 -1 -1 -1 0 
5 13 388 340 35 18 -1 -1 -1 0 
6 1 959 336 320 194 -1 -1 -1 0 
6 2 395 346 181 133 -1 -1 -1 0 
6 5 747 339 31 24 -1 -1 -1 0 
6 6 0 343 4 42 -1 -1 -1 0 
6 7 656 348 23 16 -1 -1 -1 0 
6 9 244 349 56 19 -1 -1 -1 0 
6 10 602 337 29 27 -1 -1 -1 0 
6 11 114 349 77 26 -1 -1 -1 0 
6 13 377 341 37 20 -1 -1 -1 0 
7 1 960 335 318 194 -1 -1 -1 0 
7 2 398 347 178 130 -1 -1 -1 0 
7 5 746 340 32 23 -1 -1 -1 0 
7 7 657 346 22 19 -1 -1 -1 0 
7 9 213 351 65 20 -1 -1 -1 0 
7 10 602 337 29 27 -1 -1 -1 0 
7 11 74 350 89 28 -1 -1 -1 0 
7 13 363 342 40 21 -1 -1 -1 0 
8 1 960 334 318 195 -1 -1 -1 0 
8 2 401 348 175 128 -1 -1 -1 0 
8 5 746 340 32 23 -1 -1 -1 0 
8 7 657 346 22 19 -1 -1 -1 0 
8 9 179 351 75 22 -1 -1 -1 0 
8 10 602 337 28 27 -1 -1 -1 0 
8 11 27 352 102 30 -1 -1 -1 0 
8 13 346 342 45 23 -1 -1 -1 0 
9 1 958 334 321 195 -1 -1 -1 0 
9 2 404 348 172 126 -1 -1 -1 0 
9 5 745 339 33 23 -1 -1 -1 0 
9 7 656 346 25 18 -1 -1 -1 0 
9 9 138 351 86 25 -1 -1 -1 0 
9 10 604 336 27 27 -1 -1 -1 0 
9 11 0 353 87 31 -1 -1 -1 0 
9 13 324 345 58 20 -1 -1 -1 0 
10 1 959 334 318 198 -1 -1 -1 0 
10 2 407 348 169 125 -1 -1 -1 0 
10 5 745 338 33 24 -1 -1 -1 0 
10 7 656 346 25 18 -1 -1 -1 0 
10 9 85 352 102 27 -1 -1 -1 0 
10 10 604 336 28 27 -1 -1 -1 0 
10 11 0 353 39 31 -1 -1 -1 0 
10 13 345 345 27 17 -1 -1 -1 0 
11 1 956 336 323 195 -1 -1 -1 0 
11 2 410 348 167 124 -1 -1 -1 0 
11 5 745 338 33 24 -1 -1 -1 0 
11 7 657 346 23 18 -1 -1 -1 0 
11 9 17 351 125 30 -1 -1 -1 0 
11 10 603 336 29 26 -1 -1 -1 0 
11 11 0 354 10 33 -1 -1 -1 0 
11 13 340 346 31 15 -1 -1 -1 0 
12 1 955 338 324 192 -1 -1 -1 0 
12 2 412 348 165 123 -1 -1 -1 0 
12 5 744 338 34 23 -1 -1 -1 0 
12 7 656 346 25 18 -1 -1 -1 0 
12 9 1 350 82 30 -1 -1 -1 0 
12 10 604 336 28 26 -1 -1 -1 0 
12 13 332 345 32 15 -1 -1 -1 0 
12 14 251 341 68 26 -1 -1 -1 0 
13 1 956 340 323 190 -1 -1 -1 0 
13 2 414 348 163 122 -1 -1 -1 0 
13 5 745 338 32 23 -1 -1 -1 0 
13 7 656 346 26 18 -1 -1 -1 0 
13 9 0 351 46 32 -1 -1 -1 0 
13 10 604 336 27 26 -1 -1 -1 0 
13 13 325 346 32 14 -1 -1 -1 0 
13 14 214 340 79 28 -1 -1 -1 0 
14 1 955 340 324 189 -1 -1 -1 0 
14 2 416 348 161 120 -1 -1 -1 0 
14 5 745 338 32 23 -1 -1 -1 0 
14 7 657 345 26 18 -1 -1 -1 0 
14 10 605 336 27 25 -1 -1 -1 0 
14 13 314 342 33 17 -1 -1 -1 0 
14 14 169 340 91 30 -1 -1 -1 0 
15 1 955 338 323 189 -1 -1 -1 0 
15 2 419 349 159 118 -1 -1 -1 0 
15 5 746 338 31 23 -1 -1 -1 0 
15 7 657 345 26 18 -1 -1 -1 0 
15 10 605 335 27 26 -1 -1 -1 0 
15 13 302 342 34 19 -1 -1 -1 0 
15 14 114 340 106 33 -1 -1 -1 0 
16 1 955 334 323 190 -1 -1 -1 0 
16 2 421 349 157 117 -1 -1 -1 0 
16 5 745 337 32 23 -1 -1 -1 0 
16 7 657 345 25 18 -1 -1 -1 0 
16 10 605 335 27 26 -1 -1 -1 0 
16 13 288 346 40 16 -1 -1 -1 0 
16 14 38 341 135 37 -1 -1 -1 0 
17 1 953 330 326 188 -1 -1 -1 0 
17 2 425 348 154 117 -1 -1 -1 0 
17 5 745 335 31 23 -1 -1 -1 0 
17 7 658 343 25 18 -1 -1 -1 0 
17 10 604 335 29 25 -1 -1 -1 0 
17 13 276 347 39 16 -1 -1 -1 0 
17 14 1 343 110 39 -1 -1 -1 0 
17 15 426 339 21 15 -1 -1 -1 0 
18 1 952 325 327 188 -1 -1 -1 0 
18 2 426 346 155 116 -1 -1 -1 0 
18 5 745 334 31 24 -1 -1 -1 0 
18 7 658 341 24 20 -1 -1 -1 0 
18 10 604 334 29 26 -1 -1 -1 0 
18 13 262 347 42 18 -1 -1 -1 0 
18 14 0 343 70 42 -1 -1 -1 0 
18 15 421 339 23 15 -1 -1 -1 0 
19 1 953 322 325 187 -1 -1 -1 0 
19 2 429 345 152 113 -1 -1 -1 0 
19 5 745 334 32 23 -1 -1 -1 0 
19 7 658 340 25 20 -1 -1 -1 0 
19 10 605 334 28 25 -1 -1 -1 0 
19 13 247 346 44 20 -1 -1 -1 0 
19 15 417 339 23 14 -1 -1 -1 0 
20 1 952 321 326 187 -1 -1 -1 0 
20 2 432 344 150 112 -1 -1 -1 0 
20 5 745 334 33 24 -1 -1 -1 0 
20 7 658 341 26 19 -1 -1 -1 0 
20 10 604 333 30 26 -1 -1 -1 0 
20 13 228 346 50 20 -1 -1 -1 0 
20 15 411 339 24 14 -1 -1 -1 0 
21 1 952 323 326 187 -1 -1 -1 0 
21 2 435 344 148 110 -1 -1 -1 0 
21 5 745 336 33 24 -1 -1 -1 0 
21 7 659 342 25 19 -1 -1 -1 0 
21 10 604 334 30 26 -1 -1 -1 0 
21 13 209 345 50 21 -1 -1 -1 0 
21 15 405 338 26 15 -1 -1 -1 0 
22 1 950 326 329 185 -1 -1 -1 0 
22 2 437 343 147 110 -1 -1 -1 0 
22 5 745 338 33 23 -1 -1 -1 0 
22 7 658 344 27 19 -1 -1 -1 0 
22 10 604 334 31 26 -1 -1 -1 0 
22 13 191 345 52 20 -1 -1 -1 0 
22 15 399 338 26 15 -1 -1 -1 0 
23 1 950 329 329 184 -1 -1 -1 0 
23 2 441 342 142 110 -1 -1 -1 0 
23 5 745 341 33 23 -1 -1 -1 0 
23 7 659 346 25 19 -1 -1 -1 0 
23 10 606 337 28 26 -1 -1 -1 0 
23 13 162 345 60 21 -1 -1 -1 0 
23 15 392 340 28 15 -1 -1 -1 0 
24 1 950 331 328 184 -1 -1 -1 0 
24 2 442 344 144 107 -1 -1 -1 0 
24 5 746 343 31 23 -1 -1 -1 0 
24 7 659 346 25 21 -1 -1 -1 0 
24 10 606 338 29 25 -1 -1 -1 0 
24 13 131 347 70 22 -1 -1 -1 0 
24 15 384 342 29 14 -1 -1 -1 0 
25 1 950 333 328 183 -1 -1 -1 0 
25 2 446 344 141 108 -1 -1 -1 0 
25 5 746 344 31 23 -1 -1 -1 0 
25 7 658 348 29 19 -1 -1 -1 0 
25 10 606 340 29 26 -1 -1 -1 0 
25 13 98 347 77 24 -1 -1 -1 0 
25 15 376 342 30 16 -1 -1 -1 0 
26 1 950 335 329 181 -1 -1 -1 0 
26 2 448 345 140 106 -1 -1 -1 0 
26 5 746 345 32 23 -1 -1 -1 0 
26 7 659 349 28 19 -1 -1 -1 0 
26 10 607 340 28 26 -1 -1 -1 0 
26 13 58 350 90 24 -1 -1 -1 0 
26 15 367 342 32 18 -1 -1 -1 0 
27 1 951 336 327 182 -1 -1 -1 0 
27 2 451 346 139 105 -1 -1 -1 0 
27 5 747 345 32 23 -1 -1 -1 0 
27 7 661 350 26 18 -1 -1 -1 0 
27 10 609 340 27 27 -1 -1 -1 0 
27 13 42 352 71 25 -1 -1 -1 0 
27 15 357 342 34 19 -1 -1 -1 0 
28 1 950 338 329 180 -1 -1 -1 0 
28 2 455 346 135 104 -1 -1 -1 0 
28 5 748 344 31 24 -1 -1 -1 0 
28 7 661 350 28 19 -1 -1 -1 0 
28 10 611 340 25 27 -1 -1 -1 0 
28 13 3 353 70 27 -1 -1 -1 0 
28 15 346 342 38 20 -1 -1 -1 0 
29 1 951 339 328 180 -1 -1 -1 0 
29 2 457 348 135 102 -1 -1 -1 0 
29 5 747 345 33 23 -1 -1 -1 0 
29 7 662 350 27 19 -1 -1 -1 0 
29 10 612 340 24 27 -1 -1 -1 0 
29 13 0 358 23 24 -1 -1 -1 0 
29 15 334 343 40 20 -1 -1 -1 0 
30 1 950 340 329 181 -1 -1 -1 0 
30 2 460 349 133 100 -1 -1 -1 0 
30 5 748 345 32 23 -1 -1 -1 0 
30 7 662 350 26 19 -1 -1 -1 0 
30 13 0 359 -5 25 -1 -1 -1 0 
30 15 322 342 40 22 -1 -1 -1 0 
31 1 950 341 329 181 -1 -1 -1 0 
31 2 462 351 131 98 -1 -1 -1 0 
31 5 747 345 33 23 -1 -1 -1 0 
31 7 662 351 26 18 -1 -1 -1 0 
31 15 305 341 45 24 -1 -1 -1 0 
32 1 948 341 331 180 -1 -1 -1 0 
32 2 465 352 129 97 -1 -1 -1 0 
32 5 747 345 33 23 -1 -1 -1 0 
32 7 662 349 24 21 -1 -1 -1 0 
32 15 295 341 47 25 -1 -1 -1 0 
33 1 947 341 332 178 -1 -1 -1 0 
33 2 467 353 127 95 -1 -1 -1 0 
33 5 746 344 32 24 -1 -1 -1 0 
33 7 661 350 26 20 -1 -1 -1 0 
33 10 611 342 26 26 -1 -1 -1 0 
33 15 262 346 59 22 -1 -1 -1 0 
34 1 946 340 333 176 -1 -1 -1 0 
34 2 469 352 125 96 -1 -1 -1 0 
34 5 746 343 31 25 -1 -1 -1 0 
34 7 661 350 25 20 -1 -1 -1 0 
34 10 611 343 26 25 -1 -1 -1 0 
34 15 249 347 62 22 -1 -1 -1 0 
35 1 945 339 334 174 -1 -1 -1 0 
35 2 470 352 124 94 -1 -1 -1 0 
35 5 745 342 32 26 -1 -1 -1 0 
35 7 660 349 25 21 -1 -1 -1 0 
35 10 610 340 26 27 -1 -1 -1 0 
35 15 216 345 64 25 -1 -1 -1 0 
36 1 945 336 334 175 -1 -1 -1 0 
36 2 472 351 122 93 -1 -1 -1 0 
36 5 744 341 31 25 -1 -1 -1 0 
36 7 658 349 27 20 -1 -1 -1 0 
36 10 610 340 26 27 -1 -1 -1 0 
36 15 184 345 73 26 -1 -1 -1 0 
37 1 944 334 335 175 -1 -1 -1 0 
37 2 472 349 122 92 -1 -1 -1 0 
37 5 743 339 32 26 -1 -1 -1 0 
37 7 659 348 26 20 -1 -1 -1 0 
37 15 149 343 82 28 -1 -1 -1 0 
38 1 943 331 335 176 -1 -1 -1 0 
38 2 474 347 120 92 -1 -1 -1 0 
38 5 743 338 31 26 -1 -1 -1 0 
38 7 658 347 26 19 -1 -1 -1 0 
38 15 105 341 97 30 -1 -1 -1 0 
39 1 941 331 338 175 -1 -1 -1 0 
39 2 475 345 119 91 -1 -1 -1 0 
39 5 742 338 32 26 -1 -1 -1 0 
39 7 658 347 25 19 -1 -1 -1 0 
39 10 457 330 22 22 -1 -1 -1 0 
39 15 57 340 107 32 -1 -1 -1 0 
40 1 940 331 339 174 -1 -1 -1 0 
40 2 477 343 117 91 -1 -1 -1 0 
40 5 740 338 34 25 -1 -1 -1 0 
40 7 657 346 26 20 -1 -1 -1 0 
40 10 442 329 23 22 -1 -1 -1 0 
40 15 7 338 109 34 -1 -1 -1 0 
