3 1 167 339 93 41 -1 -1 -1 0 
3 2 262 347 99 37 -1 -1 -1 0 
3 3 825 342 66 36 -1 -1 -1 0 
3 4 730 340 40 30 -1 -1 -1 0 
3 6 371 340 52 30 -1 -1 -1 0 
3 7 636 350 50 34 -1 -1 -1 0 
3 8 560 634 717 81 -1 -1 -1 0 
3 10 601 340 37 31 -1 -1 -1 0 
4 1 131 339 92 44 -1 -1 -1 0 
4 2 193 348 125 43 -1 -1 -1 0 
4 3 826 343 64 36 -1 -1 -1 0 
4 4 730 340 39 30 -1 -1 -1 0 
4 6 352 340 58 31 -1 -1 -1 0 
4 7 637 350 51 34 -1 -1 -1 0 
4 8 563 633 712 81 -1 -1 -1 0 
4 10 601 341 36 31 -1 -1 -1 0 
5 1 111 338 95 44 -1 -1 -1 0 
5 2 95 350 167 50 -1 -1 -1 0 
5 3 825 343 66 36 -1 -1 -1 0 
5 4 729 340 39 29 -1 -1 -1 0 
5 6 332 340 63 33 -1 -1 -1 0 
5 7 638 350 49 35 -1 -1 -1 0 
5 8 559 635 720 80 -1 -1 -1 0 
5 10 601 341 36 31 -1 -1 -1 0 
5 13 687 343 16 14 -1 -1 -1 0 
6 2 4 352 180 53 -1 -1 -1 0 
6 3 826 343 64 36 -1 -1 -1 0 
6 4 728 340 39 29 -1 -1 -1 0 
6 6 308 340 72 35 -1 -1 -1 0 
6 7 639 350 49 34 -1 -1 -1 0 
6 8 566 635 711 80 -1 -1 -1 0 
6 10 600 340 38 32 -1 -1 -1 0 
6 13 687 343 16 14 -1 -1 -1 0 
7 2 0 353 129 58 -1 -1 -1 0 
7 3 825 343 65 37 -1 -1 -1 0 
7 4 728 340 38 28 -1 -1 -1 0 
7 6 282 340 82 37 -1 -1 -1 0 
7 7 640 350 49 34 -1 -1 -1 0 
7 8 566 635 709 80 -1 -1 -1 0 
7 10 600 340 38 32 -1 -1 -1 0 
7 13 687 343 17 14 -1 -1 -1 0 
8 3 825 343 64 37 -1 -1 -1 0 
8 4 728 341 38 27 -1 -1 -1 0 
8 6 251 340 98 39 -1 -1 -1 0 
8 7 640 350 50 33 -1 -1 -1 0 
8 8 563 635 713 80 -1 -1 -1 0 
8 10 600 340 39 32 -1 -1 -1 0 
8 13 687 343 16 14 -1 -1 -1 0 
9 3 824 343 66 37 -1 -1 -1 0 
9 4 727 341 38 27 -1 -1 -1 0 
9 6 216 340 111 43 -1 -1 -1 0 
9 7 640 350 51 32 -1 -1 -1 0 
9 8 564 634 710 81 -1 -1 -1 0 
9 10 601 340 38 32 -1 -1 -1 0 
9 13 579 340 24 16 -1 -1 -1 0 
9 18 424 343 34 20 -1 -1 -1 0 
10 3 824 343 65 37 -1 -1 -1 0 
10 4 727 341 38 27 -1 -1 -1 0 
10 6 175 340 121 47 -1 -1 -1 0 
10 7 642 350 49 32 -1 -1 -1 0 
10 8 560 634 718 81 -1 -1 -1 0 
10 10 602 339 37 33 -1 -1 -1 0 
10 13 558 340 25 16 -1 -1 -1 0 
10 18 417 343 30 20 -1 -1 -1 0 
10 20 445 343 41 23 -1 -1 -1 0 
11 3 823 343 66 37 -1 -1 -1 0 
11 4 728 341 36 28 -1 -1 -1 0 
11 6 120 341 139 52 -1 -1 -1 0 
11 7 643 350 48 33 -1 -1 -1 0 
11 8 565 634 709 81 -1 -1 -1 0 
11 10 602 339 37 32 -1 -1 -1 0 
11 13 661 342 22 15 -1 -1 -1 0 
11 18 406 344 30 22 -1 -1 -1 0 
11 20 428 343 45 25 -1 -1 -1 0 
11 21 470 344 34 20 -1 -1 -1 0 
12 3 824 343 64 37 -1 -1 -1 0 
12 4 727 341 37 28 -1 -1 -1 0 
12 6 50 341 161 57 -1 -1 -1 0 
12 7 643 350 49 33 -1 -1 -1 0 
12 8 565 635 713 80 -1 -1 -1 0 
12 10 601 339 38 33 -1 -1 -1 0 
12 13 676 342 21 15 -1 -1 -1 0 
12 18 398 344 32 23 -1 -1 -1 0 
12 20 399 342 66 27 -1 -1 -1 0 
12 21 462 344 36 22 -1 -1 -1 0 
13 3 824 343 64 37 -1 -1 -1 0 
13 4 726 341 39 28 -1 -1 -1 0 
13 6 4 340 154 64 -1 -1 -1 0 
13 7 643 350 50 33 -1 -1 -1 0 
13 8 561 635 716 80 -1 -1 -1 0 
13 10 601 339 38 32 -1 -1 -1 0 
13 13 569 343 26 16 -1 -1 -1 0 
13 20 383 342 61 31 -1 -1 -1 0 
13 21 450 344 44 23 -1 -1 -1 0 
14 3 823 343 65 37 -1 -1 -1 0 
14 4 726 341 38 28 -1 -1 -1 0 
14 6 0 340 91 65 -1 -1 -1 0 
14 7 643 350 50 33 -1 -1 -1 0 
14 8 561 635 717 79 -1 -1 -1 0 
14 10 602 339 37 32 -1 -1 -1 0 
14 13 519 344 32 15 -1 -1 -1 0 
14 20 353 342 72 34 -1 -1 -1 0 
14 21 435 344 53 23 -1 -1 -1 0 
15 3 824 343 63 37 -1 -1 -1 0 
15 4 725 341 38 28 -1 -1 -1 0 
15 6 0 341 53 67 -1 -1 -1 0 
15 7 643 350 51 32 -1 -1 -1 0 
15 8 565 635 710 79 -1 -1 -1 0 
15 10 601 339 38 32 -1 -1 -1 0 
15 13 500 345 25 15 -1 -1 -1 0 
15 20 318 342 85 39 -1 -1 -1 0 
15 21 428 345 38 24 -1 -1 -1 0 
16 1 0 351 116 44 -1 -1 -1 0 
16 3 823 343 65 37 -1 -1 -1 0 
16 4 726 341 36 28 -1 -1 -1 0 
16 7 644 349 50 33 -1 -1 -1 0 
16 8 565 635 710 79 -1 -1 -1 0 
16 10 600 338 39 33 -1 -1 -1 0 
16 13 487 345 28 15 -1 -1 -1 0 
16 18 441 344 31 21 -1 -1 -1 0 
16 20 272 342 102 43 -1 -1 -1 0 
16 21 414 344 38 26 -1 -1 -1 0 
17 1 3 355 60 42 -1 -1 -1 0 
17 3 822 344 66 36 -1 -1 -1 0 
17 4 725 341 38 28 -1 -1 -1 0 
17 7 644 349 50 33 -1 -1 -1 0 
17 8 567 635 706 80 -1 -1 -1 0 
17 10 601 339 37 33 -1 -1 -1 0 
17 13 476 346 30 17 -1 -1 -1 0 
17 18 435 345 37 21 -1 -1 -1 0 
17 20 213 343 122 49 -1 -1 -1 0 
17 21 397 344 43 28 -1 -1 -1 0 
18 1 0 356 49 42 -1 -1 -1 0 
18 3 823 344 64 36 -1 -1 -1 0 
18 4 724 341 38 28 -1 -1 -1 0 
18 7 645 349 48 33 -1 -1 -1 0 
18 8 566 635 706 81 -1 -1 -1 0 
18 10 600 339 39 33 -1 -1 -1 0 
18 13 463 345 35 19 -1 -1 -1 0 
18 18 426 345 40 23 -1 -1 -1 0 
18 20 128 344 156 55 -1 -1 -1 0 
18 21 378 345 49 29 -1 -1 -1 0 
19 3 822 343 64 37 -1 -1 -1 0 
19 4 724 342 37 27 -1 -1 -1 0 
19 7 645 349 48 33 -1 -1 -1 0 
19 8 571 630 696 86 -1 -1 -1 0 
19 10 600 339 38 32 -1 -1 -1 0 
19 13 449 345 41 20 -1 -1 -1 0 
19 18 414 345 43 23 -1 -1 -1 0 
19 20 17 344 195 64 -1 -1 -1 0 
19 21 355 346 58 30 -1 -1 -1 0 
19 27 253 347 88 33 -1 -1 -1 0 
20 3 820 343 67 36 -1 -1 -1 0 
20 4 723 341 37 27 -1 -1 -1 0 
20 7 645 348 48 32 -1 -1 -1 0 
20 8 554 633 725 82 -1 -1 -1 0 
20 10 601 339 36 32 -1 -1 -1 0 
20 13 436 345 45 21 -1 -1 -1 0 
20 18 407 345 38 21 -1 -1 -1 0 
20 20 1 345 105 67 -1 -1 -1 0 
20 21 330 346 62 33 -1 -1 -1 0 
20 27 218 347 83 35 -1 -1 -1 0 
21 3 821 343 64 36 -1 -1 -1 0 
21 4 724 341 35 27 -1 -1 -1 0 
21 7 646 348 47 32 -1 -1 -1 0 
21 8 559 635 720 80 -1 -1 -1 0 
21 10 600 339 38 32 -1 -1 -1 0 
21 13 422 345 45 22 -1 -1 -1 0 
21 18 382 344 29 21 -1 -1 -1 0 
21 20 0 345 54 71 -1 -1 -1 0 
21 21 298 347 72 35 -1 -1 -1 0 
21 27 171 348 101 38 -1 -1 -1 0 
22 3 819 343 67 36 -1 -1 -1 0 
22 4 723 341 36 27 -1 -1 -1 0 
22 7 646 348 46 32 -1 -1 -1 0 
22 8 569 635 705 80 -1 -1 -1 0 
22 10 599 340 39 31 -1 -1 -1 0 
22 13 389 345 68 24 -1 -1 -1 0 
22 18 364 344 28 21 -1 -1 -1 0 
22 21 260 348 83 37 -1 -1 -1 0 
22 27 118 349 115 42 -1 -1 -1 0 
23 3 819 343 67 36 -1 -1 -1 0 
23 4 723 341 36 27 -1 -1 -1 0 
23 7 646 348 47 31 -1 -1 -1 0 
23 8 566 634 710 81 -1 -1 -1 0 
23 10 600 340 37 31 -1 -1 -1 0 
23 13 368 345 70 25 -1 -1 -1 0 
23 18 347 343 35 22 -1 -1 -1 0 
23 21 214 348 97 40 -1 -1 -1 0 
23 27 47 348 142 48 -1 -1 -1 0 
24 3 820 343 64 36 -1 -1 -1 0 
24 4 723 341 35 27 -1 -1 -1 0 
24 7 647 348 45 31 -1 -1 -1 0 
24 8 561 634 717 81 -1 -1 -1 0 
24 10 599 340 38 31 -1 -1 -1 0 
24 13 347 346 72 27 -1 -1 -1 0 
24 18 332 345 35 21 -1 -1 -1 0 
24 21 151 349 120 45 -1 -1 -1 0 
24 27 2 349 133 53 -1 -1 -1 0 
25 3 820 343 64 36 -1 -1 -1 0 
25 4 722 341 36 27 -1 -1 -1 0 
25 7 648 346 43 33 -1 -1 -1 0 
25 8 564 635 712 80 -1 -1 -1 0 
25 10 599 340 38 30 -1 -1 -1 0 
25 13 317 346 78 32 -1 -1 -1 0 
25 18 322 345 36 21 -1 -1 -1 0 
25 21 70 350 148 52 -1 -1 -1 0 
25 27 0 351 64 53 -1 -1 -1 0 
25 35 489 343 24 17 -1 -1 -1 0 
26 3 819 343 66 36 -1 -1 -1 0 
26 4 722 341 36 27 -1 -1 -1 0 
26 7 648 346 44 33 -1 -1 -1 0 
26 8 566 636 711 79 -1 -1 -1 0 
26 10 600 340 37 30 -1 -1 -1 0 
26 13 273 345 98 38 -1 -1 -1 0 
26 21 7 351 137 58 -1 -1 -1 0 
26 27 0 351 22 56 -1 -1 -1 0 
26 35 486 343 25 18 -1 -1 -1 0 
27 3 819 343 65 37 -1 -1 -1 0 
27 4 721 341 36 27 -1 -1 -1 0 
27 7 647 346 46 33 -1 -1 -1 0 
27 8 566 636 710 79 -1 -1 -1 0 
27 10 600 340 37 30 -1 -1 -1 0 
27 13 279 345 70 35 -1 -1 -1 0 
27 21 0 353 91 47 -1 -1 -1 0 
27 35 476 343 28 19 -1 -1 -1 0 
28 3 818 343 66 37 -1 -1 -1 0 
28 4 720 341 37 27 -1 -1 -1 0 
28 7 647 347 45 31 -1 -1 -1 0 
28 8 565 634 709 81 -1 -1 -1 0 
28 10 600 340 37 30 -1 -1 -1 0 
28 13 257 345 77 35 -1 -1 -1 0 
28 21 0 353 53 50 -1 -1 -1 0 
28 35 469 343 30 21 -1 -1 -1 0 
29 3 819 344 64 36 -1 -1 -1 0 
29 4 719 341 37 27 -1 -1 -1 0 
29 7 648 348 44 30 -1 -1 -1 0 
29 8 561 634 715 81 -1 -1 -1 0 
29 10 599 340 38 30 -1 -1 -1 0 
29 13 219 347 79 37 -1 -1 -1 0 
29 18 269 347 45 28 -1 -1 -1 0 
29 35 459 343 35 22 -1 -1 -1 0 
29 39 16 352 209 51 -1 -1 -1 0 
30 3 818 344 66 37 -1 -1 -1 0 
30 4 720 341 36 28 -1 -1 -1 0 
30 7 649 348 42 30 -1 -1 -1 0 
30 8 570 635 705 79 -1 -1 -1 0 
30 10 599 341 37 30 -1 -1 -1 0 
30 13 174 350 93 39 -1 -1 -1 0 
30 18 233 348 63 30 -1 -1 -1 0 
30 35 450 345 35 22 -1 -1 -1 0 
30 39 1 357 122 55 -1 -1 -1 0 
31 3 818 344 66 36 -1 -1 -1 0 
31 4 720 341 36 27 -1 -1 -1 0 
31 7 650 346 41 31 -1 -1 -1 0 
31 8 565 635 710 80 -1 -1 -1 0 
31 10 600 341 36 30 -1 -1 -1 0 
31 13 119 351 112 42 -1 -1 -1 0 
31 18 201 347 70 33 -1 -1 -1 0 
31 35 439 343 37 24 -1 -1 -1 0 
31 39 0 359 73 59 -1 -1 -1 0 
32 3 818 343 66 36 -1 -1 -1 0 
32 4 721 340 34 28 -1 -1 -1 0 
32 7 649 346 42 30 -1 -1 -1 0 
32 8 559 634 718 81 -1 -1 -1 0 
32 10 600 340 36 30 -1 -1 -1 0 
32 13 52 352 138 45 -1 -1 -1 0 
32 18 164 347 79 35 -1 -1 -1 0 
32 35 426 343 42 25 -1 -1 -1 0 
33 3 819 343 64 36 -1 -1 -1 0 
33 4 720 341 36 27 -1 -1 -1 0 
33 7 650 345 41 32 -1 -1 -1 0 
33 8 560 635 719 79 -1 -1 -1 0 
33 10 600 340 37 30 -1 -1 -1 0 
33 13 5 354 118 49 -1 -1 -1 0 
33 18 114 348 95 39 -1 -1 -1 0 
33 35 413 343 48 26 -1 -1 -1 0 
34 3 818 343 65 36 -1 -1 -1 0 
34 4 720 341 35 27 -1 -1 -1 0 
34 7 649 345 43 32 -1 -1 -1 0 
34 8 561 635 715 79 -1 -1 -1 0 
34 10 601 340 35 29 -1 -1 -1 0 
34 13 0 357 54 49 -1 -1 -1 0 
34 18 52 348 115 44 -1 -1 -1 0 
34 35 398 343 53 29 -1 -1 -1 0 
35 3 819 342 64 37 -1 -1 -1 0 
35 4 719 340 36 27 -1 -1 -1 0 
35 7 650 345 41 31 -1 -1 -1 0 
35 8 581 635 690 79 -1 -1 -1 0 
35 10 601 340 35 29 -1 -1 -1 0 
35 13 0 358 14 51 -1 -1 -1 0 
35 18 5 348 107 49 -1 -1 -1 0 
35 35 378 343 67 30 -1 -1 -1 0 
36 3 818 342 65 37 -1 -1 -1 0 
36 4 718 340 36 27 -1 -1 -1 0 
36 7 649 345 42 30 -1 -1 -1 0 
36 8 565 635 711 80 -1 -1 -1 0 
36 10 600 340 36 29 -1 -1 -1 0 
36 18 0 348 52 51 -1 -1 -1 0 
36 35 362 343 60 32 -1 -1 -1 0 
36 46 0 436 131 276 -1 -1 -1 0 
37 3 818 342 65 36 -1 -1 -1 0 
37 4 718 339 35 28 -1 -1 -1 0 
37 7 650 344 40 31 -1 -1 -1 0 
37 8 563 635 713 80 -1 -1 -1 0 
37 10 601 340 33 29 -1 -1 -1 0 
37 18 0 349 17 52 -1 -1 -1 0 
37 35 381 343 35 28 -1 -1 -1 0 
37 46 0 427 167 285 -1 -1 -1 0 
37 48 429 343 48 24 -1 -1 -1 0 
38 3 819 342 63 37 -1 -1 -1 0 
38 4 717 340 37 27 -1 -1 -1 0 
38 7 649 344 42 30 -1 -1 -1 0 
38 8 567 635 711 79 -1 -1 -1 0 
38 10 599 341 37 28 -1 -1 -1 0 
38 35 371 343 41 29 -1 -1 -1 0 
38 46 0 420 198 291 -1 -1 -1 0 
38 48 436 344 31 21 -1 -1 -1 0 
39 3 818 343 65 36 -1 -1 -1 0 
39 4 716 340 38 27 -1 -1 -1 0 
39 7 649 345 42 30 -1 -1 -1 0 
39 8 563 634 713 80 -1 -1 -1 0 
39 10 600 341 35 29 -1 -1 -1 0 
39 35 350 343 50 30 -1 -1 -1 0 
39 46 0 414 226 295 -1 -1 -1 0 
39 48 417 345 46 21 -1 -1 -1 0 
39 51 277 344 77 39 -1 -1 -1 0 
40 3 818 343 64 36 -1 -1 -1 0 
40 4 716 340 37 27 -1 -1 -1 0 
40 7 649 345 42 30 -1 -1 -1 0 
40 8 562 634 715 80 -1 -1 -1 0 
40 10 599 342 37 28 -1 -1 -1 0 
40 35 329 344 51 31 -1 -1 -1 0 
40 46 0 408 252 300 -1 -1 -1 0 
40 48 407 345 47 23 -1 -1 -1 0 
40 51 234 344 93 44 -1 -1 -1 0 
