3 1 226 363 281 158 -1 -1 -1 0 
3 2 669 339 16 15 -1 -1 -1 0 
3 3 567 332 36 28 -1 -1 -1 0 
3 5 626 340 15 14 -1 -1 -1 0 
4 1 229 363 279 157 -1 -1 -1 0 
4 2 669 340 17 15 -1 -1 -1 0 
4 3 567 332 35 28 -1 -1 -1 0 
4 5 625 340 17 14 -1 -1 -1 0 
4 6 192 349 89 24 -1 -1 -1 0 
5 1 231 363 278 156 -1 -1 -1 0 
5 2 668 340 18 15 -1 -1 -1 0 
5 3 566 332 36 29 -1 -1 -1 0 
5 6 240 352 53 20 -1 -1 -1 0 
6 1 234 362 275 156 -1 -1 -1 0 
6 2 669 341 16 14 -1 -1 -1 0 
6 3 565 332 38 29 -1 -1 -1 0 
6 5 640 341 20 14 -1 -1 -1 0 
6 6 232 353 54 20 -1 -1 -1 0 
7 1 235 362 275 155 -1 -1 -1 0 
7 2 669 340 16 15 -1 -1 -1 0 
7 3 565 333 37 28 -1 -1 -1 0 
7 5 643 342 21 14 -1 -1 -1 0 
7 6 208 354 61 21 -1 -1 -1 0 
7 9 36 351 131 32 -1 -1 -1 0 
8 1 238 362 273 155 -1 -1 -1 0 
8 2 669 340 17 15 -1 -1 -1 0 
8 3 566 333 36 28 -1 -1 -1 0 
8 6 177 355 66 21 -1 -1 -1 0 
8 9 5 352 136 32 -1 -1 -1 0 
9 1 240 363 271 154 -1 -1 -1 0 
9 2 670 340 16 15 -1 -1 -1 0 
9 3 566 333 36 28 -1 -1 -1 0 
9 6 140 356 74 23 -1 -1 -1 0 
10 1 243 363 269 154 -1 -1 -1 0 
10 2 670 340 16 15 -1 -1 -1 0 
10 3 566 333 36 28 -1 -1 -1 0 
10 5 643 340 19 17 -1 -1 -1 0 
10 6 95 357 86 24 -1 -1 -1 0 
11 1 245 363 269 152 -1 -1 -1 0 
11 2 670 340 16 15 -1 -1 -1 0 
11 3 565 333 38 29 -1 -1 -1 0 
11 5 633 341 15 14 -1 -1 -1 0 
11 6 41 358 100 25 -1 -1 -1 0 
12 1 247 363 267 151 -1 -1 -1 0 
12 2 670 340 17 15 -1 -1 -1 0 
12 3 564 332 39 29 -1 -1 -1 0 
12 5 639 341 19 14 -1 -1 -1 0 
12 6 3 358 88 27 -1 -1 -1 0 
13 1 250 361 264 152 -1 -1 -1 0 
13 2 670 341 18 13 -1 -1 -1 0 
13 3 563 332 40 29 -1 -1 -1 0 
13 5 631 341 16 13 -1 -1 -1 0 
13 6 0 357 34 28 -1 -1 -1 0 
14 1 251 361 264 150 -1 -1 -1 0 
14 2 670 341 18 13 -1 -1 -1 0 
14 5 638 341 18 13 -1 -1 -1 0 
14 6 0 357 1 29 -1 -1 -1 0 
15 1 252 360 264 149 -1 -1 -1 0 
15 2 648 339 19 15 -1 -1 -1 0 
15 3 564 330 38 28 -1 -1 -1 0 
15 5 660 339 16 15 -1 -1 -1 0 
16 1 255 359 261 149 -1 -1 -1 0 
16 2 643 339 19 15 -1 -1 -1 0 
16 3 564 330 37 28 -1 -1 -1 0 
16 5 666 341 19 13 -1 -1 -1 0 
17 1 256 359 261 148 -1 -1 -1 0 
17 2 641 338 19 16 -1 -1 -1 0 
17 3 564 329 37 29 -1 -1 -1 0 
17 5 670 339 17 15 -1 -1 -1 0 
17 12 383 347 33 12 -1 -1 -1 0 
18 1 258 358 260 148 -1 -1 -1 0 
18 2 659 340 19 14 -1 -1 -1 0 
18 3 564 329 37 29 -1 -1 -1 0 
18 5 674 339 16 15 -1 -1 -1 0 
18 12 371 348 34 12 -1 -1 -1 0 
19 1 261 358 257 147 -1 -1 -1 0 
19 2 667 341 17 13 -1 -1 -1 0 
19 3 564 329 38 29 -1 -1 -1 0 
19 5 651 339 18 15 -1 -1 -1 0 
19 12 357 348 35 12 -1 -1 -1 0 
20 1 261 358 259 146 -1 -1 -1 0 
20 2 670 341 16 13 -1 -1 -1 0 
20 3 564 329 38 29 -1 -1 -1 0 
20 5 646 338 18 15 -1 -1 -1 0 
20 12 342 349 38 14 -1 -1 -1 0 
20 14 414 346 37 13 -1 -1 -1 0 
21 1 264 359 256 146 -1 -1 -1 0 
21 2 672 342 15 12 -1 -1 -1 0 
21 3 564 329 37 30 -1 -1 -1 0 
21 5 646 338 19 15 -1 -1 -1 0 
21 12 325 351 40 15 -1 -1 -1 0 
21 14 402 348 41 12 -1 -1 -1 0 
22 1 266 360 255 145 -1 -1 -1 0 
22 2 673 342 15 12 -1 -1 -1 0 
22 3 564 329 37 30 -1 -1 -1 0 
22 5 644 338 18 16 -1 -1 -1 0 
22 12 306 352 44 15 -1 -1 -1 0 
22 14 392 349 40 11 -1 -1 -1 0 
23 1 269 360 252 146 -1 -1 -1 0 
23 2 674 342 14 12 -1 -1 -1 0 
23 5 644 339 18 15 -1 -1 -1 0 
23 12 283 353 52 15 -1 -1 -1 0 
23 14 382 349 41 12 -1 -1 -1 0 
24 1 269 360 254 145 -1 -1 -1 0 
24 2 673 342 15 12 -1 -1 -1 0 
24 5 644 341 19 13 -1 -1 -1 0 
24 12 260 355 56 14 -1 -1 -1 0 
24 14 372 350 40 13 -1 -1 -1 0 
25 1 271 359 251 146 -1 -1 -1 0 
25 2 673 341 15 12 -1 -1 -1 0 
25 5 644 341 19 14 -1 -1 -1 0 
25 12 232 356 61 15 -1 -1 -1 0 
25 14 359 351 39 14 -1 -1 -1 0 
26 1 272 359 252 145 -1 -1 -1 0 
26 2 673 341 15 12 -1 -1 -1 0 
26 12 214 357 63 15 -1 -1 -1 0 
26 14 343 350 43 16 -1 -1 -1 0 
27 1 272 358 252 144 -1 -1 -1 0 
27 2 672 341 16 12 -1 -1 -1 0 
27 3 563 330 39 29 -1 -1 -1 0 
27 12 168 357 72 16 -1 -1 -1 0 
27 14 330 350 42 16 -1 -1 -1 0 
28 1 274 357 250 144 -1 -1 -1 0 
28 2 673 341 15 12 -1 -1 -1 0 
28 3 564 330 37 29 -1 -1 -1 0 
28 12 127 357 82 18 -1 -1 -1 0 
28 14 310 350 50 17 -1 -1 -1 0 
29 1 276 357 248 143 -1 -1 -1 0 
29 2 672 340 15 14 -1 -1 -1 0 
29 3 563 330 39 29 -1 -1 -1 0 
29 5 643 341 20 14 -1 -1 -1 0 
29 12 75 358 94 20 -1 -1 -1 0 
29 14 293 351 50 17 -1 -1 -1 0 
30 1 276 357 250 143 -1 -1 -1 0 
30 2 671 341 18 15 -1 -1 -1 0 
30 3 563 331 39 28 -1 -1 -1 0 
30 5 643 342 19 15 -1 -1 -1 0 
30 12 8 360 116 23 -1 -1 -1 0 
30 14 272 352 53 18 -1 -1 -1 0 
31 1 278 358 247 143 -1 -1 -1 0 
31 2 672 343 16 15 -1 -1 -1 0 
31 5 642 342 20 17 -1 -1 -1 0 
31 12 0 364 69 22 -1 -1 -1 0 
31 14 250 354 53 19 -1 -1 -1 0 
32 1 280 358 246 144 -1 -1 -1 0 
32 2 672 343 17 16 -1 -1 -1 0 
32 5 642 342 20 17 -1 -1 -1 0 
32 12 0 365 35 23 -1 -1 -1 0 
32 14 223 355 59 21 -1 -1 -1 0 
33 1 281 360 246 143 -1 -1 -1 0 
33 2 672 344 17 16 -1 -1 -1 0 
33 14 189 357 68 21 -1 -1 -1 0 
34 1 283 362 244 143 -1 -1 -1 0 
34 2 672 344 17 16 -1 -1 -1 0 
34 14 152 359 74 22 -1 -1 -1 0 
35 1 285 362 242 143 -1 -1 -1 0 
35 2 671 344 19 16 -1 -1 -1 0 
35 3 563 333 37 29 -1 -1 -1 0 
35 5 415 352 51 15 -1 -1 -1 0 
35 14 105 360 89 23 -1 -1 -1 0 
35 24 318 358 39 15 -1 -1 -1 0 
36 1 286 363 242 143 -1 -1 -1 0 
36 2 672 344 18 16 -1 -1 -1 0 
36 3 562 334 39 29 -1 -1 -1 0 
36 5 372 354 59 14 -1 -1 -1 0 
36 14 49 361 103 26 -1 -1 -1 0 
36 24 301 359 41 15 -1 -1 -1 0 
37 1 287 364 242 142 -1 -1 -1 0 
37 2 672 343 17 16 -1 -1 -1 0 
37 3 562 334 40 29 -1 -1 -1 0 
37 5 348 355 44 15 -1 -1 -1 0 
37 14 3 363 97 28 -1 -1 -1 0 
37 24 281 359 45 15 -1 -1 -1 0 
37 26 245 360 37 14 -1 -1 -1 0 
38 1 288 364 240 143 -1 -1 -1 0 
38 2 671 341 18 16 -1 -1 -1 0 
38 3 563 334 38 28 -1 -1 -1 0 
38 5 320 355 49 17 -1 -1 -1 0 
38 14 0 364 131 27 -1 -1 -1 0 
38 24 259 359 48 15 -1 -1 -1 0 
38 26 228 359 37 15 -1 -1 -1 0 
39 1 288 364 242 141 -1 -1 -1 0 
39 2 672 340 16 17 -1 -1 -1 0 
39 3 563 334 38 28 -1 -1 -1 0 
39 5 331 355 40 15 -1 -1 -1 0 
39 14 0 365 121 28 -1 -1 -1 0 
39 24 275 357 58 16 -1 -1 -1 0 
39 26 229 359 51 16 -1 -1 -1 0 
40 1 290 363 239 142 -1 -1 -1 0 
40 2 671 340 18 16 -1 -1 -1 0 
40 3 563 332 37 30 -1 -1 -1 0 
40 5 313 355 52 14 -1 -1 -1 0 
40 24 263 356 56 15 -1 -1 -1 0 
40 26 211 358 56 18 -1 -1 -1 0 
