3 1 1134 335 145 89 -1 -1 -1 0 
3 3 234 355 92 39 -1 -1 -1 0 
4 1 1143 335 136 90 -1 -1 -1 0 
4 3 176 355 108 45 -1 -1 -1 0 
5 1 1153 335 125 91 -1 -1 -1 0 
5 3 98 358 140 50 -1 -1 -1 0 
6 1 1160 335 119 86 -1 -1 -1 0 
6 3 8 361 165 58 -1 -1 -1 0 
7 1 1172 335 107 84 -1 -1 -1 0 
7 3 0 363 92 61 -1 -1 -1 0 
7 4 499 348 23 17 -1 -1 -1 0 
8 1 1185 336 93 83 -1 -1 -1 0 
8 3 0 365 44 65 -1 -1 -1 0 
8 4 491 348 24 18 -1 -1 -1 0 
9 1 1197 339 82 80 -1 -1 -1 0 
9 4 482 349 26 18 -1 -1 -1 0 
10 1 1209 346 70 75 -1 -1 -1 0 
10 4 474 350 28 18 -1 -1 -1 0 
11 1 1222 356 57 67 -1 -1 -1 0 
11 4 466 351 26 19 -1 -1 -1 0 
12 1 1237 362 42 63 -1 -1 -1 0 
12 4 454 352 31 19 -1 -1 -1 0 
13 1 1251 367 28 58 -1 -1 -1 0 
13 4 442 352 31 21 -1 -1 -1 0 
14 1 1260 371 19 55 -1 -1 -1 0 
14 4 428 353 35 21 -1 -1 -1 0 
15 4 414 353 36 22 -1 -1 -1 0 
15 5 516 345 33 18 -1 -1 -1 0 
15 7 751 337 21 18 -1 -1 -1 0 
16 4 397 353 40 24 -1 -1 -1 0 
16 5 510 345 32 18 -1 -1 -1 0 
16 7 752 337 20 18 -1 -1 -1 0 
17 4 379 353 45 27 -1 -1 -1 0 
17 5 503 346 33 18 -1 -1 -1 0 
17 7 752 337 20 18 -1 -1 -1 0 
17 8 428 350 46 25 -1 -1 -1 0 
18 4 358 353 48 29 -1 -1 -1 0 
18 5 495 347 29 18 -1 -1 -1 0 
18 7 751 337 21 18 -1 -1 -1 0 
18 8 405 351 49 27 -1 -1 -1 0 
19 4 344 353 51 31 -1 -1 -1 0 
19 5 487 347 29 19 -1 -1 -1 0 
19 7 751 337 21 18 -1 -1 -1 0 
19 8 341 351 72 32 -1 -1 -1 0 
20 5 461 348 49 19 -1 -1 -1 0 
20 7 751 337 21 18 -1 -1 -1 0 
20 8 303 352 95 37 -1 -1 -1 0 
21 5 448 348 49 20 -1 -1 -1 0 
21 7 751 336 21 19 -1 -1 -1 0 
21 8 269 352 96 42 -1 -1 -1 0 
21 9 561 633 713 82 -1 -1 -1 0 
22 5 437 348 49 22 -1 -1 -1 0 
22 7 750 336 23 20 -1 -1 -1 0 
22 8 203 353 120 49 -1 -1 -1 0 
22 9 560 632 717 83 -1 -1 -1 0 
23 5 427 348 46 25 -1 -1 -1 0 
23 7 750 335 23 20 -1 -1 -1 0 
23 8 142 356 128 54 -1 -1 -1 0 
23 9 558 633 719 82 -1 -1 -1 0 
24 5 416 348 47 27 -1 -1 -1 0 
24 7 750 335 24 20 -1 -1 -1 0 
24 8 142 358 81 49 -1 -1 -1 0 
24 9 556 633 723 83 -1 -1 -1 0 
25 5 398 349 55 28 -1 -1 -1 0 
25 7 749 336 25 19 -1 -1 -1 0 
25 8 105 359 85 52 -1 -1 -1 0 
25 9 558 633 720 82 -1 -1 -1 0 
26 1 525 349 24 16 -1 -1 -1 0 
26 5 376 350 64 29 -1 -1 -1 0 
26 7 749 337 25 19 -1 -1 -1 0 
26 8 4 363 94 57 -1 -1 -1 0 
26 9 557 632 722 83 -1 -1 -1 0 
27 1 497 349 24 15 -1 -1 -1 0 
27 5 350 350 75 33 -1 -1 -1 0 
27 7 749 337 25 19 -1 -1 -1 0 
27 8 0 364 51 61 -1 -1 -1 0 
28 1 456 348 21 13 -1 -1 -1 0 
28 5 317 351 94 34 -1 -1 -1 0 
28 7 750 337 24 19 -1 -1 -1 0 
29 5 287 352 72 37 -1 -1 -1 0 
29 7 749 337 25 19 -1 -1 -1 0 
30 4 460 350 33 21 -1 -1 -1 0 
30 5 235 353 89 41 -1 -1 -1 0 
30 7 750 336 24 20 -1 -1 -1 0 
30 9 559 632 718 83 -1 -1 -1 0 
31 4 454 350 38 20 -1 -1 -1 0 
31 5 173 354 108 46 -1 -1 -1 0 
31 7 749 336 26 20 -1 -1 -1 0 
31 9 559 632 718 83 -1 -1 -1 0 
32 4 441 352 48 19 -1 -1 -1 0 
32 5 91 356 136 52 -1 -1 -1 0 
32 7 749 336 26 19 -1 -1 -1 0 
33 4 429 354 23 20 -1 -1 -1 0 
33 5 11 358 139 60 -1 -1 -1 0 
33 7 750 335 25 20 -1 -1 -1 0 
33 9 560 633 716 82 -1 -1 -1 0 
34 4 431 354 23 20 -1 -1 -1 0 
34 5 0 359 107 62 -1 -1 -1 0 
34 7 749 335 27 20 -1 -1 -1 0 
34 9 557 634 722 81 -1 -1 -1 0 
35 7 749 335 26 20 -1 -1 -1 0 
35 9 570 634 704 81 -1 -1 -1 0 
36 7 749 337 25 17 -1 -1 -1 0 
36 9 566 634 708 81 -1 -1 -1 0 
37 7 748 336 29 18 -1 -1 -1 0 
37 9 557 634 721 81 -1 -1 -1 0 
37 22 116 364 61 43 -1 -1 -1 0 
38 7 748 336 29 18 -1 -1 -1 0 
38 9 558 634 719 81 -1 -1 -1 0 
38 22 95 366 63 45 -1 -1 -1 0 
39 7 750 336 24 18 -1 -1 -1 0 
39 9 558 634 719 81 -1 -1 -1 0 
39 24 688 339 20 12 -1 -1 -1 0 
40 4 422 354 39 20 -1 -1 -1 0 
40 7 750 337 23 18 -1 -1 -1 0 
40 9 559 634 718 80 -1 -1 -1 0 
40 24 688 338 20 13 -1 -1 -1 0 
