3 1 437 355 164 111 -1 -1 -1 0 
3 2 815 356 133 81 -1 -1 -1 0 
3 3 38 312 233 86 -1 -1 -1 0 
3 4 623 342 34 30 -1 -1 -1 0 
3 5 691 350 28 21 -1 -1 -1 0 
3 6 719 343 23 22 -1 -1 -1 0 
3 7 764 346 25 21 -1 -1 -1 0 
3 8 802 347 43 22 -1 -1 -1 0 
4 1 440 355 163 108 -1 -1 -1 0 
4 2 815 357 131 81 -1 -1 -1 0 
4 3 4 308 221 94 -1 -1 -1 0 
4 4 624 343 32 30 -1 -1 -1 0 
4 5 520 347 38 21 -1 -1 -1 0 
4 6 719 344 24 22 -1 -1 -1 0 
4 7 708 350 28 21 -1 -1 -1 0 
4 8 775 348 26 21 -1 -1 -1 0 
5 1 443 354 160 107 -1 -1 -1 0 
5 2 813 357 133 81 -1 -1 -1 0 
5 3 0 300 179 99 -1 -1 -1 0 
5 4 623 343 34 30 -1 -1 -1 0 
5 5 459 345 35 23 -1 -1 -1 0 
5 6 719 344 24 21 -1 -1 -1 0 
5 7 690 350 29 21 -1 -1 -1 0 
5 8 763 347 26 20 -1 -1 -1 0 
6 1 447 352 157 107 -1 -1 -1 0 
6 2 813 357 132 80 -1 -1 -1 0 
6 3 0 296 122 104 -1 -1 -1 0 
6 4 623 341 34 30 -1 -1 -1 0 
6 5 433 343 42 25 -1 -1 -1 0 
6 6 718 342 25 22 -1 -1 -1 0 
6 7 686 349 28 22 -1 -1 -1 0 
6 8 786 347 42 21 -1 -1 -1 0 
7 1 449 352 156 105 -1 -1 -1 0 
7 2 813 357 130 80 -1 -1 -1 0 
7 3 0 291 47 108 -1 -1 -1 0 
7 4 624 341 32 30 -1 -1 -1 0 
7 5 415 342 47 28 -1 -1 -1 0 
7 6 718 343 25 21 -1 -1 -1 0 
7 7 685 350 29 21 -1 -1 -1 0 
7 8 772 347 27 20 -1 -1 -1 0 
8 1 452 352 155 104 -1 -1 -1 0 
8 2 812 356 130 79 -1 -1 -1 0 
8 3 0 287 5 113 -1 -1 -1 0 
8 4 624 341 33 30 -1 -1 -1 0 
8 5 395 343 53 31 -1 -1 -1 0 
8 6 719 343 24 21 -1 -1 -1 0 
8 7 685 349 29 21 -1 -1 -1 0 
8 8 765 345 25 21 -1 -1 -1 0 
9 1 456 354 151 105 -1 -1 -1 0 
9 2 812 356 128 79 -1 -1 -1 0 
9 4 623 344 35 28 -1 -1 -1 0 
9 5 374 346 58 33 -1 -1 -1 0 
9 6 719 345 24 20 -1 -1 -1 0 
9 7 686 352 29 20 -1 -1 -1 0 
9 8 762 346 26 20 -1 -1 -1 0 
10 1 457 357 152 103 -1 -1 -1 0 
10 2 811 356 128 79 -1 -1 -1 0 
10 4 624 345 33 28 -1 -1 -1 0 
10 5 348 348 66 37 -1 -1 -1 0 
10 6 719 345 24 20 -1 -1 -1 0 
10 7 687 352 28 21 -1 -1 -1 0 
10 8 761 346 27 21 -1 -1 -1 0 
10 12 801 348 29 21 -1 -1 -1 0 
10 13 490 348 30 15 -1 -1 -1 0 
11 1 459 359 150 102 -1 -1 -1 0 
11 2 810 357 128 78 -1 -1 -1 0 
11 4 623 347 34 27 -1 -1 -1 0 
11 5 316 352 75 41 -1 -1 -1 0 
11 6 720 347 22 19 -1 -1 -1 0 
11 7 686 353 28 20 -1 -1 -1 0 
11 8 761 346 26 22 -1 -1 -1 0 
11 12 800 349 28 20 -1 -1 -1 0 
11 13 485 351 27 15 -1 -1 -1 0 
12 1 460 361 150 101 -1 -1 -1 0 
12 2 809 357 127 77 -1 -1 -1 0 
12 4 623 347 32 27 -1 -1 -1 0 
12 5 276 354 88 45 -1 -1 -1 0 
12 6 720 347 22 19 -1 -1 -1 0 
12 7 687 353 26 21 -1 -1 -1 0 
12 8 760 347 27 21 -1 -1 -1 0 
12 12 799 350 28 19 -1 -1 -1 0 
12 13 481 352 24 17 -1 -1 -1 0 
13 1 462 361 148 101 -1 -1 -1 0 
13 2 808 356 125 77 -1 -1 -1 0 
13 4 622 346 33 28 -1 -1 -1 0 
13 5 227 354 102 51 -1 -1 -1 0 
13 6 719 346 22 19 -1 -1 -1 0 
13 7 735 349 26 21 -1 -1 -1 0 
13 8 710 350 27 20 -1 -1 -1 0 
13 12 798 348 27 19 -1 -1 -1 0 
13 13 473 351 26 18 -1 -1 -1 0 
14 1 462 360 147 100 -1 -1 -1 0 
14 2 806 355 124 77 -1 -1 -1 0 
14 4 620 346 34 28 -1 -1 -1 0 
14 5 155 355 132 59 -1 -1 -1 0 
14 6 717 345 23 19 -1 -1 -1 0 
14 7 751 346 26 21 -1 -1 -1 0 
14 8 690 350 28 21 -1 -1 -1 0 
14 12 796 348 29 18 -1 -1 -1 0 
14 13 463 350 28 19 -1 -1 -1 0 
15 1 463 359 145 97 -1 -1 -1 0 
15 2 804 353 123 77 -1 -1 -1 0 
15 4 620 344 33 28 -1 -1 -1 0 
15 5 57 354 173 68 -1 -1 -1 0 
15 6 715 343 24 20 -1 -1 -1 0 
15 7 757 343 26 22 -1 -1 -1 0 
15 8 683 349 28 21 -1 -1 -1 0 
15 12 796 346 27 18 -1 -1 -1 0 
15 13 453 348 29 20 -1 -1 -1 0 
16 1 464 357 143 98 -1 -1 -1 0 
16 2 803 353 121 76 -1 -1 -1 0 
16 4 618 343 34 27 -1 -1 -1 0 
16 5 7 354 138 77 -1 -1 -1 0 
16 6 715 342 22 20 -1 -1 -1 0 
16 7 757 342 28 21 -1 -1 -1 0 
16 8 680 347 28 22 -1 -1 -1 0 
16 12 794 343 28 20 -1 -1 -1 0 
16 13 442 347 31 21 -1 -1 -1 0 
17 1 464 356 143 97 -1 -1 -1 0 
17 2 801 352 120 74 -1 -1 -1 0 
17 4 617 342 34 27 -1 -1 -1 0 
17 5 0 355 96 81 -1 -1 -1 0 
17 6 715 340 21 21 -1 -1 -1 0 
17 7 757 341 27 21 -1 -1 -1 0 
17 8 679 345 27 23 -1 -1 -1 0 
17 12 793 342 28 20 -1 -1 -1 0 
17 13 430 347 36 21 -1 -1 -1 0 
18 1 465 356 141 96 -1 -1 -1 0 
18 2 800 351 119 74 -1 -1 -1 0 
18 4 617 342 32 27 -1 -1 -1 0 
18 6 714 340 22 21 -1 -1 -1 0 
18 7 708 344 27 22 -1 -1 -1 0 
18 8 727 342 26 22 -1 -1 -1 0 
18 12 792 341 29 21 -1 -1 -1 0 
18 13 418 347 42 22 -1 -1 -1 0 
19 1 465 356 141 95 -1 -1 -1 0 
19 2 798 351 119 74 -1 -1 -1 0 
19 4 616 341 33 28 -1 -1 -1 0 
19 6 713 340 23 21 -1 -1 -1 0 
19 7 738 342 27 22 -1 -1 -1 0 
19 8 697 344 26 22 -1 -1 -1 0 
19 12 790 342 31 20 -1 -1 -1 0 
19 13 405 348 40 23 -1 -1 -1 0 
20 1 466 355 140 96 -1 -1 -1 0 
20 2 798 351 116 73 -1 -1 -1 0 
20 4 616 343 33 27 -1 -1 -1 0 
20 6 712 341 24 20 -1 -1 -1 0 
20 7 749 342 26 21 -1 -1 -1 0 
20 8 685 346 26 22 -1 -1 -1 0 
20 12 790 341 29 21 -1 -1 -1 0 
20 13 392 351 39 23 -1 -1 -1 0 
20 16 561 634 716 81 -1 -1 -1 0 
21 1 467 357 138 94 -1 -1 -1 0 
21 2 797 351 115 73 -1 -1 -1 0 
21 4 616 343 33 28 -1 -1 -1 0 
21 6 712 341 23 21 -1 -1 -1 0 
21 7 752 341 27 23 -1 -1 -1 0 
21 8 681 346 25 23 -1 -1 -1 0 
21 12 789 341 30 22 -1 -1 -1 0 
21 13 407 350 25 21 -1 -1 -1 0 
21 16 560 634 719 81 -1 -1 -1 0 
22 1 469 357 136 94 -1 -1 -1 0 
22 2 795 352 116 73 -1 -1 -1 0 
22 4 615 345 35 27 -1 -1 -1 0 
22 6 712 343 23 20 -1 -1 -1 0 
22 7 753 342 28 23 -1 -1 -1 0 
22 8 679 347 26 23 -1 -1 -1 0 
22 12 791 343 28 22 -1 -1 -1 0 
22 13 400 352 30 18 -1 -1 -1 0 
23 1 471 357 133 93 -1 -1 -1 0 
23 2 795 352 115 72 -1 -1 -1 0 
23 4 616 344 33 28 -1 -1 -1 0 
23 6 712 342 23 21 -1 -1 -1 0 
23 7 754 342 26 23 -1 -1 -1 0 
23 8 679 347 25 23 -1 -1 -1 0 
23 12 790 343 28 21 -1 -1 -1 0 
23 13 394 352 29 19 -1 -1 -1 0 
23 19 343 353 49 28 -1 -1 -1 0 
24 1 473 356 132 93 -1 -1 -1 0 
24 2 794 351 114 72 -1 -1 -1 0 
24 4 616 344 33 28 -1 -1 -1 0 
24 6 712 342 23 20 -1 -1 -1 0 
24 7 707 345 25 22 -1 -1 -1 0 
24 8 726 343 28 22 -1 -1 -1 0 
24 12 788 342 31 21 -1 -1 -1 0 
24 13 384 353 31 18 -1 -1 -1 0 
24 19 321 353 52 31 -1 -1 -1 0 
25 1 474 356 132 92 -1 -1 -1 0 
25 2 793 351 114 71 -1 -1 -1 0 
25 4 616 344 34 27 -1 -1 -1 0 
25 6 712 342 23 20 -1 -1 -1 0 
25 7 734 343 30 21 -1 -1 -1 0 
25 8 698 346 26 21 -1 -1 -1 0 
25 12 787 342 31 21 -1 -1 -1 0 
25 13 372 353 34 18 -1 -1 -1 0 
25 19 295 353 60 33 -1 -1 -1 0 
26 1 474 356 132 90 -1 -1 -1 0 
26 2 793 350 112 71 -1 -1 -1 0 
26 4 617 342 32 28 -1 -1 -1 0 
26 6 711 341 24 20 -1 -1 -1 0 
26 7 745 341 28 21 -1 -1 -1 0 
26 8 685 346 26 20 -1 -1 -1 0 
26 13 362 352 33 20 -1 -1 -1 0 
26 19 267 354 66 34 -1 -1 -1 0 
27 1 475 355 130 90 -1 -1 -1 0 
27 2 791 349 112 70 -1 -1 -1 0 
27 4 615 342 34 27 -1 -1 -1 0 
27 6 711 340 24 20 -1 -1 -1 0 
27 7 703 342 26 23 -1 -1 -1 0 
27 8 728 342 26 20 -1 -1 -1 0 
27 13 347 352 37 20 -1 -1 -1 0 
27 19 234 354 73 38 -1 -1 -1 0 
28 1 476 355 128 89 -1 -1 -1 0 
28 2 790 348 111 70 -1 -1 -1 0 
28 4 615 342 33 27 -1 -1 -1 0 
28 6 712 340 23 20 -1 -1 -1 0 
28 7 685 343 27 22 -1 -1 -1 0 
28 8 743 340 26 21 -1 -1 -1 0 
28 13 332 353 38 20 -1 -1 -1 0 
28 16 560 634 717 81 -1 -1 -1 0 
28 19 196 355 81 40 -1 -1 -1 0 
29 1 476 354 127 89 -1 -1 -1 0 
29 2 789 348 109 69 -1 -1 -1 0 
29 4 615 341 33 27 -1 -1 -1 0 
29 6 711 339 23 20 -1 -1 -1 0 
29 7 679 343 27 23 -1 -1 -1 0 
29 8 749 339 25 21 -1 -1 -1 0 
29 13 315 353 42 22 -1 -1 -1 0 
29 16 560 633 717 82 -1 -1 -1 0 
29 19 148 355 96 44 -1 -1 -1 0 
30 1 476 354 126 88 -1 -1 -1 0 
30 2 787 348 108 69 -1 -1 -1 0 
30 4 615 341 32 27 -1 -1 -1 0 
30 6 710 339 23 20 -1 -1 -1 0 
30 7 676 343 27 23 -1 -1 -1 0 
30 8 750 339 25 21 -1 -1 -1 0 
30 13 297 353 45 24 -1 -1 -1 0 
30 19 90 357 113 49 -1 -1 -1 0 
31 1 477 355 125 87 -1 -1 -1 0 
31 2 785 350 108 67 -1 -1 -1 0 
31 4 614 342 32 28 -1 -1 -1 0 
31 6 710 340 22 20 -1 -1 -1 0 
31 7 722 341 27 22 -1 -1 -1 0 
31 8 702 344 27 21 -1 -1 -1 0 
31 13 277 355 48 25 -1 -1 -1 0 
31 19 13 360 140 54 -1 -1 -1 0 
32 1 477 355 124 86 -1 -1 -1 0 
32 2 785 350 105 67 -1 -1 -1 0 
32 4 613 342 33 28 -1 -1 -1 0 
32 6 708 341 24 19 -1 -1 -1 0 
32 7 738 340 27 23 -1 -1 -1 0 
32 8 683 346 26 21 -1 -1 -1 0 
32 13 255 355 51 27 -1 -1 -1 0 
32 19 0 362 89 56 -1 -1 -1 0 
33 1 477 356 123 85 -1 -1 -1 0 
33 2 783 351 105 67 -1 -1 -1 0 
33 4 613 343 33 28 -1 -1 -1 0 
33 6 708 341 23 20 -1 -1 -1 0 
33 7 745 341 25 22 -1 -1 -1 0 
33 8 676 348 26 20 -1 -1 -1 0 
33 13 229 358 58 28 -1 -1 -1 0 
33 16 566 634 710 81 -1 -1 -1 0 
33 19 0 363 50 59 -1 -1 -1 0 
34 1 477 356 123 84 -1 -1 -1 0 
34 2 782 351 104 67 -1 -1 -1 0 
34 4 612 343 33 28 -1 -1 -1 0 
34 6 707 341 24 20 -1 -1 -1 0 
34 7 746 341 25 22 -1 -1 -1 0 
34 8 674 348 25 20 -1 -1 -1 0 
34 13 200 358 64 30 -1 -1 -1 0 
34 16 566 634 710 82 -1 -1 -1 0 
35 1 478 356 120 84 -1 -1 -1 0 
35 2 781 351 102 66 -1 -1 -1 0 
35 4 611 343 35 29 -1 -1 -1 0 
35 6 706 342 24 19 -1 -1 -1 0 
35 7 747 340 25 22 -1 -1 -1 0 
35 8 672 349 26 19 -1 -1 -1 0 
35 13 169 359 69 32 -1 -1 -1 0 
36 1 478 357 121 82 -1 -1 -1 0 
36 2 779 351 103 66 -1 -1 -1 0 
36 4 612 343 33 29 -1 -1 -1 0 
36 6 705 341 25 21 -1 -1 -1 0 
36 7 747 340 25 22 -1 -1 -1 0 
36 8 672 349 26 19 -1 -1 -1 0 
36 13 132 360 78 34 -1 -1 -1 0 
37 1 479 357 120 81 -1 -1 -1 0 
37 2 778 350 104 66 -1 -1 -1 0 
37 4 612 343 32 29 -1 -1 -1 0 
37 6 706 341 25 20 -1 -1 -1 0 
37 7 746 340 25 22 -1 -1 -1 0 
37 8 672 347 26 21 -1 -1 -1 0 
37 12 549 346 31 14 -1 -1 -1 0 
37 13 86 362 91 37 -1 -1 -1 0 
38 1 480 357 119 81 -1 -1 -1 0 
38 2 779 350 101 66 -1 -1 -1 0 
38 4 613 343 32 29 -1 -1 -1 0 
38 6 708 341 23 20 -1 -1 -1 0 
38 7 746 340 26 22 -1 -1 -1 0 
38 8 673 348 25 20 -1 -1 -1 0 
38 12 538 346 32 13 -1 -1 -1 0 
38 13 59 363 95 38 -1 -1 -1 0 
39 1 482 357 118 80 -1 -1 -1 0 
39 2 781 349 98 66 -1 -1 -1 0 
39 4 613 344 32 27 -1 -1 -1 0 
39 6 709 341 24 20 -1 -1 -1 0 
39 7 747 340 24 22 -1 -1 -1 0 
39 8 673 346 26 21 -1 -1 -1 0 
39 12 533 346 29 14 -1 -1 -1 0 
39 13 2 367 93 39 -1 -1 -1 0 
40 1 484 357 117 79 -1 -1 -1 0 
40 2 781 349 98 65 -1 -1 -1 0 
40 4 615 344 31 27 -1 -1 -1 0 
40 6 710 342 23 19 -1 -1 -1 0 
40 7 748 340 24 21 -1 -1 -1 0 
40 8 674 346 26 21 -1 -1 -1 0 
40 12 526 346 30 15 -1 -1 -1 0 
40 13 0 370 35 42 -1 -1 -1 0 
