3 1 775 346 66 45 -1 -1 -1 0 
3 2 687 345 43 39 -1 -1 -1 0 
4 1 775 346 66 44 -1 -1 -1 0 
4 2 686 344 43 39 -1 -1 -1 0 
5 1 776 346 65 44 -1 -1 -1 0 
5 2 687 343 42 39 -1 -1 -1 0 
6 1 776 347 65 44 -1 -1 -1 0 
6 2 687 343 41 39 -1 -1 -1 0 
6 4 687 343 42 40 -1 -1 -1 0 
7 1 776 347 65 44 -1 -1 -1 0 
7 2 687 342 41 40 -1 -1 -1 0 
7 4 687 343 41 40 -1 -1 -1 0 
8 1 776 347 65 44 -1 -1 -1 0 
8 2 686 342 42 40 -1 -1 -1 0 
8 4 686 343 41 40 -1 -1 -1 0 
9 1 775 347 67 45 -1 -1 -1 0 
9 2 686 343 41 39 -1 -1 -1 0 
9 5 561 634 716 81 -1 -1 -1 0 
10 1 775 347 67 45 -1 -1 -1 0 
10 2 686 343 41 39 -1 -1 -1 0 
10 5 562 634 714 81 -1 -1 -1 0 
11 1 776 348 67 45 -1 -1 -1 0 
11 2 686 344 41 38 -1 -1 -1 0 
11 5 561 635 715 80 -1 -1 -1 0 
12 1 775 348 68 45 -1 -1 -1 0 
12 2 685 344 42 38 -1 -1 -1 0 
12 5 560 634 716 80 -1 -1 -1 0 
13 1 776 348 67 45 -1 -1 -1 0 
13 2 686 344 40 38 -1 -1 -1 0 
13 4 686 344 41 39 -1 -1 -1 0 
13 5 560 634 715 80 -1 -1 -1 0 
14 1 775 348 69 45 -1 -1 -1 0 
14 2 686 344 40 38 -1 -1 -1 0 
14 4 686 345 41 37 -1 -1 -1 0 
14 5 560 633 715 81 -1 -1 -1 0 
15 1 775 348 69 45 -1 -1 -1 0 
15 2 686 344 40 38 -1 -1 -1 0 
15 4 685 345 42 37 -1 -1 -1 0 
15 5 556 633 721 81 -1 -1 -1 0 
16 1 776 348 68 45 -1 -1 -1 0 
16 2 685 344 42 37 -1 -1 -1 0 
16 4 685 345 41 37 -1 -1 -1 0 
16 5 559 633 717 81 -1 -1 -1 0 
17 1 776 348 67 45 -1 -1 -1 0 
17 2 685 344 41 37 -1 -1 -1 0 
17 4 685 344 41 38 -1 -1 -1 0 
17 5 555 634 723 80 -1 -1 -1 0 
18 1 776 348 67 46 -1 -1 -1 0 
18 2 685 344 40 37 -1 -1 -1 0 
18 4 685 344 40 38 -1 -1 -1 0 
18 5 555 634 723 81 -1 -1 -1 0 
19 1 775 348 69 46 -1 -1 -1 0 
19 2 685 344 40 37 -1 -1 -1 0 
19 4 684 345 40 36 -1 -1 -1 0 
19 5 559 634 717 81 -1 -1 -1 0 
20 1 775 349 70 46 -1 -1 -1 0 
20 2 686 344 38 37 -1 -1 -1 0 
20 4 685 344 39 37 -1 -1 -1 0 
20 5 556 634 722 80 -1 -1 -1 0 
21 1 775 349 70 46 -1 -1 -1 0 
21 2 685 344 39 37 -1 -1 -1 0 
21 4 684 344 40 37 -1 -1 -1 0 
21 5 561 635 713 79 -1 -1 -1 0 
22 1 776 349 69 46 -1 -1 -1 0 
22 2 685 344 40 37 -1 -1 -1 0 
22 4 684 344 39 37 -1 -1 -1 0 
22 5 558 635 719 79 -1 -1 -1 0 
23 1 776 349 69 46 -1 -1 -1 0 
23 2 684 344 40 37 -1 -1 -1 0 
23 4 684 345 39 36 -1 -1 -1 0 
23 5 561 635 714 79 -1 -1 -1 0 
24 1 776 348 70 47 -1 -1 -1 0 
24 2 684 344 40 37 -1 -1 -1 0 
24 5 559 635 718 79 -1 -1 -1 0 
25 1 776 348 70 48 -1 -1 -1 0 
25 2 683 345 40 36 -1 -1 -1 0 
25 5 559 635 718 79 -1 -1 -1 0 
26 1 776 348 71 48 -1 -1 -1 0 
26 2 683 345 40 36 -1 -1 -1 0 
26 5 561 635 714 79 -1 -1 -1 0 
27 1 774 348 74 48 -1 -1 -1 0 
27 2 683 345 39 35 -1 -1 -1 0 
27 5 562 635 712 79 -1 -1 -1 0 
28 1 774 348 74 49 -1 -1 -1 0 
28 2 684 344 37 36 -1 -1 -1 0 
28 5 562 635 714 79 -1 -1 -1 0 
29 1 775 348 73 49 -1 -1 -1 0 
29 2 683 344 39 36 -1 -1 -1 0 
29 5 560 634 715 80 -1 -1 -1 0 
30 1 776 348 72 50 -1 -1 -1 0 
30 2 683 342 38 37 -1 -1 -1 0 
30 5 561 634 715 79 -1 -1 -1 0 
31 1 776 348 73 50 -1 -1 -1 0 
31 2 683 344 39 35 -1 -1 -1 0 
31 5 563 634 713 79 -1 -1 -1 0 
32 1 776 348 74 51 -1 -1 -1 0 
32 2 683 344 38 35 -1 -1 -1 0 
32 5 561 634 716 79 -1 -1 -1 0 
33 1 776 348 74 51 -1 -1 -1 0 
33 2 684 344 37 35 -1 -1 -1 0 
33 5 560 634 716 79 -1 -1 -1 0 
34 1 776 349 75 50 -1 -1 -1 0 
34 2 683 343 38 36 -1 -1 -1 0 
34 5 560 634 716 79 -1 -1 -1 0 
35 1 777 349 75 50 -1 -1 -1 0 
35 2 683 343 38 36 -1 -1 -1 0 
35 5 559 635 717 78 -1 -1 -1 0 
36 1 777 348 77 51 -1 -1 -1 0 
36 2 682 342 39 37 -1 -1 -1 0 
36 5 559 634 717 79 -1 -1 -1 0 
37 1 778 348 76 50 -1 -1 -1 0 
37 2 683 341 37 38 -1 -1 -1 0 
37 5 563 634 713 79 -1 -1 -1 0 
38 1 779 348 75 50 -1 -1 -1 0 
38 2 682 342 39 37 -1 -1 -1 0 
38 5 562 634 715 79 -1 -1 -1 0 
39 1 779 347 76 52 -1 -1 -1 0 
39 2 682 342 39 36 -1 -1 -1 0 
39 5 560 634 717 80 -1 -1 -1 0 
40 1 779 347 78 52 -1 -1 -1 0 
40 2 682 342 39 36 -1 -1 -1 0 
40 5 556 634 722 80 -1 -1 -1 0 
