3 1 733 342 36 27 -1 -1 -1 0 
3 2 68 352 102 35 -1 -1 -1 0 
4 1 734 342 35 27 -1 -1 -1 0 
4 2 7 353 124 38 -1 -1 -1 0 
5 1 734 341 36 27 -1 -1 -1 0 
5 2 0 353 82 39 -1 -1 -1 0 
5 4 675 342 18 16 -1 -1 -1 0 
6 1 735 341 35 27 -1 -1 -1 0 
6 2 0 354 52 40 -1 -1 -1 0 
6 4 676 342 18 15 -1 -1 -1 0 
7 1 735 341 36 27 -1 -1 -1 0 
7 4 677 341 17 15 -1 -1 -1 0 
8 1 735 342 37 26 -1 -1 -1 0 
8 4 677 340 16 15 -1 -1 -1 0 
9 1 736 341 36 27 -1 -1 -1 0 
9 4 677 339 16 16 -1 -1 -1 0 
10 1 736 341 37 27 -1 -1 -1 0 
10 4 677 339 16 16 -1 -1 -1 0 
11 1 736 340 37 28 -1 -1 -1 0 
11 4 677 340 16 15 -1 -1 -1 0 
12 1 736 340 37 28 -1 -1 -1 0 
12 4 677 340 16 15 -1 -1 -1 0 
13 1 735 341 39 27 -1 -1 -1 0 
13 4 678 340 13 17 -1 -1 -1 0 
14 1 736 341 38 27 -1 -1 -1 0 
14 4 677 340 15 17 -1 -1 -1 0 
15 1 736 341 38 28 -1 -1 -1 0 
15 4 677 340 15 17 -1 -1 -1 0 
16 1 736 341 38 28 -1 -1 -1 0 
16 4 677 340 15 16 -1 -1 -1 0 
17 1 736 341 37 28 -1 -1 -1 0 
17 4 676 340 17 15 -1 -1 -1 0 
18 1 737 341 37 29 -1 -1 -1 0 
18 4 676 339 17 16 -1 -1 -1 0 
19 1 736 342 39 28 -1 -1 -1 0 
19 4 677 340 15 16 -1 -1 -1 0 
20 1 736 342 40 28 -1 -1 -1 0 
20 4 677 340 15 16 -1 -1 -1 0 
21 1 737 342 39 28 -1 -1 -1 0 
21 4 677 340 15 16 -1 -1 -1 0 
22 1 737 342 39 28 -1 -1 -1 0 
22 4 677 340 15 15 -1 -1 -1 0 
23 1 738 341 38 29 -1 -1 -1 0 
23 4 676 340 16 15 -1 -1 -1 0 
24 1 737 341 40 29 -1 -1 -1 0 
24 4 676 340 16 15 -1 -1 -1 0 
25 1 737 341 41 29 -1 -1 -1 0 
25 4 676 340 15 14 -1 -1 -1 0 
26 1 738 340 40 30 -1 -1 -1 0 
26 4 675 339 17 15 -1 -1 -1 0 
27 1 739 340 40 30 -1 -1 -1 0 
27 4 675 339 17 15 -1 -1 -1 0 
28 1 739 340 40 30 -1 -1 -1 0 
28 4 675 339 17 16 -1 -1 -1 0 
29 1 739 340 40 30 -1 -1 -1 0 
29 4 675 339 17 16 -1 -1 -1 0 
30 1 739 340 42 30 -1 -1 -1 0 
30 4 675 339 17 16 -1 -1 -1 0 
31 1 738 340 44 30 -1 -1 -1 0 
31 4 674 339 18 16 -1 -1 -1 0 
32 1 739 340 43 30 -1 -1 -1 0 
32 4 674 339 18 16 -1 -1 -1 0 
33 1 740 340 42 30 -1 -1 -1 0 
33 4 673 339 18 16 -1 -1 -1 0 
34 1 740 340 41 30 -1 -1 -1 0 
34 4 672 338 19 16 -1 -1 -1 0 
35 1 739 339 42 29 -1 -1 -1 0 
35 4 670 337 20 17 -1 -1 -1 0 
36 1 739 338 41 30 -1 -1 -1 0 
36 4 669 337 20 17 -1 -1 -1 0 
37 1 738 338 44 30 -1 -1 -1 0 
37 4 669 337 19 16 -1 -1 -1 0 
38 1 739 338 42 31 -1 -1 -1 0 
38 4 669 338 17 16 -1 -1 -1 0 
39 1 738 338 43 31 -1 -1 -1 0 
39 4 667 339 18 15 -1 -1 -1 0 
40 1 738 339 43 31 -1 -1 -1 0 
40 4 666 340 18 14 -1 -1 -1 0 
