3 1 462 356 114 70 -1 -1 -1 0 
3 2 717 300 63 71 -1 -1 -1 0 
3 3 662 345 63 54 -1 -1 -1 0 
3 6 605 344 36 31 -1 -1 -1 0 
3 7 558 634 719 80 -1 -1 -1 0 
3 8 816 338 57 38 -1 -1 -1 0 
3 9 260 356 112 29 -1 -1 -1 0 
4 1 468 356 110 69 -1 -1 -1 0 
4 2 716 300 64 71 -1 -1 -1 0 
4 3 662 345 62 54 -1 -1 -1 0 
4 6 606 344 36 31 -1 -1 -1 0 
4 7 571 634 703 80 -1 -1 -1 0 
4 8 817 339 56 38 -1 -1 -1 0 
4 9 262 360 102 26 -1 -1 -1 0 
4 11 407 354 45 18 -1 -1 -1 0 
4 12 567 343 21 12 -1 -1 -1 0 
4 13 469 336 30 25 -1 -1 -1 0 
5 1 473 355 107 68 -1 -1 -1 0 
5 2 717 299 63 72 -1 -1 -1 0 
5 3 663 344 61 54 -1 -1 -1 0 
5 6 607 344 37 30 -1 -1 -1 0 
5 7 563 635 716 79 -1 -1 -1 0 
5 8 817 339 56 38 -1 -1 -1 0 
5 11 389 354 49 20 -1 -1 -1 0 
5 12 566 344 20 11 -1 -1 -1 0 
5 13 465 336 31 26 -1 -1 -1 0 
6 1 478 354 105 66 -1 -1 -1 0 
6 2 716 299 65 72 -1 -1 -1 0 
6 3 663 345 62 53 -1 -1 -1 0 
6 6 608 344 36 29 -1 -1 -1 0 
6 7 566 635 710 80 -1 -1 -1 0 
6 8 817 339 56 37 -1 -1 -1 0 
6 11 369 355 54 21 -1 -1 -1 0 
6 12 559 341 22 14 -1 -1 -1 0 
7 1 483 354 101 64 -1 -1 -1 0 
7 2 717 298 63 72 -1 -1 -1 0 
7 3 665 345 60 52 -1 -1 -1 0 
7 6 610 344 34 28 -1 -1 -1 0 
7 7 566 635 709 80 -1 -1 -1 0 
7 8 817 338 56 37 -1 -1 -1 0 
7 11 346 356 60 22 -1 -1 -1 0 
7 12 556 341 23 14 -1 -1 -1 0 
7 16 141 346 114 46 -1 -1 -1 0 
8 1 487 354 100 62 -1 -1 -1 0 
8 2 717 298 63 72 -1 -1 -1 0 
8 3 666 345 59 51 -1 -1 -1 0 
8 6 610 344 35 27 -1 -1 -1 0 
8 7 562 635 716 80 -1 -1 -1 0 
8 8 817 338 55 37 -1 -1 -1 0 
8 11 320 357 66 24 -1 -1 -1 0 
8 12 553 341 22 16 -1 -1 -1 0 
8 16 92 348 130 52 -1 -1 -1 0 
8 18 220 339 59 48 -1 -1 -1 0 
9 1 492 354 97 61 -1 -1 -1 0 
9 2 718 297 62 72 -1 -1 -1 0 
9 3 668 343 57 52 -1 -1 -1 0 
9 6 611 344 34 27 -1 -1 -1 0 
9 7 566 635 710 80 -1 -1 -1 0 
9 8 818 337 55 37 -1 -1 -1 0 
9 11 289 358 75 26 -1 -1 -1 0 
9 12 549 341 23 16 -1 -1 -1 0 
9 16 30 349 157 57 -1 -1 -1 0 
9 18 185 338 67 51 -1 -1 -1 0 
10 1 496 352 94 60 -1 -1 -1 0 
10 2 718 296 63 73 -1 -1 -1 0 
10 3 668 343 58 51 -1 -1 -1 0 
10 6 611 344 35 26 -1 -1 -1 0 
10 7 566 635 709 80 -1 -1 -1 0 
10 8 819 336 54 37 -1 -1 -1 0 
10 11 252 359 86 28 -1 -1 -1 0 
10 12 546 340 23 17 -1 -1 -1 0 
10 13 414 328 58 36 -1 -1 -1 0 
10 16 0 351 140 60 -1 -1 -1 0 
10 18 144 338 76 56 -1 -1 -1 0 
11 1 500 351 92 59 -1 -1 -1 0 
11 2 720 296 60 72 -1 -1 -1 0 
11 3 667 344 59 50 -1 -1 -1 0 
11 6 613 343 32 26 -1 -1 -1 0 
11 7 569 635 706 80 -1 -1 -1 0 
11 8 818 335 55 38 -1 -1 -1 0 
11 11 208 360 97 31 -1 -1 -1 0 
11 12 538 339 27 15 -1 -1 -1 0 
11 13 402 327 65 38 -1 -1 -1 0 
11 16 0 351 111 64 -1 -1 -1 0 
11 18 93 339 92 59 -1 -1 -1 0 
11 19 481 341 34 21 -1 -1 -1 0 
12 1 503 350 89 58 -1 -1 -1 0 
12 2 719 296 61 72 -1 -1 -1 0 
12 3 668 343 58 50 -1 -1 -1 0 
12 6 613 343 33 26 -1 -1 -1 0 
12 7 561 635 717 80 -1 -1 -1 0 
12 8 818 334 54 38 -1 -1 -1 0 
12 11 151 362 118 35 -1 -1 -1 0 
12 12 535 338 27 15 -1 -1 -1 0 
12 13 391 325 65 41 -1 -1 -1 0 
12 18 28 339 113 65 -1 -1 -1 0 
12 19 472 341 37 22 -1 -1 -1 0 
13 1 506 348 87 58 -1 -1 -1 0 
13 2 720 294 59 74 -1 -1 -1 0 
13 3 667 340 58 51 -1 -1 -1 0 
13 6 613 342 32 26 -1 -1 -1 0 
13 7 560 635 716 80 -1 -1 -1 0 
13 8 817 334 55 37 -1 -1 -1 0 
13 11 93 364 130 36 -1 -1 -1 0 
13 13 376 325 71 42 -1 -1 -1 0 
13 18 0 337 88 72 -1 -1 -1 0 
13 19 473 341 29 20 -1 -1 -1 0 
14 1 508 346 86 58 -1 -1 -1 0 
14 2 719 294 60 73 -1 -1 -1 0 
14 3 667 339 58 51 -1 -1 -1 0 
14 6 612 341 33 26 -1 -1 -1 0 
14 7 565 634 709 81 -1 -1 -1 0 
14 8 816 333 55 38 -1 -1 -1 0 
14 11 12 367 147 42 -1 -1 -1 0 
14 13 366 324 75 43 -1 -1 -1 0 
14 18 0 337 51 76 -1 -1 -1 0 
14 19 469 341 29 20 -1 -1 -1 0 
15 1 511 345 84 57 -1 -1 -1 0 
15 2 718 294 60 73 -1 -1 -1 0 
15 3 666 338 59 52 -1 -1 -1 0 
15 6 611 341 34 26 -1 -1 -1 0 
15 7 562 634 715 81 -1 -1 -1 0 
15 8 816 333 54 38 -1 -1 -1 0 
15 11 0 368 118 45 -1 -1 -1 0 
15 12 514 339 26 19 -1 -1 -1 0 
15 19 437 343 38 22 -1 -1 -1 0 
16 1 514 344 81 56 -1 -1 -1 0 
16 2 718 294 59 73 -1 -1 -1 0 
16 3 666 338 59 52 -1 -1 -1 0 
16 6 613 341 31 25 -1 -1 -1 0 
16 7 568 634 708 81 -1 -1 -1 0 
16 8 815 334 55 37 -1 -1 -1 0 
16 12 505 340 29 18 -1 -1 -1 0 
16 13 328 328 63 42 -1 -1 -1 0 
16 19 421 343 40 22 -1 -1 -1 0 
17 1 516 345 80 54 -1 -1 -1 0 
17 2 717 296 60 72 -1 -1 -1 0 
17 3 665 339 60 50 -1 -1 -1 0 
17 6 613 342 31 24 -1 -1 -1 0 
17 7 565 634 711 81 -1 -1 -1 0 
17 8 815 335 54 37 -1 -1 -1 0 
17 12 498 340 30 19 -1 -1 -1 0 
17 13 315 328 66 43 -1 -1 -1 0 
17 19 406 344 40 22 -1 -1 -1 0 
17 21 448 342 29 16 -1 -1 -1 0 
18 1 518 344 79 55 -1 -1 -1 0 
18 2 717 297 60 72 -1 -1 -1 0 
18 3 665 340 60 49 -1 -1 -1 0 
18 6 613 343 31 24 -1 -1 -1 0 
18 7 560 635 719 80 -1 -1 -1 0 
18 8 815 337 53 37 -1 -1 -1 0 
18 12 490 339 32 20 -1 -1 -1 0 
18 13 286 320 98 52 -1 -1 -1 0 
18 19 394 344 42 23 -1 -1 -1 0 
18 21 440 342 29 17 -1 -1 -1 0 
19 1 521 345 76 53 -1 -1 -1 0 
19 2 717 298 60 72 -1 -1 -1 0 
19 3 667 340 56 50 -1 -1 -1 0 
19 6 615 343 29 24 -1 -1 -1 0 
19 7 563 635 714 80 -1 -1 -1 0 
19 8 814 338 54 37 -1 -1 -1 0 
19 12 481 339 35 21 -1 -1 -1 0 
19 13 262 318 111 55 -1 -1 -1 0 
19 19 368 344 49 25 -1 -1 -1 0 
19 21 430 342 31 17 -1 -1 -1 0 
19 22 0 513 175 201 -1 -1 -1 0 
20 1 523 345 75 52 -1 -1 -1 0 
20 2 717 298 59 72 -1 -1 -1 0 
20 3 667 339 56 51 -1 -1 -1 0 
20 6 615 343 30 24 -1 -1 -1 0 
20 7 560 635 717 80 -1 -1 -1 0 
20 8 815 338 53 37 -1 -1 -1 0 
20 12 471 338 38 22 -1 -1 -1 0 
20 13 238 317 119 58 -1 -1 -1 0 
20 19 355 345 50 25 -1 -1 -1 0 
20 21 421 340 31 20 -1 -1 -1 0 
20 22 0 496 209 217 -1 -1 -1 0 
21 1 525 347 75 49 -1 -1 -1 0 
21 2 717 299 59 72 -1 -1 -1 0 
21 3 666 342 58 48 -1 -1 -1 0 
21 6 616 343 29 25 -1 -1 -1 0 
21 7 557 635 719 80 -1 -1 -1 0 
21 8 814 338 55 38 -1 -1 -1 0 
21 12 461 338 42 24 -1 -1 -1 0 
21 13 212 323 83 56 -1 -1 -1 0 
21 19 322 348 58 27 -1 -1 -1 0 
21 21 411 340 34 22 -1 -1 -1 0 
21 22 0 481 241 231 -1 -1 -1 0 
22 1 529 348 72 48 -1 -1 -1 0 
22 2 720 299 57 72 -1 -1 -1 0 
22 3 668 341 55 50 -1 -1 -1 0 
22 6 616 344 30 24 -1 -1 -1 0 
22 7 560 635 715 80 -1 -1 -1 0 
22 8 815 339 54 37 -1 -1 -1 0 
22 12 449 340 49 24 -1 -1 -1 0 
22 13 168 323 139 61 -1 -1 -1 0 
22 19 290 351 69 28 -1 -1 -1 0 
22 21 400 342 38 21 -1 -1 -1 0 
22 22 1 461 265 250 -1 -1 -1 0 
23 1 533 348 70 48 -1 -1 -1 0 
23 2 721 299 57 72 -1 -1 -1 0 
23 3 669 341 55 50 -1 -1 -1 0 
23 6 618 343 29 25 -1 -1 -1 0 
23 7 559 635 717 80 -1 -1 -1 0 
23 8 816 338 54 38 -1 -1 -1 0 
23 12 438 342 50 24 -1 -1 -1 0 
23 13 139 328 92 63 -1 -1 -1 0 
23 19 259 354 74 30 -1 -1 -1 0 
23 21 391 343 36 23 -1 -1 -1 0 
23 22 2 442 288 268 -1 -1 -1 0 
24 1 536 348 69 48 -1 -1 -1 0 
24 2 722 299 57 72 -1 -1 -1 0 
24 3 670 341 55 49 -1 -1 -1 0 
24 6 619 343 30 25 -1 -1 -1 0 
24 7 563 635 714 80 -1 -1 -1 0 
24 8 816 338 55 37 -1 -1 -1 0 
24 12 423 344 57 24 -1 -1 -1 0 
24 13 84 328 126 71 -1 -1 -1 0 
24 19 218 356 84 34 -1 -1 -1 0 
24 21 377 345 44 23 -1 -1 -1 0 
24 22 3 425 309 284 -1 -1 -1 0 
25 1 538 350 69 46 -1 -1 -1 0 
25 2 725 299 54 72 -1 -1 -1 0 
25 3 672 341 53 50 -1 -1 -1 0 
25 6 621 343 30 25 -1 -1 -1 0 
25 7 558 635 721 80 -1 -1 -1 0 
25 8 817 338 54 37 -1 -1 -1 0 
25 12 410 344 53 26 -1 -1 -1 0 
25 13 26 330 118 75 -1 -1 -1 0 
25 19 195 358 88 35 -1 -1 -1 0 
25 21 365 346 44 24 -1 -1 -1 0 
25 22 1 413 332 297 -1 -1 -1 0 
26 1 541 351 67 44 -1 -1 -1 0 
26 2 726 299 53 72 -1 -1 -1 0 
26 3 671 342 55 49 -1 -1 -1 0 
26 6 623 344 28 24 -1 -1 -1 0 
26 7 562 635 710 81 -1 -1 -1 0 
26 8 818 338 54 37 -1 -1 -1 0 
26 12 393 345 63 28 -1 -1 -1 0 
26 13 0 331 88 77 -1 -1 -1 0 
26 21 352 347 44 25 -1 -1 -1 0 
26 22 2 404 348 307 -1 -1 -1 0 
27 1 543 351 67 44 -1 -1 -1 0 
27 2 726 300 55 71 -1 -1 -1 0 
27 3 671 343 55 48 -1 -1 -1 0 
27 6 623 344 30 25 -1 -1 -1 0 
27 7 557 635 721 80 -1 -1 -1 0 
27 8 819 338 54 38 -1 -1 -1 0 
27 9 415 347 32 24 -1 -1 -1 0 
27 12 377 346 54 30 -1 -1 -1 0 
27 13 0 331 52 81 -1 -1 -1 0 
27 21 337 348 42 26 -1 -1 -1 0 
27 22 2 394 365 317 -1 -1 -1 0 
28 1 546 351 64 44 -1 -1 -1 0 
28 2 727 301 54 70 -1 -1 -1 0 
28 3 672 344 54 48 -1 -1 -1 0 
28 6 624 345 30 24 -1 -1 -1 0 
28 7 556 635 722 80 -1 -1 -1 0 
28 8 820 339 52 38 -1 -1 -1 0 
28 9 408 347 35 25 -1 -1 -1 0 
28 12 352 347 55 32 -1 -1 -1 0 
28 21 320 349 38 27 -1 -1 -1 0 
28 22 1 390 381 322 -1 -1 -1 0 
29 1 547 351 65 43 -1 -1 -1 0 
29 2 727 301 54 71 -1 -1 -1 0 
29 3 672 345 55 47 -1 -1 -1 0 
29 6 625 345 30 24 -1 -1 -1 0 
29 7 559 635 717 80 -1 -1 -1 0 
29 8 819 339 55 38 -1 -1 -1 0 
29 9 392 347 39 26 -1 -1 -1 0 
29 12 324 348 66 33 -1 -1 -1 0 
29 21 300 350 40 28 -1 -1 -1 0 
29 22 1 385 394 328 -1 -1 -1 0 
29 25 470 348 33 18 -1 -1 -1 0 
30 1 549 351 64 42 -1 -1 -1 0 
30 2 728 301 52 71 -1 -1 -1 0 
30 3 673 345 53 47 -1 -1 -1 0 
30 6 625 345 30 24 -1 -1 -1 0 
30 7 557 635 721 80 -1 -1 -1 0 
30 8 820 340 54 37 -1 -1 -1 0 
30 9 373 347 42 28 -1 -1 -1 0 
30 12 285 348 83 36 -1 -1 -1 0 
30 21 287 350 40 29 -1 -1 -1 0 
30 22 1 383 406 331 -1 -1 -1 0 
30 25 457 349 36 17 -1 -1 -1 0 
30 26 419 347 37 18 -1 -1 -1 0 
31 1 552 351 61 41 -1 -1 -1 0 
31 2 727 301 55 71 -1 -1 -1 0 
31 3 673 345 53 47 -1 -1 -1 0 
31 6 626 346 29 22 -1 -1 -1 0 
31 7 559 635 717 80 -1 -1 -1 0 
31 8 820 340 54 38 -1 -1 -1 0 
31 9 345 347 53 30 -1 -1 -1 0 
31 12 256 348 86 39 -1 -1 -1 0 
31 22 1 381 417 334 -1 -1 -1 0 
31 25 445 349 37 18 -1 -1 -1 0 
31 26 464 346 36 17 -1 -1 -1 0 
32 1 554 351 61 41 -1 -1 -1 0 
32 2 729 301 52 71 -1 -1 -1 0 
32 3 673 345 53 47 -1 -1 -1 0 
32 6 627 346 29 21 -1 -1 -1 0 
32 7 556 635 722 79 -1 -1 -1 0 
32 8 820 341 54 37 -1 -1 -1 0 
32 9 323 348 54 32 -1 -1 -1 0 
32 12 208 348 112 40 -1 -1 -1 0 
32 22 1 378 428 334 -1 -1 -1 0 
32 25 430 350 42 19 -1 -1 -1 0 
32 26 472 345 35 18 -1 -1 -1 0 
33 1 556 350 59 41 -1 -1 -1 0 
33 2 728 301 55 72 -1 -1 -1 0 
33 3 673 346 52 46 -1 -1 -1 0 
33 6 628 347 28 20 -1 -1 -1 0 
33 7 563 635 713 79 -1 -1 -1 0 
33 8 819 341 55 37 -1 -1 -1 0 
33 9 290 348 68 33 -1 -1 -1 0 
33 12 151 349 140 37 -1 -1 -1 0 
33 22 0 375 440 334 -1 -1 -1 0 
33 25 412 351 49 19 -1 -1 -1 0 
33 26 465 344 41 20 -1 -1 -1 0 
33 28 381 346 45 22 -1 -1 -1 0 
34 1 558 348 58 42 -1 -1 -1 0 
34 2 728 301 55 72 -1 -1 -1 0 
34 3 674 346 51 46 -1 -1 -1 0 
34 6 630 346 27 21 -1 -1 -1 0 
34 7 561 635 716 79 -1 -1 -1 0 
34 8 821 341 53 37 -1 -1 -1 0 
34 9 253 349 79 34 -1 -1 -1 0 
34 12 85 351 128 39 -1 -1 -1 0 
34 21 194 353 50 28 -1 -1 -1 0 
34 22 0 374 453 320 -1 -1 -1 0 
34 25 396 351 49 21 -1 -1 -1 0 
34 26 453 344 45 21 -1 -1 -1 0 
34 28 367 346 44 23 -1 -1 -1 0 
35 1 560 348 58 42 -1 -1 -1 0 
35 2 728 301 56 71 -1 -1 -1 0 
35 3 674 347 52 44 -1 -1 -1 0 
35 6 631 346 27 21 -1 -1 -1 0 
35 7 561 635 715 79 -1 -1 -1 0 
35 8 822 342 53 36 -1 -1 -1 0 
35 9 211 350 92 33 -1 -1 -1 0 
35 12 14 352 115 53 -1 -1 -1 0 
35 21 133 354 85 28 -1 -1 -1 0 
35 22 0 372 464 302 -1 -1 -1 0 
35 25 377 352 52 23 -1 -1 -1 0 
35 26 438 345 51 22 -1 -1 -1 0 
35 28 357 346 45 24 -1 -1 -1 0 
36 1 561 351 59 39 -1 -1 -1 0 
36 2 729 301 55 71 -1 -1 -1 0 
36 3 675 347 51 44 -1 -1 -1 0 
36 6 632 346 27 21 -1 -1 -1 0 
36 7 557 635 722 79 -1 -1 -1 0 
36 8 823 342 52 36 -1 -1 -1 0 
36 9 162 352 108 32 -1 -1 -1 0 
36 12 6 356 93 71 -1 -1 -1 0 
36 21 88 355 89 36 -1 -1 -1 0 
36 22 0 372 474 280 -1 -1 -1 0 
36 25 353 353 58 25 -1 -1 -1 0 
36 26 426 346 52 23 -1 -1 -1 0 
36 28 335 351 36 22 -1 -1 -1 0 
37 1 564 351 56 38 -1 -1 -1 0 
37 2 729 301 55 71 -1 -1 -1 0 
37 3 676 345 50 46 -1 -1 -1 0 
37 6 633 345 28 22 -1 -1 -1 0 
37 7 558 635 720 79 -1 -1 -1 0 
37 8 823 342 53 36 -1 -1 -1 0 
37 9 142 353 114 31 -1 -1 -1 0 
37 12 0 357 64 75 -1 -1 -1 0 
37 21 17 357 111 44 -1 -1 -1 0 
37 22 0 373 483 257 -1 -1 -1 0 
37 25 323 354 70 25 -1 -1 -1 0 
37 26 415 345 50 24 -1 -1 -1 0 
37 28 321 352 37 22 -1 -1 -1 0 
38 1 565 350 57 38 -1 -1 -1 0 
38 2 730 300 54 72 -1 -1 -1 0 
38 3 676 345 51 46 -1 -1 -1 0 
38 6 634 345 28 21 -1 -1 -1 0 
38 7 559 635 715 79 -1 -1 -1 0 
38 8 824 342 52 36 -1 -1 -1 0 
38 21 0 359 66 46 -1 -1 -1 0 
38 22 0 372 489 237 -1 -1 -1 0 
38 25 293 355 78 24 -1 -1 -1 0 
38 26 400 345 52 26 -1 -1 -1 0 
39 1 568 348 54 39 -1 -1 -1 0 
39 2 730 299 55 71 -1 -1 -1 0 
39 3 676 344 52 46 -1 -1 -1 0 
39 6 635 344 28 20 -1 -1 -1 0 
39 7 554 635 725 79 -1 -1 -1 0 
39 8 825 341 53 35 -1 -1 -1 0 
39 21 0 360 31 48 -1 -1 -1 0 
39 22 8 371 482 220 -1 -1 -1 0 
39 25 255 354 88 22 -1 -1 -1 0 
39 26 382 345 57 27 -1 -1 -1 0 
39 29 2 358 104 58 -1 -1 -1 0 
40 1 570 346 54 40 -1 -1 -1 0 
40 2 731 297 55 73 -1 -1 -1 0 
40 3 676 343 53 45 -1 -1 -1 0 
40 6 636 343 27 20 -1 -1 -1 0 
40 7 559 635 716 79 -1 -1 -1 0 
40 8 826 340 53 35 -1 -1 -1 0 
40 9 192 358 105 33 -1 -1 -1 0 
40 22 48 370 440 205 -1 -1 -1 0 
40 25 233 355 92 22 -1 -1 -1 0 
40 26 362 343 62 30 -1 -1 -1 0 
40 29 0 359 79 59 -1 -1 -1 0 
