3 1 6 401 249 189 -1 -1 -1 0 
3 2 51 368 160 148 -1 -1 -1 0 
3 3 656 347 37 27 -1 -1 -1 0 
3 4 585 331 38 39 -1 -1 -1 0 
4 1 29 399 233 184 -1 -1 -1 0 
4 2 72 365 152 160 -1 -1 -1 0 
4 3 657 347 37 27 -1 -1 -1 0 
4 4 586 332 38 38 -1 -1 -1 0 
5 1 48 405 225 173 -1 -1 -1 0 
5 2 88 366 153 158 -1 -1 -1 0 
5 3 659 347 35 27 -1 -1 -1 0 
5 4 588 332 36 39 -1 -1 -1 0 
6 1 72 410 209 162 -1 -1 -1 0 
6 2 108 369 145 154 -1 -1 -1 0 
6 3 659 346 36 28 -1 -1 -1 0 
6 4 588 332 38 39 -1 -1 -1 0 
7 1 96 403 192 163 -1 -1 -1 0 
7 2 125 370 139 153 -1 -1 -1 0 
7 3 659 346 38 28 -1 -1 -1 0 
7 4 589 332 38 39 -1 -1 -1 0 
8 1 113 401 187 159 -1 -1 -1 0 
8 2 142 370 135 145 -1 -1 -1 0 
8 3 660 344 37 28 -1 -1 -1 0 
8 4 590 331 38 38 -1 -1 -1 0 
9 1 131 399 178 154 -1 -1 -1 0 
9 2 161 368 122 141 -1 -1 -1 0 
9 3 661 344 38 28 -1 -1 -1 0 
9 4 590 331 38 38 -1 -1 -1 0 
10 1 148 396 170 151 -1 -1 -1 0 
10 2 176 366 119 139 -1 -1 -1 0 
10 3 662 343 38 29 -1 -1 -1 0 
10 4 592 331 38 36 -1 -1 -1 0 
11 1 165 395 161 145 -1 -1 -1 0 
11 2 189 366 118 132 -1 -1 -1 0 
11 3 662 342 38 29 -1 -1 -1 0 
11 4 593 329 37 38 -1 -1 -1 0 
12 1 180 396 155 138 -1 -1 -1 0 
12 2 203 365 114 128 -1 -1 -1 0 
12 3 663 341 38 29 -1 -1 -1 0 
12 4 594 328 36 38 -1 -1 -1 0 
13 1 194 402 150 126 -1 -1 -1 0 
13 2 218 362 105 131 -1 -1 -1 0 
13 3 663 341 38 29 -1 -1 -1 0 
13 4 593 328 39 37 -1 -1 -1 0 
14 1 212 397 137 126 -1 -1 -1 0 
14 2 229 361 107 128 -1 -1 -1 0 
14 3 662 340 41 30 -1 -1 -1 0 
14 4 595 328 37 36 -1 -1 -1 0 
15 1 224 398 134 121 -1 -1 -1 0 
15 2 241 360 102 125 -1 -1 -1 0 
15 3 664 340 38 30 -1 -1 -1 0 
15 4 596 328 36 38 -1 -1 -1 0 
16 1 237 395 127 120 -1 -1 -1 0 
16 2 253 362 97 120 -1 -1 -1 0 
16 3 664 340 38 30 -1 -1 -1 0 
16 4 597 328 35 37 -1 -1 -1 0 
17 1 247 397 126 113 -1 -1 -1 0 
17 2 263 362 94 118 -1 -1 -1 0 
17 3 664 340 38 29 -1 -1 -1 0 
17 4 597 327 37 38 -1 -1 -1 0 
18 1 263 393 115 115 -1 -1 -1 0 
18 2 273 362 93 115 -1 -1 -1 0 
18 3 664 341 39 29 -1 -1 -1 0 
18 4 598 328 36 37 -1 -1 -1 0 
19 1 272 391 113 112 -1 -1 -1 0 
19 2 283 363 90 105 -1 -1 -1 0 
19 3 665 341 37 29 -1 -1 -1 0 
19 4 598 328 37 37 -1 -1 -1 0 
20 1 281 394 112 107 -1 -1 -1 0 
20 2 295 359 83 106 -1 -1 -1 0 
20 3 665 340 38 30 -1 -1 -1 0 
20 4 598 328 38 36 -1 -1 -1 0 
21 1 291 396 109 102 -1 -1 -1 0 
21 2 302 361 85 103 -1 -1 -1 0 
21 3 664 341 39 29 -1 -1 -1 0 
21 4 598 328 37 36 -1 -1 -1 0 
21 9 687 335 22 20 -1 -1 -1 0 
22 1 302 395 103 100 -1 -1 -1 0 
22 2 312 363 84 100 -1 -1 -1 0 
22 3 666 341 36 29 -1 -1 -1 0 
22 4 599 329 36 36 -1 -1 -1 0 
22 9 686 335 23 21 -1 -1 -1 0 
23 1 311 394 101 100 -1 -1 -1 0 
23 2 321 362 79 98 -1 -1 -1 0 
23 3 665 341 38 29 -1 -1 -1 0 
23 4 599 329 36 36 -1 -1 -1 0 
23 9 688 335 21 21 -1 -1 -1 0 
24 1 322 388 94 102 -1 -1 -1 0 
24 2 330 360 80 100 -1 -1 -1 0 
24 3 665 341 39 29 -1 -1 -1 0 
24 4 599 329 36 36 -1 -1 -1 0 
24 9 688 335 23 21 -1 -1 -1 0 
25 1 330 391 92 97 -1 -1 -1 0 
25 2 336 364 83 95 -1 -1 -1 0 
25 3 665 341 39 30 -1 -1 -1 0 
25 4 599 330 37 35 -1 -1 -1 0 
25 9 689 335 21 21 -1 -1 -1 0 
26 1 341 386 82 100 -1 -1 -1 0 
26 2 344 365 81 93 -1 -1 -1 0 
26 3 664 342 40 29 -1 -1 -1 0 
26 4 601 330 35 35 -1 -1 -1 0 
26 9 690 335 21 22 -1 -1 -1 0 
27 1 345 395 86 89 -1 -1 -1 0 
27 2 352 364 80 92 -1 -1 -1 0 
27 3 664 342 40 29 -1 -1 -1 0 
27 4 601 330 36 35 -1 -1 -1 0 
27 9 689 336 22 21 -1 -1 -1 0 
28 1 356 391 79 90 -1 -1 -1 0 
28 2 360 362 75 92 -1 -1 -1 0 
28 3 665 342 38 30 -1 -1 -1 0 
28 4 602 331 34 34 -1 -1 -1 0 
28 9 690 336 21 21 -1 -1 -1 0 
29 1 365 386 75 93 -1 -1 -1 0 
29 2 367 360 74 93 -1 -1 -1 0 
29 3 665 343 38 29 -1 -1 -1 0 
29 4 602 331 34 34 -1 -1 -1 0 
29 9 690 336 21 21 -1 -1 -1 0 
30 1 368 389 80 87 -1 -1 -1 0 
30 2 373 361 72 90 -1 -1 -1 0 
30 3 664 343 40 29 -1 -1 -1 0 
30 4 602 330 34 35 -1 -1 -1 0 
30 9 690 335 21 21 -1 -1 -1 0 
31 1 376 383 74 90 -1 -1 -1 0 
31 2 380 361 68 88 -1 -1 -1 0 
31 3 665 342 39 30 -1 -1 -1 0 
31 4 602 330 35 35 -1 -1 -1 0 
31 9 690 335 22 20 -1 -1 -1 0 
32 1 383 383 69 87 -1 -1 -1 0 
32 2 386 361 67 86 -1 -1 -1 0 
32 3 665 342 39 30 -1 -1 -1 0 
32 4 602 329 35 36 -1 -1 -1 0 
32 9 690 335 22 20 -1 -1 -1 0 
33 1 390 382 66 85 -1 -1 -1 0 
33 2 392 360 66 85 -1 -1 -1 0 
33 3 665 342 40 30 -1 -1 -1 0 
33 4 602 329 35 35 -1 -1 -1 0 
33 9 690 335 23 20 -1 -1 -1 0 
34 1 397 381 64 83 -1 -1 -1 0 
34 2 398 356 63 85 -1 -1 -1 0 
34 3 664 342 41 30 -1 -1 -1 0 
34 4 602 328 35 36 -1 -1 -1 0 
34 9 690 334 22 21 -1 -1 -1 0 
34 13 558 635 719 80 -1 -1 -1 0 
35 1 400 380 69 81 -1 -1 -1 0 
35 2 402 355 63 84 -1 -1 -1 0 
35 3 665 342 40 30 -1 -1 -1 0 
35 4 602 328 36 36 -1 -1 -1 0 
35 9 692 334 20 22 -1 -1 -1 0 
35 13 559 635 717 79 -1 -1 -1 0 
36 1 407 378 67 80 -1 -1 -1 0 
36 2 410 355 58 83 -1 -1 -1 0 
36 3 666 342 38 30 -1 -1 -1 0 
36 4 603 329 35 35 -1 -1 -1 0 
36 9 691 335 22 21 -1 -1 -1 0 
36 13 559 634 717 80 -1 -1 -1 0 
37 1 413 385 63 72 -1 -1 -1 0 
37 2 414 356 59 82 -1 -1 -1 0 
37 3 665 343 40 30 -1 -1 -1 0 
37 4 603 329 35 36 -1 -1 -1 0 
37 9 690 335 24 21 -1 -1 -1 0 
37 13 565 634 705 82 -1 -1 -1 0 
38 1 422 395 40 62 -1 -1 -1 0 
38 2 420 355 55 84 -1 -1 -1 0 
38 3 665 344 40 30 -1 -1 -1 0 
38 4 603 331 36 34 -1 -1 -1 0 
38 9 691 336 23 20 -1 -1 -1 0 
38 13 564 633 707 84 -1 -1 -1 0 
39 1 423 392 54 63 -1 -1 -1 0 
39 2 423 357 57 81 -1 -1 -1 0 
39 3 666 344 38 30 -1 -1 -1 0 
39 4 604 331 35 34 -1 -1 -1 0 
39 9 691 336 23 20 -1 -1 -1 0 
39 13 556 635 723 81 -1 -1 -1 0 
40 1 429 387 54 66 -1 -1 -1 0 
40 2 428 356 56 79 -1 -1 -1 0 
40 3 666 345 39 30 -1 -1 -1 0 
40 4 605 330 34 35 -1 -1 -1 0 
40 9 692 337 22 19 -1 -1 -1 0 
40 13 555 635 724 81 -1 -1 -1 0 
