3 1 659 340 54 44 -1 -1 -1 0 
3 3 621 341 32 24 -1 -1 -1 0 
3 4 197 346 70 29 -1 -1 -1 0 
4 1 659 339 56 45 -1 -1 -1 0 
4 3 621 342 32 23 -1 -1 -1 0 
4 4 184 347 70 28 -1 -1 -1 0 
5 1 661 339 54 45 -1 -1 -1 0 
5 3 621 342 30 23 -1 -1 -1 0 
5 5 563 635 712 80 -1 -1 -1 0 
6 1 661 338 55 46 -1 -1 -1 0 
6 3 620 342 32 23 -1 -1 -1 0 
6 5 559 635 719 79 -1 -1 -1 0 
6 6 0 260 331 451 -1 -1 -1 0 
7 1 661 339 56 46 -1 -1 -1 0 
7 3 619 342 32 24 -1 -1 -1 0 
7 5 559 635 719 79 -1 -1 -1 0 
7 6 1 265 332 446 -1 -1 -1 0 
8 1 660 340 58 46 -1 -1 -1 0 
8 3 618 342 33 25 -1 -1 -1 0 
8 5 565 635 709 80 -1 -1 -1 0 
8 6 2 256 331 453 -1 -1 -1 0 
9 1 662 340 55 46 -1 -1 -1 0 
9 3 617 342 34 25 -1 -1 -1 0 
9 5 558 635 720 80 -1 -1 -1 0 
9 6 8 199 321 510 -1 -1 -1 0 
10 1 662 342 57 45 -1 -1 -1 0 
10 3 616 342 35 26 -1 -1 -1 0 
10 5 559 634 719 80 -1 -1 -1 0 
10 6 0 229 347 481 -1 -1 -1 0 
11 1 663 343 56 45 -1 -1 -1 0 
11 3 616 344 33 25 -1 -1 -1 0 
11 5 566 634 707 81 -1 -1 -1 0 
11 6 0 250 346 455 -1 -1 -1 0 
12 1 664 343 55 46 -1 -1 -1 0 
12 3 616 343 32 26 -1 -1 -1 0 
12 5 561 634 715 81 -1 -1 -1 0 
12 6 0 258 345 445 -1 -1 -1 0 
13 1 664 342 56 46 -1 -1 -1 0 
13 3 616 341 31 27 -1 -1 -1 0 
13 5 560 634 716 81 -1 -1 -1 0 
13 6 1 260 344 447 -1 -1 -1 0 
14 1 664 342 57 46 -1 -1 -1 0 
14 3 613 341 35 27 -1 -1 -1 0 
14 6 2 258 345 450 -1 -1 -1 0 
15 1 664 341 57 46 -1 -1 -1 0 
15 3 613 340 34 28 -1 -1 -1 0 
15 5 564 634 712 81 -1 -1 -1 0 
15 6 2 252 346 454 -1 -1 -1 0 
16 1 665 341 56 46 -1 -1 -1 0 
16 3 612 339 35 29 -1 -1 -1 0 
16 5 557 634 722 80 -1 -1 -1 0 
16 6 1 255 350 452 -1 -1 -1 0 
17 1 666 339 55 47 -1 -1 -1 0 
17 3 611 338 35 29 -1 -1 -1 0 
17 5 563 634 714 80 -1 -1 -1 0 
17 6 1 255 351 449 -1 -1 -1 0 
18 1 666 338 55 48 -1 -1 -1 0 
18 3 609 338 36 29 -1 -1 -1 0 
18 5 563 635 713 79 -1 -1 -1 0 
18 6 4 238 346 468 -1 -1 -1 0 
19 1 667 338 55 48 -1 -1 -1 0 
19 3 609 338 35 29 -1 -1 -1 0 
19 5 561 635 715 79 -1 -1 -1 0 
19 6 3 222 350 486 -1 -1 -1 0 
20 1 666 337 57 48 -1 -1 -1 0 
20 3 609 338 34 29 -1 -1 -1 0 
20 5 562 635 713 79 -1 -1 -1 0 
20 6 0 240 361 466 -1 -1 -1 0 
21 1 666 337 58 48 -1 -1 -1 0 
21 3 607 338 37 29 -1 -1 -1 0 
21 5 562 635 713 79 -1 -1 -1 0 
21 6 0 249 360 455 -1 -1 -1 0 
22 1 667 338 57 47 -1 -1 -1 0 
22 3 607 339 37 28 -1 -1 -1 0 
22 5 560 635 716 79 -1 -1 -1 0 
22 6 1 252 358 452 -1 -1 -1 0 
23 1 667 339 57 46 -1 -1 -1 0 
23 3 606 339 38 30 -1 -1 -1 0 
23 5 560 635 717 80 -1 -1 -1 0 
23 6 3 248 355 456 -1 -1 -1 0 
24 1 669 338 55 47 -1 -1 -1 0 
24 3 606 339 38 30 -1 -1 -1 0 
24 5 560 635 716 80 -1 -1 -1 0 
24 6 4 236 353 469 -1 -1 -1 0 
25 1 669 338 56 48 -1 -1 -1 0 
25 3 606 339 38 30 -1 -1 -1 0 
25 5 560 635 716 80 -1 -1 -1 0 
25 6 3 230 356 477 -1 -1 -1 0 
26 1 669 339 58 47 -1 -1 -1 0 
26 3 605 339 39 31 -1 -1 -1 0 
26 5 565 635 711 80 -1 -1 -1 0 
26 6 0 235 362 472 -1 -1 -1 0 
27 1 670 339 57 47 -1 -1 -1 0 
27 3 604 339 41 31 -1 -1 -1 0 
27 5 561 635 716 80 -1 -1 -1 0 
27 6 1 237 361 470 -1 -1 -1 0 
28 1 670 339 58 48 -1 -1 -1 0 
28 3 604 341 40 30 -1 -1 -1 0 
28 5 561 636 716 79 -1 -1 -1 0 
28 6 1 238 360 469 -1 -1 -1 0 
29 1 670 339 60 48 -1 -1 -1 0 
29 3 603 341 41 31 -1 -1 -1 0 
29 5 561 635 714 80 -1 -1 -1 0 
29 6 2 239 358 468 -1 -1 -1 0 
30 1 671 340 59 48 -1 -1 -1 0 
30 3 603 342 41 31 -1 -1 -1 0 
30 5 558 635 719 80 -1 -1 -1 0 
30 6 2 239 358 467 -1 -1 -1 0 
31 1 671 340 58 49 -1 -1 -1 0 
31 3 603 343 39 31 -1 -1 -1 0 
31 5 559 635 718 80 -1 -1 -1 0 
31 6 1 241 358 465 -1 -1 -1 0 
32 1 671 339 59 50 -1 -1 -1 0 
32 3 603 342 39 32 -1 -1 -1 0 
32 5 558 635 718 80 -1 -1 -1 0 
32 6 0 246 360 458 -1 -1 -1 0 
33 1 671 339 60 50 -1 -1 -1 0 
33 3 602 342 40 32 -1 -1 -1 0 
33 4 371 322 91 32 -1 -1 -1 0 
33 5 561 635 713 80 -1 -1 -1 0 
33 6 2 247 356 456 -1 -1 -1 0 
34 1 672 338 59 50 -1 -1 -1 0 
34 3 600 342 41 31 -1 -1 -1 0 
34 4 368 321 94 33 -1 -1 -1 0 
34 5 560 635 717 80 -1 -1 -1 0 
34 6 1 252 357 449 -1 -1 -1 0 
35 1 671 338 60 50 -1 -1 -1 0 
35 3 600 342 40 31 -1 -1 -1 0 
35 4 357 320 99 35 -1 -1 -1 0 
35 5 559 635 718 80 -1 -1 -1 0 
35 6 1 256 356 443 -1 -1 -1 0 
36 1 670 337 60 50 -1 -1 -1 0 
36 3 599 340 41 33 -1 -1 -1 0 
36 4 340 318 111 38 -1 -1 -1 0 
36 5 564 635 709 80 -1 -1 -1 0 
36 6 2 255 351 442 -1 -1 -1 0 
37 1 671 337 59 50 -1 -1 -1 0 
37 3 598 339 42 34 -1 -1 -1 0 
37 4 321 317 119 38 -1 -1 -1 0 
37 5 564 635 707 82 -1 -1 -1 0 
37 6 2 254 350 442 -1 -1 -1 0 
38 1 669 336 62 50 -1 -1 -1 0 
38 3 598 337 41 35 -1 -1 -1 0 
38 4 315 316 60 40 -1 -1 -1 0 
38 5 558 635 720 81 -1 -1 -1 0 
38 6 1 257 350 439 -1 -1 -1 0 
39 1 670 336 61 50 -1 -1 -1 0 
39 3 595 337 45 35 -1 -1 -1 0 
39 4 276 316 136 42 -1 -1 -1 0 
39 5 565 635 714 80 -1 -1 -1 0 
39 6 2 257 348 439 -1 -1 -1 0 
40 1 670 336 61 50 -1 -1 -1 0 
40 3 594 337 44 36 -1 -1 -1 0 
40 4 268 315 155 43 -1 -1 -1 0 
40 5 560 635 719 80 -1 -1 -1 0 
40 6 3 253 346 442 -1 -1 -1 0 
