3 1 752 346 53 36 -1 -1 -1 0 
3 2 668 325 25 38 -1 -1 -1 0 
3 3 174 319 211 60 -1 -1 -1 0 
3 5 559 635 718 79 -1 -1 -1 0 
4 1 752 346 53 36 -1 -1 -1 0 
4 2 669 325 24 38 -1 -1 -1 0 
4 3 123 316 245 66 -1 -1 -1 0 
4 5 562 633 711 81 -1 -1 -1 0 
5 1 752 346 53 36 -1 -1 -1 0 
5 2 668 324 25 38 -1 -1 -1 0 
5 3 71 313 278 72 -1 -1 -1 0 
5 5 555 635 724 79 -1 -1 -1 0 
6 1 752 346 53 35 -1 -1 -1 0 
6 2 669 324 25 38 -1 -1 -1 0 
6 3 4 309 328 75 -1 -1 -1 0 
6 5 558 635 719 79 -1 -1 -1 0 
7 1 753 346 51 35 -1 -1 -1 0 
7 2 669 323 25 38 -1 -1 -1 0 
7 3 0 307 310 78 -1 -1 -1 0 
7 5 557 635 718 79 -1 -1 -1 0 
7 9 630 343 27 22 -1 -1 -1 0 
8 1 753 346 51 35 -1 -1 -1 0 
8 2 669 323 25 38 -1 -1 -1 0 
8 5 554 635 723 79 -1 -1 -1 0 
8 9 629 343 29 22 -1 -1 -1 0 
9 1 753 346 51 35 -1 -1 -1 0 
9 2 669 323 25 38 -1 -1 -1 0 
9 5 559 635 715 80 -1 -1 -1 0 
9 9 629 343 29 22 -1 -1 -1 0 
10 1 752 346 53 35 -1 -1 -1 0 
10 2 669 323 25 38 -1 -1 -1 0 
10 5 557 635 720 80 -1 -1 -1 0 
11 1 752 346 53 36 -1 -1 -1 0 
11 2 668 323 26 39 -1 -1 -1 0 
11 5 559 635 717 80 -1 -1 -1 0 
11 9 629 343 29 22 -1 -1 -1 0 
11 13 451 333 65 35 -1 -1 -1 0 
12 1 752 346 53 36 -1 -1 -1 0 
12 2 669 323 25 39 -1 -1 -1 0 
12 5 562 635 714 80 -1 -1 -1 0 
12 9 629 344 29 20 -1 -1 -1 0 
12 13 442 332 69 37 -1 -1 -1 0 
13 1 753 347 52 35 -1 -1 -1 0 
13 2 669 323 25 39 -1 -1 -1 0 
13 5 560 635 717 81 -1 -1 -1 0 
13 9 629 344 29 21 -1 -1 -1 0 
13 13 432 331 75 34 -1 -1 -1 0 
14 1 753 347 52 35 -1 -1 -1 0 
14 2 669 323 25 39 -1 -1 -1 0 
14 5 559 636 718 80 -1 -1 -1 0 
14 13 424 331 76 34 -1 -1 -1 0 
15 1 753 347 52 35 -1 -1 -1 0 
15 2 669 323 25 39 -1 -1 -1 0 
15 5 560 635 715 81 -1 -1 -1 0 
15 13 414 331 79 40 -1 -1 -1 0 
16 1 753 347 51 36 -1 -1 -1 0 
16 2 668 323 26 40 -1 -1 -1 0 
16 5 558 635 718 81 -1 -1 -1 0 
16 13 400 330 90 42 -1 -1 -1 0 
17 1 752 347 53 36 -1 -1 -1 0 
17 2 668 323 27 40 -1 -1 -1 0 
17 5 559 635 717 81 -1 -1 -1 0 
17 13 390 330 94 39 -1 -1 -1 0 
18 1 752 347 54 36 -1 -1 -1 0 
18 2 668 323 26 40 -1 -1 -1 0 
18 5 556 635 722 81 -1 -1 -1 0 
18 13 378 329 97 43 -1 -1 -1 0 
19 1 753 347 52 36 -1 -1 -1 0 
19 2 668 323 27 40 -1 -1 -1 0 
19 5 558 635 718 81 -1 -1 -1 0 
19 13 366 328 103 44 -1 -1 -1 0 
20 1 753 347 52 36 -1 -1 -1 0 
20 2 669 323 25 40 -1 -1 -1 0 
20 5 561 635 715 81 -1 -1 -1 0 
20 13 355 326 106 48 -1 -1 -1 0 
21 1 752 347 53 36 -1 -1 -1 0 
21 2 669 323 26 40 -1 -1 -1 0 
21 5 558 635 719 81 -1 -1 -1 0 
21 13 338 325 116 51 -1 -1 -1 0 
22 1 752 347 53 36 -1 -1 -1 0 
22 2 668 323 27 40 -1 -1 -1 0 
22 5 560 635 716 81 -1 -1 -1 0 
22 13 320 325 126 53 -1 -1 -1 0 
23 1 752 348 54 35 -1 -1 -1 0 
23 2 669 324 25 40 -1 -1 -1 0 
23 5 559 635 718 81 -1 -1 -1 0 
23 13 302 324 136 55 -1 -1 -1 0 
24 1 753 348 52 35 -1 -1 -1 0 
24 2 668 324 27 40 -1 -1 -1 0 
24 5 560 635 716 81 -1 -1 -1 0 
24 9 632 344 26 21 -1 -1 -1 0 
24 13 283 323 143 60 -1 -1 -1 0 
25 1 752 348 54 35 -1 -1 -1 0 
25 2 669 324 25 40 -1 -1 -1 0 
25 5 559 635 718 81 -1 -1 -1 0 
25 9 632 344 27 22 -1 -1 -1 0 
25 13 255 322 162 62 -1 -1 -1 0 
26 1 753 348 52 35 -1 -1 -1 0 
26 2 669 324 25 40 -1 -1 -1 0 
26 5 564 635 711 81 -1 -1 -1 0 
26 13 228 321 177 66 -1 -1 -1 0 
27 1 752 348 53 35 -1 -1 -1 0 
27 2 669 324 26 39 -1 -1 -1 0 
27 5 559 635 720 80 -1 -1 -1 0 
27 13 195 321 197 70 -1 -1 -1 0 
28 1 752 348 53 35 -1 -1 -1 0 
28 2 669 324 26 39 -1 -1 -1 0 
28 5 564 635 712 80 -1 -1 -1 0 
28 9 633 342 25 23 -1 -1 -1 0 
28 13 163 319 210 81 -1 -1 -1 0 
29 1 753 347 52 36 -1 -1 -1 0 
29 2 669 324 26 39 -1 -1 -1 0 
29 5 560 635 717 80 -1 -1 -1 0 
29 9 633 342 25 23 -1 -1 -1 0 
29 13 115 317 246 91 -1 -1 -1 0 
30 1 753 347 52 36 -1 -1 -1 0 
30 2 669 323 26 39 -1 -1 -1 0 
30 5 563 635 711 79 -1 -1 -1 0 
30 13 57 312 289 100 -1 -1 -1 0 
31 1 752 347 54 35 -1 -1 -1 0 
31 2 669 322 25 40 -1 -1 -1 0 
31 5 568 635 705 80 -1 -1 -1 0 
31 13 13 308 309 113 -1 -1 -1 0 
32 1 753 346 53 36 -1 -1 -1 0 
32 2 668 322 27 39 -1 -1 -1 0 
32 5 568 635 708 80 -1 -1 -1 0 
32 13 0 305 311 112 -1 -1 -1 0 
33 1 753 346 53 35 -1 -1 -1 0 
33 2 669 321 26 40 -1 -1 -1 0 
33 5 562 634 716 81 -1 -1 -1 0 
33 13 0 303 280 113 -1 -1 -1 0 
33 20 0 543 89 171 -1 -1 -1 0 
34 1 753 344 54 36 -1 -1 -1 0 
34 2 669 321 27 39 -1 -1 -1 0 
34 5 563 633 711 82 -1 -1 -1 0 
34 9 469 340 35 24 -1 -1 -1 0 
34 13 0 303 255 110 -1 -1 -1 0 
34 20 0 529 115 181 -1 -1 -1 0 
35 1 754 344 54 36 -1 -1 -1 0 
35 2 669 321 28 39 -1 -1 -1 0 
35 5 556 635 723 81 -1 -1 -1 0 
35 9 455 339 36 25 -1 -1 -1 0 
35 13 0 303 233 95 -1 -1 -1 0 
35 20 0 520 137 192 -1 -1 -1 0 
36 1 754 343 55 37 -1 -1 -1 0 
36 2 669 321 28 38 -1 -1 -1 0 
36 5 560 635 716 81 -1 -1 -1 0 
36 9 442 340 38 26 -1 -1 -1 0 
36 13 0 303 189 91 -1 -1 -1 0 
36 20 0 512 159 201 -1 -1 -1 0 
37 1 755 343 54 36 -1 -1 -1 0 
37 2 670 321 27 38 -1 -1 -1 0 
37 5 562 634 715 81 -1 -1 -1 0 
37 9 380 348 51 26 -1 -1 -1 0 
37 13 0 301 142 93 -1 -1 -1 0 
37 20 0 504 177 210 -1 -1 -1 0 
38 1 755 344 55 37 -1 -1 -1 0 
38 2 670 321 28 39 -1 -1 -1 0 
38 5 561 634 717 81 -1 -1 -1 0 
38 9 342 353 63 26 -1 -1 -1 0 
38 13 0 302 91 87 -1 -1 -1 0 
38 20 0 496 195 219 -1 -1 -1 0 
39 1 755 345 55 36 -1 -1 -1 0 
39 2 670 321 29 40 -1 -1 -1 0 
39 5 561 634 716 81 -1 -1 -1 0 
39 9 316 354 64 26 -1 -1 -1 0 
39 13 0 300 63 88 -1 -1 -1 0 
39 20 0 489 211 225 -1 -1 -1 0 
40 1 755 345 55 36 -1 -1 -1 0 
40 2 671 321 27 40 -1 -1 -1 0 
40 5 557 634 720 81 -1 -1 -1 0 
40 9 298 355 59 27 -1 -1 -1 0 
40 20 0 482 226 232 -1 -1 -1 0 
