4 1 615 346 30 25 -1 -1 -1 0 
5 1 615 346 30 25 -1 -1 -1 0 
6 1 615 346 30 25 -1 -1 -1 0 
6 3 555 635 718 81 -1 -1 -1 0 
7 1 614 346 32 24 -1 -1 -1 0 
7 3 558 635 713 80 -1 -1 -1 0 
8 1 615 346 30 24 -1 -1 -1 0 
8 3 562 634 707 82 -1 -1 -1 0 
9 1 615 346 30 24 -1 -1 -1 0 
9 3 556 635 719 81 -1 -1 -1 0 
10 1 615 346 31 24 -1 -1 -1 0 
10 3 558 635 714 81 -1 -1 -1 0 
11 1 615 347 31 23 -1 -1 -1 0 
11 3 558 635 711 81 -1 -1 -1 0 
12 1 616 347 30 23 -1 -1 -1 0 
12 3 558 635 714 80 -1 -1 -1 0 
13 1 617 347 28 24 -1 -1 -1 0 
13 3 558 635 714 80 -1 -1 -1 0 
14 1 616 347 30 24 -1 -1 -1 0 
14 3 559 635 713 81 -1 -1 -1 0 
15 1 616 347 30 24 -1 -1 -1 0 
15 3 559 635 714 81 -1 -1 -1 0 
16 1 616 348 30 24 -1 -1 -1 0 
16 3 559 635 714 81 -1 -1 -1 0 
17 1 616 348 31 24 -1 -1 -1 0 
17 3 559 635 714 82 -1 -1 -1 0 
18 1 617 349 30 23 -1 -1 -1 0 
18 3 558 634 716 83 -1 -1 -1 0 
19 1 617 349 30 23 -1 -1 -1 0 
20 1 617 348 29 23 -1 -1 -1 0 
21 1 617 347 29 24 -1 -1 -1 0 
22 1 617 347 29 24 -1 -1 -1 0 
23 1 617 347 29 23 -1 -1 -1 0 
23 3 558 634 715 82 -1 -1 -1 0 
24 1 616 347 30 23 -1 -1 -1 0 
24 3 559 634 712 82 -1 -1 -1 0 
25 1 616 347 30 24 -1 -1 -1 0 
25 3 554 636 721 79 -1 -1 -1 0 
26 1 615 348 32 23 -1 -1 -1 0 
26 3 554 636 722 79 -1 -1 -1 0 
27 1 616 348 30 23 -1 -1 -1 0 
28 1 616 348 31 24 -1 -1 -1 0 
29 1 617 347 29 24 -1 -1 -1 0 
30 1 617 346 29 25 -1 -1 -1 0 
31 1 617 346 29 25 -1 -1 -1 0 
31 3 559 636 713 80 -1 -1 -1 0 
32 1 617 345 29 25 -1 -1 -1 0 
32 3 559 636 713 80 -1 -1 -1 0 
33 1 616 345 30 25 -1 -1 -1 0 
33 3 560 635 707 82 -1 -1 -1 0 
34 1 616 345 30 25 -1 -1 -1 0 
34 3 554 635 721 81 -1 -1 -1 0 
35 1 616 345 30 25 -1 -1 -1 0 
35 3 554 635 721 81 -1 -1 -1 0 
36 1 615 345 31 25 -1 -1 -1 0 
36 3 559 635 713 81 -1 -1 -1 0 
37 1 615 346 30 24 -1 -1 -1 0 
37 3 559 635 713 81 -1 -1 -1 0 
38 1 615 346 30 24 -1 -1 -1 0 
40 1 615 346 29 24 -1 -1 -1 0 
