3 1 559 348 61 41 -1 -1 -1 0 
3 2 555 634 721 83 -1 -1 -1 0 
3 3 665 340 25 19 -1 -1 -1 0 
4 1 560 347 60 41 -1 -1 -1 0 
4 2 557 635 719 81 -1 -1 -1 0 
4 3 665 339 24 19 -1 -1 -1 0 
5 1 561 347 59 41 -1 -1 -1 0 
5 2 564 634 707 83 -1 -1 -1 0 
5 3 666 339 24 19 -1 -1 -1 0 
5 4 641 343 20 14 -1 -1 -1 0 
6 1 560 347 61 40 -1 -1 -1 0 
6 2 558 634 718 83 -1 -1 -1 0 
6 3 666 339 24 19 -1 -1 -1 0 
6 4 642 341 19 15 -1 -1 -1 0 
7 1 561 347 59 40 -1 -1 -1 0 
7 2 558 635 717 81 -1 -1 -1 0 
7 3 667 339 23 18 -1 -1 -1 0 
7 4 642 342 19 14 -1 -1 -1 0 
8 1 561 347 59 41 -1 -1 -1 0 
8 2 561 635 713 81 -1 -1 -1 0 
8 3 667 339 23 19 -1 -1 -1 0 
8 4 642 342 19 15 -1 -1 -1 0 
9 1 561 349 59 41 -1 -1 -1 0 
9 2 560 635 714 80 -1 -1 -1 0 
9 3 667 340 23 20 -1 -1 -1 0 
9 4 641 343 23 16 -1 -1 -1 0 
10 1 560 349 60 41 -1 -1 -1 0 
10 2 559 635 714 80 -1 -1 -1 0 
10 3 666 340 25 20 -1 -1 -1 0 
10 4 641 344 23 15 -1 -1 -1 0 
11 1 560 350 60 40 -1 -1 -1 0 
11 2 558 635 717 80 -1 -1 -1 0 
11 3 667 340 23 21 -1 -1 -1 0 
11 4 641 344 23 16 -1 -1 -1 0 
12 1 561 349 59 41 -1 -1 -1 0 
12 2 560 634 710 81 -1 -1 -1 0 
12 3 666 340 25 21 -1 -1 -1 0 
12 4 642 344 20 15 -1 -1 -1 0 
13 1 560 349 61 40 -1 -1 -1 0 
13 2 560 633 711 82 -1 -1 -1 0 
13 3 667 341 24 20 -1 -1 -1 0 
13 4 642 344 18 15 -1 -1 -1 0 
14 1 560 349 61 40 -1 -1 -1 0 
14 2 556 634 720 81 -1 -1 -1 0 
14 3 668 341 22 20 -1 -1 -1 0 
14 4 642 343 21 15 -1 -1 -1 0 
15 1 561 348 59 40 -1 -1 -1 0 
15 2 555 635 723 80 -1 -1 -1 0 
15 3 667 340 24 20 -1 -1 -1 0 
15 4 642 343 20 15 -1 -1 -1 0 
16 1 562 347 58 41 -1 -1 -1 0 
16 2 563 635 713 79 -1 -1 -1 0 
16 3 667 340 24 20 -1 -1 -1 0 
16 4 642 343 19 15 -1 -1 -1 0 
17 1 561 347 60 40 -1 -1 -1 0 
17 2 562 635 712 80 -1 -1 -1 0 
17 3 667 340 24 19 -1 -1 -1 0 
17 4 642 341 20 16 -1 -1 -1 0 
18 1 562 346 59 40 -1 -1 -1 0 
18 2 560 636 714 79 -1 -1 -1 0 
18 3 667 340 23 19 -1 -1 -1 0 
18 4 642 341 20 16 -1 -1 -1 0 
19 1 563 346 58 40 -1 -1 -1 0 
19 2 558 635 717 80 -1 -1 -1 0 
19 3 667 340 24 19 -1 -1 -1 0 
19 4 642 341 21 16 -1 -1 -1 0 
20 1 562 348 60 40 -1 -1 -1 0 
20 2 559 635 711 80 -1 -1 -1 0 
20 3 668 341 23 20 -1 -1 -1 0 
20 4 642 342 22 16 -1 -1 -1 0 
21 1 563 349 59 40 -1 -1 -1 0 
21 2 559 635 714 80 -1 -1 -1 0 
21 3 668 341 24 21 -1 -1 -1 0 
21 4 642 343 21 15 -1 -1 -1 0 
22 1 563 349 59 40 -1 -1 -1 0 
22 2 557 636 719 79 -1 -1 -1 0 
22 3 668 341 24 21 -1 -1 -1 0 
22 4 642 343 21 15 -1 -1 -1 0 
23 1 563 349 59 39 -1 -1 -1 0 
23 2 561 636 711 79 -1 -1 -1 0 
23 3 668 339 24 23 -1 -1 -1 0 
23 4 641 343 24 15 -1 -1 -1 0 
24 1 564 347 57 41 -1 -1 -1 0 
24 2 562 636 711 80 -1 -1 -1 0 
24 3 667 339 25 22 -1 -1 -1 0 
24 4 642 342 22 15 -1 -1 -1 0 
25 1 563 345 59 41 -1 -1 -1 0 
25 2 558 636 716 79 -1 -1 -1 0 
25 3 666 337 26 22 -1 -1 -1 0 
25 4 642 340 22 15 -1 -1 -1 0 
26 1 563 344 58 41 -1 -1 -1 0 
26 2 563 636 705 79 -1 -1 -1 0 
26 3 666 336 26 21 -1 -1 -1 0 
26 4 642 339 22 16 -1 -1 -1 0 
27 1 562 342 59 41 -1 -1 -1 0 
27 2 562 635 710 80 -1 -1 -1 0 
27 3 666 336 25 20 -1 -1 -1 0 
27 4 643 336 21 16 -1 -1 -1 0 
28 1 562 342 59 40 -1 -1 -1 0 
28 2 559 635 715 80 -1 -1 -1 0 
28 3 666 334 25 21 -1 -1 -1 0 
28 4 643 335 21 16 -1 -1 -1 0 
29 1 563 342 56 41 -1 -1 -1 0 
29 2 560 634 713 81 -1 -1 -1 0 
29 3 666 334 25 21 -1 -1 -1 0 
29 4 641 336 20 16 -1 -1 -1 0 
30 1 562 343 58 41 -1 -1 -1 0 
30 2 566 635 703 81 -1 -1 -1 0 
30 3 664 336 27 21 -1 -1 -1 0 
30 4 642 338 17 16 -1 -1 -1 0 
31 1 562 344 58 40 -1 -1 -1 0 
31 2 559 634 715 81 -1 -1 -1 0 
31 3 664 336 26 21 -1 -1 -1 0 
31 4 641 339 18 16 -1 -1 -1 0 
32 1 562 346 59 39 -1 -1 -1 0 
32 2 556 634 721 81 -1 -1 -1 0 
32 3 665 338 25 20 -1 -1 -1 0 
32 4 641 341 18 16 -1 -1 -1 0 
33 1 562 346 59 39 -1 -1 -1 0 
33 2 560 635 714 80 -1 -1 -1 0 
33 3 665 339 25 21 -1 -1 -1 0 
33 4 641 342 20 15 -1 -1 -1 0 
34 1 563 346 57 40 -1 -1 -1 0 
34 2 557 635 717 80 -1 -1 -1 0 
34 3 665 339 26 21 -1 -1 -1 0 
34 4 641 342 20 15 -1 -1 -1 0 
35 1 563 347 57 39 -1 -1 -1 0 
35 2 564 635 705 81 -1 -1 -1 0 
35 3 665 340 25 20 -1 -1 -1 0 
35 4 641 343 20 15 -1 -1 -1 0 
36 1 563 345 57 41 -1 -1 -1 0 
36 2 564 636 709 80 -1 -1 -1 0 
36 3 664 340 28 20 -1 -1 -1 0 
36 4 641 342 20 15 -1 -1 -1 0 
37 1 562 345 59 41 -1 -1 -1 0 
37 2 560 636 716 80 -1 -1 -1 0 
37 3 666 339 24 20 -1 -1 -1 0 
37 4 640 341 20 15 -1 -1 -1 0 
38 1 563 345 57 40 -1 -1 -1 0 
38 2 562 635 712 80 -1 -1 -1 0 
38 3 666 337 25 22 -1 -1 -1 0 
38 4 639 341 23 14 -1 -1 -1 0 
39 1 563 345 57 40 -1 -1 -1 0 
39 2 562 635 712 80 -1 -1 -1 0 
39 3 665 337 26 22 -1 -1 -1 0 
39 4 640 341 21 14 -1 -1 -1 0 
40 1 563 344 57 40 -1 -1 -1 0 
40 2 557 635 719 80 -1 -1 -1 0 
40 3 665 337 27 22 -1 -1 -1 0 
40 4 640 340 21 15 -1 -1 -1 0 
