3 1 914 348 337 147 -1 -1 -1 0 
3 2 674 346 46 35 -1 -1 -1 0 
3 3 588 345 26 20 -1 -1 -1 0 
3 4 560 635 717 79 -1 -1 -1 0 
3 5 549 344 29 21 -1 -1 -1 0 
4 1 907 347 316 143 -1 -1 -1 0 
4 2 675 344 45 37 -1 -1 -1 0 
4 3 588 344 26 21 -1 -1 -1 0 
4 4 560 635 717 79 -1 -1 -1 0 
4 5 550 344 29 21 -1 -1 -1 0 
5 1 899 347 299 138 -1 -1 -1 0 
5 2 674 340 46 41 -1 -1 -1 0 
5 3 588 343 27 22 -1 -1 -1 0 
5 4 560 634 713 81 -1 -1 -1 0 
5 5 550 344 30 21 -1 -1 -1 0 
6 1 893 347 282 133 -1 -1 -1 0 
6 2 673 341 47 40 -1 -1 -1 0 
6 3 589 344 26 21 -1 -1 -1 0 
6 4 558 634 716 81 -1 -1 -1 0 
7 1 887 347 269 128 -1 -1 -1 0 
7 2 674 339 46 42 -1 -1 -1 0 
7 3 590 344 25 21 -1 -1 -1 0 
7 4 556 635 721 80 -1 -1 -1 0 
8 1 881 347 255 123 -1 -1 -1 0 
8 2 674 337 47 44 -1 -1 -1 0 
8 3 590 344 26 21 -1 -1 -1 0 
8 4 559 635 717 80 -1 -1 -1 0 
9 1 877 347 241 119 -1 -1 -1 0 
9 2 673 337 47 44 -1 -1 -1 0 
9 3 588 344 29 22 -1 -1 -1 0 
9 4 562 635 714 79 -1 -1 -1 0 
9 5 555 344 28 21 -1 -1 -1 0 
10 1 872 347 230 115 -1 -1 -1 0 
10 2 673 337 48 44 -1 -1 -1 0 
10 3 588 345 30 21 -1 -1 -1 0 
10 4 564 634 712 80 -1 -1 -1 0 
10 5 620 341 25 22 -1 -1 -1 0 
11 1 866 347 222 111 -1 -1 -1 0 
11 2 674 337 46 44 -1 -1 -1 0 
11 3 589 345 28 21 -1 -1 -1 0 
11 4 559 635 720 79 -1 -1 -1 0 
11 5 582 342 28 22 -1 -1 -1 0 
12 1 863 347 210 109 -1 -1 -1 0 
12 2 674 337 46 44 -1 -1 -1 0 
12 3 590 346 29 20 -1 -1 -1 0 
12 4 559 635 717 79 -1 -1 -1 0 
12 5 627 342 25 21 -1 -1 -1 0 
12 12 98 354 89 16 -1 -1 -1 0 
12 13 674 338 46 44 -1 -1 -1 0 
13 1 858 348 204 105 -1 -1 -1 0 
13 2 674 337 46 44 -1 -1 -1 0 
13 3 591 344 27 23 -1 -1 -1 0 
13 4 558 635 718 79 -1 -1 -1 0 
13 5 643 342 23 21 -1 -1 -1 0 
13 12 53 355 100 16 -1 -1 -1 0 
13 13 675 337 44 45 -1 -1 -1 0 
14 1 855 348 192 102 -1 -1 -1 0 
14 2 674 337 46 44 -1 -1 -1 0 
14 3 590 344 30 22 -1 -1 -1 0 
14 4 558 635 718 79 -1 -1 -1 0 
14 5 649 342 23 20 -1 -1 -1 0 
14 12 3 355 114 17 -1 -1 -1 0 
14 13 675 337 45 45 -1 -1 -1 0 
15 1 849 348 189 98 -1 -1 -1 0 
15 2 674 337 46 44 -1 -1 -1 0 
15 3 592 344 27 22 -1 -1 -1 0 
15 4 559 635 718 79 -1 -1 -1 0 
15 5 651 342 23 20 -1 -1 -1 0 
15 12 0 356 74 17 -1 -1 -1 0 
15 13 674 336 46 46 -1 -1 -1 0 
16 1 846 348 180 96 -1 -1 -1 0 
16 2 675 337 45 44 -1 -1 -1 0 
16 3 592 343 28 23 -1 -1 -1 0 
16 4 565 634 710 80 -1 -1 -1 0 
16 5 651 343 25 19 -1 -1 -1 0 
16 12 0 357 46 17 -1 -1 -1 0 
16 13 675 338 46 44 -1 -1 -1 0 
16 16 562 342 27 24 -1 -1 -1 0 
17 1 843 348 174 94 -1 -1 -1 0 
17 2 675 337 46 44 -1 -1 -1 0 
17 3 593 343 28 24 -1 -1 -1 0 
17 4 561 635 716 79 -1 -1 -1 0 
17 5 651 343 25 19 -1 -1 -1 0 
17 13 675 338 46 44 -1 -1 -1 0 
17 16 562 343 28 23 -1 -1 -1 0 
18 1 839 348 170 90 -1 -1 -1 0 
18 2 675 338 46 43 -1 -1 -1 0 
18 3 593 343 28 24 -1 -1 -1 0 
18 4 561 635 713 80 -1 -1 -1 0 
18 5 651 343 25 20 -1 -1 -1 0 
18 13 676 338 44 44 -1 -1 -1 0 
18 16 564 342 26 24 -1 -1 -1 0 
19 1 837 348 162 89 -1 -1 -1 0 
19 2 675 338 46 43 -1 -1 -1 0 
19 3 594 341 26 26 -1 -1 -1 0 
19 4 558 634 718 81 -1 -1 -1 0 
19 5 651 343 25 20 -1 -1 -1 0 
19 13 676 340 45 42 -1 -1 -1 0 
19 16 565 342 26 24 -1 -1 -1 0 
20 1 833 349 158 87 -1 -1 -1 0 
20 3 593 342 28 25 -1 -1 -1 0 
20 4 557 634 721 81 -1 -1 -1 0 
20 5 650 345 26 19 -1 -1 -1 0 
20 13 675 346 46 35 -1 -1 -1 0 
21 1 830 349 152 84 -1 -1 -1 0 
21 3 593 342 28 25 -1 -1 -1 0 
21 4 555 634 724 80 -1 -1 -1 0 
21 5 650 346 25 18 -1 -1 -1 0 
21 13 676 348 44 33 -1 -1 -1 0 
22 1 828 349 146 83 -1 -1 -1 0 
22 4 560 635 716 79 -1 -1 -1 0 
22 5 650 346 25 19 -1 -1 -1 0 
22 13 677 348 42 34 -1 -1 -1 0 
23 1 825 348 143 82 -1 -1 -1 0 
23 4 561 635 714 79 -1 -1 -1 0 
23 5 649 347 26 18 -1 -1 -1 0 
23 13 677 349 42 33 -1 -1 -1 0 
24 1 822 348 138 81 -1 -1 -1 0 
24 3 641 345 27 21 -1 -1 -1 0 
24 4 560 635 715 79 -1 -1 -1 0 
24 5 600 345 22 21 -1 -1 -1 0 
24 13 677 349 42 33 -1 -1 -1 0 
25 1 817 348 137 78 -1 -1 -1 0 
25 3 646 345 27 21 -1 -1 -1 0 
25 4 559 635 720 79 -1 -1 -1 0 
25 5 631 344 27 21 -1 -1 -1 0 
25 13 677 348 42 33 -1 -1 -1 0 
26 1 815 348 133 76 -1 -1 -1 0 
26 4 559 635 720 79 -1 -1 -1 0 
26 5 642 344 26 21 -1 -1 -1 0 
26 13 677 348 42 33 -1 -1 -1 0 
27 1 814 348 128 74 -1 -1 -1 0 
27 5 647 343 25 23 -1 -1 -1 0 
27 13 677 347 42 34 -1 -1 -1 0 
28 1 811 348 125 73 -1 -1 -1 0 
28 4 560 635 715 79 -1 -1 -1 0 
28 5 648 343 26 23 -1 -1 -1 0 
28 13 678 347 41 34 -1 -1 -1 0 
29 1 809 348 122 72 -1 -1 -1 0 
29 4 560 635 715 79 -1 -1 -1 0 
29 5 649 343 26 23 -1 -1 -1 0 
29 13 677 348 43 33 -1 -1 -1 0 
29 18 1129 301 135 116 -1 -1 -1 0 
30 1 806 348 119 71 -1 -1 -1 0 
30 5 651 343 27 23 -1 -1 -1 0 
30 13 676 349 44 32 -1 -1 -1 0 
30 18 1176 296 100 127 -1 -1 -1 0 
31 1 804 349 115 69 -1 -1 -1 0 
31 3 581 344 46 24 -1 -1 -1 0 
31 4 560 635 716 79 -1 -1 -1 0 
31 5 648 343 30 24 -1 -1 -1 0 
31 13 678 349 41 32 -1 -1 -1 0 
31 18 1198 294 81 133 -1 -1 -1 0 
32 1 802 349 112 67 -1 -1 -1 0 
32 3 579 344 47 25 -1 -1 -1 0 
32 4 560 634 718 80 -1 -1 -1 0 
32 5 649 343 28 24 -1 -1 -1 0 
32 13 677 349 43 32 -1 -1 -1 0 
33 1 800 349 110 66 -1 -1 -1 0 
33 4 560 634 718 80 -1 -1 -1 0 
33 5 648 344 29 23 -1 -1 -1 0 
33 13 677 349 43 32 -1 -1 -1 0 
34 1 798 348 109 66 -1 -1 -1 0 
34 4 562 634 714 80 -1 -1 -1 0 
34 5 649 344 28 23 -1 -1 -1 0 
34 13 678 350 42 31 -1 -1 -1 0 
35 1 798 348 105 65 -1 -1 -1 0 
35 4 561 634 715 80 -1 -1 -1 0 
35 5 650 346 27 21 -1 -1 -1 0 
35 13 679 350 41 30 -1 -1 -1 0 
36 1 796 348 104 64 -1 -1 -1 0 
36 4 562 634 712 80 -1 -1 -1 0 
36 5 651 346 25 20 -1 -1 -1 0 
36 13 680 348 40 32 -1 -1 -1 0 
37 1 795 348 101 62 -1 -1 -1 0 
37 4 562 634 712 81 -1 -1 -1 0 
37 5 650 347 28 19 -1 -1 -1 0 
37 13 680 349 40 31 -1 -1 -1 0 
38 1 794 348 99 61 -1 -1 -1 0 
38 5 651 348 25 18 -1 -1 -1 0 
38 13 681 348 40 31 -1 -1 -1 0 
39 1 792 348 98 60 -1 -1 -1 0 
39 3 375 352 38 15 -1 -1 -1 0 
39 4 560 635 715 80 -1 -1 -1 0 
39 5 651 349 26 16 -1 -1 -1 0 
39 13 681 348 40 31 -1 -1 -1 0 
40 1 791 349 96 59 -1 -1 -1 0 
40 3 426 351 27 13 -1 -1 -1 0 
40 4 560 635 715 80 -1 -1 -1 0 
40 5 651 348 25 17 -1 -1 -1 0 
40 13 680 348 42 32 -1 -1 -1 0 
40 16 601 348 25 19 -1 -1 -1 0 
