3 1 1098 389 181 177 -1 -1 -1 0 
3 2 287 360 102 49 -1 -1 -1 0 
3 3 745 343 44 26 -1 -1 -1 0 
3 4 523 348 27 20 -1 -1 -1 0 
3 5 810 340 58 38 -1 -1 -1 0 
3 6 614 347 22 19 -1 -1 -1 0 
3 7 644 344 20 15 -1 -1 -1 0 
4 1 1101 394 178 173 -1 -1 -1 0 
4 2 292 360 100 48 -1 -1 -1 0 
4 3 741 344 47 25 -1 -1 -1 0 
4 4 524 348 27 20 -1 -1 -1 0 
4 5 811 339 59 39 -1 -1 -1 0 
4 6 614 347 21 19 -1 -1 -1 0 
4 7 644 344 20 15 -1 -1 -1 0 
4 8 564 635 712 80 -1 -1 -1 0 
5 1 1104 398 175 167 -1 -1 -1 0 
5 2 298 360 97 47 -1 -1 -1 0 
5 3 739 345 49 24 -1 -1 -1 0 
5 4 523 347 28 21 -1 -1 -1 0 
5 5 812 339 59 39 -1 -1 -1 0 
5 6 613 347 23 19 -1 -1 -1 0 
5 7 644 344 20 15 -1 -1 -1 0 
5 8 561 635 715 80 -1 -1 -1 0 
6 1 1108 403 171 163 -1 -1 -1 0 
6 2 301 360 97 47 -1 -1 -1 0 
6 3 738 346 48 22 -1 -1 -1 0 
6 4 524 347 27 20 -1 -1 -1 0 
6 5 813 339 60 39 -1 -1 -1 0 
6 6 614 347 21 19 -1 -1 -1 0 
6 7 644 344 20 14 -1 -1 -1 0 
6 8 560 635 717 80 -1 -1 -1 0 
7 1 1112 410 167 155 -1 -1 -1 0 
7 2 304 359 96 47 -1 -1 -1 0 
7 3 736 346 48 22 -1 -1 -1 0 
7 4 524 347 28 20 -1 -1 -1 0 
7 5 814 340 61 39 -1 -1 -1 0 
7 6 613 347 23 19 -1 -1 -1 0 
7 7 645 344 18 14 -1 -1 -1 0 
7 8 563 635 710 80 -1 -1 -1 0 
8 1 1118 414 160 153 -1 -1 -1 0 
8 2 309 359 92 47 -1 -1 -1 0 
8 3 734 346 47 22 -1 -1 -1 0 
8 4 525 347 27 20 -1 -1 -1 0 
8 5 815 340 62 39 -1 -1 -1 0 
8 6 613 346 24 20 -1 -1 -1 0 
8 7 644 344 20 14 -1 -1 -1 0 
8 8 562 635 713 80 -1 -1 -1 0 
9 1 1122 414 156 154 -1 -1 -1 0 
9 2 313 359 90 46 -1 -1 -1 0 
9 3 732 347 39 21 -1 -1 -1 0 
9 4 526 347 28 20 -1 -1 -1 0 
9 5 817 339 62 40 -1 -1 -1 0 
9 6 614 346 23 20 -1 -1 -1 0 
9 7 644 343 20 15 -1 -1 -1 0 
9 8 561 635 715 80 -1 -1 -1 0 
10 1 1125 418 154 150 -1 -1 -1 0 
10 2 315 359 91 45 -1 -1 -1 0 
10 3 730 346 37 22 -1 -1 -1 0 
10 4 527 347 26 19 -1 -1 -1 0 
10 5 818 339 62 40 -1 -1 -1 0 
10 6 613 346 24 20 -1 -1 -1 0 
10 7 643 343 21 15 -1 -1 -1 0 
10 8 559 635 718 80 -1 -1 -1 0 
11 1 1130 422 148 148 -1 -1 -1 0 
11 2 319 358 89 45 -1 -1 -1 0 
11 3 728 346 36 22 -1 -1 -1 0 
11 4 528 347 26 19 -1 -1 -1 0 
11 5 819 339 63 40 -1 -1 -1 0 
11 6 613 345 25 20 -1 -1 -1 0 
11 7 643 342 20 15 -1 -1 -1 0 
11 8 560 635 715 80 -1 -1 -1 0 
12 1 1134 424 144 145 -1 -1 -1 0 
12 2 323 358 88 45 -1 -1 -1 0 
12 3 725 346 38 22 -1 -1 -1 0 
12 4 528 347 26 19 -1 -1 -1 0 
12 5 819 340 66 39 -1 -1 -1 0 
12 6 613 345 25 20 -1 -1 -1 0 
12 7 644 342 19 16 -1 -1 -1 0 
12 8 558 635 720 79 -1 -1 -1 0 
12 10 759 342 28 21 -1 -1 -1 0 
13 1 1140 425 138 145 -1 -1 -1 0 
13 2 326 359 87 44 -1 -1 -1 0 
13 3 723 346 38 22 -1 -1 -1 0 
13 4 528 348 27 18 -1 -1 -1 0 
13 5 822 339 64 41 -1 -1 -1 0 
13 6 613 345 26 20 -1 -1 -1 0 
13 7 644 343 20 15 -1 -1 -1 0 
13 8 565 634 710 80 -1 -1 -1 0 
13 10 759 342 28 22 -1 -1 -1 0 
14 1 1145 426 132 147 -1 -1 -1 0 
14 2 331 359 84 44 -1 -1 -1 0 
14 3 720 346 41 22 -1 -1 -1 0 
14 4 528 348 28 18 -1 -1 -1 0 
14 5 823 339 65 42 -1 -1 -1 0 
14 6 614 345 25 20 -1 -1 -1 0 
14 7 644 343 20 15 -1 -1 -1 0 
14 8 571 634 703 80 -1 -1 -1 0 
14 10 759 343 28 21 -1 -1 -1 0 
15 1 1150 428 128 148 -1 -1 -1 0 
15 2 335 359 82 43 -1 -1 -1 0 
15 3 720 346 38 23 -1 -1 -1 0 
15 4 530 349 25 18 -1 -1 -1 0 
15 5 824 339 66 43 -1 -1 -1 0 
15 6 615 345 23 21 -1 -1 -1 0 
15 7 645 343 19 15 -1 -1 -1 0 
15 8 566 634 712 79 -1 -1 -1 0 
15 10 759 343 28 21 -1 -1 -1 0 
16 1 1155 430 123 150 -1 -1 -1 0 
16 2 338 359 82 43 -1 -1 -1 0 
16 3 718 346 38 23 -1 -1 -1 0 
16 4 530 348 25 19 -1 -1 -1 0 
16 5 824 339 69 44 -1 -1 -1 0 
16 6 615 345 23 21 -1 -1 -1 0 
16 7 645 343 20 15 -1 -1 -1 0 
16 8 562 634 714 79 -1 -1 -1 0 
16 10 759 344 27 20 -1 -1 -1 0 
17 1 1160 430 119 153 -1 -1 -1 0 
17 2 341 358 80 43 -1 -1 -1 0 
17 3 713 346 42 23 -1 -1 -1 0 
17 4 531 347 24 19 -1 -1 -1 0 
17 5 826 339 68 43 -1 -1 -1 0 
17 6 614 345 25 21 -1 -1 -1 0 
17 7 646 343 18 15 -1 -1 -1 0 
17 8 558 634 718 79 -1 -1 -1 0 
17 10 758 344 29 19 -1 -1 -1 0 
18 1 1166 432 113 154 -1 -1 -1 0 
18 2 345 357 78 43 -1 -1 -1 0 
18 3 712 346 40 23 -1 -1 -1 0 
18 4 531 347 25 18 -1 -1 -1 0 
18 5 827 338 68 44 -1 -1 -1 0 
18 6 614 344 26 21 -1 -1 -1 0 
18 7 646 343 19 15 -1 -1 -1 0 
18 8 557 634 718 79 -1 -1 -1 0 
18 10 758 343 28 19 -1 -1 -1 0 
19 1 1172 433 106 157 -1 -1 -1 0 
19 2 347 356 79 42 -1 -1 -1 0 
19 3 711 345 37 24 -1 -1 -1 0 
19 4 532 346 23 19 -1 -1 -1 0 
19 5 828 338 69 44 -1 -1 -1 0 
19 6 615 344 24 21 -1 -1 -1 0 
19 7 646 342 18 16 -1 -1 -1 0 
19 8 562 634 712 80 -1 -1 -1 0 
19 10 759 342 26 20 -1 -1 -1 0 
20 1 1177 437 102 157 -1 -1 -1 0 
20 2 350 356 79 41 -1 -1 -1 0 
20 3 709 345 37 24 -1 -1 -1 0 
20 4 531 346 26 18 -1 -1 -1 0 
20 5 829 337 70 45 -1 -1 -1 0 
20 6 616 344 24 20 -1 -1 -1 0 
20 7 646 342 19 15 -1 -1 -1 0 
20 8 559 635 715 79 -1 -1 -1 0 
20 10 758 342 27 20 -1 -1 -1 0 
21 1 1183 439 96 158 -1 -1 -1 0 
21 2 353 355 77 41 -1 -1 -1 0 
21 3 706 345 38 23 -1 -1 -1 0 
21 4 532 345 24 18 -1 -1 -1 0 
21 5 830 337 71 45 -1 -1 -1 0 
21 6 615 343 25 21 -1 -1 -1 0 
21 7 646 341 19 16 -1 -1 -1 0 
21 8 559 635 715 79 -1 -1 -1 0 
21 10 756 341 30 21 -1 -1 -1 0 
22 1 1190 442 88 159 -1 -1 -1 0 
22 2 357 356 75 40 -1 -1 -1 0 
22 3 705 345 36 23 -1 -1 -1 0 
22 4 532 345 24 19 -1 -1 -1 0 
22 5 832 337 71 45 -1 -1 -1 0 
22 6 615 343 25 21 -1 -1 -1 0 
22 7 644 341 21 16 -1 -1 -1 0 
22 8 562 635 711 79 -1 -1 -1 0 
22 10 755 342 31 20 -1 -1 -1 0 
23 1 1195 444 83 160 -1 -1 -1 0 
23 2 360 356 73 40 -1 -1 -1 0 
23 3 702 346 38 22 -1 -1 -1 0 
23 4 531 346 26 18 -1 -1 -1 0 
23 5 833 337 72 46 -1 -1 -1 0 
23 6 614 344 26 20 -1 -1 -1 0 
23 7 644 341 21 16 -1 -1 -1 0 
23 8 561 635 713 79 -1 -1 -1 0 
23 10 756 342 29 20 -1 -1 -1 0 
24 1 1202 446 76 161 -1 -1 -1 0 
24 2 362 356 73 39 -1 -1 -1 0 
24 3 700 346 37 22 -1 -1 -1 0 
24 4 532 346 26 18 -1 -1 -1 0 
24 5 833 337 75 46 -1 -1 -1 0 
24 6 615 344 24 20 -1 -1 -1 0 
24 7 643 343 22 15 -1 -1 -1 0 
24 8 560 635 716 78 -1 -1 -1 0 
24 10 755 342 30 20 -1 -1 -1 0 
25 1 1209 450 70 158 -1 -1 -1 0 
25 2 364 356 72 39 -1 -1 -1 0 
25 3 698 347 38 21 -1 -1 -1 0 
25 4 532 346 27 18 -1 -1 -1 0 
25 5 836 337 74 47 -1 -1 -1 0 
25 6 614 344 27 20 -1 -1 -1 0 
25 7 644 342 20 15 -1 -1 -1 0 
25 8 559 635 717 78 -1 -1 -1 0 
25 10 755 342 29 20 -1 -1 -1 0 
26 1 1217 454 62 154 -1 -1 -1 0 
26 2 366 356 74 39 -1 -1 -1 0 
26 3 697 347 36 21 -1 -1 -1 0 
26 4 534 346 25 18 -1 -1 -1 0 
26 5 837 337 75 47 -1 -1 -1 0 
26 6 615 344 25 20 -1 -1 -1 0 
26 7 645 342 19 15 -1 -1 -1 0 
26 8 558 635 718 78 -1 -1 -1 0 
26 10 754 342 30 20 -1 -1 -1 0 
27 1 1226 456 53 148 -1 -1 -1 0 
27 2 370 356 71 39 -1 -1 -1 0 
27 3 695 347 36 21 -1 -1 -1 0 
27 4 534 346 25 18 -1 -1 -1 0 
27 5 840 337 73 47 -1 -1 -1 0 
27 6 615 344 26 20 -1 -1 -1 0 
27 7 645 342 20 15 -1 -1 -1 0 
27 8 558 635 718 78 -1 -1 -1 0 
27 10 754 341 31 21 -1 -1 -1 0 
28 1 1234 458 45 140 -1 -1 -1 0 
28 2 372 356 71 38 -1 -1 -1 0 
28 3 694 346 35 22 -1 -1 -1 0 
28 4 535 346 24 18 -1 -1 -1 0 
28 5 840 336 76 48 -1 -1 -1 0 
28 6 615 344 27 20 -1 -1 -1 0 
28 7 645 341 21 16 -1 -1 -1 0 
28 8 561 635 711 78 -1 -1 -1 0 
28 10 755 341 29 21 -1 -1 -1 0 
29 1 1243 461 36 127 -1 -1 -1 0 
29 2 376 356 69 37 -1 -1 -1 0 
29 3 692 346 35 21 -1 -1 -1 0 
29 4 535 346 25 18 -1 -1 -1 0 
29 5 841 336 78 48 -1 -1 -1 0 
29 6 616 345 26 19 -1 -1 -1 0 
29 7 645 341 20 16 -1 -1 -1 0 
29 8 561 635 711 78 -1 -1 -1 0 
29 10 754 341 31 20 -1 -1 -1 0 
30 1 1249 464 30 123 -1 -1 -1 0 
30 2 378 356 69 37 -1 -1 -1 0 
30 3 690 346 36 21 -1 -1 -1 0 
30 4 536 345 24 18 -1 -1 -1 0 
30 5 842 336 80 48 -1 -1 -1 0 
30 6 617 345 25 19 -1 -1 -1 0 
30 7 645 341 20 16 -1 -1 -1 0 
30 10 755 342 31 19 -1 -1 -1 0 
31 2 381 355 68 37 -1 -1 -1 0 
31 3 689 346 36 21 -1 -1 -1 0 
31 4 537 345 24 18 -1 -1 -1 0 
31 5 844 336 80 48 -1 -1 -1 0 
31 6 617 345 25 19 -1 -1 -1 0 
31 7 645 341 21 16 -1 -1 -1 0 
31 10 755 342 30 19 -1 -1 -1 0 
32 2 383 355 68 37 -1 -1 -1 0 
32 3 688 346 34 22 -1 -1 -1 0 
32 4 537 345 25 18 -1 -1 -1 0 
32 5 846 336 79 49 -1 -1 -1 0 
32 6 617 345 25 19 -1 -1 -1 0 
32 7 644 341 22 16 -1 -1 -1 0 
32 10 755 342 30 19 -1 -1 -1 0 
33 2 386 355 65 37 -1 -1 -1 0 
33 3 687 346 33 23 -1 -1 -1 0 
33 4 537 346 24 18 -1 -1 -1 0 
33 5 847 336 80 50 -1 -1 -1 0 
33 6 616 345 26 20 -1 -1 -1 0 
33 7 645 342 20 15 -1 -1 -1 0 
33 10 755 342 30 20 -1 -1 -1 0 
34 2 388 355 65 37 -1 -1 -1 0 
34 3 684 347 35 22 -1 -1 -1 0 
34 4 538 346 23 18 -1 -1 -1 0 
34 5 848 336 81 51 -1 -1 -1 0 
34 6 616 344 26 21 -1 -1 -1 0 
34 7 645 342 19 15 -1 -1 -1 0 
34 10 754 342 31 20 -1 -1 -1 0 
35 2 390 355 65 36 -1 -1 -1 0 
35 3 682 347 35 22 -1 -1 -1 0 
35 4 537 346 24 18 -1 -1 -1 0 
35 5 849 336 83 51 -1 -1 -1 0 
35 6 615 345 27 20 -1 -1 -1 0 
35 7 644 342 20 15 -1 -1 -1 0 
35 8 560 634 714 80 -1 -1 -1 0 
35 10 754 342 30 20 -1 -1 -1 0 
36 2 393 354 63 36 -1 -1 -1 0 
36 3 680 347 34 22 -1 -1 -1 0 
36 4 537 345 24 18 -1 -1 -1 0 
36 5 850 336 83 52 -1 -1 -1 0 
36 6 615 345 27 20 -1 -1 -1 0 
36 7 644 342 19 15 -1 -1 -1 0 
36 8 557 634 720 80 -1 -1 -1 0 
36 10 754 343 29 19 -1 -1 -1 0 
37 2 394 354 64 36 -1 -1 -1 0 
37 3 680 346 31 23 -1 -1 -1 0 
37 4 536 346 25 17 -1 -1 -1 0 
37 5 852 336 82 52 -1 -1 -1 0 
37 6 615 345 26 20 -1 -1 -1 0 
37 7 642 342 23 15 -1 -1 -1 0 
37 8 556 634 722 80 -1 -1 -1 0 
37 10 753 342 31 21 -1 -1 -1 0 
38 2 397 354 61 35 -1 -1 -1 0 
38 3 677 346 34 23 -1 -1 -1 0 
38 4 536 346 26 17 -1 -1 -1 0 
38 5 852 336 86 53 -1 -1 -1 0 
38 6 615 345 26 19 -1 -1 -1 0 
38 7 643 343 21 14 -1 -1 -1 0 
38 10 752 342 32 21 -1 -1 -1 0 
39 2 398 354 63 35 -1 -1 -1 0 
39 3 675 346 34 23 -1 -1 -1 0 
39 4 537 346 24 17 -1 -1 -1 0 
39 5 855 336 85 52 -1 -1 -1 0 
39 6 615 343 26 21 -1 -1 -1 0 
39 7 644 342 20 15 -1 -1 -1 0 
39 10 753 342 31 20 -1 -1 -1 0 
40 2 401 353 61 35 -1 -1 -1 0 
40 3 674 346 33 23 -1 -1 -1 0 
40 4 538 346 24 17 -1 -1 -1 0 
40 5 856 336 88 52 -1 -1 -1 0 
40 6 614 344 28 20 -1 -1 -1 0 
40 7 644 342 20 14 -1 -1 -1 0 
40 10 753 342 31 20 -1 -1 -1 0 
