3 1 513 336 102 78 -1 -1 -1 0 
3 2 687 336 50 43 -1 -1 -1 0 
3 3 667 338 23 18 -1 -1 -1 0 
3 4 556 635 719 79 -1 -1 -1 0 
4 1 515 337 101 77 -1 -1 -1 0 
4 2 687 337 51 43 -1 -1 -1 0 
4 3 668 339 21 17 -1 -1 -1 0 
4 4 557 635 718 79 -1 -1 -1 0 
5 1 516 338 102 77 -1 -1 -1 0 
5 2 687 338 51 42 -1 -1 -1 0 
5 3 667 339 23 18 -1 -1 -1 0 
5 4 559 636 716 78 -1 -1 -1 0 
6 1 519 339 99 76 -1 -1 -1 0 
6 2 687 338 50 43 -1 -1 -1 0 
6 3 666 340 23 18 -1 -1 -1 0 
6 4 558 636 719 78 -1 -1 -1 0 
7 1 522 339 97 75 -1 -1 -1 0 
7 2 687 337 49 44 -1 -1 -1 0 
7 3 665 340 25 17 -1 -1 -1 0 
7 4 559 636 715 78 -1 -1 -1 0 
8 1 524 340 96 73 -1 -1 -1 0 
8 2 685 337 52 43 -1 -1 -1 0 
8 3 665 340 25 16 -1 -1 -1 0 
8 4 560 636 713 77 -1 -1 -1 0 
9 1 526 340 94 72 -1 -1 -1 0 
9 2 686 336 50 44 -1 -1 -1 0 
9 3 666 339 22 17 -1 -1 -1 0 
9 4 561 635 712 78 -1 -1 -1 0 
10 1 527 339 93 72 -1 -1 -1 0 
10 2 685 336 51 44 -1 -1 -1 0 
10 3 666 339 22 17 -1 -1 -1 0 
10 4 567 635 706 78 -1 -1 -1 0 
11 1 527 339 94 70 -1 -1 -1 0 
11 2 686 335 49 44 -1 -1 -1 0 
11 3 666 339 22 17 -1 -1 -1 0 
11 4 558 635 718 78 -1 -1 -1 0 
12 1 529 339 92 69 -1 -1 -1 0 
12 2 686 335 49 44 -1 -1 -1 0 
12 3 666 339 23 16 -1 -1 -1 0 
12 4 560 635 714 78 -1 -1 -1 0 
13 1 530 339 92 67 -1 -1 -1 0 
13 2 685 334 49 44 -1 -1 -1 0 
13 3 667 338 21 16 -1 -1 -1 0 
13 4 559 635 714 78 -1 -1 -1 0 
14 1 532 337 90 67 -1 -1 -1 0 
14 2 684 333 50 44 -1 -1 -1 0 
14 3 666 337 23 17 -1 -1 -1 0 
14 4 557 635 719 78 -1 -1 -1 0 
15 1 533 337 88 66 -1 -1 -1 0 
15 2 684 332 49 45 -1 -1 -1 0 
15 3 665 337 22 17 -1 -1 -1 0 
15 4 560 635 713 79 -1 -1 -1 0 
16 1 535 336 87 66 -1 -1 -1 0 
16 2 683 332 49 44 -1 -1 -1 0 
16 3 665 336 22 17 -1 -1 -1 0 
16 4 561 635 713 79 -1 -1 -1 0 
17 1 535 336 87 65 -1 -1 -1 0 
17 2 682 331 49 44 -1 -1 -1 0 
17 3 665 336 21 17 -1 -1 -1 0 
17 4 545 634 729 80 -1 -1 -1 0 
18 1 536 335 85 65 -1 -1 -1 0 
18 2 681 331 50 44 -1 -1 -1 0 
18 3 664 336 22 17 -1 -1 -1 0 
18 4 552 635 722 79 -1 -1 -1 0 
19 1 537 335 84 64 -1 -1 -1 0 
19 2 679 331 52 44 -1 -1 -1 0 
19 3 664 336 21 17 -1 -1 -1 0 
19 4 556 635 718 79 -1 -1 -1 0 
20 1 538 334 83 63 -1 -1 -1 0 
20 2 680 331 49 43 -1 -1 -1 0 
20 3 664 335 21 16 -1 -1 -1 0 
20 4 557 635 719 79 -1 -1 -1 0 
21 1 539 334 81 63 -1 -1 -1 0 
21 2 679 330 50 44 -1 -1 -1 0 
21 3 664 335 20 16 -1 -1 -1 0 
21 4 559 636 716 78 -1 -1 -1 0 
22 1 539 333 82 63 -1 -1 -1 0 
22 2 678 330 50 43 -1 -1 -1 0 
22 3 664 334 19 17 -1 -1 -1 0 
22 4 562 635 710 79 -1 -1 -1 0 
23 1 540 332 81 64 -1 -1 -1 0 
23 2 678 330 49 43 -1 -1 -1 0 
23 3 663 334 20 17 -1 -1 -1 0 
23 4 557 635 720 79 -1 -1 -1 0 
24 1 540 333 81 62 -1 -1 -1 0 
24 2 677 330 49 43 -1 -1 -1 0 
24 3 664 334 19 17 -1 -1 -1 0 
24 4 571 635 700 79 -1 -1 -1 0 
25 1 541 333 80 61 -1 -1 -1 0 
25 2 676 329 50 45 -1 -1 -1 0 
25 3 662 335 21 16 -1 -1 -1 0 
25 4 558 635 718 79 -1 -1 -1 0 
26 1 543 334 78 60 -1 -1 -1 0 
26 2 675 331 51 44 -1 -1 -1 0 
26 3 663 336 20 17 -1 -1 -1 0 
26 4 558 635 718 79 -1 -1 -1 0 
27 1 544 335 77 59 -1 -1 -1 0 
27 2 676 331 48 45 -1 -1 -1 0 
27 3 663 338 19 16 -1 -1 -1 0 
27 4 563 635 704 80 -1 -1 -1 0 
28 1 546 336 74 59 -1 -1 -1 0 
28 2 675 333 49 45 -1 -1 -1 0 
28 3 664 338 17 17 -1 -1 -1 0 
28 4 557 635 718 79 -1 -1 -1 0 
29 1 546 336 75 58 -1 -1 -1 0 
29 2 674 333 49 45 -1 -1 -1 0 
29 3 664 339 17 16 -1 -1 -1 0 
29 4 563 636 708 78 -1 -1 -1 0 
30 1 547 337 74 57 -1 -1 -1 0 
30 2 673 333 49 46 -1 -1 -1 0 
30 3 663 340 18 16 -1 -1 -1 0 
30 4 560 635 713 79 -1 -1 -1 0 
31 1 548 337 73 57 -1 -1 -1 0 
31 2 672 333 51 46 -1 -1 -1 0 
31 3 664 340 17 16 -1 -1 -1 0 
31 4 566 635 669 79 -1 -1 -1 0 
32 1 548 337 73 57 -1 -1 -1 0 
32 2 671 333 51 47 -1 -1 -1 0 
32 3 664 340 16 17 -1 -1 -1 0 
32 4 552 635 715 79 -1 -1 -1 0 
33 1 548 337 74 57 -1 -1 -1 0 
33 2 669 334 53 46 -1 -1 -1 0 
33 3 664 341 16 17 -1 -1 -1 0 
33 4 558 635 707 79 -1 -1 -1 0 
34 1 548 337 74 56 -1 -1 -1 0 
34 2 669 334 52 46 -1 -1 -1 0 
34 3 663 341 17 16 -1 -1 -1 0 
34 4 563 635 686 80 -1 -1 -1 0 
35 1 549 337 73 55 -1 -1 -1 0 
35 2 669 334 52 46 -1 -1 -1 0 
35 3 663 341 16 16 -1 -1 -1 0 
35 4 557 636 698 79 -1 -1 -1 0 
36 1 550 337 72 54 -1 -1 -1 0 
36 2 669 334 51 46 -1 -1 -1 0 
36 4 560 636 690 79 -1 -1 -1 0 
37 1 552 337 70 53 -1 -1 -1 0 
37 2 669 335 51 45 -1 -1 -1 0 
37 4 555 636 715 79 -1 -1 -1 0 
38 1 552 337 71 53 -1 -1 -1 0 
38 2 668 336 52 44 -1 -1 -1 0 
38 4 564 636 703 79 -1 -1 -1 0 
39 1 554 337 68 53 -1 -1 -1 0 
39 2 668 336 51 45 -1 -1 -1 0 
39 4 560 636 706 79 -1 -1 -1 0 
40 1 555 338 68 52 -1 -1 -1 0 
40 2 667 337 51 44 -1 -1 -1 0 
40 4 559 635 707 80 -1 -1 -1 0 
