3 1 684 345 41 32 -1 -1 -1 0 
4 1 686 344 39 33 -1 -1 -1 0 
5 1 685 343 42 33 -1 -1 -1 0 
6 1 686 344 41 32 -1 -1 -1 0 
7 1 686 344 41 32 -1 -1 -1 0 
8 1 686 345 42 32 -1 -1 -1 0 
9 1 688 345 39 33 -1 -1 -1 0 
10 1 687 346 42 32 -1 -1 -1 0 
11 1 688 346 41 33 -1 -1 -1 0 
12 1 688 346 41 33 -1 -1 -1 0 
13 1 688 346 42 33 -1 -1 -1 0 
14 1 688 346 42 33 -1 -1 -1 0 
15 1 688 346 41 33 -1 -1 -1 0 
16 1 688 346 41 34 -1 -1 -1 0 
17 1 687 348 43 33 -1 -1 -1 0 
18 1 686 348 45 34 -1 -1 -1 0 
19 1 687 349 43 33 -1 -1 -1 0 
20 1 687 349 43 34 -1 -1 -1 0 
21 1 688 349 41 34 -1 -1 -1 0 
21 2 1187 429 92 169 -1 -1 -1 0 
22 1 688 349 41 34 -1 -1 -1 0 
22 2 1170 422 109 169 -1 -1 -1 0 
23 1 687 350 42 34 -1 -1 -1 0 
23 2 1157 409 122 176 -1 -1 -1 0 
24 1 687 349 43 34 -1 -1 -1 0 
24 2 1143 397 135 182 -1 -1 -1 0 
25 1 688 349 42 34 -1 -1 -1 0 
25 2 1132 385 145 192 -1 -1 -1 0 
26 1 687 349 43 34 -1 -1 -1 0 
26 2 1119 374 158 204 -1 -1 -1 0 
27 1 687 349 44 34 -1 -1 -1 0 
27 2 1108 366 169 213 -1 -1 -1 0 
28 1 688 349 43 34 -1 -1 -1 0 
28 2 1097 357 181 221 -1 -1 -1 0 
29 1 689 347 42 34 -1 -1 -1 0 
29 2 1086 351 192 227 -1 -1 -1 0 
30 1 690 346 41 34 -1 -1 -1 0 
30 2 1077 345 201 233 -1 -1 -1 0 
31 1 689 346 42 34 -1 -1 -1 0 
31 2 1069 341 209 236 -1 -1 -1 0 
31 3 727 330 23 21 -1 -1 -1 0 
32 1 689 345 42 34 -1 -1 -1 0 
32 2 1059 338 220 238 -1 -1 -1 0 
32 3 727 329 22 21 -1 -1 -1 0 
33 1 690 345 40 34 -1 -1 -1 0 
33 2 1052 335 227 241 -1 -1 -1 0 
33 3 728 329 21 22 -1 -1 -1 0 
34 1 689 344 42 34 -1 -1 -1 0 
34 2 1044 334 235 242 -1 -1 -1 0 
34 3 728 329 21 22 -1 -1 -1 0 
35 1 690 344 42 34 -1 -1 -1 0 
35 2 1038 333 240 244 -1 -1 -1 0 
35 3 729 329 20 22 -1 -1 -1 0 
36 1 690 344 42 34 -1 -1 -1 0 
36 2 1031 332 248 244 -1 -1 -1 0 
37 1 690 344 42 34 -1 -1 -1 0 
37 2 1024 332 255 244 -1 -1 -1 0 
38 1 690 344 43 34 -1 -1 -1 0 
38 2 1021 332 256 251 -1 -1 -1 0 
39 1 690 344 44 34 -1 -1 -1 0 
39 2 1016 330 261 260 -1 -1 -1 0 
40 1 691 344 42 34 -1 -1 -1 0 
40 2 1011 329 266 266 -1 -1 -1 0 
