3 1 667 339 51 45 -1 -1 -1 0 
3 2 565 341 65 48 -1 -1 -1 0 
3 3 561 636 687 79 -1 -1 -1 0 
4 1 667 340 51 45 -1 -1 -1 0 
4 2 567 341 64 48 -1 -1 -1 0 
4 3 560 637 691 78 -1 -1 -1 0 
5 1 667 339 51 45 -1 -1 -1 0 
5 2 569 341 62 48 -1 -1 -1 0 
5 3 560 636 697 80 -1 -1 -1 0 
6 1 667 339 52 44 -1 -1 -1 0 
6 2 570 341 62 47 -1 -1 -1 0 
6 3 561 636 693 79 -1 -1 -1 0 
6 6 1014 287 265 87 -1 -1 -1 0 
7 1 668 337 49 45 -1 -1 -1 0 
7 2 571 339 62 47 -1 -1 -1 0 
7 3 560 635 697 80 -1 -1 -1 0 
7 6 1028 289 251 83 -1 -1 -1 0 
7 7 710 339 21 19 -1 -1 -1 0 
8 1 667 336 51 44 -1 -1 -1 0 
8 2 573 338 60 47 -1 -1 -1 0 
8 3 553 635 719 79 -1 -1 -1 0 
8 6 1034 290 245 80 -1 -1 -1 0 
8 7 710 339 24 17 -1 -1 -1 0 
9 1 667 335 51 44 -1 -1 -1 0 
9 2 574 337 60 47 -1 -1 -1 0 
9 3 556 635 716 79 -1 -1 -1 0 
9 6 1050 292 228 76 -1 -1 -1 0 
9 7 709 336 24 19 -1 -1 -1 0 
10 1 667 334 51 44 -1 -1 -1 0 
10 2 575 336 60 47 -1 -1 -1 0 
10 3 570 635 695 78 -1 -1 -1 0 
10 6 1065 293 210 78 -1 -1 -1 0 
10 7 709 335 25 20 -1 -1 -1 0 
11 1 668 334 50 44 -1 -1 -1 0 
11 2 576 336 60 46 -1 -1 -1 0 
11 3 561 635 707 78 -1 -1 -1 0 
11 6 1074 293 205 74 -1 -1 -1 0 
11 7 709 335 25 20 -1 -1 -1 0 
12 1 668 334 50 44 -1 -1 -1 0 
12 2 577 336 59 45 -1 -1 -1 0 
12 3 560 635 710 78 -1 -1 -1 0 
12 6 1092 290 183 78 -1 -1 -1 0 
12 7 710 335 25 20 -1 -1 -1 0 
13 1 668 333 50 44 -1 -1 -1 0 
13 2 579 336 57 44 -1 -1 -1 0 
13 3 560 635 711 78 -1 -1 -1 0 
13 6 1103 288 174 79 -1 -1 -1 0 
13 7 711 335 25 20 -1 -1 -1 0 
14 1 668 333 50 45 -1 -1 -1 0 
14 2 580 335 56 45 -1 -1 -1 0 
14 3 564 635 708 78 -1 -1 -1 0 
14 6 1111 288 168 78 -1 -1 -1 0 
14 7 711 336 26 19 -1 -1 -1 0 
15 1 667 334 52 44 -1 -1 -1 0 
15 2 581 336 56 44 -1 -1 -1 0 
15 3 560 636 714 78 -1 -1 -1 0 
15 7 711 337 26 19 -1 -1 -1 0 
16 1 667 334 52 45 -1 -1 -1 0 
16 2 581 337 57 43 -1 -1 -1 0 
16 3 560 636 715 78 -1 -1 -1 0 
16 7 712 338 25 19 -1 -1 -1 0 
17 1 667 334 51 45 -1 -1 -1 0 
17 2 582 337 56 43 -1 -1 -1 0 
17 3 557 636 717 78 -1 -1 -1 0 
17 7 713 339 25 18 -1 -1 -1 0 
18 1 667 334 52 45 -1 -1 -1 0 
18 2 584 337 54 43 -1 -1 -1 0 
18 3 557 637 718 77 -1 -1 -1 0 
18 7 714 339 23 18 -1 -1 -1 0 
19 1 667 334 51 45 -1 -1 -1 0 
19 2 585 337 53 42 -1 -1 -1 0 
19 3 560 637 712 77 -1 -1 -1 0 
19 7 713 339 26 18 -1 -1 -1 0 
20 1 666 334 53 45 -1 -1 -1 0 
20 2 584 337 56 42 -1 -1 -1 0 
20 3 564 636 706 78 -1 -1 -1 0 
20 7 716 338 22 19 -1 -1 -1 0 
21 1 667 334 51 45 -1 -1 -1 0 
21 2 586 337 54 41 -1 -1 -1 0 
21 3 563 636 709 78 -1 -1 -1 0 
21 7 716 338 23 19 -1 -1 -1 0 
22 1 667 334 51 45 -1 -1 -1 0 
22 2 587 337 53 41 -1 -1 -1 0 
22 3 560 636 713 78 -1 -1 -1 0 
22 7 716 338 24 18 -1 -1 -1 0 
22 10 1226 315 50 52 -1 -1 -1 0 
23 1 667 334 52 45 -1 -1 -1 0 
23 2 587 337 54 41 -1 -1 -1 0 
23 3 560 635 712 80 -1 -1 -1 0 
23 7 718 337 22 19 -1 -1 -1 0 
23 10 1233 312 46 56 -1 -1 -1 0 
24 1 668 334 50 45 -1 -1 -1 0 
24 2 587 337 55 41 -1 -1 -1 0 
24 3 560 635 712 80 -1 -1 -1 0 
24 7 718 338 24 17 -1 -1 -1 0 
25 1 668 334 50 45 -1 -1 -1 0 
25 2 589 337 52 41 -1 -1 -1 0 
25 3 563 636 712 79 -1 -1 -1 0 
25 7 719 338 23 18 -1 -1 -1 0 
26 1 668 335 50 45 -1 -1 -1 0 
26 2 590 337 52 41 -1 -1 -1 0 
26 3 564 636 711 79 -1 -1 -1 0 
26 7 720 339 23 17 -1 -1 -1 0 
27 1 666 336 53 44 -1 -1 -1 0 
27 2 592 337 50 40 -1 -1 -1 0 
27 3 572 636 692 79 -1 -1 -1 0 
27 7 722 339 21 18 -1 -1 -1 0 
28 1 667 336 51 44 -1 -1 -1 0 
28 2 592 338 51 40 -1 -1 -1 0 
28 3 562 636 708 79 -1 -1 -1 0 
28 7 722 340 22 19 -1 -1 -1 0 
29 1 667 337 52 44 -1 -1 -1 0 
29 2 592 339 51 39 -1 -1 -1 0 
29 3 564 636 710 79 -1 -1 -1 0 
29 6 1184 331 58 36 -1 -1 -1 0 
29 7 722 340 23 19 -1 -1 -1 0 
30 1 667 337 52 44 -1 -1 -1 0 
30 2 593 339 50 39 -1 -1 -1 0 
30 3 563 635 711 80 -1 -1 -1 0 
30 6 1194 333 68 35 -1 -1 -1 0 
30 7 723 340 21 20 -1 -1 -1 0 
31 1 667 338 51 44 -1 -1 -1 0 
31 2 593 340 50 39 -1 -1 -1 0 
31 3 558 636 719 79 -1 -1 -1 0 
31 6 1199 335 64 33 -1 -1 -1 0 
31 7 722 340 24 20 -1 -1 -1 0 
32 1 667 337 51 45 -1 -1 -1 0 
32 2 594 340 50 39 -1 -1 -1 0 
32 3 563 636 709 79 -1 -1 -1 0 
32 7 723 340 23 19 -1 -1 -1 0 
33 1 667 337 52 44 -1 -1 -1 0 
33 2 596 339 48 40 -1 -1 -1 0 
33 3 561 636 713 79 -1 -1 -1 0 
33 7 724 341 23 18 -1 -1 -1 0 
34 1 668 336 50 45 -1 -1 -1 0 
34 2 595 339 51 38 -1 -1 -1 0 
34 3 559 635 714 80 -1 -1 -1 0 
34 7 725 340 23 19 -1 -1 -1 0 
35 1 668 335 50 45 -1 -1 -1 0 
35 2 596 338 50 38 -1 -1 -1 0 
35 3 559 635 712 80 -1 -1 -1 0 
35 7 727 339 21 19 -1 -1 -1 0 
36 1 668 334 51 45 -1 -1 -1 0 
36 2 597 337 50 37 -1 -1 -1 0 
36 3 563 635 709 80 -1 -1 -1 0 
36 7 727 339 23 19 -1 -1 -1 0 
37 1 667 334 52 45 -1 -1 -1 0 
37 2 599 337 48 37 -1 -1 -1 0 
37 3 557 635 720 80 -1 -1 -1 0 
37 7 729 338 20 20 -1 -1 -1 0 
38 1 668 334 50 45 -1 -1 -1 0 
38 2 599 337 48 36 -1 -1 -1 0 
38 3 554 636 724 79 -1 -1 -1 0 
38 7 729 338 21 20 -1 -1 -1 0 
39 1 668 334 50 45 -1 -1 -1 0 
39 2 600 337 47 36 -1 -1 -1 0 
39 3 559 635 713 80 -1 -1 -1 0 
39 7 729 338 22 19 -1 -1 -1 0 
40 1 667 334 52 45 -1 -1 -1 0 
40 2 600 337 47 35 -1 -1 -1 0 
40 3 556 635 719 80 -1 -1 -1 0 
40 7 730 338 21 19 -1 -1 -1 0 
