3 1 738 346 32 23 -1 -1 -1 0 
4 1 738 348 31 23 -1 -1 -1 0 
5 1 738 349 32 23 -1 -1 -1 0 
6 1 739 351 31 21 -1 -1 -1 0 
7 1 740 353 30 19 -1 -1 -1 0 
8 1 741 354 28 18 -1 -1 -1 0 
9 1 741 353 29 18 -1 -1 -1 0 
10 1 740 352 30 19 -1 -1 -1 0 
11 1 739 353 32 18 -1 -1 -1 0 
12 1 740 351 31 19 -1 -1 -1 0 
13 1 739 349 32 21 -1 -1 -1 0 
14 1 739 348 32 22 -1 -1 -1 0 
15 1 739 347 32 23 -1 -1 -1 0 
16 1 739 347 32 23 -1 -1 -1 0 
17 1 739 346 33 24 -1 -1 -1 0 
18 1 739 344 33 26 -1 -1 -1 0 
18 8 555 636 722 81 -1 -1 -1 0 
19 1 738 343 35 28 -1 -1 -1 0 
19 8 556 637 720 80 -1 -1 -1 0 
19 9 0 425 94 87 -1 -1 -1 0 
19 10 647 340 20 17 -1 -1 -1 0 
20 1 738 343 35 27 -1 -1 -1 0 
20 9 0 419 110 89 -1 -1 -1 0 
20 10 648 339 18 17 -1 -1 -1 0 
21 1 738 344 34 26 -1 -1 -1 0 
21 9 0 410 124 95 -1 -1 -1 0 
21 10 647 338 20 18 -1 -1 -1 0 
22 1 738 345 35 26 -1 -1 -1 0 
22 8 567 638 707 79 -1 -1 -1 0 
22 9 1 400 137 103 -1 -1 -1 0 
22 10 647 341 19 17 -1 -1 -1 0 
23 1 737 346 35 25 -1 -1 -1 0 
23 8 584 639 688 78 -1 -1 -1 0 
23 9 1 392 152 110 -1 -1 -1 0 
23 10 648 342 18 17 -1 -1 -1 0 
24 1 738 346 34 26 -1 -1 -1 0 
24 8 584 639 692 77 -1 -1 -1 0 
24 9 1 384 166 120 -1 -1 -1 0 
24 10 647 342 19 17 -1 -1 -1 0 
25 1 739 346 33 26 -1 -1 -1 0 
25 8 588 639 686 77 -1 -1 -1 0 
25 9 0 381 180 122 -1 -1 -1 0 
25 10 647 342 18 17 -1 -1 -1 0 
26 1 738 346 35 25 -1 -1 -1 0 
26 8 591 637 679 78 -1 -1 -1 0 
26 9 0 378 193 126 -1 -1 -1 0 
26 10 472 351 29 16 -1 -1 -1 0 
26 13 244 350 68 32 -1 -1 -1 0 
27 1 738 345 35 25 -1 -1 -1 0 
27 8 591 637 678 78 -1 -1 -1 0 
27 9 0 376 203 131 -1 -1 -1 0 
27 10 399 353 34 17 -1 -1 -1 0 
27 13 214 354 63 29 -1 -1 -1 0 
27 17 88 358 121 38 -1 -1 -1 0 
27 18 281 353 67 27 -1 -1 -1 0 
28 1 739 343 33 26 -1 -1 -1 0 
28 8 588 637 686 78 -1 -1 -1 0 
28 9 1 373 211 135 -1 -1 -1 0 
28 10 402 353 31 16 -1 -1 -1 0 
28 13 183 355 65 29 -1 -1 -1 0 
28 17 43 357 123 37 -1 -1 -1 0 
28 18 252 352 73 29 -1 -1 -1 0 
29 1 738 343 35 26 -1 -1 -1 0 
29 8 569 636 709 79 -1 -1 -1 0 
29 9 2 372 220 143 -1 -1 -1 0 
29 10 398 352 30 16 -1 -1 -1 0 
29 13 150 356 72 31 -1 -1 -1 0 
29 17 11 357 125 38 -1 -1 -1 0 
29 18 219 354 82 29 -1 -1 -1 0 
29 21 645 339 20 18 -1 -1 -1 0 
30 1 739 342 33 26 -1 -1 -1 0 
30 8 562 635 715 80 -1 -1 -1 0 
30 9 0 371 234 146 -1 -1 -1 0 
30 10 390 351 32 17 -1 -1 -1 0 
30 13 117 356 81 31 -1 -1 -1 0 
30 18 182 352 87 33 -1 -1 -1 0 
30 21 645 338 20 19 -1 -1 -1 0 
30 23 335 351 53 21 -1 -1 -1 0 
31 1 738 341 35 27 -1 -1 -1 0 
31 8 560 635 716 79 -1 -1 -1 0 
31 9 0 370 244 146 -1 -1 -1 0 
31 10 381 352 35 17 -1 -1 -1 0 
31 13 95 357 82 31 -1 -1 -1 0 
31 18 143 353 94 35 -1 -1 -1 0 
31 23 319 351 56 22 -1 -1 -1 0 
32 1 737 342 36 25 -1 -1 -1 0 
32 8 557 635 719 80 -1 -1 -1 0 
32 9 0 369 253 145 -1 -1 -1 0 
32 10 370 352 40 18 -1 -1 -1 0 
32 18 92 355 105 37 -1 -1 -1 0 
32 23 301 352 57 25 -1 -1 -1 0 
33 1 737 343 37 25 -1 -1 -1 0 
33 8 556 636 721 79 -1 -1 -1 0 
33 9 0 367 263 143 -1 -1 -1 0 
33 10 360 353 37 18 -1 -1 -1 0 
33 18 58 355 110 39 -1 -1 -1 0 
33 21 644 338 22 19 -1 -1 -1 0 
33 23 280 354 61 26 -1 -1 -1 0 
34 1 737 344 37 25 -1 -1 -1 0 
34 8 558 636 718 79 -1 -1 -1 0 
34 9 0 367 271 139 -1 -1 -1 0 
34 10 347 354 39 20 -1 -1 -1 0 
34 21 644 338 22 18 -1 -1 -1 0 
34 23 255 356 69 26 -1 -1 -1 0 
35 1 737 344 36 26 -1 -1 -1 0 
35 8 555 636 722 79 -1 -1 -1 0 
35 9 0 368 278 135 -1 -1 -1 0 
35 10 333 355 45 20 -1 -1 -1 0 
35 23 228 359 75 27 -1 -1 -1 0 
36 1 736 345 38 25 -1 -1 -1 0 
36 8 556 636 721 78 -1 -1 -1 0 
36 9 0 369 285 131 -1 -1 -1 0 
36 10 318 356 55 21 -1 -1 -1 0 
36 23 200 360 79 28 -1 -1 -1 0 
37 1 736 345 38 25 -1 -1 -1 0 
37 8 561 636 714 78 -1 -1 -1 0 
37 9 0 368 291 129 -1 -1 -1 0 
37 10 304 355 47 24 -1 -1 -1 0 
37 23 182 359 67 28 -1 -1 -1 0 
38 1 737 346 36 25 -1 -1 -1 0 
38 8 561 636 713 78 -1 -1 -1 0 
38 9 0 366 296 129 -1 -1 -1 0 
38 10 284 356 50 24 -1 -1 -1 0 
38 23 161 360 69 29 -1 -1 -1 0 
38 26 405 352 36 17 -1 -1 -1 0 
39 1 737 346 36 25 -1 -1 -1 0 
39 8 560 636 717 78 -1 -1 -1 0 
39 9 0 364 303 128 -1 -1 -1 0 
39 10 262 357 56 25 -1 -1 -1 0 
39 26 393 352 40 17 -1 -1 -1 0 
40 1 738 344 35 26 -1 -1 -1 0 
40 8 562 635 710 79 -1 -1 -1 0 
40 9 0 365 313 121 -1 -1 -1 0 
40 10 242 357 57 26 -1 -1 -1 0 
40 26 386 352 41 17 -1 -1 -1 0 
