3 2 1143 439 136 140 -1 -1 -1 0 
3 3 916 320 189 97 -1 -1 -1 0 
3 4 761 335 67 53 -1 -1 -1 0 
3 5 1059 331 79 65 -1 -1 -1 0 
4 2 1141 439 138 141 -1 -1 -1 0 
4 3 917 319 199 99 -1 -1 -1 0 
4 4 760 334 68 53 -1 -1 -1 0 
4 5 1075 330 69 66 -1 -1 -1 0 
4 7 565 635 710 79 -1 -1 -1 0 
5 2 1140 438 138 143 -1 -1 -1 0 
5 3 924 318 201 100 -1 -1 -1 0 
5 4 760 334 68 52 -1 -1 -1 0 
5 5 1072 328 84 69 -1 -1 -1 0 
5 7 568 635 708 79 -1 -1 -1 0 
6 2 1137 438 142 142 -1 -1 -1 0 
6 3 926 317 209 102 -1 -1 -1 0 
6 4 759 335 68 51 -1 -1 -1 0 
6 5 1084 327 79 71 -1 -1 -1 0 
6 7 575 635 700 79 -1 -1 -1 0 
7 2 1136 438 142 142 -1 -1 -1 0 
7 3 929 317 214 103 -1 -1 -1 0 
7 4 759 337 68 49 -1 -1 -1 0 
7 5 1083 326 92 74 -1 -1 -1 0 
7 7 568 635 711 78 -1 -1 -1 0 
8 2 1136 435 142 143 -1 -1 -1 0 
8 3 931 316 217 105 -1 -1 -1 0 
8 4 759 337 67 50 -1 -1 -1 0 
8 5 1107 327 74 73 -1 -1 -1 0 
8 7 569 635 709 78 -1 -1 -1 0 
8 11 430 355 32 18 -1 -1 -1 0 
9 2 1136 432 142 145 -1 -1 -1 0 
9 3 934 315 224 107 -1 -1 -1 0 
9 4 758 339 69 49 -1 -1 -1 0 
9 5 1116 326 76 75 -1 -1 -1 0 
9 7 572 635 697 79 -1 -1 -1 0 
9 11 416 357 36 19 -1 -1 -1 0 
9 12 498 335 38 34 -1 -1 -1 0 
10 2 1134 432 145 143 -1 -1 -1 0 
10 3 936 316 233 107 -1 -1 -1 0 
10 4 758 339 68 49 -1 -1 -1 0 
10 5 1126 327 78 75 -1 -1 -1 0 
10 7 569 635 704 79 -1 -1 -1 0 
10 11 402 358 38 21 -1 -1 -1 0 
10 12 489 336 42 35 -1 -1 -1 0 
11 2 1132 430 147 143 -1 -1 -1 0 
11 3 939 315 236 109 -1 -1 -1 0 
11 4 758 340 68 48 -1 -1 -1 0 
11 5 1132 328 86 76 -1 -1 -1 0 
11 7 567 635 708 79 -1 -1 -1 0 
11 11 385 360 43 21 -1 -1 -1 0 
11 12 480 336 43 37 -1 -1 -1 0 
12 2 1131 429 147 143 -1 -1 -1 0 
12 3 939 315 250 111 -1 -1 -1 0 
12 4 758 340 68 48 -1 -1 -1 0 
12 5 1142 328 87 78 -1 -1 -1 0 
12 7 564 635 710 79 -1 -1 -1 0 
12 11 367 359 45 24 -1 -1 -1 0 
12 12 467 336 48 38 -1 -1 -1 0 
12 13 573 346 24 14 -1 -1 -1 0 
13 2 1129 428 150 144 -1 -1 -1 0 
13 3 948 317 252 111 -1 -1 -1 0 
13 4 758 338 68 50 -1 -1 -1 0 
13 5 1134 327 111 80 -1 -1 -1 0 
13 7 560 634 716 80 -1 -1 -1 0 
13 11 346 359 49 25 -1 -1 -1 0 
13 12 456 335 52 40 -1 -1 -1 0 
13 13 565 345 29 15 -1 -1 -1 0 
14 2 1129 427 150 144 -1 -1 -1 0 
14 3 952 317 260 113 -1 -1 -1 0 
14 4 758 337 68 49 -1 -1 -1 0 
14 5 1142 327 115 81 -1 -1 -1 0 
14 7 572 635 699 79 -1 -1 -1 0 
14 11 323 359 53 27 -1 -1 -1 0 
14 12 443 332 55 44 -1 -1 -1 0 
14 13 562 345 31 14 -1 -1 -1 0 
15 2 1128 425 151 144 -1 -1 -1 0 
15 3 956 317 269 114 -1 -1 -1 0 
15 4 757 336 69 49 -1 -1 -1 0 
15 5 1152 326 118 83 -1 -1 -1 0 
15 7 565 635 713 79 -1 -1 -1 0 
15 11 294 359 61 28 -1 -1 -1 0 
15 12 428 331 60 46 -1 -1 -1 0 
15 13 560 344 31 15 -1 -1 -1 0 
16 2 1127 425 152 145 -1 -1 -1 0 
16 3 961 317 276 117 -1 -1 -1 0 
16 4 757 335 68 50 -1 -1 -1 0 
16 5 1162 325 117 86 -1 -1 -1 0 
16 7 565 635 713 79 -1 -1 -1 0 
16 11 262 360 67 31 -1 -1 -1 0 
16 12 412 330 65 48 -1 -1 -1 0 
16 13 591 343 18 11 -1 -1 -1 0 
17 2 1126 425 153 146 -1 -1 -1 0 
17 3 967 316 284 121 -1 -1 -1 0 
17 4 757 335 68 50 -1 -1 -1 0 
17 5 1169 325 110 87 -1 -1 -1 0 
17 11 224 360 76 35 -1 -1 -1 0 
17 12 392 330 73 50 -1 -1 -1 0 
17 13 596 343 16 11 -1 -1 -1 0 
18 2 1125 427 153 147 -1 -1 -1 0 
18 3 969 317 300 123 -1 -1 -1 0 
18 4 757 335 68 51 -1 -1 -1 0 
18 7 563 635 712 79 -1 -1 -1 0 
18 11 178 363 88 37 -1 -1 -1 0 
18 12 370 330 81 53 -1 -1 -1 0 
18 13 595 343 18 11 -1 -1 -1 0 
18 14 549 344 32 15 -1 -1 -1 0 
19 2 1125 428 153 149 -1 -1 -1 0 
19 3 975 319 303 123 -1 -1 -1 0 
19 4 758 336 67 51 -1 -1 -1 0 
19 7 562 635 713 78 -1 -1 -1 0 
19 11 117 366 110 42 -1 -1 -1 0 
19 12 344 331 91 57 -1 -1 -1 0 
19 13 594 343 17 12 -1 -1 -1 0 
19 14 545 345 34 16 -1 -1 -1 0 
20 2 1125 428 153 149 -1 -1 -1 0 
20 3 981 319 298 124 -1 -1 -1 0 
20 4 757 336 68 51 -1 -1 -1 0 
20 11 40 371 133 47 -1 -1 -1 0 
20 12 314 331 101 63 -1 -1 -1 0 
20 13 590 344 20 12 -1 -1 -1 0 
20 14 541 346 36 16 -1 -1 -1 0 
21 2 1125 425 153 152 -1 -1 -1 0 
21 3 989 317 290 129 -1 -1 -1 0 
21 4 758 337 67 50 -1 -1 -1 0 
21 7 560 635 717 78 -1 -1 -1 0 
21 11 2 378 99 51 -1 -1 -1 0 
21 12 278 332 116 69 -1 -1 -1 0 
21 13 589 345 18 14 -1 -1 -1 0 
21 14 538 349 33 17 -1 -1 -1 0 
22 2 1124 427 155 151 -1 -1 -1 0 
22 3 994 317 285 131 -1 -1 -1 0 
22 4 758 339 69 49 -1 -1 -1 0 
22 7 559 635 718 78 -1 -1 -1 0 
22 11 0 380 59 53 -1 -1 -1 0 
22 12 233 333 136 76 -1 -1 -1 0 
22 13 585 346 20 15 -1 -1 -1 0 
22 14 534 350 34 17 -1 -1 -1 0 
23 2 1123 429 155 151 -1 -1 -1 0 
23 3 1000 315 279 135 -1 -1 -1 0 
23 4 758 341 68 49 -1 -1 -1 0 
23 12 174 334 166 85 -1 -1 -1 0 
23 13 578 347 25 15 -1 -1 -1 0 
23 14 529 352 35 19 -1 -1 -1 0 
24 2 1123 431 156 150 -1 -1 -1 0 
24 3 1006 310 273 140 -1 -1 -1 0 
24 4 759 341 68 49 -1 -1 -1 0 
24 7 564 636 711 77 -1 -1 -1 0 
24 12 97 333 203 96 -1 -1 -1 0 
24 13 574 347 27 16 -1 -1 -1 0 
24 14 526 353 31 20 -1 -1 -1 0 
25 2 1125 428 153 154 -1 -1 -1 0 
25 3 1009 310 270 140 -1 -1 -1 0 
25 4 759 340 69 49 -1 -1 -1 0 
25 7 563 636 713 77 -1 -1 -1 0 
25 12 16 330 232 112 -1 -1 -1 0 
25 13 572 347 25 17 -1 -1 -1 0 
25 14 520 352 30 22 -1 -1 -1 0 
26 2 1123 428 156 152 -1 -1 -1 0 
26 3 1013 308 266 140 -1 -1 -1 0 
26 4 760 339 68 49 -1 -1 -1 0 
26 7 562 636 713 78 -1 -1 -1 0 
26 12 1 325 181 120 -1 -1 -1 0 
26 13 570 347 25 15 -1 -1 -1 0 
26 14 513 351 32 22 -1 -1 -1 0 
27 2 1122 427 157 150 -1 -1 -1 0 
27 3 1019 305 260 140 -1 -1 -1 0 
27 4 759 339 69 48 -1 -1 -1 0 
27 7 560 636 718 78 -1 -1 -1 0 
27 12 0 322 98 125 -1 -1 -1 0 
27 13 567 347 25 16 -1 -1 -1 0 
27 14 505 351 33 24 -1 -1 -1 0 
28 2 1121 426 158 149 -1 -1 -1 0 
28 3 1027 300 252 140 -1 -1 -1 0 
28 4 759 338 69 49 -1 -1 -1 0 
28 7 562 636 714 78 -1 -1 -1 0 
28 12 0 322 54 130 -1 -1 -1 0 
28 13 563 347 26 16 -1 -1 -1 0 
28 14 496 352 34 24 -1 -1 -1 0 
29 2 1122 424 156 148 -1 -1 -1 0 
29 3 1032 302 247 137 -1 -1 -1 0 
29 4 759 338 68 49 -1 -1 -1 0 
29 7 560 636 716 78 -1 -1 -1 0 
29 13 560 347 25 16 -1 -1 -1 0 
29 14 484 350 38 28 -1 -1 -1 0 
29 15 602 347 22 12 -1 -1 -1 0 
30 2 1121 423 158 148 -1 -1 -1 0 
30 3 1044 301 234 138 -1 -1 -1 0 
30 4 759 338 67 49 -1 -1 -1 0 
30 7 559 636 719 77 -1 -1 -1 0 
30 13 555 347 27 16 -1 -1 -1 0 
30 14 469 352 46 28 -1 -1 -1 0 
30 15 600 347 23 13 -1 -1 -1 0 
31 2 1120 426 159 144 -1 -1 -1 0 
31 3 1052 300 223 150 -1 -1 -1 0 
31 4 759 338 66 49 -1 -1 -1 0 
31 7 565 636 708 77 -1 -1 -1 0 
31 13 550 347 28 17 -1 -1 -1 0 
31 14 471 350 35 26 -1 -1 -1 0 
31 15 596 348 24 13 -1 -1 -1 0 
32 2 1122 423 156 146 -1 -1 -1 0 
32 3 1052 302 227 140 -1 -1 -1 0 
32 4 758 339 68 48 -1 -1 -1 0 
32 7 564 636 710 78 -1 -1 -1 0 
32 13 546 347 27 18 -1 -1 -1 0 
32 14 462 351 37 25 -1 -1 -1 0 
32 15 592 349 24 13 -1 -1 -1 0 
33 2 1121 417 157 152 -1 -1 -1 0 
33 3 1062 299 217 139 -1 -1 -1 0 
33 4 759 339 66 48 -1 -1 -1 0 
33 7 560 636 718 77 -1 -1 -1 0 
33 13 540 347 28 19 -1 -1 -1 0 
33 14 449 351 40 26 -1 -1 -1 0 
33 15 589 349 25 13 -1 -1 -1 0 
33 16 413 358 54 30 -1 -1 -1 0 
33 17 812 344 24 25 -1 -1 -1 0 
34 2 1118 421 161 150 -1 -1 -1 0 
34 3 1072 299 207 140 -1 -1 -1 0 
34 4 759 339 66 48 -1 -1 -1 0 
34 7 563 636 713 77 -1 -1 -1 0 
34 13 534 347 29 21 -1 -1 -1 0 
34 14 433 352 45 26 -1 -1 -1 0 
34 15 584 349 27 13 -1 -1 -1 0 
34 16 388 359 61 34 -1 -1 -1 0 
34 17 812 343 25 27 -1 -1 -1 0 
35 2 1119 423 160 149 -1 -1 -1 0 
35 3 1081 298 198 141 -1 -1 -1 0 
35 4 760 339 64 47 -1 -1 -1 0 
35 7 562 636 714 77 -1 -1 -1 0 
35 13 527 345 31 23 -1 -1 -1 0 
35 14 416 352 49 27 -1 -1 -1 0 
35 15 580 350 27 13 -1 -1 -1 0 
35 16 357 361 71 37 -1 -1 -1 0 
35 17 811 343 27 27 -1 -1 -1 0 
36 2 1118 424 161 150 -1 -1 -1 0 
36 3 1088 302 191 138 -1 -1 -1 0 
36 4 759 339 66 47 -1 -1 -1 0 
36 7 565 636 709 77 -1 -1 -1 0 
36 13 519 346 33 24 -1 -1 -1 0 
36 14 392 352 59 30 -1 -1 -1 0 
36 15 574 350 28 14 -1 -1 -1 0 
36 16 319 363 82 41 -1 -1 -1 0 
36 17 812 343 26 27 -1 -1 -1 0 
37 2 1117 424 161 150 -1 -1 -1 0 
37 3 1099 303 180 138 -1 -1 -1 0 
37 4 760 339 65 47 -1 -1 -1 0 
37 7 561 635 716 78 -1 -1 -1 0 
37 13 511 346 34 25 -1 -1 -1 0 
37 14 370 352 64 35 -1 -1 -1 0 
37 15 569 349 28 16 -1 -1 -1 0 
37 16 269 365 102 45 -1 -1 -1 0 
37 17 813 343 25 27 -1 -1 -1 0 
38 2 1117 424 161 152 -1 -1 -1 0 
38 3 1109 304 170 139 -1 -1 -1 0 
38 4 759 339 66 47 -1 -1 -1 0 
38 7 560 635 717 78 -1 -1 -1 0 
38 13 499 346 41 26 -1 -1 -1 0 
38 14 342 353 74 38 -1 -1 -1 0 
38 15 561 350 35 17 -1 -1 -1 0 
38 16 207 367 120 53 -1 -1 -1 0 
38 17 813 344 26 26 -1 -1 -1 0 
39 2 1117 424 161 152 -1 -1 -1 0 
39 3 1121 302 156 142 -1 -1 -1 0 
39 4 759 339 65 46 -1 -1 -1 0 
39 7 565 635 710 78 -1 -1 -1 0 
39 13 490 346 40 28 -1 -1 -1 0 
39 14 310 353 84 42 -1 -1 -1 0 
39 15 556 350 28 17 -1 -1 -1 0 
39 16 116 371 159 62 -1 -1 -1 0 
39 17 814 343 26 27 -1 -1 -1 0 
40 2 1115 423 164 154 -1 -1 -1 0 
40 3 1129 302 150 141 -1 -1 -1 0 
40 4 759 338 65 47 -1 -1 -1 0 
40 7 561 635 716 78 -1 -1 -1 0 
40 13 478 347 43 28 -1 -1 -1 0 
40 14 273 353 95 47 -1 -1 -1 0 
40 15 546 353 33 16 -1 -1 -1 0 
40 16 16 376 180 74 -1 -1 -1 0 
40 17 813 342 28 28 -1 -1 -1 0 
40 20 369 357 51 23 -1 -1 -1 0 
40 21 1129 301 148 142 -1 -1 -1 0 
