3 1 664 341 35 32 -1 -1 -1 0 
3 2 612 348 27 21 -1 -1 -1 0 
4 1 664 341 35 31 -1 -1 -1 0 
4 2 613 347 26 21 -1 -1 -1 0 
4 3 0 466 141 242 -1 -1 -1 0 
5 1 664 340 36 32 -1 -1 -1 0 
5 2 614 347 26 21 -1 -1 -1 0 
5 3 0 458 168 238 -1 -1 -1 0 
5 4 549 637 724 79 -1 -1 -1 0 
6 1 665 340 36 32 -1 -1 -1 0 
6 2 615 347 26 21 -1 -1 -1 0 
6 3 0 449 196 225 -1 -1 -1 0 
6 4 557 636 716 79 -1 -1 -1 0 
7 1 665 339 36 32 -1 -1 -1 0 
7 2 615 347 27 20 -1 -1 -1 0 
7 3 0 445 217 211 -1 -1 -1 0 
7 4 557 636 718 79 -1 -1 -1 0 
8 1 667 339 34 33 -1 -1 -1 0 
8 2 617 347 24 21 -1 -1 -1 0 
8 3 0 439 235 210 -1 -1 -1 0 
8 4 555 637 721 77 -1 -1 -1 0 
9 1 667 339 35 33 -1 -1 -1 0 
9 2 617 347 25 21 -1 -1 -1 0 
9 3 4 425 248 222 -1 -1 -1 0 
9 4 564 637 707 78 -1 -1 -1 0 
10 1 667 339 35 33 -1 -1 -1 0 
10 2 618 348 25 20 -1 -1 -1 0 
10 3 6 405 262 243 -1 -1 -1 0 
10 4 559 637 717 78 -1 -1 -1 0 
11 1 668 339 35 33 -1 -1 -1 0 
11 2 619 348 25 20 -1 -1 -1 0 
11 3 6 388 280 263 -1 -1 -1 0 
11 4 560 637 714 78 -1 -1 -1 0 
12 1 668 339 35 33 -1 -1 -1 0 
12 2 620 348 24 20 -1 -1 -1 0 
12 3 4 375 299 275 -1 -1 -1 0 
12 4 559 637 715 77 -1 -1 -1 0 
13 1 668 339 35 33 -1 -1 -1 0 
13 2 619 348 27 20 -1 -1 -1 0 
13 3 4 363 314 287 -1 -1 -1 0 
13 4 560 637 716 77 -1 -1 -1 0 
14 1 669 339 34 34 -1 -1 -1 0 
14 2 621 348 24 20 -1 -1 -1 0 
14 3 4 354 327 299 -1 -1 -1 0 
14 4 561 637 710 78 -1 -1 -1 0 
15 1 669 339 35 34 -1 -1 -1 0 
15 2 623 348 23 20 -1 -1 -1 0 
15 3 8 348 331 326 -1 -1 -1 0 
15 4 562 636 709 79 -1 -1 -1 0 
16 1 668 339 37 34 -1 -1 -1 0 
16 2 623 348 24 20 -1 -1 -1 0 
16 3 4 345 351 342 -1 -1 -1 0 
16 4 555 638 722 77 -1 -1 -1 0 
17 1 668 339 37 34 -1 -1 -1 0 
17 2 623 348 24 19 -1 -1 -1 0 
17 3 5 344 361 360 -1 -1 -1 0 
17 4 560 637 712 79 -1 -1 -1 0 
18 1 669 340 36 33 -1 -1 -1 0 
18 2 624 348 23 19 -1 -1 -1 0 
18 3 1 342 378 365 -1 -1 -1 0 
18 4 557 637 718 79 -1 -1 -1 0 
19 1 670 340 35 33 -1 -1 -1 0 
19 2 624 347 23 20 -1 -1 -1 0 
19 3 0 343 391 362 -1 -1 -1 0 
19 4 557 637 717 78 -1 -1 -1 0 
20 1 670 340 35 33 -1 -1 -1 0 
20 2 623 347 26 20 -1 -1 -1 0 
20 3 0 341 402 353 -1 -1 -1 0 
20 4 563 637 703 78 -1 -1 -1 0 
21 1 670 340 35 33 -1 -1 -1 0 
21 2 625 347 24 19 -1 -1 -1 0 
21 3 0 341 413 335 -1 -1 -1 0 
21 4 560 636 712 79 -1 -1 -1 0 
22 1 670 339 35 33 -1 -1 -1 0 
22 2 625 347 24 19 -1 -1 -1 0 
22 3 0 341 421 313 -1 -1 -1 0 
22 4 563 635 709 80 -1 -1 -1 0 
23 1 670 339 35 33 -1 -1 -1 0 
23 2 625 347 25 19 -1 -1 -1 0 
23 3 0 341 428 293 -1 -1 -1 0 
23 4 557 636 721 79 -1 -1 -1 0 
24 1 669 339 36 33 -1 -1 -1 0 
24 2 626 347 23 19 -1 -1 -1 0 
24 3 0 341 432 277 -1 -1 -1 0 
24 4 557 636 721 79 -1 -1 -1 0 
25 1 670 339 36 33 -1 -1 -1 0 
25 2 625 347 25 19 -1 -1 -1 0 
25 3 0 341 439 262 -1 -1 -1 0 
25 4 557 637 719 78 -1 -1 -1 0 
26 1 670 339 36 33 -1 -1 -1 0 
26 2 626 347 23 19 -1 -1 -1 0 
26 3 0 342 445 249 -1 -1 -1 0 
26 4 557 637 720 78 -1 -1 -1 0 
27 1 670 339 36 33 -1 -1 -1 0 
27 2 626 347 23 19 -1 -1 -1 0 
27 3 1 341 448 243 -1 -1 -1 0 
27 4 562 636 708 80 -1 -1 -1 0 
28 1 670 339 35 34 -1 -1 -1 0 
28 2 626 347 24 19 -1 -1 -1 0 
28 3 1 341 454 235 -1 -1 -1 0 
28 4 555 637 723 79 -1 -1 -1 0 
29 1 670 340 36 33 -1 -1 -1 0 
29 2 627 347 22 19 -1 -1 -1 0 
29 3 1 341 459 227 -1 -1 -1 0 
29 4 560 637 715 79 -1 -1 -1 0 
30 1 670 340 36 33 -1 -1 -1 0 
30 2 627 347 23 19 -1 -1 -1 0 
30 3 16 342 446 218 -1 -1 -1 0 
30 4 560 637 715 79 -1 -1 -1 0 
31 1 671 341 35 33 -1 -1 -1 0 
31 2 628 347 23 19 -1 -1 -1 0 
31 3 44 341 420 211 -1 -1 -1 0 
31 4 562 637 712 79 -1 -1 -1 0 
32 1 672 340 34 34 -1 -1 -1 0 
32 2 628 347 23 19 -1 -1 -1 0 
32 3 70 343 399 203 -1 -1 -1 0 
32 4 560 636 715 80 -1 -1 -1 0 
33 1 671 340 36 33 -1 -1 -1 0 
33 2 628 347 24 19 -1 -1 -1 0 
33 3 95 343 379 197 -1 -1 -1 0 
33 4 560 635 714 81 -1 -1 -1 0 
34 1 671 340 37 33 -1 -1 -1 0 
34 2 629 347 24 18 -1 -1 -1 0 
34 3 118 343 362 189 -1 -1 -1 0 
34 4 556 636 721 80 -1 -1 -1 0 
35 1 671 342 36 31 -1 -1 -1 0 
35 2 629 347 24 18 -1 -1 -1 0 
35 3 140 344 344 183 -1 -1 -1 0 
35 4 552 636 726 80 -1 -1 -1 0 
36 1 672 342 35 31 -1 -1 -1 0 
36 2 630 347 22 18 -1 -1 -1 0 
36 3 160 344 329 180 -1 -1 -1 0 
36 4 562 636 711 80 -1 -1 -1 0 
37 1 673 342 33 31 -1 -1 -1 0 
37 2 630 347 23 18 -1 -1 -1 0 
37 3 180 343 312 181 -1 -1 -1 0 
37 4 566 636 707 80 -1 -1 -1 0 
38 1 671 342 37 32 -1 -1 -1 0 
38 2 631 347 22 19 -1 -1 -1 0 
38 3 193 344 307 174 -1 -1 -1 0 
38 4 560 636 717 80 -1 -1 -1 0 
39 1 673 342 33 32 -1 -1 -1 0 
39 2 630 347 24 19 -1 -1 -1 0 
39 3 209 343 295 167 -1 -1 -1 0 
39 4 558 635 717 80 -1 -1 -1 0 
40 1 673 342 34 32 -1 -1 -1 0 
40 2 631 348 23 18 -1 -1 -1 0 
40 3 223 344 285 160 -1 -1 -1 0 
40 4 560 635 714 80 -1 -1 -1 0 
