3 1 250 326 296 183 -1 -1 -1 0 
3 2 1204 359 73 36 -1 -1 -1 0 
3 3 783 345 28 18 -1 -1 -1 0 
3 4 752 342 20 14 -1 -1 -1 0 
4 1 267 328 283 179 -1 -1 -1 0 
4 2 1230 366 48 33 -1 -1 -1 0 
4 3 784 348 26 19 -1 -1 -1 0 
4 4 753 346 19 14 -1 -1 -1 0 
5 1 282 331 273 175 -1 -1 -1 0 
5 2 1240 369 39 33 -1 -1 -1 0 
5 3 785 350 25 20 -1 -1 -1 0 
5 4 752 348 21 14 -1 -1 -1 0 
6 1 296 333 261 171 -1 -1 -1 0 
6 3 785 352 26 20 -1 -1 -1 0 
6 4 752 350 20 14 -1 -1 -1 0 
7 1 307 335 255 167 -1 -1 -1 0 
7 3 784 352 27 20 -1 -1 -1 0 
7 4 752 349 20 15 -1 -1 -1 0 
8 1 321 338 245 162 -1 -1 -1 0 
8 3 784 351 27 20 -1 -1 -1 0 
8 4 752 349 20 14 -1 -1 -1 0 
9 1 337 338 229 158 -1 -1 -1 0 
9 3 784 351 27 18 -1 -1 -1 0 
9 4 752 350 20 14 -1 -1 -1 0 
10 1 348 338 219 154 -1 -1 -1 0 
10 3 784 348 27 18 -1 -1 -1 0 
11 1 355 339 220 148 -1 -1 -1 0 
11 3 785 346 26 18 -1 -1 -1 0 
11 4 752 343 20 14 -1 -1 -1 0 
12 1 365 339 212 146 -1 -1 -1 0 
12 3 784 344 26 18 -1 -1 -1 0 
12 4 752 341 20 14 -1 -1 -1 0 
13 1 371 338 209 141 -1 -1 -1 0 
13 3 784 342 26 19 -1 -1 -1 0 
13 4 752 340 19 13 -1 -1 -1 0 
14 1 380 337 200 139 -1 -1 -1 0 
14 3 783 342 26 18 -1 -1 -1 0 
14 4 752 339 19 13 -1 -1 -1 0 
14 9 688 336 28 27 -1 -1 -1 0 
15 1 387 337 196 135 -1 -1 -1 0 
15 3 783 342 25 17 -1 -1 -1 0 
15 4 752 340 18 11 -1 -1 -1 0 
15 9 685 337 32 26 -1 -1 -1 0 
16 1 394 337 191 131 -1 -1 -1 0 
16 3 783 343 25 17 -1 -1 -1 0 
16 4 753 341 17 11 -1 -1 -1 0 
16 9 686 337 30 28 -1 -1 -1 0 
17 1 402 337 184 128 -1 -1 -1 0 
17 3 783 343 24 18 -1 -1 -1 0 
17 4 753 341 16 10 -1 -1 -1 0 
17 9 685 338 31 27 -1 -1 -1 0 
18 1 409 336 178 126 -1 -1 -1 0 
18 3 783 343 24 18 -1 -1 -1 0 
18 9 684 338 32 28 -1 -1 -1 0 
19 1 415 335 174 124 -1 -1 -1 0 
19 3 782 343 25 18 -1 -1 -1 0 
19 9 684 339 31 27 -1 -1 -1 0 
20 1 422 335 168 121 -1 -1 -1 0 
20 3 781 343 26 18 -1 -1 -1 0 
20 4 753 340 14 12 -1 -1 -1 0 
20 9 684 338 31 26 -1 -1 -1 0 
21 1 427 334 165 119 -1 -1 -1 0 
21 3 781 343 25 17 -1 -1 -1 0 
21 4 753 340 14 12 -1 -1 -1 0 
21 9 684 337 30 26 -1 -1 -1 0 
22 1 432 334 162 116 -1 -1 -1 0 
22 3 781 342 25 17 -1 -1 -1 0 
22 4 751 339 17 11 -1 -1 -1 0 
22 9 684 337 30 25 -1 -1 -1 0 
23 1 440 334 156 113 -1 -1 -1 0 
23 3 781 341 24 17 -1 -1 -1 0 
23 4 750 339 18 11 -1 -1 -1 0 
23 9 684 336 29 26 -1 -1 -1 0 
24 1 443 334 154 110 -1 -1 -1 0 
24 3 781 340 23 17 -1 -1 -1 0 
24 9 684 335 28 26 -1 -1 -1 0 
25 1 446 334 153 107 -1 -1 -1 0 
25 3 780 338 24 19 -1 -1 -1 0 
25 4 749 336 16 12 -1 -1 -1 0 
25 9 684 335 28 25 -1 -1 -1 0 
26 1 451 333 148 107 -1 -1 -1 0 
26 3 779 340 25 17 -1 -1 -1 0 
26 4 748 337 16 11 -1 -1 -1 0 
26 9 683 336 30 25 -1 -1 -1 0 
27 1 456 335 144 105 -1 -1 -1 0 
27 3 778 341 26 17 -1 -1 -1 0 
27 4 748 337 14 12 -1 -1 -1 0 
27 9 684 337 28 25 -1 -1 -1 0 
28 1 460 336 141 104 -1 -1 -1 0 
28 3 779 342 23 18 -1 -1 -1 0 
28 4 746 339 17 12 -1 -1 -1 0 
28 9 683 338 29 25 -1 -1 -1 0 
29 1 464 337 137 102 -1 -1 -1 0 
29 3 779 343 23 18 -1 -1 -1 0 
29 4 746 340 16 12 -1 -1 -1 0 
29 9 683 338 27 26 -1 -1 -1 0 
30 1 466 339 137 100 -1 -1 -1 0 
30 3 777 345 24 16 -1 -1 -1 0 
30 4 745 340 17 12 -1 -1 -1 0 
30 9 682 340 29 25 -1 -1 -1 0 
31 1 470 340 133 99 -1 -1 -1 0 
31 3 777 346 23 17 -1 -1 -1 0 
31 4 745 342 16 11 -1 -1 -1 0 
31 9 682 342 28 24 -1 -1 -1 0 
32 1 473 339 131 98 -1 -1 -1 0 
32 3 776 346 24 17 -1 -1 -1 0 
32 4 745 342 15 11 -1 -1 -1 0 
32 9 681 342 28 24 -1 -1 -1 0 
33 1 476 339 128 96 -1 -1 -1 0 
33 3 775 346 24 17 -1 -1 -1 0 
33 9 682 341 26 25 -1 -1 -1 0 
34 1 479 337 125 96 -1 -1 -1 0 
34 3 774 345 25 16 -1 -1 -1 0 
34 9 681 341 28 23 -1 -1 -1 0 
35 1 481 337 124 94 -1 -1 -1 0 
35 3 773 345 25 16 -1 -1 -1 0 
35 9 681 341 27 23 -1 -1 -1 0 
36 1 484 337 122 91 -1 -1 -1 0 
36 3 772 343 25 17 -1 -1 -1 0 
36 9 681 340 27 23 -1 -1 -1 0 
37 1 487 336 120 90 -1 -1 -1 0 
37 3 771 342 25 17 -1 -1 -1 0 
37 9 680 340 27 23 -1 -1 -1 0 
38 1 490 336 118 88 -1 -1 -1 0 
38 3 770 342 25 17 -1 -1 -1 0 
38 9 680 338 26 25 -1 -1 -1 0 
39 1 493 336 115 87 -1 -1 -1 0 
39 3 770 341 25 17 -1 -1 -1 0 
39 9 679 338 27 24 -1 -1 -1 0 
40 1 495 336 114 87 -1 -1 -1 0 
40 3 770 341 24 18 -1 -1 -1 0 
40 9 678 337 29 25 -1 -1 -1 0 
