3 1 1002 340 86 36 -1 -1 -1 0 
3 3 125 337 283 124 -1 -1 -1 0 
3 4 588 336 53 47 -1 -1 -1 0 
3 5 677 346 26 19 -1 -1 -1 0 
3 6 719 341 24 20 -1 -1 -1 0 
4 1 1004 340 86 37 -1 -1 -1 0 
4 3 142 338 269 122 -1 -1 -1 0 
4 4 588 336 54 47 -1 -1 -1 0 
4 5 677 347 25 18 -1 -1 -1 0 
4 6 718 342 24 19 -1 -1 -1 0 
5 1 1007 340 87 38 -1 -1 -1 0 
5 3 155 337 261 120 -1 -1 -1 0 
5 4 587 336 55 47 -1 -1 -1 0 
5 5 677 345 25 21 -1 -1 -1 0 
5 6 718 343 24 18 -1 -1 -1 0 
6 1 1008 340 92 38 -1 -1 -1 0 
6 3 169 335 251 120 -1 -1 -1 0 
6 4 588 336 54 47 -1 -1 -1 0 
6 5 676 346 26 20 -1 -1 -1 0 
6 6 717 343 25 18 -1 -1 -1 0 
7 1 1017 340 86 38 -1 -1 -1 0 
7 3 179 337 246 116 -1 -1 -1 0 
7 4 589 336 52 47 -1 -1 -1 0 
7 5 677 344 24 21 -1 -1 -1 0 
7 6 718 343 23 18 -1 -1 -1 0 
8 1 1034 340 70 38 -1 -1 -1 0 
8 3 191 338 238 113 -1 -1 -1 0 
8 4 589 336 53 47 -1 -1 -1 0 
8 5 676 345 26 20 -1 -1 -1 0 
8 6 718 343 23 18 -1 -1 -1 0 
9 1 1032 341 80 38 -1 -1 -1 0 
9 3 202 338 231 111 -1 -1 -1 0 
9 4 589 336 53 46 -1 -1 -1 0 
9 5 676 345 25 20 -1 -1 -1 0 
9 6 718 343 23 18 -1 -1 -1 0 
9 13 565 635 710 78 -1 -1 -1 0 
10 1 1036 341 80 38 -1 -1 -1 0 
10 3 213 338 222 109 -1 -1 -1 0 
10 4 590 336 52 46 -1 -1 -1 0 
10 5 676 346 26 19 -1 -1 -1 0 
10 6 718 343 23 18 -1 -1 -1 0 
10 13 566 636 710 78 -1 -1 -1 0 
11 3 223 338 216 106 -1 -1 -1 0 
11 4 590 337 53 44 -1 -1 -1 0 
11 5 675 347 27 18 -1 -1 -1 0 
12 3 231 338 212 103 -1 -1 -1 0 
12 4 592 335 50 46 -1 -1 -1 0 
12 5 677 343 24 22 -1 -1 -1 0 
12 18 33 363 109 27 -1 -1 -1 0 
13 3 240 339 206 101 -1 -1 -1 0 
13 4 592 334 50 49 -1 -1 -1 0 
13 5 703 344 27 19 -1 -1 -1 0 
13 6 681 350 23 15 -1 -1 -1 0 
13 18 0 367 86 25 -1 -1 -1 0 
14 3 249 339 199 99 -1 -1 -1 0 
14 4 592 334 50 49 -1 -1 -1 0 
14 5 715 344 23 18 -1 -1 -1 0 
14 6 677 348 22 18 -1 -1 -1 0 
14 18 0 369 51 25 -1 -1 -1 0 
15 3 258 338 193 98 -1 -1 -1 0 
15 4 592 334 51 49 -1 -1 -1 0 
15 5 691 345 24 19 -1 -1 -1 0 
15 6 673 349 22 17 -1 -1 -1 0 
15 21 112 363 74 22 -1 -1 -1 0 
16 3 266 337 187 98 -1 -1 -1 0 
16 4 593 336 50 47 -1 -1 -1 0 
16 5 692 345 24 19 -1 -1 -1 0 
16 21 62 364 88 24 -1 -1 -1 0 
17 3 275 336 181 97 -1 -1 -1 0 
17 4 593 337 50 45 -1 -1 -1 0 
17 5 679 344 25 20 -1 -1 -1 0 
17 21 5 366 103 25 -1 -1 -1 0 
18 3 281 335 179 97 -1 -1 -1 0 
18 4 593 337 50 45 -1 -1 -1 0 
18 5 676 344 26 21 -1 -1 -1 0 
18 21 0 367 56 24 -1 -1 -1 0 
19 3 286 335 178 94 -1 -1 -1 0 
19 4 594 337 49 44 -1 -1 -1 0 
19 5 704 342 24 20 -1 -1 -1 0 
19 6 673 344 26 20 -1 -1 -1 0 
19 13 559 636 716 78 -1 -1 -1 0 
19 21 0 368 23 24 -1 -1 -1 0 
20 1 1061 340 102 27 -1 -1 -1 0 
20 3 294 335 172 92 -1 -1 -1 0 
20 4 594 336 49 44 -1 -1 -1 0 
20 5 686 342 25 21 -1 -1 -1 0 
20 6 671 344 26 20 -1 -1 -1 0 
20 13 561 635 713 79 -1 -1 -1 0 
20 28 203 352 76 24 -1 -1 -1 0 
21 1 1067 341 103 25 -1 -1 -1 0 
21 3 300 336 169 89 -1 -1 -1 0 
21 4 594 336 48 44 -1 -1 -1 0 
21 5 678 342 26 21 -1 -1 -1 0 
21 6 707 341 26 20 -1 -1 -1 0 
21 13 561 635 713 79 -1 -1 -1 0 
21 28 159 352 86 28 -1 -1 -1 0 
22 1 1070 340 108 26 -1 -1 -1 0 
22 3 305 337 165 87 -1 -1 -1 0 
22 4 594 336 49 43 -1 -1 -1 0 
22 5 675 342 27 21 -1 -1 -1 0 
22 6 715 342 25 19 -1 -1 -1 0 
22 28 102 352 104 32 -1 -1 -1 0 
23 1 1075 341 109 26 -1 -1 -1 0 
23 3 310 338 162 85 -1 -1 -1 0 
23 4 594 336 49 43 -1 -1 -1 0 
23 5 673 343 28 20 -1 -1 -1 0 
23 6 718 342 24 19 -1 -1 -1 0 
23 28 30 353 129 34 -1 -1 -1 0 
23 30 209 332 117 40 -1 -1 -1 0 
24 1 1081 342 109 26 -1 -1 -1 0 
24 3 317 338 157 85 -1 -1 -1 0 
24 4 594 337 48 43 -1 -1 -1 0 
24 5 672 346 28 19 -1 -1 -1 0 
24 6 718 342 25 19 -1 -1 -1 0 
24 28 0 356 98 34 -1 -1 -1 0 
24 30 178 332 132 43 -1 -1 -1 0 
25 1 1085 342 114 26 -1 -1 -1 0 
25 3 322 338 154 83 -1 -1 -1 0 
25 4 595 334 47 46 -1 -1 -1 0 
25 5 703 343 23 20 -1 -1 -1 0 
25 6 689 344 26 19 -1 -1 -1 0 
25 28 0 356 57 37 -1 -1 -1 0 
25 30 143 331 147 47 -1 -1 -1 0 
26 1 1090 342 115 27 -1 -1 -1 0 
26 3 328 338 150 82 -1 -1 -1 0 
26 4 594 334 49 46 -1 -1 -1 0 
26 5 713 341 24 21 -1 -1 -1 0 
26 6 677 345 27 19 -1 -1 -1 0 
26 30 101 330 167 51 -1 -1 -1 0 
26 31 327 338 149 82 -1 -1 -1 0 
27 1 1095 343 120 26 -1 -1 -1 0 
27 3 333 338 147 81 -1 -1 -1 0 
27 4 594 334 49 46 -1 -1 -1 0 
27 5 718 341 23 21 -1 -1 -1 0 
27 6 674 345 25 19 -1 -1 -1 0 
27 30 52 329 192 54 -1 -1 -1 0 
27 31 332 338 146 81 -1 -1 -1 0 
28 1 1106 343 115 27 -1 -1 -1 0 
28 3 337 338 145 80 -1 -1 -1 0 
28 4 595 332 48 47 -1 -1 -1 0 
28 5 719 341 24 20 -1 -1 -1 0 
28 6 673 346 25 19 -1 -1 -1 0 
28 30 5 328 212 58 -1 -1 -1 0 
28 31 336 338 144 80 -1 -1 -1 0 
29 1 1109 344 122 26 -1 -1 -1 0 
29 3 342 339 142 78 -1 -1 -1 0 
29 4 596 330 47 49 -1 -1 -1 0 
29 5 721 341 22 20 -1 -1 -1 0 
29 6 672 346 26 19 -1 -1 -1 0 
29 13 559 635 716 79 -1 -1 -1 0 
29 30 0 327 180 61 -1 -1 -1 0 
29 31 339 339 143 79 -1 -1 -1 0 
30 1 1110 344 132 27 -1 -1 -1 0 
30 3 347 339 137 77 -1 -1 -1 0 
30 4 595 330 49 49 -1 -1 -1 0 
30 5 721 341 22 20 -1 -1 -1 0 
30 6 671 346 27 19 -1 -1 -1 0 
30 13 559 636 716 78 -1 -1 -1 0 
30 30 0 326 142 63 -1 -1 -1 0 
30 31 345 339 139 78 -1 -1 -1 0 
31 1 1122 344 129 27 -1 -1 -1 0 
31 3 350 339 137 76 -1 -1 -1 0 
31 4 594 332 50 46 -1 -1 -1 0 
31 5 720 341 23 20 -1 -1 -1 0 
31 6 671 346 27 18 -1 -1 -1 0 
31 30 0 325 100 64 -1 -1 -1 0 
31 31 349 340 138 76 -1 -1 -1 0 
32 1 1123 344 141 27 -1 -1 -1 0 
32 3 355 339 134 76 -1 -1 -1 0 
32 4 596 330 47 48 -1 -1 -1 0 
32 5 721 341 22 20 -1 -1 -1 0 
32 6 672 346 25 19 -1 -1 -1 0 
32 30 0 328 51 62 -1 -1 -1 0 
32 31 354 340 135 75 -1 -1 -1 0 
33 1 1129 344 146 27 -1 -1 -1 0 
33 3 360 338 131 76 -1 -1 -1 0 
33 4 595 332 49 46 -1 -1 -1 0 
33 5 720 341 24 20 -1 -1 -1 0 
33 6 671 347 26 17 -1 -1 -1 0 
33 30 0 328 20 63 -1 -1 -1 0 
33 31 359 338 132 75 -1 -1 -1 0 
33 33 248 356 56 16 -1 -1 -1 0 
34 1 1138 344 139 27 -1 -1 -1 0 
34 3 363 338 130 74 -1 -1 -1 0 
34 4 595 331 49 47 -1 -1 -1 0 
34 5 689 345 26 18 -1 -1 -1 0 
34 6 703 343 23 19 -1 -1 -1 0 
34 13 560 636 715 78 -1 -1 -1 0 
34 31 363 338 130 74 -1 -1 -1 0 
34 33 218 356 60 18 -1 -1 -1 0 
35 1 1145 344 134 27 -1 -1 -1 0 
35 3 366 337 130 73 -1 -1 -1 0 
35 4 596 330 47 47 -1 -1 -1 0 
35 5 709 343 23 18 -1 -1 -1 0 
35 6 682 344 28 19 -1 -1 -1 0 
35 13 560 636 715 78 -1 -1 -1 0 
35 31 367 337 127 74 -1 -1 -1 0 
35 33 178 356 75 19 -1 -1 -1 0 
36 1 1159 344 120 27 -1 -1 -1 0 
36 3 372 337 124 72 -1 -1 -1 0 
36 4 595 330 49 47 -1 -1 -1 0 
36 5 684 345 27 18 -1 -1 -1 0 
36 6 707 342 24 20 -1 -1 -1 0 
36 31 371 337 126 73 -1 -1 -1 0 
36 33 134 357 84 22 -1 -1 -1 0 
37 1 1174 344 105 27 -1 -1 -1 0 
37 3 376 337 122 71 -1 -1 -1 0 
37 4 596 331 48 45 -1 -1 -1 0 
37 5 675 347 27 17 -1 -1 -1 0 
37 6 715 341 24 21 -1 -1 -1 0 
37 31 373 337 126 71 -1 -1 -1 0 
37 33 79 359 100 23 -1 -1 -1 0 
38 1 1177 345 102 25 -1 -1 -1 0 
38 3 378 337 122 70 -1 -1 -1 0 
38 4 596 333 49 44 -1 -1 -1 0 
38 5 673 347 25 17 -1 -1 -1 0 
38 6 718 341 25 20 -1 -1 -1 0 
38 31 378 337 122 70 -1 -1 -1 0 
38 33 12 361 119 25 -1 -1 -1 0 
39 1 1184 346 95 23 -1 -1 -1 0 
39 3 382 337 120 70 -1 -1 -1 0 
39 4 596 333 49 44 -1 -1 -1 0 
39 5 672 348 25 16 -1 -1 -1 0 
39 6 719 341 26 20 -1 -1 -1 0 
39 31 381 337 121 70 -1 -1 -1 0 
39 33 0 363 75 23 -1 -1 -1 0 
40 1 1197 346 82 23 -1 -1 -1 0 
40 3 385 337 120 69 -1 -1 -1 0 
40 4 597 333 48 44 -1 -1 -1 0 
40 5 671 347 26 17 -1 -1 -1 0 
40 6 720 341 25 20 -1 -1 -1 0 
40 31 385 337 118 69 -1 -1 -1 0 
40 33 0 364 37 24 -1 -1 -1 0 
