3 1 513 346 58 38 -1 -1 -1 0 
3 3 680 340 23 21 -1 -1 -1 0 
3 4 563 636 712 77 -1 -1 -1 0 
4 1 514 346 56 38 -1 -1 -1 0 
4 3 681 340 21 21 -1 -1 -1 0 
4 4 563 636 712 78 -1 -1 -1 0 
5 1 514 346 56 38 -1 -1 -1 0 
5 3 680 341 22 20 -1 -1 -1 0 
5 4 564 635 711 79 -1 -1 -1 0 
5 7 475 343 32 17 -1 -1 -1 0 
6 1 514 345 56 39 -1 -1 -1 0 
6 3 680 341 21 20 -1 -1 -1 0 
6 4 563 635 714 79 -1 -1 -1 0 
6 7 463 343 37 18 -1 -1 -1 0 
7 1 513 345 58 39 -1 -1 -1 0 
7 3 681 341 20 20 -1 -1 -1 0 
7 4 564 634 712 80 -1 -1 -1 0 
7 7 450 344 37 18 -1 -1 -1 0 
8 1 514 345 56 39 -1 -1 -1 0 
8 3 680 341 22 19 -1 -1 -1 0 
8 4 562 634 714 80 -1 -1 -1 0 
8 7 435 343 42 20 -1 -1 -1 0 
9 1 514 345 56 38 -1 -1 -1 0 
9 3 680 341 21 18 -1 -1 -1 0 
9 4 579 634 694 80 -1 -1 -1 0 
9 7 415 343 56 21 -1 -1 -1 0 
10 1 515 345 55 38 -1 -1 -1 0 
10 3 680 341 21 18 -1 -1 -1 0 
10 4 572 634 705 80 -1 -1 -1 0 
10 7 397 343 55 22 -1 -1 -1 0 
11 1 515 344 55 39 -1 -1 -1 0 
11 3 680 341 21 17 -1 -1 -1 0 
11 4 568 634 710 80 -1 -1 -1 0 
11 7 373 342 62 24 -1 -1 -1 0 
12 1 515 343 55 40 -1 -1 -1 0 
12 3 681 341 19 16 -1 -1 -1 0 
12 4 568 634 708 79 -1 -1 -1 0 
12 7 345 342 73 26 -1 -1 -1 0 
13 1 515 343 55 40 -1 -1 -1 0 
13 3 680 341 20 18 -1 -1 -1 0 
13 4 560 635 719 79 -1 -1 -1 0 
13 7 313 342 86 29 -1 -1 -1 0 
14 1 515 343 56 40 -1 -1 -1 0 
14 3 680 341 20 18 -1 -1 -1 0 
14 4 559 634 717 80 -1 -1 -1 0 
14 7 275 342 98 31 -1 -1 -1 0 
15 1 514 343 57 40 -1 -1 -1 0 
15 3 680 341 20 18 -1 -1 -1 0 
15 4 561 634 715 80 -1 -1 -1 0 
15 7 225 343 118 33 -1 -1 -1 0 
16 1 514 343 57 40 -1 -1 -1 0 
16 3 680 341 20 18 -1 -1 -1 0 
16 4 567 634 708 80 -1 -1 -1 0 
16 7 160 345 144 37 -1 -1 -1 0 
17 1 514 344 57 39 -1 -1 -1 0 
17 3 680 342 20 17 -1 -1 -1 0 
17 4 562 634 715 79 -1 -1 -1 0 
17 7 70 346 184 42 -1 -1 -1 0 
17 23 426 347 27 16 -1 -1 -1 0 
17 25 479 345 24 15 -1 -1 -1 0 
18 1 514 344 57 39 -1 -1 -1 0 
18 3 680 341 21 17 -1 -1 -1 0 
18 4 558 634 719 79 -1 -1 -1 0 
18 7 10 346 170 49 -1 -1 -1 0 
18 23 409 347 29 17 -1 -1 -1 0 
18 25 473 344 25 17 -1 -1 -1 0 
19 1 515 344 55 39 -1 -1 -1 0 
19 3 681 341 20 18 -1 -1 -1 0 
19 4 571 634 701 79 -1 -1 -1 0 
19 7 0 347 141 51 -1 -1 -1 0 
19 23 389 347 33 18 -1 -1 -1 0 
19 25 465 346 28 16 -1 -1 -1 0 
20 1 515 343 55 40 -1 -1 -1 0 
20 3 680 341 21 18 -1 -1 -1 0 
20 4 573 634 703 79 -1 -1 -1 0 
20 23 370 348 34 20 -1 -1 -1 0 
20 25 458 347 27 17 -1 -1 -1 0 
21 1 515 343 56 40 -1 -1 -1 0 
21 3 680 341 21 17 -1 -1 -1 0 
21 4 560 634 719 79 -1 -1 -1 0 
21 23 345 350 41 19 -1 -1 -1 0 
21 25 453 347 28 18 -1 -1 -1 0 
22 1 514 344 58 39 -1 -1 -1 0 
22 3 681 341 20 18 -1 -1 -1 0 
22 4 561 634 716 79 -1 -1 -1 0 
22 23 328 350 43 20 -1 -1 -1 0 
22 25 441 347 40 19 -1 -1 -1 0 
23 1 515 344 55 40 -1 -1 -1 0 
23 3 680 341 21 17 -1 -1 -1 0 
23 4 559 634 718 79 -1 -1 -1 0 
23 23 289 351 48 22 -1 -1 -1 0 
23 25 427 347 50 20 -1 -1 -1 0 
24 1 514 344 57 40 -1 -1 -1 0 
24 3 681 341 20 18 -1 -1 -1 0 
24 4 560 634 716 79 -1 -1 -1 0 
24 23 251 356 46 22 -1 -1 -1 0 
24 25 367 350 41 21 -1 -1 -1 0 
25 1 515 344 56 40 -1 -1 -1 0 
25 3 680 341 22 18 -1 -1 -1 0 
25 4 557 634 720 79 -1 -1 -1 0 
25 23 204 359 51 23 -1 -1 -1 0 
25 25 381 348 55 21 -1 -1 -1 0 
26 1 514 344 57 40 -1 -1 -1 0 
26 3 680 342 22 18 -1 -1 -1 0 
26 4 561 634 713 79 -1 -1 -1 0 
26 23 175 360 54 24 -1 -1 -1 0 
26 25 370 349 67 23 -1 -1 -1 0 
27 1 515 344 56 40 -1 -1 -1 0 
27 3 680 342 22 18 -1 -1 -1 0 
27 4 559 634 717 80 -1 -1 -1 0 
27 25 387 348 38 23 -1 -1 -1 0 
28 1 514 344 57 40 -1 -1 -1 0 
28 3 681 343 22 18 -1 -1 -1 0 
28 4 564 634 711 80 -1 -1 -1 0 
28 25 375 348 45 22 -1 -1 -1 0 
28 35 8 347 175 51 -1 -1 -1 0 
28 36 215 352 85 31 -1 -1 -1 0 
29 1 515 344 54 40 -1 -1 -1 0 
29 3 681 342 21 19 -1 -1 -1 0 
29 4 564 634 712 80 -1 -1 -1 0 
29 25 359 349 49 22 -1 -1 -1 0 
29 35 0 360 114 38 -1 -1 -1 0 
29 36 168 354 97 33 -1 -1 -1 0 
29 37 276 354 83 24 -1 -1 -1 0 
30 1 514 344 56 40 -1 -1 -1 0 
30 3 680 342 22 19 -1 -1 -1 0 
30 4 574 635 703 79 -1 -1 -1 0 
30 25 344 348 49 24 -1 -1 -1 0 
30 35 0 364 74 37 -1 -1 -1 0 
30 36 114 355 111 36 -1 -1 -1 0 
30 37 223 356 102 25 -1 -1 -1 0 
31 1 514 344 56 40 -1 -1 -1 0 
31 3 680 342 22 19 -1 -1 -1 0 
31 4 563 635 716 79 -1 -1 -1 0 
31 25 325 349 52 25 -1 -1 -1 0 
31 36 40 357 139 39 -1 -1 -1 0 
31 37 159 358 122 27 -1 -1 -1 0 
32 1 514 344 58 40 -1 -1 -1 0 
32 3 680 343 22 18 -1 -1 -1 0 
32 4 560 635 718 79 -1 -1 -1 0 
32 25 304 349 57 28 -1 -1 -1 0 
32 36 1 358 111 43 -1 -1 -1 0 
32 37 66 360 157 34 -1 -1 -1 0 
33 1 515 344 55 40 -1 -1 -1 0 
33 3 681 343 20 18 -1 -1 -1 0 
33 4 560 635 716 78 -1 -1 -1 0 
33 23 0 360 32 17 -1 -1 -1 0 
33 25 279 350 64 28 -1 -1 -1 0 
33 36 0 360 68 44 -1 -1 -1 0 
33 37 0 364 145 33 -1 -1 -1 0 
33 38 436 350 32 13 -1 -1 -1 0 
34 1 515 344 55 40 -1 -1 -1 0 
34 3 681 343 21 17 -1 -1 -1 0 
34 4 559 635 718 78 -1 -1 -1 0 
34 23 0 360 6 17 -1 -1 -1 0 
34 25 253 351 69 29 -1 -1 -1 0 
34 37 0 365 92 36 -1 -1 -1 0 
34 38 433 349 33 14 -1 -1 -1 0 
35 1 514 344 57 40 -1 -1 -1 0 
35 3 682 342 19 18 -1 -1 -1 0 
35 4 562 635 712 78 -1 -1 -1 0 
35 25 221 351 76 31 -1 -1 -1 0 
36 1 514 343 58 40 -1 -1 -1 0 
36 3 681 342 21 18 -1 -1 -1 0 
36 4 566 634 706 79 -1 -1 -1 0 
36 25 183 351 89 32 -1 -1 -1 0 
37 1 515 344 56 39 -1 -1 -1 0 
37 3 681 342 21 18 -1 -1 -1 0 
37 4 561 635 717 78 -1 -1 -1 0 
37 25 139 352 101 34 -1 -1 -1 0 
38 1 515 344 56 39 -1 -1 -1 0 
38 3 681 342 22 18 -1 -1 -1 0 
38 4 568 635 707 78 -1 -1 -1 0 
38 25 89 354 114 36 -1 -1 -1 0 
39 1 516 344 56 39 -1 -1 -1 0 
39 3 681 342 22 18 -1 -1 -1 0 
39 4 569 635 706 78 -1 -1 -1 0 
39 25 22 355 134 39 -1 -1 -1 0 
39 38 397 349 36 17 -1 -1 -1 0 
40 1 515 345 58 38 -1 -1 -1 0 
40 3 680 342 23 19 -1 -1 -1 0 
40 4 560 635 717 78 -1 -1 -1 0 
40 25 0 356 98 40 -1 -1 -1 0 
40 38 391 349 37 18 -1 -1 -1 0 
