3 1 868 348 160 82 -1 -1 -1 0 
3 2 748 343 43 29 -1 -1 -1 0 
3 3 670 319 31 41 -1 -1 -1 0 
4 1 869 347 161 83 -1 -1 -1 0 
4 2 748 343 43 29 -1 -1 -1 0 
4 3 669 319 32 41 -1 -1 -1 0 
5 1 871 347 162 82 -1 -1 -1 0 
5 2 748 343 42 29 -1 -1 -1 0 
5 3 669 320 31 40 -1 -1 -1 0 
5 5 564 632 710 82 -1 -1 -1 0 
6 1 872 347 164 83 -1 -1 -1 0 
6 2 748 343 43 29 -1 -1 -1 0 
6 3 670 320 29 40 -1 -1 -1 0 
6 5 560 632 718 82 -1 -1 -1 0 
7 1 874 347 164 83 -1 -1 -1 0 
7 2 747 343 45 28 -1 -1 -1 0 
7 3 669 320 31 40 -1 -1 -1 0 
7 5 556 633 723 81 -1 -1 -1 0 
8 1 874 347 167 84 -1 -1 -1 0 
8 2 748 343 43 28 -1 -1 -1 0 
8 3 669 321 30 39 -1 -1 -1 0 
8 5 561 633 715 81 -1 -1 -1 0 
9 1 875 347 169 84 -1 -1 -1 0 
9 2 748 343 43 28 -1 -1 -1 0 
9 3 669 321 29 39 -1 -1 -1 0 
9 5 561 633 715 81 -1 -1 -1 0 
10 1 876 347 171 85 -1 -1 -1 0 
10 2 748 343 43 28 -1 -1 -1 0 
10 3 668 321 29 40 -1 -1 -1 0 
10 5 560 633 716 81 -1 -1 -1 0 
11 1 878 347 170 85 -1 -1 -1 0 
11 2 747 343 45 28 -1 -1 -1 0 
11 3 668 321 29 40 -1 -1 -1 0 
11 5 563 633 712 81 -1 -1 -1 0 
12 1 879 347 171 85 -1 -1 -1 0 
12 2 748 343 43 28 -1 -1 -1 0 
12 3 667 322 29 40 -1 -1 -1 0 
12 5 565 633 710 81 -1 -1 -1 0 
13 1 880 346 174 87 -1 -1 -1 0 
13 2 747 344 45 28 -1 -1 -1 0 
13 3 667 322 29 40 -1 -1 -1 0 
13 5 558 632 721 82 -1 -1 -1 0 
14 1 881 347 176 87 -1 -1 -1 0 
14 2 747 343 43 29 -1 -1 -1 0 
14 3 667 322 30 40 -1 -1 -1 0 
14 5 556 633 723 81 -1 -1 -1 0 
15 1 883 347 176 88 -1 -1 -1 0 
15 2 746 343 45 29 -1 -1 -1 0 
15 3 666 322 30 41 -1 -1 -1 0 
15 5 560 633 715 81 -1 -1 -1 0 
16 1 883 346 179 89 -1 -1 -1 0 
16 2 745 343 46 30 -1 -1 -1 0 
16 3 666 322 30 40 -1 -1 -1 0 
16 5 560 633 715 81 -1 -1 -1 0 
17 1 884 346 181 89 -1 -1 -1 0 
17 2 746 342 44 31 -1 -1 -1 0 
17 3 665 322 30 40 -1 -1 -1 0 
17 5 563 632 710 82 -1 -1 -1 0 
18 1 885 346 182 89 -1 -1 -1 0 
18 2 745 342 46 31 -1 -1 -1 0 
18 3 665 322 30 40 -1 -1 -1 0 
18 5 557 633 722 81 -1 -1 -1 0 
19 1 887 346 181 90 -1 -1 -1 0 
19 2 744 342 47 31 -1 -1 -1 0 
19 3 665 322 30 41 -1 -1 -1 0 
19 5 559 633 718 81 -1 -1 -1 0 
20 1 887 347 184 90 -1 -1 -1 0 
20 2 745 344 47 30 -1 -1 -1 0 
20 3 665 323 30 41 -1 -1 -1 0 
20 5 558 633 721 81 -1 -1 -1 0 
21 1 887 348 187 90 -1 -1 -1 0 
21 2 745 345 46 29 -1 -1 -1 0 
21 3 663 323 31 42 -1 -1 -1 0 
21 5 560 633 718 81 -1 -1 -1 0 
22 1 888 349 188 90 -1 -1 -1 0 
22 2 745 345 45 30 -1 -1 -1 0 
22 3 662 324 31 42 -1 -1 -1 0 
22 5 562 633 714 80 -1 -1 -1 0 
23 1 892 349 183 91 -1 -1 -1 0 
23 2 744 347 47 28 -1 -1 -1 0 
23 3 662 325 30 41 -1 -1 -1 0 
23 5 564 634 712 81 -1 -1 -1 0 
24 1 890 349 191 90 -1 -1 -1 0 
24 2 745 346 45 30 -1 -1 -1 0 
24 3 661 324 30 42 -1 -1 -1 0 
24 5 560 633 716 82 -1 -1 -1 0 
25 1 892 349 190 91 -1 -1 -1 0 
25 2 744 345 46 30 -1 -1 -1 0 
25 3 660 324 32 42 -1 -1 -1 0 
25 5 556 633 723 81 -1 -1 -1 0 
26 1 892 348 191 92 -1 -1 -1 0 
26 2 744 345 46 30 -1 -1 -1 0 
26 3 660 324 31 41 -1 -1 -1 0 
26 5 555 633 723 81 -1 -1 -1 0 
27 1 892 348 194 92 -1 -1 -1 0 
27 2 743 345 47 30 -1 -1 -1 0 
27 3 658 324 33 41 -1 -1 -1 0 
27 5 556 634 721 80 -1 -1 -1 0 
28 1 894 347 194 93 -1 -1 -1 0 
28 2 743 343 46 32 -1 -1 -1 0 
28 3 657 324 33 39 -1 -1 -1 0 
28 5 556 634 720 80 -1 -1 -1 0 
29 1 895 347 195 93 -1 -1 -1 0 
29 2 742 344 48 31 -1 -1 -1 0 
29 3 657 324 32 39 -1 -1 -1 0 
29 5 557 634 721 80 -1 -1 -1 0 
29 10 94 358 108 30 -1 -1 -1 0 
30 1 896 347 195 94 -1 -1 -1 0 
30 2 742 344 48 31 -1 -1 -1 0 
30 3 656 324 32 39 -1 -1 -1 0 
30 5 565 634 711 80 -1 -1 -1 0 
30 10 35 358 131 34 -1 -1 -1 0 
31 1 896 346 198 94 -1 -1 -1 0 
31 2 741 343 48 32 -1 -1 -1 0 
31 3 655 323 32 40 -1 -1 -1 0 
31 5 567 634 706 80 -1 -1 -1 0 
31 10 0 358 124 36 -1 -1 -1 0 
32 1 897 346 198 94 -1 -1 -1 0 
32 2 741 343 48 32 -1 -1 -1 0 
32 3 655 323 31 40 -1 -1 -1 0 
32 5 565 632 709 82 -1 -1 -1 0 
32 10 0 358 73 39 -1 -1 -1 0 
33 1 897 345 199 95 -1 -1 -1 0 
33 2 740 344 49 31 -1 -1 -1 0 
33 3 654 323 32 41 -1 -1 -1 0 
33 5 560 633 719 81 -1 -1 -1 0 
33 10 0 358 44 41 -1 -1 -1 0 
34 1 897 346 201 95 -1 -1 -1 0 
34 2 740 344 48 31 -1 -1 -1 0 
34 3 654 323 31 42 -1 -1 -1 0 
34 5 566 633 710 81 -1 -1 -1 0 
35 1 898 346 201 95 -1 -1 -1 0 
35 2 740 344 48 32 -1 -1 -1 0 
35 3 653 324 32 41 -1 -1 -1 0 
35 5 567 634 712 79 -1 -1 -1 0 
36 1 898 347 202 96 -1 -1 -1 0 
36 2 739 345 49 31 -1 -1 -1 0 
36 3 652 325 33 41 -1 -1 -1 0 
36 5 568 633 706 81 -1 -1 -1 0 
37 1 899 349 201 95 -1 -1 -1 0 
37 2 739 346 48 31 -1 -1 -1 0 
37 3 652 325 32 41 -1 -1 -1 0 
37 5 562 633 717 80 -1 -1 -1 0 
38 1 900 350 200 96 -1 -1 -1 0 
38 2 739 346 48 31 -1 -1 -1 0 
38 3 651 326 33 41 -1 -1 -1 0 
38 5 574 634 703 79 -1 -1 -1 0 
39 1 901 350 200 97 -1 -1 -1 0 
39 2 739 347 46 31 -1 -1 -1 0 
39 3 650 326 33 41 -1 -1 -1 0 
39 5 574 634 704 79 -1 -1 -1 0 
40 1 900 351 203 96 -1 -1 -1 0 
40 2 738 347 48 32 -1 -1 -1 0 
40 3 650 327 32 40 -1 -1 -1 0 
40 5 561 634 718 79 -1 -1 -1 0 
