3 1 0 344 431 268 -1 -1 -1 0 
3 2 674 349 34 27 -1 -1 -1 0 
3 3 621 338 34 30 -1 -1 -1 0 
4 1 0 344 434 264 -1 -1 -1 0 
4 2 674 348 33 28 -1 -1 -1 0 
4 3 622 337 33 30 -1 -1 -1 0 
5 1 0 344 438 259 -1 -1 -1 0 
5 2 674 348 34 27 -1 -1 -1 0 
5 3 622 337 34 30 -1 -1 -1 0 
6 1 0 345 440 254 -1 -1 -1 0 
6 2 674 348 35 27 -1 -1 -1 0 
6 3 623 337 33 30 -1 -1 -1 0 
6 4 622 338 36 29 -1 -1 -1 0 
7 1 0 346 443 250 -1 -1 -1 0 
7 2 675 350 35 26 -1 -1 -1 0 
7 3 624 338 33 30 -1 -1 -1 0 
7 4 624 338 33 30 -1 -1 -1 0 
8 1 0 347 447 245 -1 -1 -1 0 
8 2 676 351 34 27 -1 -1 -1 0 
8 3 625 338 33 30 -1 -1 -1 0 
8 4 625 339 33 30 -1 -1 -1 0 
9 1 1 349 448 242 -1 -1 -1 0 
9 2 677 353 33 27 -1 -1 -1 0 
9 4 627 341 31 30 -1 -1 -1 0 
10 1 0 349 454 238 -1 -1 -1 0 
10 2 677 354 34 28 -1 -1 -1 0 
10 4 626 343 33 29 -1 -1 -1 0 
11 1 1 350 454 234 -1 -1 -1 0 
11 2 676 356 36 27 -1 -1 -1 0 
11 4 628 344 31 29 -1 -1 -1 0 
12 1 1 351 457 230 -1 -1 -1 0 
12 2 676 357 36 27 -1 -1 -1 0 
12 4 628 345 31 29 -1 -1 -1 0 
13 1 0 351 462 226 -1 -1 -1 0 
13 2 677 357 35 27 -1 -1 -1 0 
13 3 628 344 31 29 -1 -1 -1 0 
13 4 628 344 31 30 -1 -1 -1 0 
14 1 11 349 449 224 -1 -1 -1 0 
14 2 677 355 35 27 -1 -1 -1 0 
14 3 628 345 31 29 -1 -1 -1 0 
14 4 628 342 31 30 -1 -1 -1 0 
15 1 25 348 436 221 -1 -1 -1 0 
15 2 676 353 36 26 -1 -1 -1 0 
15 4 627 340 33 29 -1 -1 -1 0 
16 1 37 348 429 217 -1 -1 -1 0 
16 2 677 351 35 26 -1 -1 -1 0 
16 4 628 338 32 29 -1 -1 -1 0 
17 1 54 346 414 214 -1 -1 -1 0 
17 2 677 350 35 26 -1 -1 -1 0 
17 3 629 337 31 30 -1 -1 -1 0 
17 4 628 336 32 30 -1 -1 -1 0 
18 1 66 346 405 209 -1 -1 -1 0 
18 2 677 349 35 26 -1 -1 -1 0 
18 3 629 336 32 30 -1 -1 -1 0 
18 4 628 336 33 30 -1 -1 -1 0 
19 1 79 345 394 207 -1 -1 -1 0 
19 2 677 349 35 26 -1 -1 -1 0 
19 4 628 335 34 30 -1 -1 -1 0 
20 1 89 345 387 204 -1 -1 -1 0 
20 2 676 350 36 26 -1 -1 -1 0 
20 4 628 335 34 30 -1 -1 -1 0 
21 1 102 345 376 202 -1 -1 -1 0 
21 2 677 351 35 26 -1 -1 -1 0 
21 4 629 337 32 30 -1 -1 -1 0 
22 1 114 345 366 199 -1 -1 -1 0 
22 2 677 351 36 26 -1 -1 -1 0 
22 4 629 337 32 30 -1 -1 -1 0 
23 1 123 346 361 195 -1 -1 -1 0 
23 2 677 352 36 27 -1 -1 -1 0 
23 3 447 349 24 16 -1 -1 -1 0 
23 4 630 339 32 29 -1 -1 -1 0 
24 1 134 346 351 193 -1 -1 -1 0 
24 2 678 352 35 27 -1 -1 -1 0 
24 3 432 350 22 15 -1 -1 -1 0 
24 4 631 339 31 29 -1 -1 -1 0 
25 1 144 346 344 191 -1 -1 -1 0 
25 2 678 352 36 27 -1 -1 -1 0 
25 4 631 339 30 29 -1 -1 -1 0 
26 1 154 345 337 189 -1 -1 -1 0 
26 2 678 351 35 27 -1 -1 -1 0 
26 4 631 339 30 29 -1 -1 -1 0 
27 1 162 344 331 187 -1 -1 -1 0 
27 2 679 349 34 28 -1 -1 -1 0 
28 1 170 344 326 183 -1 -1 -1 0 
28 2 679 348 35 28 -1 -1 -1 0 
29 1 178 343 320 181 -1 -1 -1 0 
29 2 678 348 36 27 -1 -1 -1 0 
30 1 185 344 315 179 -1 -1 -1 0 
30 2 678 347 35 28 -1 -1 -1 0 
31 1 193 344 309 177 -1 -1 -1 0 
31 2 677 347 37 28 -1 -1 -1 0 
32 1 202 344 301 175 -1 -1 -1 0 
32 2 677 347 37 28 -1 -1 -1 0 
33 1 209 344 297 172 -1 -1 -1 0 
33 2 677 347 37 28 -1 -1 -1 0 
34 1 215 344 293 170 -1 -1 -1 0 
34 2 678 348 35 29 -1 -1 -1 0 
35 1 222 344 287 167 -1 -1 -1 0 
35 2 677 348 37 29 -1 -1 -1 0 
36 1 228 344 283 166 -1 -1 -1 0 
36 2 678 348 35 29 -1 -1 -1 0 
37 1 235 344 277 164 -1 -1 -1 0 
37 2 678 347 35 30 -1 -1 -1 0 
38 1 242 344 270 162 -1 -1 -1 0 
38 2 677 347 37 30 -1 -1 -1 0 
39 1 248 344 267 162 -1 -1 -1 0 
39 2 677 348 37 29 -1 -1 -1 0 
40 1 254 344 263 158 -1 -1 -1 0 
40 2 678 347 35 30 -1 -1 -1 0 
40 13 147 358 73 27 -1 -1 -1 0 
