3 1 806 329 65 54 -1 -1 -1 0 
4 1 805 329 67 54 -1 -1 -1 0 
4 3 439 343 44 37 -1 -1 -1 0 
5 1 805 328 67 54 -1 -1 -1 0 
5 3 424 343 47 38 -1 -1 -1 0 
6 1 806 328 65 53 -1 -1 -1 0 
6 3 407 342 53 41 -1 -1 -1 0 
7 1 807 326 63 55 -1 -1 -1 0 
7 3 390 342 54 42 -1 -1 -1 0 
8 1 806 326 65 55 -1 -1 -1 0 
8 3 368 341 57 45 -1 -1 -1 0 
9 1 807 325 63 56 -1 -1 -1 0 
9 3 340 342 64 46 -1 -1 -1 0 
10 1 806 325 64 57 -1 -1 -1 0 
10 3 311 342 68 49 -1 -1 -1 0 
11 1 806 325 64 58 -1 -1 -1 0 
11 3 276 344 81 51 -1 -1 -1 0 
12 1 805 325 65 58 -1 -1 -1 0 
12 3 232 347 69 53 -1 -1 -1 0 
13 1 804 326 65 57 -1 -1 -1 0 
13 3 176 349 73 58 -1 -1 -1 0 
13 5 307 347 58 41 -1 -1 -1 0 
14 1 803 326 67 56 -1 -1 -1 0 
14 3 105 350 135 65 -1 -1 -1 0 
14 5 280 345 66 46 -1 -1 -1 0 
15 1 804 326 65 56 -1 -1 -1 0 
15 3 23 352 158 74 -1 -1 -1 0 
15 5 250 348 71 46 -1 -1 -1 0 
15 7 385 348 46 36 -1 -1 -1 0 
16 1 804 327 66 55 -1 -1 -1 0 
16 3 2 354 87 79 -1 -1 -1 0 
16 5 216 351 80 48 -1 -1 -1 0 
16 7 366 349 50 37 -1 -1 -1 0 
17 1 805 327 64 54 -1 -1 -1 0 
17 3 0 355 44 83 -1 -1 -1 0 
17 5 173 352 90 50 -1 -1 -1 0 
17 7 344 349 53 39 -1 -1 -1 0 
18 1 805 327 64 54 -1 -1 -1 0 
18 5 116 353 109 54 -1 -1 -1 0 
18 7 319 348 58 42 -1 -1 -1 0 
18 9 423 344 47 37 -1 -1 -1 0 
19 1 805 327 64 54 -1 -1 -1 0 
19 5 73 353 107 59 -1 -1 -1 0 
19 7 287 348 67 44 -1 -1 -1 0 
19 9 409 344 47 37 -1 -1 -1 0 
20 1 805 326 64 56 -1 -1 -1 0 
20 5 10 352 112 67 -1 -1 -1 0 
20 7 253 348 75 46 -1 -1 -1 0 
20 9 389 345 52 37 -1 -1 -1 0 
20 11 676 333 21 28 -1 -1 -1 0 
21 1 805 326 64 56 -1 -1 -1 0 
21 5 0 353 82 69 -1 -1 -1 0 
21 7 212 350 90 48 -1 -1 -1 0 
21 9 368 345 53 38 -1 -1 -1 0 
21 11 677 333 19 27 -1 -1 -1 0 
22 1 805 325 64 57 -1 -1 -1 0 
22 7 166 352 101 50 -1 -1 -1 0 
22 9 344 346 54 40 -1 -1 -1 0 
22 11 676 332 21 28 -1 -1 -1 0 
23 1 804 326 66 56 -1 -1 -1 0 
23 7 125 353 102 55 -1 -1 -1 0 
23 9 392 342 43 37 -1 -1 -1 0 
23 11 676 332 21 27 -1 -1 -1 0 
24 1 806 326 63 56 -1 -1 -1 0 
24 7 56 354 118 62 -1 -1 -1 0 
24 9 400 340 40 37 -1 -1 -1 0 
25 1 804 327 66 55 -1 -1 -1 0 
25 7 6 356 93 67 -1 -1 -1 0 
25 9 392 342 45 35 -1 -1 -1 0 
25 11 676 333 20 28 -1 -1 -1 0 
26 1 804 327 66 55 -1 -1 -1 0 
26 7 0 357 56 70 -1 -1 -1 0 
26 9 383 341 42 37 -1 -1 -1 0 
26 11 676 333 20 28 -1 -1 -1 0 
27 1 805 327 65 56 -1 -1 -1 0 
27 9 339 343 38 38 -1 -1 -1 0 
27 11 676 333 21 28 -1 -1 -1 0 
28 1 805 326 64 57 -1 -1 -1 0 
28 9 310 344 39 39 -1 -1 -1 0 
28 11 676 332 21 29 -1 -1 -1 0 
29 1 804 326 65 56 -1 -1 -1 0 
29 9 288 344 37 41 -1 -1 -1 0 
29 11 677 332 19 28 -1 -1 -1 0 
29 15 328 343 54 40 -1 -1 -1 0 
30 1 804 325 65 57 -1 -1 -1 0 
30 9 262 346 35 41 -1 -1 -1 0 
30 11 677 331 19 28 -1 -1 -1 0 
30 15 306 342 54 42 -1 -1 -1 0 
31 1 804 325 65 57 -1 -1 -1 0 
31 9 247 347 34 40 -1 -1 -1 0 
31 11 676 331 20 28 -1 -1 -1 0 
31 15 276 343 65 44 -1 -1 -1 0 
32 1 804 325 65 56 -1 -1 -1 0 
32 11 676 331 20 28 -1 -1 -1 0 
32 15 240 342 77 48 -1 -1 -1 0 
33 1 804 324 64 57 -1 -1 -1 0 
33 15 191 344 101 51 -1 -1 -1 0 
34 1 803 324 65 56 -1 -1 -1 0 
34 11 677 331 19 28 -1 -1 -1 0 
34 15 144 344 117 54 -1 -1 -1 0 
35 1 804 324 63 56 -1 -1 -1 0 
35 11 676 331 21 28 -1 -1 -1 0 
35 15 97 347 119 55 -1 -1 -1 0 
36 1 804 324 64 56 -1 -1 -1 0 
36 9 250 348 71 43 -1 -1 -1 0 
36 11 677 331 19 28 -1 -1 -1 0 
36 15 30 347 120 61 -1 -1 -1 0 
37 1 805 324 62 56 -1 -1 -1 0 
37 9 244 348 74 44 -1 -1 -1 0 
37 11 677 330 19 29 -1 -1 -1 0 
37 15 4 345 100 64 -1 -1 -1 0 
38 1 805 324 62 56 -1 -1 -1 0 
38 11 676 330 21 29 -1 -1 -1 0 
38 15 0 345 66 67 -1 -1 -1 0 
39 1 805 323 62 58 -1 -1 -1 0 
39 11 676 330 20 29 -1 -1 -1 0 
40 1 804 323 64 58 -1 -1 -1 0 
40 11 676 330 21 29 -1 -1 -1 0 
