3 1 664 332 36 41 -1 -1 -1 0 
4 1 665 333 34 40 -1 -1 -1 0 
5 1 665 333 34 40 -1 -1 -1 0 
6 1 665 333 34 41 -1 -1 -1 0 
7 1 664 333 36 42 -1 -1 -1 0 
8 1 663 333 37 43 -1 -1 -1 0 
9 1 663 333 38 44 -1 -1 -1 0 
10 1 664 334 37 43 -1 -1 -1 0 
10 2 595 328 38 48 -1 -1 -1 0 
11 1 664 333 36 45 -1 -1 -1 0 
11 2 596 328 37 48 -1 -1 -1 0 
12 1 663 333 38 45 -1 -1 -1 0 
12 2 597 327 37 49 -1 -1 -1 0 
13 1 664 333 37 45 -1 -1 -1 0 
13 2 596 327 39 49 -1 -1 -1 0 
14 1 664 333 36 45 -1 -1 -1 0 
14 2 597 326 38 49 -1 -1 -1 0 
15 1 664 333 37 45 -1 -1 -1 0 
15 2 598 325 37 50 -1 -1 -1 0 
16 1 664 333 37 44 -1 -1 -1 0 
16 2 600 326 35 48 -1 -1 -1 0 
17 1 665 334 35 43 -1 -1 -1 0 
17 2 601 326 34 47 -1 -1 -1 0 
18 1 665 334 35 44 -1 -1 -1 0 
18 2 601 326 34 47 -1 -1 -1 0 
19 1 665 334 35 44 -1 -1 -1 0 
19 2 601 329 34 44 -1 -1 -1 0 
20 1 665 333 34 45 -1 -1 -1 0 
20 2 602 329 33 44 -1 -1 -1 0 
21 1 665 333 34 46 -1 -1 -1 0 
22 1 665 333 34 46 -1 -1 -1 0 
23 1 665 332 34 48 -1 -1 -1 0 
24 1 665 332 34 48 -1 -1 -1 0 
25 1 665 332 34 49 -1 -1 -1 0 
26 1 665 334 33 47 -1 -1 -1 0 
27 1 664 334 34 45 -1 -1 -1 0 
28 1 664 334 34 44 -1 -1 -1 0 
29 1 664 334 34 44 -1 -1 -1 0 
30 1 663 333 35 44 -1 -1 -1 0 
30 2 607 333 29 39 -1 -1 -1 0 
31 1 663 333 34 44 -1 -1 -1 0 
31 2 608 334 27 38 -1 -1 -1 0 
32 1 663 333 35 44 -1 -1 -1 0 
32 2 608 335 27 37 -1 -1 -1 0 
33 1 663 333 35 44 -1 -1 -1 0 
33 2 608 335 27 37 -1 -1 -1 0 
34 1 663 334 34 42 -1 -1 -1 0 
34 2 607 334 28 38 -1 -1 -1 0 
35 1 663 333 33 43 -1 -1 -1 0 
35 2 607 334 28 39 -1 -1 -1 0 
36 1 662 333 35 43 -1 -1 -1 0 
36 2 607 334 29 38 -1 -1 -1 0 
37 1 662 334 35 42 -1 -1 -1 0 
37 2 607 333 28 39 -1 -1 -1 0 
38 1 662 334 34 41 -1 -1 -1 0 
38 2 606 333 29 37 -1 -1 -1 0 
39 1 662 335 34 40 -1 -1 -1 0 
39 2 607 333 28 37 -1 -1 -1 0 
40 1 662 335 33 39 -1 -1 -1 0 
40 2 607 333 28 37 -1 -1 -1 0 
