3 1 929 327 82 60 -1 -1 -1 0 
4 1 928 327 85 60 -1 -1 -1 0 
5 1 932 327 81 61 -1 -1 -1 0 
5 5 520 339 23 24 -1 -1 -1 0 
6 1 937 327 75 61 -1 -1 -1 0 
6 5 515 340 22 23 -1 -1 -1 0 
6 7 466 336 23 28 -1 -1 -1 0 
7 1 935 328 80 60 -1 -1 -1 0 
7 5 511 340 22 23 -1 -1 -1 0 
7 7 463 336 22 27 -1 -1 -1 0 
8 1 932 327 84 61 -1 -1 -1 0 
9 1 927 326 90 61 -1 -1 -1 0 
9 7 441 334 22 30 -1 -1 -1 0 
10 1 929 326 86 61 -1 -1 -1 0 
10 7 431 331 28 34 -1 -1 -1 0 
11 1 935 325 82 61 -1 -1 -1 0 
11 5 468 341 24 23 -1 -1 -1 0 
11 7 422 332 32 34 -1 -1 -1 0 
12 1 949 324 67 62 -1 -1 -1 0 
12 5 456 341 26 24 -1 -1 -1 0 
12 7 415 333 32 34 -1 -1 -1 0 
13 1 956 324 63 61 -1 -1 -1 0 
13 5 447 342 27 23 -1 -1 -1 0 
13 7 408 333 32 34 -1 -1 -1 0 
13 12 928 327 43 53 -1 -1 -1 0 
14 1 958 326 64 59 -1 -1 -1 0 
14 12 928 327 45 53 -1 -1 -1 0 
15 1 958 326 66 60 -1 -1 -1 0 
15 7 374 334 31 36 -1 -1 -1 0 
15 12 930 327 43 53 -1 -1 -1 0 
16 1 957 325 68 62 -1 -1 -1 0 
16 7 365 334 31 37 -1 -1 -1 0 
16 12 931 327 44 54 -1 -1 -1 0 
17 1 960 326 66 61 -1 -1 -1 0 
17 12 931 327 44 54 -1 -1 -1 0 
18 1 959 326 68 60 -1 -1 -1 0 
18 12 931 327 45 54 -1 -1 -1 0 
19 1 961 326 67 60 -1 -1 -1 0 
19 12 931 328 46 54 -1 -1 -1 0 
20 1 961 325 66 61 -1 -1 -1 0 
20 12 933 329 46 53 -1 -1 -1 0 
21 1 959 325 69 61 -1 -1 -1 0 
21 12 934 329 53 53 -1 -1 -1 0 
22 1 959 324 69 61 -1 -1 -1 0 
22 12 936 329 52 52 -1 -1 -1 0 
23 1 961 324 69 61 -1 -1 -1 0 
23 12 937 329 46 52 -1 -1 -1 0 
24 1 962 324 70 61 -1 -1 -1 0 
24 12 938 330 42 51 -1 -1 -1 0 
25 1 962 324 72 61 -1 -1 -1 0 
25 12 939 330 43 51 -1 -1 -1 0 
26 1 964 324 71 62 -1 -1 -1 0 
26 12 940 330 44 51 -1 -1 -1 0 
27 1 964 324 73 62 -1 -1 -1 0 
27 12 940 330 46 50 -1 -1 -1 0 
28 1 967 324 69 62 -1 -1 -1 0 
28 7 2 342 63 62 -1 -1 -1 0 
28 12 940 330 49 50 -1 -1 -1 0 
29 1 964 324 73 63 -1 -1 -1 0 
29 7 0 343 41 63 -1 -1 -1 0 
29 12 940 328 53 52 -1 -1 -1 0 
30 1 971 324 67 63 -1 -1 -1 0 
30 12 941 328 56 53 -1 -1 -1 0 
31 1 968 325 74 62 -1 -1 -1 0 
31 12 942 328 56 53 -1 -1 -1 0 
32 1 963 324 80 63 -1 -1 -1 0 
33 1 950 323 95 64 -1 -1 -1 0 
34 1 948 323 94 63 -1 -1 -1 0 
35 1 945 323 99 64 -1 -1 -1 0 
36 1 948 323 94 63 -1 -1 -1 0 
37 1 945 324 100 62 -1 -1 -1 0 
38 1 946 324 99 62 -1 -1 -1 0 
38 5 753 332 25 31 -1 -1 -1 0 
38 18 686 326 37 54 -1 -1 -1 0 
39 1 957 324 88 62 -1 -1 -1 0 
39 5 759 329 24 33 -1 -1 -1 0 
39 18 685 324 38 57 -1 -1 -1 0 
40 1 960 323 86 64 -1 -1 -1 0 
40 5 771 328 24 33 -1 -1 -1 0 
40 12 949 325 60 58 -1 -1 -1 0 
40 18 685 323 38 58 -1 -1 -1 0 
