3 1 136 333 232 131 -1 -1 -1 0 
4 1 153 333 220 129 -1 -1 -1 0 
5 1 155 337 230 123 -1 -1 -1 0 
16 5 0 339 371 315 -1 -1 -1 0 
17 5 0 345 382 304 -1 -1 -1 0 
18 5 0 355 386 292 -1 -1 -1 0 
19 5 1 359 385 290 -1 -1 -1 0 
20 5 0 363 400 283 -1 -1 -1 0 
21 5 1 358 397 280 -1 -1 -1 0 
22 5 3 345 402 289 -1 -1 -1 0 
23 5 4 335 410 290 -1 -1 -1 0 
24 5 0 331 436 286 -1 -1 -1 0 
25 5 1 323 437 288 -1 -1 -1 0 
26 5 4 322 430 284 -1 -1 -1 0 
27 5 0 315 449 281 -1 -1 -1 0 
28 5 0 312 458 271 -1 -1 -1 0 
29 5 0 319 469 257 -1 -1 -1 0 
30 5 16 323 444 254 -1 -1 -1 0 
31 5 34 332 432 233 -1 -1 -1 0 
32 5 65 323 394 237 -1 -1 -1 0 
33 5 84 316 378 235 -1 -1 -1 0 
34 5 103 313 359 230 -1 -1 -1 0 
35 5 124 304 339 234 -1 -1 -1 0 
36 5 136 304 335 227 -1 -1 -1 0 
37 5 157 292 314 235 -1 -1 -1 0 
38 5 170 285 309 240 -1 -1 -1 0 
39 5 177 298 313 219 -1 -1 -1 0 
39 13 744 331 37 41 -1 -1 -1 0 
40 5 196 299 289 214 -1 -1 -1 0 
40 13 744 331 37 42 -1 -1 -1 0 
