3 1 652 329 53 60 -1 -1 -1 0 
4 1 652 329 54 61 -1 -1 -1 0 
5 1 652 329 55 61 -1 -1 -1 0 
6 1 653 329 54 62 -1 -1 -1 0 
7 1 653 329 55 61 -1 -1 -1 0 
8 1 653 329 55 61 -1 -1 -1 0 
9 1 654 330 54 60 -1 -1 -1 0 
9 2 203 339 67 38 -1 -1 -1 0 
10 1 654 330 54 60 -1 -1 -1 0 
10 2 186 341 58 37 -1 -1 -1 0 
11 1 654 329 54 61 -1 -1 -1 0 
11 2 158 343 56 37 -1 -1 -1 0 
12 1 653 329 56 62 -1 -1 -1 0 
12 2 120 344 62 40 -1 -1 -1 0 
13 1 653 330 56 62 -1 -1 -1 0 
13 2 74 345 68 43 -1 -1 -1 0 
14 1 654 330 55 62 -1 -1 -1 0 
14 2 14 345 80 49 -1 -1 -1 0 
15 1 653 330 56 63 -1 -1 -1 0 
15 2 0 346 39 50 -1 -1 -1 0 
16 1 654 330 55 64 -1 -1 -1 0 
16 2 0 348 2 50 -1 -1 -1 0 
17 1 653 330 57 63 -1 -1 -1 0 
18 1 654 330 56 62 -1 -1 -1 0 
19 1 654 331 56 61 -1 -1 -1 0 
20 1 655 330 54 60 -1 -1 -1 0 
21 1 656 330 52 60 -1 -1 -1 0 
22 1 656 330 53 60 -1 -1 -1 0 
23 1 657 330 52 60 -1 -1 -1 0 
24 1 656 330 53 61 -1 -1 -1 0 
25 1 655 329 55 62 -1 -1 -1 0 
26 1 656 329 54 62 -1 -1 -1 0 
27 1 655 329 56 62 -1 -1 -1 0 
28 1 656 329 54 62 -1 -1 -1 0 
29 1 656 329 54 62 -1 -1 -1 0 
30 1 657 329 53 62 -1 -1 -1 0 
31 1 657 329 54 63 -1 -1 -1 0 
32 1 657 329 54 63 -1 -1 -1 0 
33 1 658 329 53 63 -1 -1 -1 0 
34 1 659 329 53 62 -1 -1 -1 0 
35 1 659 330 53 61 -1 -1 -1 0 
36 1 659 329 54 62 -1 -1 -1 0 
37 1 659 329 55 62 -1 -1 -1 0 
38 1 659 329 55 62 -1 -1 -1 0 
39 1 659 328 56 63 -1 -1 -1 0 
40 1 659 328 55 63 -1 -1 -1 0 
