9 3 145 391 163 145 -1 -1 -1 0 
11 3 164 380 161 157 -1 -1 -1 0 
12 3 187 368 147 167 -1 -1 -1 0 
13 3 204 358 140 169 -1 -1 -1 0 
13 4 661 330 42 46 -1 -1 -1 0 
14 3 215 360 143 156 -1 -1 -1 0 
14 4 662 330 42 46 -1 -1 -1 0 
15 3 234 362 126 154 -1 -1 -1 0 
15 4 663 330 41 46 -1 -1 -1 0 
16 3 249 352 119 164 -1 -1 -1 0 
16 4 663 329 43 47 -1 -1 -1 0 
17 3 252 355 125 156 -1 -1 -1 0 
17 4 663 329 45 47 -1 -1 -1 0 
18 3 266 348 115 163 -1 -1 -1 0 
18 4 664 328 43 48 -1 -1 -1 0 
19 3 276 342 113 167 -1 -1 -1 0 
19 4 664 328 43 48 -1 -1 -1 0 
20 3 287 337 107 167 -1 -1 -1 0 
20 4 664 328 43 48 -1 -1 -1 0 
21 3 297 344 106 159 -1 -1 -1 0 
21 4 665 328 41 48 -1 -1 -1 0 
22 3 305 344 103 158 -1 -1 -1 0 
22 4 666 328 41 48 -1 -1 -1 0 
23 3 314 350 100 149 -1 -1 -1 0 
24 3 320 350 101 145 -1 -1 -1 0 
25 3 336 342 88 153 -1 -1 -1 0 
26 3 342 345 86 149 -1 -1 -1 0 
27 3 351 342 82 150 -1 -1 -1 0 
28 3 359 334 80 155 -1 -1 -1 0 
29 3 366 338 82 151 -1 -1 -1 0 
30 3 372 336 83 153 -1 -1 -1 0 
31 3 377 338 82 147 -1 -1 -1 0 
32 3 383 346 76 133 -1 -1 -1 0 
33 3 389 350 72 123 -1 -1 -1 0 
34 3 398 341 68 135 -1 -1 -1 0 
35 3 402 339 70 137 -1 -1 -1 0 
36 3 406 342 73 134 -1 -1 -1 0 
37 3 413 340 70 134 -1 -1 -1 0 
38 3 417 345 70 127 -1 -1 -1 0 
39 3 420 349 70 117 -1 -1 -1 0 
40 3 429 348 60 116 -1 -1 -1 0 
