3 1 823 281 175 154 -1 -1 -1 0 
3 2 777 317 38 43 -1 -1 -1 0 
4 1 826 283 177 155 -1 -1 -1 0 
4 2 778 317 37 43 -1 -1 -1 0 
5 1 829 288 190 152 -1 -1 -1 0 
5 2 779 316 36 44 -1 -1 -1 0 
6 1 834 287 188 156 -1 -1 -1 0 
6 2 779 316 37 44 -1 -1 -1 0 
7 1 839 283 192 160 -1 -1 -1 0 
7 2 779 315 40 45 -1 -1 -1 0 
8 1 836 291 211 151 -1 -1 -1 0 
8 2 780 316 39 44 -1 -1 -1 0 
9 1 848 281 196 160 -1 -1 -1 0 
9 2 780 316 42 45 -1 -1 -1 0 
9 6 390 342 46 40 -1 -1 -1 0 
10 1 843 281 220 164 -1 -1 -1 0 
10 2 781 316 41 45 -1 -1 -1 0 
10 6 371 341 48 43 -1 -1 -1 0 
11 1 846 284 224 163 -1 -1 -1 0 
11 6 348 341 54 46 -1 -1 -1 0 
12 1 864 260 197 192 -1 -1 -1 0 
12 6 321 341 62 48 -1 -1 -1 0 
13 1 852 263 247 191 -1 -1 -1 0 
13 6 290 342 69 49 -1 -1 -1 0 
14 1 859 274 239 184 -1 -1 -1 0 
14 6 255 343 76 52 -1 -1 -1 0 
15 1 865 279 241 182 -1 -1 -1 0 
15 6 214 337 87 61 -1 -1 -1 0 
16 1 854 285 308 179 -1 -1 -1 0 
16 6 166 334 99 66 -1 -1 -1 0 
19 2 725 325 39 48 -1 -1 -1 0 
20 1 872 296 400 183 -1 -1 -1 0 
20 2 720 326 39 48 -1 -1 -1 0 
21 1 879 304 400 178 -1 -1 -1 0 
22 1 894 302 385 185 -1 -1 -1 0 
22 2 724 325 41 54 -1 -1 -1 0 
23 1 903 309 376 185 -1 -1 -1 0 
23 2 726 325 40 56 -1 -1 -1 0 
24 1 904 313 375 188 -1 -1 -1 0 
24 2 727 328 39 54 -1 -1 -1 0 
25 1 909 321 370 186 -1 -1 -1 0 
25 2 727 329 40 54 -1 -1 -1 0 
26 1 917 323 356 186 -1 -1 -1 0 
26 2 727 328 40 54 -1 -1 -1 0 
27 1 924 322 351 190 -1 -1 -1 0 
27 2 727 327 41 53 -1 -1 -1 0 
28 1 933 320 342 196 -1 -1 -1 0 
28 2 728 325 39 54 -1 -1 -1 0 
29 1 938 320 339 202 -1 -1 -1 0 
29 2 728 326 38 51 -1 -1 -1 0 
30 1 941 319 337 206 -1 -1 -1 0 
30 2 729 326 37 50 -1 -1 -1 0 
31 1 948 319 331 211 -1 -1 -1 0 
31 2 730 326 35 49 -1 -1 -1 0 
32 1 954 318 325 214 -1 -1 -1 0 
32 2 729 326 36 50 -1 -1 -1 0 
33 1 958 318 321 213 -1 -1 -1 0 
33 2 729 327 38 50 -1 -1 -1 0 
34 1 963 319 316 211 -1 -1 -1 0 
34 2 729 327 38 52 -1 -1 -1 0 
35 1 971 318 308 212 -1 -1 -1 0 
35 2 729 330 39 51 -1 -1 -1 0 
36 1 978 320 301 209 -1 -1 -1 0 
36 2 728 334 41 50 -1 -1 -1 0 
37 1 986 317 293 205 -1 -1 -1 0 
37 2 727 334 42 51 -1 -1 -1 0 
38 1 1003 314 273 215 -1 -1 -1 0 
39 1 1012 305 263 231 -1 -1 -1 0 
39 2 730 329 37 50 -1 -1 -1 0 
