3 1 782 327 85 76 -1 -1 -1 0 
3 2 682 330 35 43 -1 -1 -1 0 
3 3 0 343 98 132 -1 -1 -1 0 
3 4 560 328 31 38 -1 -1 -1 0 
4 1 784 328 84 76 -1 -1 -1 0 
4 2 683 331 34 43 -1 -1 -1 0 
4 3 0 347 104 125 -1 -1 -1 0 
4 4 561 328 31 40 -1 -1 -1 0 
5 1 786 329 83 75 -1 -1 -1 0 
5 2 683 331 34 43 -1 -1 -1 0 
5 3 2 334 109 138 -1 -1 -1 0 
5 4 608 327 26 39 -1 -1 -1 0 
6 1 787 329 84 75 -1 -1 -1 0 
6 2 684 330 33 45 -1 -1 -1 0 
6 3 0 340 126 128 -1 -1 -1 0 
6 4 580 327 32 40 -1 -1 -1 0 
7 1 787 329 87 77 -1 -1 -1 0 
7 2 684 330 34 45 -1 -1 -1 0 
7 3 0 348 134 116 -1 -1 -1 0 
7 4 569 326 33 41 -1 -1 -1 0 
8 1 788 329 88 78 -1 -1 -1 0 
8 2 683 329 35 47 -1 -1 -1 0 
8 3 0 353 141 111 -1 -1 -1 0 
8 4 566 327 33 41 -1 -1 -1 0 
8 8 624 328 27 37 -1 -1 -1 0 
9 1 788 328 90 79 -1 -1 -1 0 
9 2 683 329 35 47 -1 -1 -1 0 
9 3 0 359 147 101 -1 -1 -1 0 
9 4 564 327 34 40 -1 -1 -1 0 
9 8 625 328 27 37 -1 -1 -1 0 
10 1 790 328 89 79 -1 -1 -1 0 
10 2 683 329 36 47 -1 -1 -1 0 
10 3 1 358 155 102 -1 -1 -1 0 
10 4 565 326 33 41 -1 -1 -1 0 
11 1 791 329 90 79 -1 -1 -1 0 
11 2 684 328 35 48 -1 -1 -1 0 
11 3 2 357 160 102 -1 -1 -1 0 
12 1 793 329 88 79 -1 -1 -1 0 
12 2 683 328 36 47 -1 -1 -1 0 
12 3 1 358 169 101 -1 -1 -1 0 
13 1 793 330 90 78 -1 -1 -1 0 
13 2 683 328 36 47 -1 -1 -1 0 
13 3 1 359 177 101 -1 -1 -1 0 
13 4 569 328 31 38 -1 -1 -1 0 
14 1 795 328 88 79 -1 -1 -1 0 
14 2 682 329 37 45 -1 -1 -1 0 
14 3 1 354 187 104 -1 -1 -1 0 
14 4 569 328 32 37 -1 -1 -1 0 
15 1 793 330 94 78 -1 -1 -1 0 
15 2 683 329 36 45 -1 -1 -1 0 
15 3 1 355 196 104 -1 -1 -1 0 
15 4 570 326 31 41 -1 -1 -1 0 
16 1 795 330 93 78 -1 -1 -1 0 
16 2 682 330 37 44 -1 -1 -1 0 
16 3 5 354 196 106 -1 -1 -1 0 
16 4 569 324 33 43 -1 -1 -1 0 
17 1 795 330 94 80 -1 -1 -1 0 
17 2 683 330 35 44 -1 -1 -1 0 
17 3 2 353 209 106 -1 -1 -1 0 
17 4 569 323 34 44 -1 -1 -1 0 
18 1 796 330 95 80 -1 -1 -1 0 
18 2 682 330 36 44 -1 -1 -1 0 
18 3 4 351 214 108 -1 -1 -1 0 
18 4 568 322 36 45 -1 -1 -1 0 
19 1 797 331 96 80 -1 -1 -1 0 
19 2 682 330 36 44 -1 -1 -1 0 
19 3 3 353 224 106 -1 -1 -1 0 
19 4 567 322 36 46 -1 -1 -1 0 
19 8 626 326 26 37 -1 -1 -1 0 
20 1 798 331 96 80 -1 -1 -1 0 
20 2 681 330 37 44 -1 -1 -1 0 
20 3 6 353 228 105 -1 -1 -1 0 
20 4 567 323 36 45 -1 -1 -1 0 
20 8 626 325 26 37 -1 -1 -1 0 
21 1 799 331 97 80 -1 -1 -1 0 
21 2 682 330 35 44 -1 -1 -1 0 
21 3 9 354 231 101 -1 -1 -1 0 
21 4 567 324 35 42 -1 -1 -1 0 
22 1 799 331 99 82 -1 -1 -1 0 
22 2 682 331 35 42 -1 -1 -1 0 
22 3 50 353 185 98 -1 -1 -1 0 
22 4 567 324 35 42 -1 -1 -1 0 
23 1 801 332 98 81 -1 -1 -1 0 
23 2 681 331 36 42 -1 -1 -1 0 
23 3 62 349 180 101 -1 -1 -1 0 
23 4 570 324 31 42 -1 -1 -1 0 
23 8 626 324 25 37 -1 -1 -1 0 
24 1 803 332 97 81 -1 -1 -1 0 
24 2 681 331 35 42 -1 -1 -1 0 
24 3 58 353 196 97 -1 -1 -1 0 
24 4 570 325 32 41 -1 -1 -1 0 
24 8 625 324 26 36 -1 -1 -1 0 
25 1 807 330 95 82 -1 -1 -1 0 
25 2 681 329 36 44 -1 -1 -1 0 
25 3 58 357 208 89 -1 -1 -1 0 
25 4 571 324 31 42 -1 -1 -1 0 
25 8 626 322 24 37 -1 -1 -1 0 
26 1 809 330 97 83 -1 -1 -1 0 
26 2 681 330 36 43 -1 -1 -1 0 
26 3 90 356 171 86 -1 -1 -1 0 
26 4 570 324 33 41 -1 -1 -1 0 
26 8 625 323 26 36 -1 -1 -1 0 
27 1 808 331 98 83 -1 -1 -1 0 
27 2 680 330 37 43 -1 -1 -1 0 
27 3 98 352 167 91 -1 -1 -1 0 
27 4 571 323 31 42 -1 -1 -1 0 
27 8 626 323 24 36 -1 -1 -1 0 
28 1 808 331 100 85 -1 -1 -1 0 
28 2 680 330 37 43 -1 -1 -1 0 
28 3 105 351 167 94 -1 -1 -1 0 
28 4 572 323 31 41 -1 -1 -1 0 
28 8 626 322 24 37 -1 -1 -1 0 
29 1 808 331 103 85 -1 -1 -1 0 
29 2 680 330 36 43 -1 -1 -1 0 
29 3 124 351 152 90 -1 -1 -1 0 
29 4 572 323 32 41 -1 -1 -1 0 
29 8 626 321 24 37 -1 -1 -1 0 
30 1 808 329 105 87 -1 -1 -1 0 
30 2 680 330 35 42 -1 -1 -1 0 
30 3 119 350 168 90 -1 -1 -1 0 
30 4 573 323 31 41 -1 -1 -1 0 
30 8 625 321 25 37 -1 -1 -1 0 
31 1 808 329 107 87 -1 -1 -1 0 
31 2 680 330 36 42 -1 -1 -1 0 
31 3 119 350 174 89 -1 -1 -1 0 
31 4 573 323 31 40 -1 -1 -1 0 
31 8 625 320 26 37 -1 -1 -1 0 
32 1 808 329 109 88 -1 -1 -1 0 
32 2 679 330 37 42 -1 -1 -1 0 
32 3 131 349 165 91 -1 -1 -1 0 
32 4 572 323 33 40 -1 -1 -1 0 
32 8 625 320 26 37 -1 -1 -1 0 
33 1 808 329 112 88 -1 -1 -1 0 
33 2 680 330 35 42 -1 -1 -1 0 
33 3 153 348 143 86 -1 -1 -1 0 
33 4 572 323 33 40 -1 -1 -1 0 
33 8 626 320 25 37 -1 -1 -1 0 
34 1 809 329 113 88 -1 -1 -1 0 
34 2 680 330 35 42 -1 -1 -1 0 
34 3 161 347 144 86 -1 -1 -1 0 
34 4 574 322 31 40 -1 -1 -1 0 
34 8 625 320 26 37 -1 -1 -1 0 
35 1 809 327 118 91 -1 -1 -1 0 
35 2 680 330 35 41 -1 -1 -1 0 
35 3 162 343 152 91 -1 -1 -1 0 
35 4 575 321 30 41 -1 -1 -1 0 
35 8 625 319 26 38 -1 -1 -1 0 
36 1 811 327 118 90 -1 -1 -1 0 
36 2 680 329 35 42 -1 -1 -1 0 
36 3 124 342 210 96 -1 -1 -1 0 
36 4 575 321 31 40 -1 -1 -1 0 
36 8 624 318 27 38 -1 -1 -1 0 
37 1 811 328 119 90 -1 -1 -1 0 
37 2 680 329 34 42 -1 -1 -1 0 
37 3 159 343 167 92 -1 -1 -1 0 
37 4 575 318 32 42 -1 -1 -1 0 
37 8 625 319 26 36 -1 -1 -1 0 
38 1 812 327 119 91 -1 -1 -1 0 
38 2 680 328 34 43 -1 -1 -1 0 
38 3 176 342 151 92 -1 -1 -1 0 
38 4 576 316 33 43 -1 -1 -1 0 
38 8 625 319 27 35 -1 -1 -1 0 
39 1 811 325 125 94 -1 -1 -1 0 
39 2 679 328 35 43 -1 -1 -1 0 
39 3 194 343 132 89 -1 -1 -1 0 
39 4 577 318 33 41 -1 -1 -1 0 
40 1 813 325 125 96 -1 -1 -1 0 
40 2 680 328 35 43 -1 -1 -1 0 
40 3 205 344 128 87 -1 -1 -1 0 
40 4 577 317 33 42 -1 -1 -1 0 
