3 1 655 327 34 45 -1 -1 -1 0 
3 4 369 353 26 34 -1 -1 -1 0 
4 1 654 328 36 44 -1 -1 -1 0 
4 4 357 353 30 35 -1 -1 -1 0 
5 1 655 328 35 46 -1 -1 -1 0 
5 4 342 354 34 35 -1 -1 -1 0 
6 1 654 329 36 46 -1 -1 -1 0 
6 4 327 355 34 36 -1 -1 -1 0 
7 1 655 328 35 47 -1 -1 -1 0 
7 4 312 356 37 36 -1 -1 -1 0 
8 1 654 327 37 48 -1 -1 -1 0 
8 4 294 357 46 37 -1 -1 -1 0 
9 1 654 327 37 48 -1 -1 -1 0 
9 4 278 357 47 39 -1 -1 -1 0 
10 1 654 326 38 48 -1 -1 -1 0 
10 4 259 358 50 40 -1 -1 -1 0 
11 1 653 326 39 48 -1 -1 -1 0 
11 4 239 359 52 40 -1 -1 -1 0 
12 1 654 326 38 48 -1 -1 -1 0 
12 4 213 360 59 42 -1 -1 -1 0 
13 1 653 325 38 49 -1 -1 -1 0 
13 4 189 362 61 44 -1 -1 -1 0 
14 1 653 325 38 50 -1 -1 -1 0 
14 4 161 365 65 44 -1 -1 -1 0 
15 1 652 325 40 50 -1 -1 -1 0 
15 4 141 370 54 42 -1 -1 -1 0 
16 1 652 325 40 50 -1 -1 -1 0 
16 4 99 372 63 45 -1 -1 -1 0 
17 1 652 325 40 50 -1 -1 -1 0 
17 4 50 376 73 47 -1 -1 -1 0 
18 1 652 325 40 50 -1 -1 -1 0 
18 4 5 379 70 49 -1 -1 -1 0 
19 1 653 325 38 49 -1 -1 -1 0 
19 4 0 381 42 51 -1 -1 -1 0 
20 1 653 324 38 50 -1 -1 -1 0 
21 1 652 325 40 49 -1 -1 -1 0 
22 1 652 326 40 48 -1 -1 -1 0 
23 1 652 326 40 49 -1 -1 -1 0 
24 1 652 326 40 50 -1 -1 -1 0 
25 1 651 327 41 49 -1 -1 -1 0 
26 1 653 327 38 48 -1 -1 -1 0 
27 1 653 326 38 49 -1 -1 -1 0 
28 1 652 324 38 50 -1 -1 -1 0 
29 1 651 324 39 48 -1 -1 -1 0 
30 1 651 323 39 49 -1 -1 -1 0 
31 1 651 324 39 48 -1 -1 -1 0 
32 1 652 324 38 49 -1 -1 -1 0 
33 1 652 324 38 50 -1 -1 -1 0 
34 1 650 325 42 49 -1 -1 -1 0 
35 1 651 325 39 49 -1 -1 -1 0 
36 1 650 325 41 50 -1 -1 -1 0 
37 1 651 326 39 49 -1 -1 -1 0 
38 1 650 325 42 51 -1 -1 -1 0 
39 1 650 325 43 51 -1 -1 -1 0 
40 1 650 325 43 51 -1 -1 -1 0 
