3 1 137 323 272 140 -1 -1 -1 0 
3 2 583 321 61 70 -1 -1 -1 0 
3 3 1019 329 67 50 -1 -1 -1 0 
3 4 676 337 26 33 -1 -1 -1 0 
4 1 150 324 262 137 -1 -1 -1 0 
4 2 584 321 59 70 -1 -1 -1 0 
4 3 1023 332 65 47 -1 -1 -1 0 
4 4 677 338 24 32 -1 -1 -1 0 
5 1 159 324 259 136 -1 -1 -1 0 
5 2 584 322 60 68 -1 -1 -1 0 
5 3 1024 331 68 47 -1 -1 -1 0 
5 4 676 338 25 32 -1 -1 -1 0 
6 1 172 324 250 132 -1 -1 -1 0 
6 2 585 323 59 67 -1 -1 -1 0 
6 3 1033 329 60 51 -1 -1 -1 0 
6 4 676 338 24 32 -1 -1 -1 0 
7 1 190 327 236 127 -1 -1 -1 0 
7 2 587 323 56 67 -1 -1 -1 0 
7 3 1037 328 61 54 -1 -1 -1 0 
7 4 676 337 25 33 -1 -1 -1 0 
8 1 193 323 237 128 -1 -1 -1 0 
8 2 587 323 57 67 -1 -1 -1 0 
8 3 1038 326 68 56 -1 -1 -1 0 
8 4 675 337 26 33 -1 -1 -1 0 
9 1 203 325 232 123 -1 -1 -1 0 
9 2 589 322 55 68 -1 -1 -1 0 
9 3 1048 328 61 55 -1 -1 -1 0 
9 4 676 337 25 33 -1 -1 -1 0 
10 1 222 328 213 118 -1 -1 -1 0 
10 2 589 322 55 67 -1 -1 -1 0 
10 3 1044 330 71 55 -1 -1 -1 0 
10 4 676 337 25 33 -1 -1 -1 0 
11 1 228 331 214 114 -1 -1 -1 0 
11 2 590 322 54 67 -1 -1 -1 0 
11 3 1047 330 72 56 -1 -1 -1 0 
11 4 675 337 26 33 -1 -1 -1 0 
12 1 231 329 207 114 -1 -1 -1 0 
12 2 590 321 54 68 -1 -1 -1 0 
12 4 676 336 25 34 -1 -1 -1 0 
12 5 569 330 25 37 -1 -1 -1 0 
13 1 243 328 200 115 -1 -1 -1 0 
13 2 590 323 54 66 -1 -1 -1 0 
13 4 675 337 26 33 -1 -1 -1 0 
13 5 570 330 25 38 -1 -1 -1 0 
14 1 250 330 201 111 -1 -1 -1 0 
14 2 588 323 57 67 -1 -1 -1 0 
14 4 675 337 26 33 -1 -1 -1 0 
15 1 261 332 193 105 -1 -1 -1 0 
15 2 589 322 56 68 -1 -1 -1 0 
15 4 676 337 24 33 -1 -1 -1 0 
16 1 269 332 186 104 -1 -1 -1 0 
16 2 589 322 56 68 -1 -1 -1 0 
16 4 675 338 25 33 -1 -1 -1 0 
17 1 278 331 176 105 -1 -1 -1 0 
17 2 589 322 57 68 -1 -1 -1 0 
17 4 676 338 23 33 -1 -1 -1 0 
18 1 278 331 183 105 -1 -1 -1 0 
18 2 589 322 57 68 -1 -1 -1 0 
18 4 675 337 25 34 -1 -1 -1 0 
19 1 289 331 170 104 -1 -1 -1 0 
19 2 590 321 56 68 -1 -1 -1 0 
19 4 674 336 27 35 -1 -1 -1 0 
20 1 300 332 161 102 -1 -1 -1 0 
20 2 590 320 56 69 -1 -1 -1 0 
20 4 675 335 25 36 -1 -1 -1 0 
21 1 301 332 165 98 -1 -1 -1 0 
21 2 591 320 55 68 -1 -1 -1 0 
21 4 674 335 27 35 -1 -1 -1 0 
22 1 318 331 148 97 -1 -1 -1 0 
22 2 591 319 55 69 -1 -1 -1 0 
22 4 674 335 27 35 -1 -1 -1 0 
23 1 323 331 147 96 -1 -1 -1 0 
23 2 591 319 55 69 -1 -1 -1 0 
23 4 674 335 26 36 -1 -1 -1 0 
24 1 327 331 148 96 -1 -1 -1 0 
24 2 591 321 55 68 -1 -1 -1 0 
24 4 673 336 28 35 -1 -1 -1 0 
25 1 330 331 140 95 -1 -1 -1 0 
25 2 591 321 55 68 -1 -1 -1 0 
25 4 674 336 26 35 -1 -1 -1 0 
26 1 333 331 141 93 -1 -1 -1 0 
26 2 591 321 56 67 -1 -1 -1 0 
26 4 673 336 27 35 -1 -1 -1 0 
27 1 335 331 146 92 -1 -1 -1 0 
27 2 592 321 55 66 -1 -1 -1 0 
27 4 673 336 27 35 -1 -1 -1 0 
28 1 340 331 144 92 -1 -1 -1 0 
28 2 593 321 53 66 -1 -1 -1 0 
28 4 674 336 25 35 -1 -1 -1 0 
29 1 348 332 138 90 -1 -1 -1 0 
29 2 593 321 54 66 -1 -1 -1 0 
29 4 673 336 26 35 -1 -1 -1 0 
30 1 352 332 133 88 -1 -1 -1 0 
30 2 593 321 53 65 -1 -1 -1 0 
30 4 673 337 26 35 -1 -1 -1 0 
31 1 358 332 126 87 -1 -1 -1 0 
31 2 593 321 53 65 -1 -1 -1 0 
31 4 673 337 26 34 -1 -1 -1 0 
31 5 718 331 26 41 -1 -1 -1 0 
32 1 360 332 128 84 -1 -1 -1 0 
32 2 593 321 52 64 -1 -1 -1 0 
32 4 673 337 26 34 -1 -1 -1 0 
32 5 726 332 26 40 -1 -1 -1 0 
33 1 365 331 123 84 -1 -1 -1 0 
33 2 594 320 51 64 -1 -1 -1 0 
33 4 673 336 25 35 -1 -1 -1 0 
34 1 368 329 121 86 -1 -1 -1 0 
34 2 594 320 52 64 -1 -1 -1 0 
34 4 672 336 27 35 -1 -1 -1 0 
34 5 722 332 27 40 -1 -1 -1 0 
35 1 368 329 126 86 -1 -1 -1 0 
35 2 594 320 52 63 -1 -1 -1 0 
35 4 673 335 25 35 -1 -1 -1 0 
35 5 721 332 27 38 -1 -1 -1 0 
36 1 371 327 124 88 -1 -1 -1 0 
36 2 594 320 52 63 -1 -1 -1 0 
36 4 672 335 27 35 -1 -1 -1 0 
36 5 721 332 27 38 -1 -1 -1 0 
37 1 375 327 125 85 -1 -1 -1 0 
37 2 595 320 51 62 -1 -1 -1 0 
37 4 673 335 25 35 -1 -1 -1 0 
37 5 720 332 28 38 -1 -1 -1 0 
38 1 378 329 127 82 -1 -1 -1 0 
38 2 595 321 51 61 -1 -1 -1 0 
38 4 672 335 26 35 -1 -1 -1 0 
38 5 721 332 28 38 -1 -1 -1 0 
39 1 383 329 123 82 -1 -1 -1 0 
39 2 596 321 50 63 -1 -1 -1 0 
39 4 672 336 27 34 -1 -1 -1 0 
39 5 721 332 27 38 -1 -1 -1 0 
40 1 389 329 114 81 -1 -1 -1 0 
40 2 596 320 50 64 -1 -1 -1 0 
40 4 672 336 27 35 -1 -1 -1 0 
40 5 721 331 27 39 -1 -1 -1 0 
