8 4 451 334 21 27 -1 -1 -1 0 
9 4 447 336 19 25 -1 -1 -1 0 
10 4 441 336 21 27 -1 -1 -1 0 
11 4 435 336 22 27 -1 -1 -1 0 
11 6 308 336 53 35 -1 -1 -1 0 
11 8 560 326 59 64 -1 -1 -1 0 
12 4 431 336 22 27 -1 -1 -1 0 
12 6 283 332 56 41 -1 -1 -1 0 
12 8 562 323 56 67 -1 -1 -1 0 
13 4 419 337 26 26 -1 -1 -1 0 
13 6 255 330 71 44 -1 -1 -1 0 
13 8 561 323 58 67 -1 -1 -1 0 
14 4 414 338 26 25 -1 -1 -1 0 
14 6 226 330 80 45 -1 -1 -1 0 
14 8 561 323 58 67 -1 -1 -1 0 
15 6 205 329 84 46 -1 -1 -1 0 
15 8 562 322 57 68 -1 -1 -1 0 
16 8 562 322 58 68 -1 -1 -1 0 
17 8 563 322 56 68 -1 -1 -1 0 
18 6 14 334 99 61 -1 -1 -1 0 
18 8 564 322 55 67 -1 -1 -1 0 
19 6 0 334 76 64 -1 -1 -1 0 
19 8 564 321 55 68 -1 -1 -1 0 
20 8 565 319 53 70 -1 -1 -1 0 
21 4 360 334 33 29 -1 -1 -1 0 
21 8 564 320 55 68 -1 -1 -1 0 
22 4 352 334 31 30 -1 -1 -1 0 
22 8 564 322 55 66 -1 -1 -1 0 
23 4 343 333 33 32 -1 -1 -1 0 
23 8 565 321 54 67 -1 -1 -1 0 
24 4 335 333 32 33 -1 -1 -1 0 
24 8 565 321 54 67 -1 -1 -1 0 
25 4 322 331 38 35 -1 -1 -1 0 
25 8 566 319 52 69 -1 -1 -1 0 
26 4 308 331 43 36 -1 -1 -1 0 
26 8 566 318 53 69 -1 -1 -1 0 
27 4 293 331 47 37 -1 -1 -1 0 
27 8 565 318 54 69 -1 -1 -1 0 
28 4 278 331 51 37 -1 -1 -1 0 
28 8 566 320 54 66 -1 -1 -1 0 
28 13 408 336 26 28 -1 -1 -1 0 
29 4 261 331 52 37 -1 -1 -1 0 
29 8 566 322 54 63 -1 -1 -1 0 
29 13 397 335 31 30 -1 -1 -1 0 
30 4 243 331 55 37 -1 -1 -1 0 
30 8 566 322 54 62 -1 -1 -1 0 
30 13 437 330 20 28 -1 -1 -1 0 
31 4 223 330 59 39 -1 -1 -1 0 
31 8 566 323 54 61 -1 -1 -1 0 
31 13 443 328 20 29 -1 -1 -1 0 
32 4 199 329 68 40 -1 -1 -1 0 
32 8 566 323 55 61 -1 -1 -1 0 
33 4 178 330 67 41 -1 -1 -1 0 
33 8 566 324 55 61 -1 -1 -1 0 
34 4 151 328 68 46 -1 -1 -1 0 
34 8 567 324 54 61 -1 -1 -1 0 
35 4 118 330 76 47 -1 -1 -1 0 
35 8 567 324 55 60 -1 -1 -1 0 
36 4 82 330 80 49 -1 -1 -1 0 
36 8 566 325 56 58 -1 -1 -1 0 
36 13 437 329 19 27 -1 -1 -1 0 
37 4 36 329 89 54 -1 -1 -1 0 
37 8 568 325 52 58 -1 -1 -1 0 
37 13 432 331 20 27 -1 -1 -1 0 
38 4 7 329 94 55 -1 -1 -1 0 
38 8 568 325 53 58 -1 -1 -1 0 
38 13 427 330 22 28 -1 -1 -1 0 
39 8 568 325 53 59 -1 -1 -1 0 
39 13 422 332 22 28 -1 -1 -1 0 
39 16 201 340 63 40 -1 -1 -1 0 
40 8 569 326 51 58 -1 -1 -1 0 
40 13 416 332 24 29 -1 -1 -1 0 
40 16 159 341 69 43 -1 -1 -1 0 
40 17 255 336 56 40 -1 -1 -1 0 
