3 1 786 322 135 105 -1 -1 -1 0 
3 2 0 341 489 285 -1 -1 -1 0 
4 1 782 322 136 104 -1 -1 -1 0 
4 2 2 343 468 273 -1 -1 -1 0 
5 1 781 322 134 104 -1 -1 -1 0 
5 2 1 345 464 262 -1 -1 -1 0 
6 1 779 321 130 105 -1 -1 -1 0 
6 2 1 339 468 259 -1 -1 -1 0 
7 1 777 322 130 104 -1 -1 -1 0 
7 2 18 338 449 245 -1 -1 -1 0 
8 1 775 323 131 102 -1 -1 -1 0 
8 2 38 343 430 226 -1 -1 -1 0 
9 1 775 326 129 98 -1 -1 -1 0 
9 2 67 348 400 214 -1 -1 -1 0 
10 1 775 327 127 96 -1 -1 -1 0 
10 2 90 346 384 209 -1 -1 -1 0 
11 1 775 328 124 94 -1 -1 -1 0 
11 2 114 346 364 204 -1 -1 -1 0 
12 1 774 326 122 96 -1 -1 -1 0 
12 2 134 347 347 194 -1 -1 -1 0 
13 1 771 327 124 95 -1 -1 -1 0 
13 2 149 347 341 184 -1 -1 -1 0 
14 1 769 327 122 94 -1 -1 -1 0 
14 2 169 348 320 177 -1 -1 -1 0 
15 1 767 327 122 94 -1 -1 -1 0 
15 2 181 349 316 170 -1 -1 -1 0 
16 1 765 328 121 94 -1 -1 -1 0 
16 2 198 349 300 166 -1 -1 -1 0 
17 1 764 328 119 93 -1 -1 -1 0 
17 2 212 347 289 166 -1 -1 -1 0 
18 1 764 328 116 92 -1 -1 -1 0 
18 2 224 343 278 165 -1 -1 -1 0 
19 1 762 328 114 92 -1 -1 -1 0 
19 2 233 347 274 157 -1 -1 -1 0 
20 1 760 328 113 91 -1 -1 -1 0 
20 2 249 345 257 157 -1 -1 -1 0 
21 1 757 327 113 91 -1 -1 -1 0 
21 2 259 343 252 154 -1 -1 -1 0 
21 11 86 360 78 46 -1 -1 -1 0 
22 1 754 327 115 91 -1 -1 -1 0 
22 2 268 343 246 151 -1 -1 -1 0 
22 11 19 362 92 51 -1 -1 -1 0 
23 1 752 329 114 88 -1 -1 -1 0 
23 2 277 344 244 149 -1 -1 -1 0 
23 11 0 365 38 52 -1 -1 -1 0 
24 1 751 329 113 88 -1 -1 -1 0 
24 2 287 343 237 144 -1 -1 -1 0 
24 11 0 366 -5 54 -1 -1 -1 0 
25 1 750 328 110 89 -1 -1 -1 0 
25 2 299 341 226 144 -1 -1 -1 0 
26 1 748 328 109 89 -1 -1 -1 0 
26 2 306 340 223 142 -1 -1 -1 0 
27 1 748 328 107 88 -1 -1 -1 0 
27 2 315 340 219 140 -1 -1 -1 0 
28 1 747 327 106 90 -1 -1 -1 0 
28 2 324 339 210 139 -1 -1 -1 0 
29 1 746 327 106 89 -1 -1 -1 0 
29 2 329 341 207 135 -1 -1 -1 0 
30 1 744 327 106 88 -1 -1 -1 0 
30 2 338 338 199 134 -1 -1 -1 0 
31 1 742 327 104 88 -1 -1 -1 0 
31 2 345 337 196 129 -1 -1 -1 0 
32 1 740 326 102 90 -1 -1 -1 0 
32 2 351 338 194 124 -1 -1 -1 0 
33 1 738 325 102 92 -1 -1 -1 0 
33 2 360 336 183 125 -1 -1 -1 0 
33 19 245 333 107 63 -1 -1 -1 0 
34 1 737 325 102 94 -1 -1 -1 0 
34 2 365 337 180 122 -1 -1 -1 0 
34 19 225 330 123 72 -1 -1 -1 0 
35 1 733 326 103 91 -1 -1 -1 0 
35 2 373 338 172 119 -1 -1 -1 0 
35 19 151 329 163 82 -1 -1 -1 0 
36 1 732 328 100 88 -1 -1 -1 0 
36 2 376 341 170 114 -1 -1 -1 0 
36 19 119 327 176 88 -1 -1 -1 0 
37 1 730 328 97 86 -1 -1 -1 0 
37 2 382 342 171 112 -1 -1 -1 0 
37 19 39 338 135 84 -1 -1 -1 0 
38 1 728 328 95 86 -1 -1 -1 0 
38 2 388 342 168 110 -1 -1 -1 0 
38 19 0 339 133 87 -1 -1 -1 0 
38 22 0 345 72 91 -1 -1 -1 0 
39 1 726 327 94 86 -1 -1 -1 0 
39 2 394 342 164 108 -1 -1 -1 0 
39 22 3 349 73 88 -1 -1 -1 0 
39 23 803 324 44 49 -1 -1 -1 0 
40 1 723 324 94 90 -1 -1 -1 0 
40 2 401 342 159 107 -1 -1 -1 0 
40 23 802 323 44 50 -1 -1 -1 0 
