3 1 805 321 122 97 -1 -1 -1 0 
3 2 406 334 46 35 -1 -1 -1 0 
3 3 346 331 53 35 -1 -1 -1 0 
3 4 464 331 38 36 -1 -1 -1 0 
4 1 805 320 124 99 -1 -1 -1 0 
4 2 388 334 48 36 -1 -1 -1 0 
4 3 325 328 54 40 -1 -1 -1 0 
4 4 449 330 41 38 -1 -1 -1 0 
5 1 805 320 126 100 -1 -1 -1 0 
5 2 364 334 53 38 -1 -1 -1 0 
5 3 298 331 63 39 -1 -1 -1 0 
5 4 425 329 55 40 -1 -1 -1 0 
6 1 807 320 123 100 -1 -1 -1 0 
6 2 337 336 62 37 -1 -1 -1 0 
6 3 272 332 65 41 -1 -1 -1 0 
6 4 402 330 59 40 -1 -1 -1 0 
7 1 808 320 121 100 -1 -1 -1 0 
7 2 309 337 68 41 -1 -1 -1 0 
7 3 247 335 61 40 -1 -1 -1 0 
7 4 380 331 54 42 -1 -1 -1 0 
8 1 809 320 122 100 -1 -1 -1 0 
8 2 273 338 63 44 -1 -1 -1 0 
8 3 197 335 77 44 -1 -1 -1 0 
8 4 349 331 71 46 -1 -1 -1 0 
9 1 810 320 122 101 -1 -1 -1 0 
9 2 245 339 67 46 -1 -1 -1 0 
9 3 145 335 73 48 -1 -1 -1 0 
9 4 317 332 77 48 -1 -1 -1 0 
10 1 809 320 126 102 -1 -1 -1 0 
10 2 195 342 79 50 -1 -1 -1 0 
10 3 76 338 87 52 -1 -1 -1 0 
10 4 277 335 66 51 -1 -1 -1 0 
10 7 395 339 40 28 -1 -1 -1 0 
11 1 808 320 129 103 -1 -1 -1 0 
11 2 165 344 83 51 -1 -1 -1 0 
11 3 35 339 91 53 -1 -1 -1 0 
11 4 252 336 68 52 -1 -1 -1 0 
11 7 383 338 40 32 -1 -1 -1 0 
11 8 526 330 32 33 -1 -1 -1 0 
11 9 498 331 28 32 -1 -1 -1 0 
12 1 808 320 130 103 -1 -1 -1 0 
12 4 240 332 78 52 -1 -1 -1 0 
12 7 367 338 43 34 -1 -1 -1 0 
12 8 519 331 33 35 -1 -1 -1 0 
12 9 490 332 29 34 -1 -1 -1 0 
13 1 808 319 131 104 -1 -1 -1 0 
13 4 198 329 90 57 -1 -1 -1 0 
13 7 352 334 47 40 -1 -1 -1 0 
13 8 509 329 37 37 -1 -1 -1 0 
13 9 534 330 28 31 -1 -1 -1 0 
14 1 808 319 135 105 -1 -1 -1 0 
14 3 1 358 32 70 -1 -1 -1 0 
14 4 145 329 109 62 -1 -1 -1 0 
14 7 340 334 49 41 -1 -1 -1 0 
14 8 500 330 39 38 -1 -1 -1 0 
14 9 491 331 31 37 -1 -1 -1 0 
15 1 809 320 137 104 -1 -1 -1 0 
15 3 0 361 3 72 -1 -1 -1 0 
15 4 71 332 139 66 -1 -1 -1 0 
15 8 490 329 40 40 -1 -1 -1 0 
15 9 464 332 36 39 -1 -1 -1 0 
16 1 809 320 137 102 -1 -1 -1 0 
16 4 11 329 131 75 -1 -1 -1 0 
16 7 285 336 62 42 -1 -1 -1 0 
16 8 477 330 42 41 -1 -1 -1 0 
16 9 448 332 35 41 -1 -1 -1 0 
17 1 809 320 140 102 -1 -1 -1 0 
17 4 1 328 58 83 -1 -1 -1 0 
17 7 258 338 70 40 -1 -1 -1 0 
17 8 464 330 41 42 -1 -1 -1 0 
17 9 432 333 35 40 -1 -1 -1 0 
18 1 810 318 140 104 -1 -1 -1 0 
18 4 0 328 14 86 -1 -1 -1 0 
18 7 233 338 70 42 -1 -1 -1 0 
18 8 445 331 49 42 -1 -1 -1 0 
18 9 415 333 36 42 -1 -1 -1 0 
19 1 810 318 142 104 -1 -1 -1 0 
19 7 200 338 74 46 -1 -1 -1 0 
19 8 428 331 51 43 -1 -1 -1 0 
19 9 461 331 32 38 -1 -1 -1 0 
19 13 570 329 21 30 -1 -1 -1 0 
20 1 811 318 142 104 -1 -1 -1 0 
20 7 155 342 87 46 -1 -1 -1 0 
20 8 394 333 70 45 -1 -1 -1 0 
20 9 459 331 32 39 -1 -1 -1 0 
20 13 568 329 21 30 -1 -1 -1 0 
21 1 811 318 143 103 -1 -1 -1 0 
21 7 106 344 97 52 -1 -1 -1 0 
21 8 361 332 80 49 -1 -1 -1 0 
21 9 515 330 31 33 -1 -1 -1 0 
21 13 564 330 21 29 -1 -1 -1 0 
22 1 812 319 143 103 -1 -1 -1 0 
22 7 51 345 104 55 -1 -1 -1 0 
22 8 331 334 82 51 -1 -1 -1 0 
22 9 487 329 43 38 -1 -1 -1 0 
22 13 557 329 27 31 -1 -1 -1 0 
23 1 812 319 142 103 -1 -1 -1 0 
23 7 4 350 86 55 -1 -1 -1 0 
23 8 289 336 97 53 -1 -1 -1 0 
23 9 465 330 53 40 -1 -1 -1 0 
23 13 523 329 39 33 -1 -1 -1 0 
24 1 812 320 142 102 -1 -1 -1 0 
24 7 0 352 51 56 -1 -1 -1 0 
24 8 226 339 130 55 -1 -1 -1 0 
24 9 497 330 40 35 -1 -1 -1 0 
24 13 539 331 27 30 -1 -1 -1 0 
25 1 812 320 143 101 -1 -1 -1 0 
25 8 158 340 149 66 -1 -1 -1 0 
25 9 504 332 36 31 -1 -1 -1 0 
25 13 540 331 23 31 -1 -1 -1 0 
26 1 811 318 143 101 -1 -1 -1 0 
26 8 95 340 134 76 -1 -1 -1 0 
26 9 502 332 35 31 -1 -1 -1 0 
26 13 535 332 25 30 -1 -1 -1 0 
26 16 411 337 58 40 -1 -1 -1 0 
27 1 811 318 146 102 -1 -1 -1 0 
27 8 88 343 98 71 -1 -1 -1 0 
27 9 499 333 31 32 -1 -1 -1 0 
27 13 530 332 26 30 -1 -1 -1 0 
27 16 384 338 67 42 -1 -1 -1 0 
28 1 812 318 146 103 -1 -1 -1 0 
28 8 50 345 102 72 -1 -1 -1 0 
28 9 500 333 32 32 -1 -1 -1 0 
28 13 523 331 28 33 -1 -1 -1 0 
28 16 353 339 77 44 -1 -1 -1 0 
29 1 812 320 147 103 -1 -1 -1 0 
29 9 483 335 32 34 -1 -1 -1 0 
29 13 514 331 31 35 -1 -1 -1 0 
29 16 333 339 81 46 -1 -1 -1 0 
30 1 812 320 149 103 -1 -1 -1 0 
30 9 470 336 38 34 -1 -1 -1 0 
30 13 506 331 34 36 -1 -1 -1 0 
30 16 350 342 51 39 -1 -1 -1 0 
31 1 812 319 149 105 -1 -1 -1 0 
31 9 457 337 43 35 -1 -1 -1 0 
31 13 497 332 34 37 -1 -1 -1 0 
31 16 328 343 57 39 -1 -1 -1 0 
32 1 812 319 149 104 -1 -1 -1 0 
32 9 448 336 39 38 -1 -1 -1 0 
32 13 485 333 38 37 -1 -1 -1 0 
32 16 303 346 62 40 -1 -1 -1 0 
33 1 813 319 145 104 -1 -1 -1 0 
33 9 433 337 44 38 -1 -1 -1 0 
33 13 474 332 39 39 -1 -1 -1 0 
33 16 272 349 72 40 -1 -1 -1 0 
33 20 530 338 23 27 -1 -1 -1 0 
34 1 813 318 146 106 -1 -1 -1 0 
34 9 419 340 46 38 -1 -1 -1 0 
34 13 460 333 42 41 -1 -1 -1 0 
34 16 237 351 81 42 -1 -1 -1 0 
34 20 524 338 24 27 -1 -1 -1 0 
35 1 812 318 147 106 -1 -1 -1 0 
35 9 402 341 44 38 -1 -1 -1 0 
35 13 440 333 51 41 -1 -1 -1 0 
35 16 194 352 91 45 -1 -1 -1 0 
35 20 518 340 24 27 -1 -1 -1 0 
35 21 545 335 24 29 -1 -1 -1 0 
36 1 811 317 151 107 -1 -1 -1 0 
36 9 383 342 44 39 -1 -1 -1 0 
36 13 431 333 52 42 -1 -1 -1 0 
36 16 145 356 107 47 -1 -1 -1 0 
36 20 512 340 25 29 -1 -1 -1 0 
36 21 564 334 22 28 -1 -1 -1 0 
37 1 811 318 154 108 -1 -1 -1 0 
37 9 365 340 80 42 -1 -1 -1 0 
37 13 511 335 29 35 -1 -1 -1 0 
37 16 91 358 110 52 -1 -1 -1 0 
37 20 503 341 27 29 -1 -1 -1 0 
37 21 569 334 21 28 -1 -1 -1 0 
38 1 812 318 157 110 -1 -1 -1 0 
38 2 0 356 128 70 -1 -1 -1 0 
38 9 341 338 89 48 -1 -1 -1 0 
38 13 520 336 29 32 -1 -1 -1 0 
38 16 57 359 115 54 -1 -1 -1 0 
38 20 495 341 30 31 -1 -1 -1 0 
38 21 568 334 21 28 -1 -1 -1 0 
39 1 811 318 160 111 -1 -1 -1 0 
39 2 0 363 48 63 -1 -1 -1 0 
39 9 308 340 83 51 -1 -1 -1 0 
39 13 520 337 28 32 -1 -1 -1 0 
39 20 486 341 32 32 -1 -1 -1 0 
39 21 564 334 22 28 -1 -1 -1 0 
40 1 813 318 158 111 -1 -1 -1 0 
40 2 0 364 35 62 -1 -1 -1 0 
40 9 263 342 109 54 -1 -1 -1 0 
40 13 516 337 28 33 -1 -1 -1 0 
40 20 478 342 32 31 -1 -1 -1 0 
40 21 560 335 22 29 -1 -1 -1 0 
