3 1 839 340 160 103 -1 -1 -1 0 
3 2 372 361 177 118 -1 -1 -1 0 
4 1 841 334 160 108 -1 -1 -1 0 
4 2 383 358 171 122 -1 -1 -1 0 
5 1 841 335 161 106 -1 -1 -1 0 
5 2 386 358 172 121 -1 -1 -1 0 
5 3 668 336 40 41 -1 -1 -1 0 
6 1 842 333 156 108 -1 -1 -1 0 
6 2 393 357 166 123 -1 -1 -1 0 
6 3 668 337 39 39 -1 -1 -1 0 
7 1 835 334 160 106 -1 -1 -1 0 
7 2 398 354 166 124 -1 -1 -1 0 
8 1 833 335 160 104 -1 -1 -1 0 
8 2 403 351 166 122 -1 -1 -1 0 
9 1 831 335 157 102 -1 -1 -1 0 
9 2 409 346 162 123 -1 -1 -1 0 
10 1 829 335 156 101 -1 -1 -1 0 
10 2 415 345 160 120 -1 -1 -1 0 
10 3 666 333 39 43 -1 -1 -1 0 
11 1 826 335 156 101 -1 -1 -1 0 
11 2 418 345 160 119 -1 -1 -1 0 
11 3 665 332 40 44 -1 -1 -1 0 
12 1 828 334 151 101 -1 -1 -1 0 
12 2 425 344 151 115 -1 -1 -1 0 
13 1 828 333 148 103 -1 -1 -1 0 
13 2 432 341 145 117 -1 -1 -1 0 
14 1 826 333 151 104 -1 -1 -1 0 
14 2 435 339 143 118 -1 -1 -1 0 
14 3 665 333 38 44 -1 -1 -1 0 
15 1 826 334 150 102 -1 -1 -1 0 
15 2 439 337 141 120 -1 -1 -1 0 
15 3 665 333 37 44 -1 -1 -1 0 
16 1 824 331 146 106 -1 -1 -1 0 
16 2 442 333 140 125 -1 -1 -1 0 
17 1 824 335 144 102 -1 -1 -1 0 
17 2 444 330 140 127 -1 -1 -1 0 
17 3 663 335 39 43 -1 -1 -1 0 
18 1 823 339 144 95 -1 -1 -1 0 
18 2 447 328 137 128 -1 -1 -1 0 
18 3 663 336 38 43 -1 -1 -1 0 
19 1 825 339 138 95 -1 -1 -1 0 
19 2 449 330 138 125 -1 -1 -1 0 
19 3 663 336 37 43 -1 -1 -1 0 
20 1 822 339 140 95 -1 -1 -1 0 
20 2 454 334 134 120 -1 -1 -1 0 
20 3 662 336 38 42 -1 -1 -1 0 
21 1 820 335 139 98 -1 -1 -1 0 
21 2 459 335 130 118 -1 -1 -1 0 
21 3 662 336 37 42 -1 -1 -1 0 
22 1 820 336 136 95 -1 -1 -1 0 
22 2 463 336 127 115 -1 -1 -1 0 
22 3 661 336 38 42 -1 -1 -1 0 
23 1 821 334 131 98 -1 -1 -1 0 
23 2 467 338 124 112 -1 -1 -1 0 
24 1 820 334 133 99 -1 -1 -1 0 
24 2 472 338 120 109 -1 -1 -1 0 
25 1 821 335 130 98 -1 -1 -1 0 
25 2 476 337 118 109 -1 -1 -1 0 
26 1 820 333 131 98 -1 -1 -1 0 
26 2 480 334 115 109 -1 -1 -1 0 
27 1 821 331 127 100 -1 -1 -1 0 
27 2 483 331 115 109 -1 -1 -1 0 
27 3 659 335 39 41 -1 -1 -1 0 
28 1 813 327 133 104 -1 -1 -1 0 
28 2 485 332 114 105 -1 -1 -1 0 
28 3 659 334 39 41 -1 -1 -1 0 
29 1 810 326 134 104 -1 -1 -1 0 
29 2 490 331 108 102 -1 -1 -1 0 
29 3 659 334 38 41 -1 -1 -1 0 
30 1 808 325 136 105 -1 -1 -1 0 
30 2 492 330 106 102 -1 -1 -1 0 
30 3 659 334 38 41 -1 -1 -1 0 
31 1 806 328 137 100 -1 -1 -1 0 
31 2 494 330 104 102 -1 -1 -1 0 
31 3 659 334 38 42 -1 -1 -1 0 
32 1 807 330 132 97 -1 -1 -1 0 
32 2 496 329 103 104 -1 -1 -1 0 
32 3 659 334 39 42 -1 -1 -1 0 
33 1 807 327 127 99 -1 -1 -1 0 
33 2 497 331 103 100 -1 -1 -1 0 
33 3 658 334 40 42 -1 -1 -1 0 
34 1 803 326 131 100 -1 -1 -1 0 
34 2 500 332 100 97 -1 -1 -1 0 
34 3 658 334 39 42 -1 -1 -1 0 
35 1 800 326 133 100 -1 -1 -1 0 
35 2 500 332 103 94 -1 -1 -1 0 
35 3 658 334 39 42 -1 -1 -1 0 
36 1 800 328 130 97 -1 -1 -1 0 
36 2 503 331 98 94 -1 -1 -1 0 
36 3 658 335 38 42 -1 -1 -1 0 
37 1 800 329 127 96 -1 -1 -1 0 
37 2 504 333 98 90 -1 -1 -1 0 
37 3 657 337 39 42 -1 -1 -1 0 
38 1 799 331 128 94 -1 -1 -1 0 
38 2 507 331 95 93 -1 -1 -1 0 
38 3 658 336 37 43 -1 -1 -1 0 
39 1 800 331 124 95 -1 -1 -1 0 
39 2 510 332 93 91 -1 -1 -1 0 
39 3 657 336 38 43 -1 -1 -1 0 
40 1 799 332 123 94 -1 -1 -1 0 
40 2 512 334 92 88 -1 -1 -1 0 
