3 1 534 327 79 81 -1 -1 -1 0 
3 2 618 337 32 43 -1 -1 -1 0 
4 1 535 327 78 80 -1 -1 -1 0 
4 2 619 337 31 42 -1 -1 -1 0 
5 1 536 328 78 79 -1 -1 -1 0 
5 2 620 338 30 41 -1 -1 -1 0 
6 1 537 327 78 80 -1 -1 -1 0 
6 2 621 338 29 41 -1 -1 -1 0 
7 1 537 327 79 79 -1 -1 -1 0 
7 2 621 338 30 40 -1 -1 -1 0 
8 1 538 327 78 80 -1 -1 -1 0 
9 1 539 327 78 80 -1 -1 -1 0 
10 1 539 328 79 79 -1 -1 -1 0 
11 1 541 328 76 79 -1 -1 -1 0 
11 2 672 338 23 35 -1 -1 -1 0 
12 1 542 328 77 79 -1 -1 -1 0 
12 2 677 337 22 35 -1 -1 -1 0 
13 1 543 328 77 79 -1 -1 -1 0 
13 2 677 337 24 35 -1 -1 -1 0 
14 1 545 328 76 78 -1 -1 -1 0 
14 2 682 337 24 35 -1 -1 -1 0 
15 1 546 329 75 77 -1 -1 -1 0 
16 1 547 329 74 77 -1 -1 -1 0 
17 1 548 327 73 79 -1 -1 -1 0 
18 1 548 327 74 79 -1 -1 -1 0 
19 1 549 327 73 79 -1 -1 -1 0 
19 2 513 339 19 26 -1 -1 -1 0 
20 1 549 326 74 80 -1 -1 -1 0 
20 2 502 340 18 24 -1 -1 -1 0 
21 1 549 326 76 80 -1 -1 -1 0 
21 2 488 340 20 24 -1 -1 -1 0 
21 5 394 340 35 32 -1 -1 -1 0 
22 1 551 325 74 81 -1 -1 -1 0 
22 2 479 340 20 24 -1 -1 -1 0 
22 5 389 341 34 31 -1 -1 -1 0 
23 1 550 325 77 79 -1 -1 -1 0 
23 2 471 340 22 25 -1 -1 -1 0 
24 1 551 324 76 80 -1 -1 -1 0 
24 2 465 340 23 25 -1 -1 -1 0 
25 1 552 323 76 80 -1 -1 -1 0 
25 2 458 339 24 27 -1 -1 -1 0 
26 1 553 322 75 82 -1 -1 -1 0 
26 2 450 340 25 27 -1 -1 -1 0 
26 5 312 338 53 39 -1 -1 -1 0 
27 1 553 321 75 85 -1 -1 -1 0 
27 2 441 340 26 28 -1 -1 -1 0 
27 5 289 337 58 41 -1 -1 -1 0 
28 1 554 321 75 85 -1 -1 -1 0 
28 2 433 340 26 28 -1 -1 -1 0 
28 5 263 335 68 44 -1 -1 -1 0 
29 1 554 321 75 84 -1 -1 -1 0 
29 2 422 341 29 29 -1 -1 -1 0 
29 5 234 337 71 45 -1 -1 -1 0 
30 1 555 322 74 83 -1 -1 -1 0 
30 2 412 341 30 29 -1 -1 -1 0 
30 5 205 339 74 47 -1 -1 -1 0 
31 1 556 323 72 83 -1 -1 -1 0 
31 2 401 342 32 30 -1 -1 -1 0 
31 5 163 343 89 49 -1 -1 -1 0 
32 1 556 323 73 84 -1 -1 -1 0 
32 2 390 343 34 31 -1 -1 -1 0 
32 5 132 344 87 51 -1 -1 -1 0 
33 1 557 323 72 83 -1 -1 -1 0 
33 2 377 344 34 33 -1 -1 -1 0 
33 5 106 345 91 53 -1 -1 -1 0 
34 1 557 323 73 82 -1 -1 -1 0 
34 2 362 344 35 34 -1 -1 -1 0 
35 1 557 323 73 81 -1 -1 -1 0 
35 2 345 344 38 35 -1 -1 -1 0 
35 6 468 341 22 27 -1 -1 -1 0 
36 1 559 323 71 80 -1 -1 -1 0 
36 2 326 344 42 36 -1 -1 -1 0 
36 6 465 342 23 27 -1 -1 -1 0 
37 1 560 323 71 78 -1 -1 -1 0 
37 2 307 346 43 36 -1 -1 -1 0 
38 1 560 323 70 79 -1 -1 -1 0 
38 2 286 348 36 37 -1 -1 -1 0 
39 1 560 323 71 79 -1 -1 -1 0 
39 2 258 345 51 43 -1 -1 -1 0 
40 1 561 323 70 78 -1 -1 -1 0 
40 2 226 345 62 44 -1 -1 -1 0 
