3 1 556 331 56 56 -1 -1 -1 0 
3 2 1083 328 83 60 -1 -1 -1 0 
3 3 654 323 94 81 -1 -1 -1 0 
3 7 352 336 32 32 -1 -1 -1 0 
3 10 414 330 29 35 -1 -1 -1 0 
4 1 557 331 56 55 -1 -1 -1 0 
4 2 1083 328 80 60 -1 -1 -1 0 
4 3 654 323 94 82 -1 -1 -1 0 
4 7 341 338 33 31 -1 -1 -1 0 
4 10 405 331 37 35 -1 -1 -1 0 
5 1 558 331 56 54 -1 -1 -1 0 
5 2 1082 328 77 60 -1 -1 -1 0 
5 3 652 313 99 93 -1 -1 -1 0 
5 7 333 338 33 31 -1 -1 -1 0 
5 10 399 330 38 36 -1 -1 -1 0 
6 1 560 330 54 54 -1 -1 -1 0 
6 2 1081 328 76 60 -1 -1 -1 0 
6 3 651 315 100 91 -1 -1 -1 0 
6 10 390 330 30 38 -1 -1 -1 0 
6 15 214 335 44 43 -1 -1 -1 0 
7 1 561 330 54 53 -1 -1 -1 0 
7 2 1080 327 76 60 -1 -1 -1 0 
7 3 651 316 101 90 -1 -1 -1 0 
7 10 379 333 32 36 -1 -1 -1 0 
7 15 212 333 46 44 -1 -1 -1 0 
8 1 562 329 54 54 -1 -1 -1 0 
8 2 1078 328 77 57 -1 -1 -1 0 
8 3 650 320 100 85 -1 -1 -1 0 
8 10 370 333 37 36 -1 -1 -1 0 
9 1 564 329 53 52 -1 -1 -1 0 
9 2 1080 328 72 56 -1 -1 -1 0 
9 3 652 320 97 84 -1 -1 -1 0 
9 7 365 334 39 34 -1 -1 -1 0 
9 10 359 335 32 34 -1 -1 -1 0 
9 15 271 339 27 37 -1 -1 -1 0 
10 1 566 330 50 50 -1 -1 -1 0 
10 2 1080 328 71 54 -1 -1 -1 0 
10 3 652 322 96 81 -1 -1 -1 0 
10 7 367 333 39 35 -1 -1 -1 0 
10 10 389 334 28 32 -1 -1 -1 0 
10 15 263 343 27 32 -1 -1 -1 0 
11 1 568 328 47 52 -1 -1 -1 0 
11 2 1080 327 69 57 -1 -1 -1 0 
11 3 653 322 95 80 -1 -1 -1 0 
11 10 395 334 26 31 -1 -1 -1 0 
11 15 248 341 28 35 -1 -1 -1 0 
12 1 570 327 46 52 -1 -1 -1 0 
12 2 1079 326 71 59 -1 -1 -1 0 
12 3 654 322 93 80 -1 -1 -1 0 
12 10 393 334 27 31 -1 -1 -1 0 
12 15 227 342 32 35 -1 -1 -1 0 
13 1 569 327 49 52 -1 -1 -1 0 
13 2 1078 326 72 59 -1 -1 -1 0 
13 3 655 321 89 80 -1 -1 -1 0 
13 10 392 335 26 30 -1 -1 -1 0 
13 15 228 342 32 35 -1 -1 -1 0 
14 1 570 329 48 50 -1 -1 -1 0 
14 2 1079 327 70 57 -1 -1 -1 0 
14 3 655 320 90 81 -1 -1 -1 0 
14 15 196 345 26 32 -1 -1 -1 0 
15 1 571 330 47 50 -1 -1 -1 0 
15 2 1080 329 66 55 -1 -1 -1 0 
15 3 653 323 92 79 -1 -1 -1 0 
15 15 192 345 25 31 -1 -1 -1 0 
16 1 571 331 48 48 -1 -1 -1 0 
16 2 1081 330 64 53 -1 -1 -1 0 
16 3 655 321 89 81 -1 -1 -1 0 
16 10 388 332 31 34 -1 -1 -1 0 
17 1 573 330 47 49 -1 -1 -1 0 
17 2 1081 330 62 51 -1 -1 -1 0 
17 3 655 320 88 82 -1 -1 -1 0 
17 7 266 338 36 36 -1 -1 -1 0 
17 10 384 332 30 35 -1 -1 -1 0 
18 1 574 330 47 49 -1 -1 -1 0 
18 2 1083 329 58 53 -1 -1 -1 0 
18 3 655 318 89 84 -1 -1 -1 0 
18 7 217 340 42 38 -1 -1 -1 0 
18 10 383 332 30 35 -1 -1 -1 0 
18 15 240 340 34 37 -1 -1 -1 0 
19 1 575 329 46 50 -1 -1 -1 0 
19 2 1082 329 59 53 -1 -1 -1 0 
19 3 655 317 88 85 -1 -1 -1 0 
19 7 186 340 37 41 -1 -1 -1 0 
19 15 225 342 45 36 -1 -1 -1 0 
20 1 576 330 47 48 -1 -1 -1 0 
20 2 1083 329 57 52 -1 -1 -1 0 
20 3 655 314 89 88 -1 -1 -1 0 
20 7 158 342 41 41 -1 -1 -1 0 
20 15 205 342 41 38 -1 -1 -1 0 
21 1 577 330 46 48 -1 -1 -1 0 
21 2 1084 329 56 52 -1 -1 -1 0 
21 3 654 317 91 84 -1 -1 -1 0 
21 7 122 345 41 40 -1 -1 -1 0 
21 10 267 342 22 32 -1 -1 -1 0 
21 15 173 342 51 41 -1 -1 -1 0 
22 1 579 330 44 47 -1 -1 -1 0 
22 2 1084 329 57 51 -1 -1 -1 0 
22 3 655 320 88 80 -1 -1 -1 0 
22 7 100 346 41 40 -1 -1 -1 0 
22 10 307 339 28 31 -1 -1 -1 0 
22 15 168 342 54 41 -1 -1 -1 0 
23 1 580 331 45 46 -1 -1 -1 0 
23 2 1084 328 56 51 -1 -1 -1 0 
23 3 656 319 86 80 -1 -1 -1 0 
23 10 302 339 28 32 -1 -1 -1 0 
24 1 581 329 45 49 -1 -1 -1 0 
24 2 1084 329 57 49 -1 -1 -1 0 
24 3 657 316 84 83 -1 -1 -1 0 
24 10 263 341 25 34 -1 -1 -1 0 
24 33 637 329 24 31 -1 -1 -1 0 
25 1 581 327 46 51 -1 -1 -1 0 
25 2 1085 328 56 50 -1 -1 -1 0 
25 3 658 308 82 91 -1 -1 -1 0 
25 10 253 342 26 33 -1 -1 -1 0 
25 33 635 329 25 30 -1 -1 -1 0 
25 34 1119 325 73 57 -1 -1 -1 0 
26 1 582 326 46 51 -1 -1 -1 0 
26 2 1085 328 57 49 -1 -1 -1 0 
26 3 657 307 85 90 -1 -1 -1 0 
26 33 635 329 25 30 -1 -1 -1 0 
26 34 1118 324 74 57 -1 -1 -1 0 
27 1 584 327 45 49 -1 -1 -1 0 
27 2 1085 328 66 49 -1 -1 -1 0 
27 3 657 304 84 93 -1 -1 -1 0 
27 33 635 327 25 31 -1 -1 -1 0 
28 1 586 328 43 48 -1 -1 -1 0 
28 2 1086 327 70 50 -1 -1 -1 0 
28 3 657 304 84 93 -1 -1 -1 0 
28 33 635 326 27 31 -1 -1 -1 0 
29 1 587 329 43 46 -1 -1 -1 0 
29 2 1087 327 69 50 -1 -1 -1 0 
29 3 658 303 82 94 -1 -1 -1 0 
29 33 636 326 26 31 -1 -1 -1 0 
30 1 587 329 45 46 -1 -1 -1 0 
30 2 1092 328 58 47 -1 -1 -1 0 
30 3 658 306 84 91 -1 -1 -1 0 
30 33 712 328 26 29 -1 -1 -1 0 
31 1 590 327 41 48 -1 -1 -1 0 
31 2 1092 328 56 47 -1 -1 -1 0 
31 3 657 310 86 88 -1 -1 -1 0 
31 33 737 329 28 28 -1 -1 -1 0 
32 1 590 328 42 47 -1 -1 -1 0 
32 2 1092 328 57 47 -1 -1 -1 0 
32 3 659 311 84 87 -1 -1 -1 0 
32 33 677 326 26 31 -1 -1 -1 0 
33 1 591 327 42 49 -1 -1 -1 0 
33 2 1091 328 60 47 -1 -1 -1 0 
33 3 660 313 82 84 -1 -1 -1 0 
33 33 651 325 27 32 -1 -1 -1 0 
33 34 1084 324 107 53 -1 -1 -1 0 
34 1 592 327 42 49 -1 -1 -1 0 
34 2 1092 329 59 45 -1 -1 -1 0 
34 3 660 317 82 80 -1 -1 -1 0 
34 33 652 324 27 33 -1 -1 -1 0 
34 34 1081 324 109 52 -1 -1 -1 0 
35 1 593 327 42 50 -1 -1 -1 0 
35 2 1091 329 61 45 -1 -1 -1 0 
35 3 662 318 78 79 -1 -1 -1 0 
35 33 640 324 28 34 -1 -1 -1 0 
35 35 0 308 451 288 -1 -1 -1 0 
36 1 593 329 43 48 -1 -1 -1 0 
36 2 1089 329 66 47 -1 -1 -1 0 
36 3 661 318 79 81 -1 -1 -1 0 
36 33 640 324 28 34 -1 -1 -1 0 
36 35 0 307 459 275 -1 -1 -1 0 
37 1 593 331 44 47 -1 -1 -1 0 
37 2 1089 331 70 47 -1 -1 -1 0 
37 3 661 320 78 79 -1 -1 -1 0 
37 33 639 326 25 34 -1 -1 -1 0 
37 34 1125 326 67 54 -1 -1 -1 0 
37 35 8 308 448 264 -1 -1 -1 0 
38 1 594 331 44 47 -1 -1 -1 0 
38 2 1090 331 71 48 -1 -1 -1 0 
38 3 661 322 78 77 -1 -1 -1 0 
38 33 638 326 26 35 -1 -1 -1 0 
38 34 1128 327 67 53 -1 -1 -1 0 
38 35 41 312 416 253 -1 -1 -1 0 
39 1 596 331 43 47 -1 -1 -1 0 
39 2 1091 332 69 47 -1 -1 -1 0 
39 3 660 323 80 76 -1 -1 -1 0 
39 33 704 330 30 32 -1 -1 -1 0 
39 34 1129 327 67 53 -1 -1 -1 0 
39 35 74 319 387 234 -1 -1 -1 0 
40 1 598 331 41 47 -1 -1 -1 0 
40 2 1092 331 67 48 -1 -1 -1 0 
40 3 661 323 78 76 -1 -1 -1 0 
40 10 361 320 30 35 -1 -1 -1 0 
40 33 711 330 31 33 -1 -1 -1 0 
40 34 1131 327 67 54 -1 -1 -1 0 
40 35 107 325 360 219 -1 -1 -1 0 
