3 1 952 316 327 228 -1 -1 -1 0 
3 2 745 323 36 46 -1 -1 -1 0 
3 3 599 329 32 43 -1 -1 -1 0 
4 1 951 319 327 222 -1 -1 -1 0 
4 2 744 323 37 46 -1 -1 -1 0 
4 3 600 330 31 42 -1 -1 -1 0 
5 1 953 319 323 222 -1 -1 -1 0 
5 2 745 323 37 47 -1 -1 -1 0 
5 3 600 331 31 41 -1 -1 -1 0 
6 1 952 319 325 219 -1 -1 -1 0 
6 2 745 325 37 45 -1 -1 -1 0 
6 3 599 331 32 41 -1 -1 -1 0 
7 1 954 319 321 221 -1 -1 -1 0 
7 2 745 326 37 46 -1 -1 -1 0 
7 3 599 332 33 40 -1 -1 -1 0 
7 4 0 327 491 337 -1 -1 -1 0 
8 1 954 319 321 221 -1 -1 -1 0 
8 2 745 325 38 47 -1 -1 -1 0 
8 3 600 332 31 40 -1 -1 -1 0 
8 4 0 326 487 331 -1 -1 -1 0 
9 1 955 319 320 220 -1 -1 -1 0 
9 2 745 325 39 47 -1 -1 -1 0 
9 3 601 333 31 40 -1 -1 -1 0 
9 4 0 332 502 316 -1 -1 -1 0 
10 1 955 319 321 218 -1 -1 -1 0 
10 2 746 325 40 47 -1 -1 -1 0 
10 3 601 333 32 40 -1 -1 -1 0 
10 4 0 335 508 313 -1 -1 -1 0 
11 1 957 319 319 218 -1 -1 -1 0 
11 2 747 326 39 45 -1 -1 -1 0 
11 3 603 331 30 43 -1 -1 -1 0 
11 4 2 342 490 301 -1 -1 -1 0 
12 1 956 319 321 218 -1 -1 -1 0 
12 2 748 326 38 46 -1 -1 -1 0 
12 3 603 331 30 44 -1 -1 -1 0 
12 4 0 349 504 287 -1 -1 -1 0 
13 1 957 319 320 217 -1 -1 -1 0 
13 2 748 326 39 47 -1 -1 -1 0 
13 3 603 331 31 44 -1 -1 -1 0 
13 4 27 356 461 278 -1 -1 -1 0 
14 1 959 318 317 219 -1 -1 -1 0 
14 2 750 326 39 46 -1 -1 -1 0 
14 3 604 332 32 43 -1 -1 -1 0 
14 4 55 359 438 269 -1 -1 -1 0 
15 1 958 320 320 217 -1 -1 -1 0 
15 2 751 327 39 45 -1 -1 -1 0 
15 3 604 332 33 43 -1 -1 -1 0 
15 4 84 362 399 257 -1 -1 -1 0 
16 1 960 322 318 215 -1 -1 -1 0 
16 2 752 327 38 45 -1 -1 -1 0 
16 3 606 332 31 43 -1 -1 -1 0 
16 4 102 364 393 245 -1 -1 -1 0 
17 1 961 324 317 212 -1 -1 -1 0 
17 2 753 328 37 44 -1 -1 -1 0 
17 3 606 332 32 43 -1 -1 -1 0 
17 4 110 366 409 234 -1 -1 -1 0 
18 1 964 326 315 210 -1 -1 -1 0 
18 2 753 328 37 44 -1 -1 -1 0 
18 3 605 331 34 42 -1 -1 -1 0 
18 4 140 362 377 232 -1 -1 -1 0 
19 1 967 323 309 212 -1 -1 -1 0 
19 2 753 327 38 44 -1 -1 -1 0 
19 3 606 330 32 42 -1 -1 -1 0 
19 4 161 350 360 241 -1 -1 -1 0 
20 1 967 317 309 217 -1 -1 -1 0 
20 2 753 327 37 44 -1 -1 -1 0 
20 3 606 330 32 42 -1 -1 -1 0 
20 4 174 349 355 235 -1 -1 -1 0 
21 1 962 319 317 213 -1 -1 -1 0 
21 2 753 328 37 43 -1 -1 -1 0 
21 3 606 330 32 42 -1 -1 -1 0 
21 4 187 352 345 226 -1 -1 -1 0 
22 1 964 321 315 214 -1 -1 -1 0 
22 2 753 328 37 43 -1 -1 -1 0 
22 3 606 330 32 41 -1 -1 -1 0 
22 4 191 355 356 212 -1 -1 -1 0 
23 1 965 319 312 220 -1 -1 -1 0 
23 2 752 329 38 41 -1 -1 -1 0 
23 3 606 330 31 42 -1 -1 -1 0 
23 4 211 354 335 207 -1 -1 -1 0 
24 1 963 321 316 219 -1 -1 -1 0 
24 2 754 329 35 41 -1 -1 -1 0 
24 3 606 330 31 42 -1 -1 -1 0 
24 4 227 352 322 206 -1 -1 -1 0 
25 1 963 319 315 216 -1 -1 -1 0 
25 2 753 331 36 39 -1 -1 -1 0 
25 3 606 330 31 42 -1 -1 -1 0 
25 4 240 350 312 204 -1 -1 -1 0 
26 1 962 321 316 210 -1 -1 -1 0 
26 2 754 331 34 39 -1 -1 -1 0 
26 3 606 330 31 41 -1 -1 -1 0 
26 4 250 350 304 203 -1 -1 -1 0 
27 1 966 321 309 211 -1 -1 -1 0 
27 2 754 331 34 38 -1 -1 -1 0 
27 3 605 331 32 40 -1 -1 -1 0 
27 4 259 350 297 200 -1 -1 -1 0 
28 1 967 321 307 213 -1 -1 -1 0 
28 2 754 330 34 39 -1 -1 -1 0 
28 3 606 331 30 40 -1 -1 -1 0 
28 4 268 352 292 193 -1 -1 -1 0 
29 1 967 320 307 216 -1 -1 -1 0 
29 2 754 330 34 38 -1 -1 -1 0 
29 3 606 331 31 41 -1 -1 -1 0 
29 4 279 355 282 186 -1 -1 -1 0 
30 1 964 322 314 212 -1 -1 -1 0 
30 2 754 330 35 38 -1 -1 -1 0 
30 3 606 331 31 41 -1 -1 -1 0 
30 4 286 355 277 181 -1 -1 -1 0 
31 1 964 324 313 208 -1 -1 -1 0 
31 2 754 331 35 37 -1 -1 -1 0 
31 3 605 332 32 41 -1 -1 -1 0 
31 4 296 354 268 180 -1 -1 -1 0 
32 1 966 325 309 206 -1 -1 -1 0 
32 2 753 331 35 37 -1 -1 -1 0 
32 3 606 332 31 41 -1 -1 -1 0 
32 4 304 353 260 177 -1 -1 -1 0 
33 1 966 326 309 208 -1 -1 -1 0 
33 2 752 331 35 37 -1 -1 -1 0 
33 3 606 333 31 41 -1 -1 -1 0 
33 4 312 353 251 175 -1 -1 -1 0 
34 1 966 328 310 208 -1 -1 -1 0 
34 2 751 331 36 37 -1 -1 -1 0 
34 4 319 352 246 174 -1 -1 -1 0 
35 1 964 330 313 204 -1 -1 -1 0 
35 2 750 329 36 39 -1 -1 -1 0 
35 4 323 353 244 171 -1 -1 -1 0 
36 1 962 331 317 201 -1 -1 -1 0 
36 2 749 329 37 39 -1 -1 -1 0 
36 3 605 332 30 42 -1 -1 -1 0 
36 4 330 353 237 170 -1 -1 -1 0 
37 1 962 332 316 201 -1 -1 -1 0 
37 2 748 329 37 39 -1 -1 -1 0 
37 3 604 332 30 42 -1 -1 -1 0 
37 4 333 354 237 166 -1 -1 -1 0 
38 1 964 332 314 201 -1 -1 -1 0 
38 2 747 330 38 38 -1 -1 -1 0 
38 3 604 332 30 42 -1 -1 -1 0 
38 4 340 354 232 164 -1 -1 -1 0 
39 1 964 332 315 201 -1 -1 -1 0 
39 2 749 329 34 39 -1 -1 -1 0 
39 4 343 353 231 161 -1 -1 -1 0 
40 1 962 332 317 199 -1 -1 -1 0 
40 2 748 328 35 40 -1 -1 -1 0 
40 4 347 350 226 160 -1 -1 -1 0 
40 8 272 339 36 31 -1 -1 -1 0 
