3 1 1253 351 23 111 -1 -1 -1 0 
3 2 482 343 108 91 -1 -1 -1 0 
3 3 892 334 74 59 -1 -1 -1 0 
3 4 794 333 34 40 -1 -1 -1 0 
4 1 1261 352 18 110 -1 -1 -1 0 
4 2 483 342 107 92 -1 -1 -1 0 
4 3 895 334 80 59 -1 -1 -1 0 
4 4 797 333 33 39 -1 -1 -1 0 
5 2 484 342 106 92 -1 -1 -1 0 
5 3 900 333 83 60 -1 -1 -1 0 
5 4 798 333 34 39 -1 -1 -1 0 
6 2 485 342 104 92 -1 -1 -1 0 
6 3 905 333 85 61 -1 -1 -1 0 
6 4 800 333 34 39 -1 -1 -1 0 
7 2 485 342 104 92 -1 -1 -1 0 
7 3 909 334 90 61 -1 -1 -1 0 
7 4 801 333 36 39 -1 -1 -1 0 
8 2 485 343 103 89 -1 -1 -1 0 
8 3 918 334 88 61 -1 -1 -1 0 
8 4 803 332 38 39 -1 -1 -1 0 
9 2 486 343 102 89 -1 -1 -1 0 
9 3 924 334 90 62 -1 -1 -1 0 
9 4 808 333 34 38 -1 -1 -1 0 
10 2 487 343 102 88 -1 -1 -1 0 
10 3 929 334 93 63 -1 -1 -1 0 
10 4 812 333 34 37 -1 -1 -1 0 
10 6 777 334 25 30 -1 -1 -1 0 
11 2 488 342 101 89 -1 -1 -1 0 
11 3 936 335 94 62 -1 -1 -1 0 
11 4 814 333 34 38 -1 -1 -1 0 
11 6 778 334 25 30 -1 -1 -1 0 
12 2 488 342 101 89 -1 -1 -1 0 
12 3 944 335 97 62 -1 -1 -1 0 
12 4 815 334 35 37 -1 -1 -1 0 
12 6 779 334 25 30 -1 -1 -1 0 
13 2 489 341 100 90 -1 -1 -1 0 
13 3 948 333 105 66 -1 -1 -1 0 
13 4 817 332 36 40 -1 -1 -1 0 
13 6 782 332 24 31 -1 -1 -1 0 
14 2 490 342 98 88 -1 -1 -1 0 
14 3 955 333 109 69 -1 -1 -1 0 
14 4 818 332 38 41 -1 -1 -1 0 
14 6 783 332 24 32 -1 -1 -1 0 
15 2 491 343 97 87 -1 -1 -1 0 
15 3 958 334 123 69 -1 -1 -1 0 
15 4 822 333 37 40 -1 -1 -1 0 
15 6 784 333 25 32 -1 -1 -1 0 
16 2 492 343 97 87 -1 -1 -1 0 
16 3 971 336 119 66 -1 -1 -1 0 
16 4 825 333 39 40 -1 -1 -1 0 
16 6 785 335 26 31 -1 -1 -1 0 
17 2 493 343 95 87 -1 -1 -1 0 
17 3 979 337 124 68 -1 -1 -1 0 
17 4 827 334 40 39 -1 -1 -1 0 
17 6 786 335 26 31 -1 -1 -1 0 
18 2 494 344 95 85 -1 -1 -1 0 
18 3 988 337 131 70 -1 -1 -1 0 
18 4 830 334 40 39 -1 -1 -1 0 
18 6 787 336 27 31 -1 -1 -1 0 
19 2 494 344 96 84 -1 -1 -1 0 
19 3 997 336 133 72 -1 -1 -1 0 
19 4 830 333 44 41 -1 -1 -1 0 
19 6 789 337 26 30 -1 -1 -1 0 
20 2 495 345 95 83 -1 -1 -1 0 
20 3 1003 338 145 72 -1 -1 -1 0 
20 4 834 334 43 40 -1 -1 -1 0 
21 2 496 345 93 84 -1 -1 -1 0 
21 3 1014 339 151 73 -1 -1 -1 0 
21 4 839 334 42 40 -1 -1 -1 0 
21 6 791 335 27 32 -1 -1 -1 0 
22 2 496 344 94 85 -1 -1 -1 0 
22 3 1026 339 159 76 -1 -1 -1 0 
22 4 841 333 44 41 -1 -1 -1 0 
22 6 792 334 27 34 -1 -1 -1 0 
23 2 496 344 95 84 -1 -1 -1 0 
23 3 1074 342 122 74 -1 -1 -1 0 
23 4 844 332 43 42 -1 -1 -1 0 
23 6 792 334 29 34 -1 -1 -1 0 
24 2 497 344 94 84 -1 -1 -1 0 
24 3 1056 342 140 75 -1 -1 -1 0 
24 4 845 332 46 42 -1 -1 -1 0 
24 6 793 334 29 34 -1 -1 -1 0 
25 2 498 345 92 84 -1 -1 -1 0 
25 3 1066 343 124 75 -1 -1 -1 0 
25 4 848 331 50 43 -1 -1 -1 0 
25 6 794 333 29 35 -1 -1 -1 0 
26 2 499 346 92 84 -1 -1 -1 0 
26 3 1073 342 143 77 -1 -1 -1 0 
26 4 852 333 48 44 -1 -1 -1 0 
26 6 797 335 27 34 -1 -1 -1 0 
27 2 498 345 92 84 -1 -1 -1 0 
27 3 1085 342 154 80 -1 -1 -1 0 
27 4 856 333 49 44 -1 -1 -1 0 
27 6 799 336 26 33 -1 -1 -1 0 
28 2 500 346 90 83 -1 -1 -1 0 
28 3 1101 340 159 88 -1 -1 -1 0 
28 4 858 333 52 45 -1 -1 -1 0 
28 6 800 336 26 33 -1 -1 -1 0 
29 2 501 345 90 83 -1 -1 -1 0 
29 3 1118 338 156 93 -1 -1 -1 0 
29 4 861 333 55 46 -1 -1 -1 0 
29 6 800 335 27 34 -1 -1 -1 0 
30 2 501 345 91 83 -1 -1 -1 0 
30 3 1133 339 146 92 -1 -1 -1 0 
30 4 864 334 55 45 -1 -1 -1 0 
30 6 801 335 28 34 -1 -1 -1 0 
31 2 502 346 90 81 -1 -1 -1 0 
31 3 1151 338 128 93 -1 -1 -1 0 
31 4 867 333 56 45 -1 -1 -1 0 
31 6 800 335 30 35 -1 -1 -1 0 
32 2 502 346 91 80 -1 -1 -1 0 
32 3 1170 334 109 98 -1 -1 -1 0 
32 4 872 333 55 45 -1 -1 -1 0 
32 6 800 335 31 37 -1 -1 -1 0 
32 8 117 343 89 51 -1 -1 -1 0 
33 2 503 346 89 79 -1 -1 -1 0 
33 3 1198 336 79 99 -1 -1 -1 0 
33 4 875 333 58 46 -1 -1 -1 0 
33 6 800 335 33 39 -1 -1 -1 0 
33 8 95 341 96 56 -1 -1 -1 0 
34 2 503 346 89 79 -1 -1 -1 0 
34 3 1221 330 56 110 -1 -1 -1 0 
34 4 879 333 58 46 -1 -1 -1 0 
34 6 801 335 35 40 -1 -1 -1 0 
35 2 504 346 87 79 -1 -1 -1 0 
35 3 1248 316 29 132 -1 -1 -1 0 
35 4 884 333 59 48 -1 -1 -1 0 
35 6 802 335 34 38 -1 -1 -1 0 
36 2 504 346 88 79 -1 -1 -1 0 
36 3 1273 314 2 136 -1 -1 -1 0 
36 4 887 332 63 48 -1 -1 -1 0 
36 6 803 335 35 39 -1 -1 -1 0 
37 2 504 345 88 79 -1 -1 -1 0 
37 4 892 331 64 49 -1 -1 -1 0 
37 6 807 333 33 42 -1 -1 -1 0 
38 2 504 346 89 79 -1 -1 -1 0 
38 4 898 331 63 52 -1 -1 -1 0 
38 6 810 333 32 43 -1 -1 -1 0 
39 2 504 346 88 79 -1 -1 -1 0 
39 4 901 331 67 51 -1 -1 -1 0 
39 6 811 333 33 43 -1 -1 -1 0 
39 8 73 323 91 52 -1 -1 -1 0 
40 2 504 346 89 78 -1 -1 -1 0 
40 4 907 330 69 52 -1 -1 -1 0 
40 8 53 322 73 51 -1 -1 -1 0 
