3 1 872 319 261 162 -1 -1 -1 0 
4 1 869 315 267 167 -1 -1 -1 0 
5 1 866 317 241 158 -1 -1 -1 0 
6 1 881 319 150 149 -1 -1 -1 0 
7 1 880 319 126 145 -1 -1 -1 0 
8 1 878 321 126 141 -1 -1 -1 0 
9 1 880 326 124 137 -1 -1 -1 0 
10 1 867 324 173 141 -1 -1 -1 0 
11 1 871 326 284 156 -1 -1 -1 0 
12 1 883 330 310 158 -1 -1 -1 0 
13 1 892 331 318 163 -1 -1 -1 0 
14 1 901 329 315 173 -1 -1 -1 0 
14 4 585 339 58 56 -1 -1 -1 0 
15 1 892 328 346 178 -1 -1 -1 0 
15 4 585 340 59 54 -1 -1 -1 0 
16 1 900 329 347 182 -1 -1 -1 0 
16 4 584 341 60 52 -1 -1 -1 0 
17 1 902 330 358 180 -1 -1 -1 0 
17 4 585 341 59 51 -1 -1 -1 0 
18 1 916 330 360 179 -1 -1 -1 0 
18 5 902 334 196 155 -1 -1 -1 0 
19 1 931 328 348 181 -1 -1 -1 0 
19 5 907 335 189 151 -1 -1 -1 0 
20 1 930 326 349 184 -1 -1 -1 0 
20 5 911 335 200 152 -1 -1 -1 0 
21 1 925 325 354 185 -1 -1 -1 0 
21 4 584 337 57 53 -1 -1 -1 0 
21 5 915 335 198 151 -1 -1 -1 0 
22 1 927 323 352 190 -1 -1 -1 0 
22 4 585 335 57 54 -1 -1 -1 0 
23 1 930 321 349 195 -1 -1 -1 0 
23 4 585 334 59 54 -1 -1 -1 0 
24 1 929 321 350 197 -1 -1 -1 0 
24 4 584 335 60 53 -1 -1 -1 0 
25 1 930 320 349 201 -1 -1 -1 0 
25 4 585 334 59 53 -1 -1 -1 0 
26 1 928 319 351 205 -1 -1 -1 0 
26 4 586 334 57 53 -1 -1 -1 0 
27 1 933 319 346 205 -1 -1 -1 0 
27 4 586 334 56 53 -1 -1 -1 0 
28 1 937 320 342 207 -1 -1 -1 0 
28 4 586 334 58 53 -1 -1 -1 0 
29 1 951 321 277 194 -1 -1 -1 0 
29 4 586 334 61 54 -1 -1 -1 0 
30 1 941 323 328 200 -1 -1 -1 0 
30 4 587 333 60 56 -1 -1 -1 0 
31 1 945 322 332 205 -1 -1 -1 0 
31 4 588 335 60 54 -1 -1 -1 0 
32 1 950 321 329 205 -1 -1 -1 0 
32 4 589 336 59 52 -1 -1 -1 0 
33 1 955 321 324 204 -1 -1 -1 0 
33 4 590 336 58 52 -1 -1 -1 0 
34 1 960 321 319 204 -1 -1 -1 0 
35 1 967 323 311 208 -1 -1 -1 0 
36 1 973 324 306 211 -1 -1 -1 0 
36 4 586 340 62 51 -1 -1 -1 0 
37 1 974 324 305 211 -1 -1 -1 0 
37 4 587 339 59 53 -1 -1 -1 0 
38 1 978 325 301 211 -1 -1 -1 0 
38 4 586 339 61 53 -1 -1 -1 0 
39 1 985 323 294 215 -1 -1 -1 0 
39 4 586 340 62 53 -1 -1 -1 0 
40 1 988 323 291 217 -1 -1 -1 0 
