3 1 720 330 35 44 -1 -1 -1 0 
4 1 719 331 37 43 -1 -1 -1 0 
5 1 719 331 36 42 -1 -1 -1 0 
6 1 719 330 35 42 -1 -1 -1 0 
7 1 720 330 33 42 -1 -1 -1 0 
8 1 719 330 35 41 -1 -1 -1 0 
9 1 719 330 34 41 -1 -1 -1 0 
10 1 719 330 34 41 -1 -1 -1 0 
11 1 719 331 35 40 -1 -1 -1 0 
12 1 719 332 35 40 -1 -1 -1 0 
13 1 720 333 34 41 -1 -1 -1 0 
14 1 719 334 36 40 -1 -1 -1 0 
15 1 719 334 36 40 -1 -1 -1 0 
16 1 720 334 35 40 -1 -1 -1 0 
17 1 719 334 36 40 -1 -1 -1 0 
18 1 720 333 35 40 -1 -1 -1 0 
19 1 721 331 32 40 -1 -1 -1 0 
20 1 720 330 34 41 -1 -1 -1 0 
21 1 720 330 34 41 -1 -1 -1 0 
22 1 720 330 33 41 -1 -1 -1 0 
23 1 719 331 35 41 -1 -1 -1 0 
24 1 719 331 34 41 -1 -1 -1 0 
25 1 719 330 35 42 -1 -1 -1 0 
26 1 720 331 34 41 -1 -1 -1 0 
27 1 720 331 35 42 -1 -1 -1 0 
28 1 720 329 35 44 -1 -1 -1 0 
28 2 421 342 30 27 -1 -1 -1 0 
29 1 720 329 35 44 -1 -1 -1 0 
29 2 409 343 31 29 -1 -1 -1 0 
30 1 719 327 36 46 -1 -1 -1 0 
30 2 393 343 34 30 -1 -1 -1 0 
31 1 719 327 35 46 -1 -1 -1 0 
31 2 377 343 36 31 -1 -1 -1 0 
32 1 719 326 34 47 -1 -1 -1 0 
32 2 359 343 42 31 -1 -1 -1 0 
33 1 718 326 35 47 -1 -1 -1 0 
33 2 343 343 37 32 -1 -1 -1 0 
34 1 718 326 35 47 -1 -1 -1 0 
34 2 316 342 49 36 -1 -1 -1 0 
35 1 718 326 34 47 -1 -1 -1 0 
35 2 309 342 36 38 -1 -1 -1 0 
36 1 718 326 34 48 -1 -1 -1 0 
36 2 288 344 35 37 -1 -1 -1 0 
37 1 717 326 36 48 -1 -1 -1 0 
37 2 272 344 36 38 -1 -1 -1 0 
38 1 717 326 35 48 -1 -1 -1 0 
38 2 197 347 71 43 -1 -1 -1 0 
39 1 718 328 34 45 -1 -1 -1 0 
39 2 188 349 42 44 -1 -1 -1 0 
40 1 718 327 33 46 -1 -1 -1 0 
40 2 164 349 45 46 -1 -1 -1 0 
40 5 668 331 20 29 -1 -1 -1 0 
