3 2 851 219 356 265 -1 -1 -1 0 
4 2 858 217 363 270 -1 -1 -1 0 
5 2 860 223 384 266 -1 -1 -1 0 
6 2 858 216 395 276 -1 -1 -1 0 
7 2 855 213 419 283 -1 -1 -1 0 
8 2 863 209 401 290 -1 -1 -1 0 
9 2 864 199 384 308 -1 -1 -1 0 
34 6 134 335 101 54 -1 -1 -1 0 
35 6 113 334 105 56 -1 -1 -1 0 
36 7 445 337 33 27 -1 -1 -1 0 
37 7 433 336 36 29 -1 -1 -1 0 
38 7 420 337 38 29 -1 -1 -1 0 
38 8 352 336 61 38 -1 -1 -1 0 
39 7 406 338 39 31 -1 -1 -1 0 
39 8 328 336 66 41 -1 -1 -1 0 
40 7 392 339 44 31 -1 -1 -1 0 
40 8 298 336 73 44 -1 -1 -1 0 
