3 1 665 330 37 45 -1 -1 -1 0 
3 2 1070 344 209 277 -1 -1 -1 0 
3 3 1004 322 68 53 -1 -1 -1 0 
3 4 737 328 53 55 -1 -1 -1 0 
4 1 665 331 36 45 -1 -1 -1 0 
4 2 1065 340 214 283 -1 -1 -1 0 
4 3 1005 320 69 56 -1 -1 -1 0 
4 4 737 328 53 55 -1 -1 -1 0 
5 1 664 330 35 46 -1 -1 -1 0 
5 2 1059 344 220 280 -1 -1 -1 0 
5 3 1002 319 73 58 -1 -1 -1 0 
5 4 736 328 54 56 -1 -1 -1 0 
6 1 664 330 36 46 -1 -1 -1 0 
6 2 1057 343 221 282 -1 -1 -1 0 
6 3 1002 319 74 59 -1 -1 -1 0 
6 4 736 328 54 56 -1 -1 -1 0 
6 8 592 329 42 53 -1 -1 -1 0 
7 1 663 330 37 46 -1 -1 -1 0 
7 2 1055 340 222 286 -1 -1 -1 0 
7 3 1005 319 71 58 -1 -1 -1 0 
7 4 735 328 56 57 -1 -1 -1 0 
7 8 591 329 45 53 -1 -1 -1 0 
7 9 713 331 24 36 -1 -1 -1 0 
8 1 663 330 37 47 -1 -1 -1 0 
8 2 1051 344 228 281 -1 -1 -1 0 
8 3 1007 320 69 56 -1 -1 -1 0 
8 4 735 328 56 57 -1 -1 -1 0 
8 8 592 329 44 52 -1 -1 -1 0 
8 9 714 331 23 36 -1 -1 -1 0 
9 1 663 330 36 47 -1 -1 -1 0 
9 2 1046 352 232 266 -1 -1 -1 0 
9 3 1006 320 72 56 -1 -1 -1 0 
9 4 735 327 56 58 -1 -1 -1 0 
9 8 593 328 44 53 -1 -1 -1 0 
9 9 713 331 24 35 -1 -1 -1 0 
10 1 663 330 36 47 -1 -1 -1 0 
10 2 1045 354 230 265 -1 -1 -1 0 
10 3 1008 320 72 56 -1 -1 -1 0 
10 4 735 327 56 58 -1 -1 -1 0 
10 8 593 328 44 54 -1 -1 -1 0 
10 9 712 331 25 35 -1 -1 -1 0 
11 1 662 327 37 49 -1 -1 -1 0 
11 2 1044 357 230 261 -1 -1 -1 0 
11 3 1009 320 73 54 -1 -1 -1 0 
11 4 736 326 54 57 -1 -1 -1 0 
11 8 594 328 43 53 -1 -1 -1 0 
11 9 712 331 24 34 -1 -1 -1 0 
12 1 663 327 34 49 -1 -1 -1 0 
12 2 1045 357 231 267 -1 -1 -1 0 
12 3 983 315 103 61 -1 -1 -1 0 
12 4 736 326 54 57 -1 -1 -1 0 
12 8 595 327 43 53 -1 -1 -1 0 
13 1 662 327 38 48 -1 -1 -1 0 
13 2 1042 360 235 265 -1 -1 -1 0 
13 3 986 315 98 61 -1 -1 -1 0 
13 4 737 325 53 58 -1 -1 -1 0 
13 8 596 327 42 52 -1 -1 -1 0 
14 1 662 327 36 49 -1 -1 -1 0 
14 2 1041 362 236 264 -1 -1 -1 0 
14 3 985 314 103 62 -1 -1 -1 0 
14 4 737 324 53 58 -1 -1 -1 0 
14 8 597 326 41 53 -1 -1 -1 0 
15 1 662 326 37 48 -1 -1 -1 0 
15 2 1037 368 242 254 -1 -1 -1 0 
15 3 983 313 108 63 -1 -1 -1 0 
15 4 737 323 54 59 -1 -1 -1 0 
15 8 597 325 42 53 -1 -1 -1 0 
16 1 661 327 38 47 -1 -1 -1 0 
16 2 1039 370 239 251 -1 -1 -1 0 
16 3 991 315 99 61 -1 -1 -1 0 
16 4 736 324 55 58 -1 -1 -1 0 
16 8 597 326 40 51 -1 -1 -1 0 
17 1 662 327 37 47 -1 -1 -1 0 
17 2 1037 373 241 249 -1 -1 -1 0 
17 3 992 315 101 62 -1 -1 -1 0 
17 4 736 325 55 57 -1 -1 -1 0 
17 8 598 326 39 50 -1 -1 -1 0 
18 1 662 325 37 50 -1 -1 -1 0 
18 2 1039 371 237 253 -1 -1 -1 0 
18 3 1005 315 85 62 -1 -1 -1 0 
18 4 736 325 55 57 -1 -1 -1 0 
18 8 598 326 39 50 -1 -1 -1 0 
19 1 661 326 38 49 -1 -1 -1 0 
19 2 1035 373 243 249 -1 -1 -1 0 
19 3 1009 315 83 62 -1 -1 -1 0 
19 4 737 325 54 57 -1 -1 -1 0 
19 8 598 326 39 50 -1 -1 -1 0 
20 1 661 324 37 51 -1 -1 -1 0 
20 2 1034 375 244 246 -1 -1 -1 0 
20 3 1013 317 81 60 -1 -1 -1 0 
20 4 736 326 56 56 -1 -1 -1 0 
20 8 598 326 39 50 -1 -1 -1 0 
21 1 661 328 38 47 -1 -1 -1 0 
21 2 1032 376 246 244 -1 -1 -1 0 
21 3 1014 319 80 58 -1 -1 -1 0 
21 4 737 328 55 54 -1 -1 -1 0 
21 8 598 327 39 49 -1 -1 -1 0 
21 9 711 331 25 33 -1 -1 -1 0 
22 1 662 327 36 48 -1 -1 -1 0 
22 2 1033 377 244 242 -1 -1 -1 0 
22 3 1019 319 77 59 -1 -1 -1 0 
22 4 737 328 55 54 -1 -1 -1 0 
22 8 600 327 36 49 -1 -1 -1 0 
22 9 711 331 25 33 -1 -1 -1 0 
23 1 662 330 37 46 -1 -1 -1 0 
23 2 1032 378 245 241 -1 -1 -1 0 
23 3 1017 319 82 60 -1 -1 -1 0 
23 4 738 329 54 54 -1 -1 -1 0 
23 8 599 327 38 50 -1 -1 -1 0 
23 9 711 332 26 32 -1 -1 -1 0 
24 1 662 331 37 45 -1 -1 -1 0 
24 2 1034 378 242 242 -1 -1 -1 0 
24 3 1015 319 87 62 -1 -1 -1 0 
24 4 738 329 54 54 -1 -1 -1 0 
24 8 600 326 37 51 -1 -1 -1 0 
24 9 711 332 26 33 -1 -1 -1 0 
25 1 662 332 36 44 -1 -1 -1 0 
25 2 1034 375 242 245 -1 -1 -1 0 
25 3 1019 319 83 60 -1 -1 -1 0 
25 4 739 329 52 54 -1 -1 -1 0 
25 8 599 326 39 51 -1 -1 -1 0 
25 9 712 333 24 32 -1 -1 -1 0 
26 1 662 330 35 46 -1 -1 -1 0 
26 2 1034 375 243 245 -1 -1 -1 0 
26 3 1017 319 87 62 -1 -1 -1 0 
26 4 737 329 56 54 -1 -1 -1 0 
26 8 599 325 39 51 -1 -1 -1 0 
26 9 712 333 25 32 -1 -1 -1 0 
27 1 662 328 35 48 -1 -1 -1 0 
27 2 1033 372 244 249 -1 -1 -1 0 
27 3 1015 319 92 61 -1 -1 -1 0 
27 4 738 329 54 54 -1 -1 -1 0 
27 8 600 325 38 51 -1 -1 -1 0 
27 9 712 333 25 32 -1 -1 -1 0 
28 1 661 326 34 48 -1 -1 -1 0 
28 2 1032 373 247 247 -1 -1 -1 0 
28 3 1010 318 98 62 -1 -1 -1 0 
28 4 738 329 54 54 -1 -1 -1 0 
28 8 601 325 37 50 -1 -1 -1 0 
28 9 711 333 26 32 -1 -1 -1 0 
29 1 660 329 37 45 -1 -1 -1 0 
29 2 1031 375 248 245 -1 -1 -1 0 
29 3 1001 318 109 63 -1 -1 -1 0 
29 4 738 329 55 55 -1 -1 -1 0 
29 8 600 325 39 50 -1 -1 -1 0 
29 9 711 332 26 32 -1 -1 -1 0 
30 1 661 330 35 44 -1 -1 -1 0 
30 2 1031 375 247 244 -1 -1 -1 0 
30 3 996 317 115 65 -1 -1 -1 0 
30 4 738 329 55 55 -1 -1 -1 0 
30 8 601 325 37 49 -1 -1 -1 0 
30 9 711 332 26 32 -1 -1 -1 0 
31 1 662 329 33 44 -1 -1 -1 0 
31 2 1032 375 246 244 -1 -1 -1 0 
31 3 994 317 118 66 -1 -1 -1 0 
31 4 738 329 54 55 -1 -1 -1 0 
31 8 601 325 36 49 -1 -1 -1 0 
31 9 712 332 25 32 -1 -1 -1 0 
32 1 661 330 35 43 -1 -1 -1 0 
32 2 1034 374 244 245 -1 -1 -1 0 
32 3 991 316 125 68 -1 -1 -1 0 
32 4 738 329 55 55 -1 -1 -1 0 
32 8 601 325 37 49 -1 -1 -1 0 
32 9 711 332 26 32 -1 -1 -1 0 
33 1 661 328 33 45 -1 -1 -1 0 
33 2 1033 374 245 244 -1 -1 -1 0 
33 3 991 316 129 68 -1 -1 -1 0 
33 4 738 329 55 55 -1 -1 -1 0 
33 8 602 325 36 49 -1 -1 -1 0 
33 9 712 333 25 32 -1 -1 -1 0 
34 1 661 330 34 43 -1 -1 -1 0 
34 2 1033 373 245 247 -1 -1 -1 0 
34 3 993 315 126 69 -1 -1 -1 0 
34 4 738 330 56 54 -1 -1 -1 0 
34 8 602 326 36 48 -1 -1 -1 0 
34 9 712 333 25 33 -1 -1 -1 0 
35 1 661 332 34 41 -1 -1 -1 0 
35 2 1033 371 245 250 -1 -1 -1 0 
35 3 994 314 125 72 -1 -1 -1 0 
35 4 739 330 54 55 -1 -1 -1 0 
35 8 602 327 37 47 -1 -1 -1 0 
35 9 712 333 25 33 -1 -1 -1 0 
36 1 661 333 34 40 -1 -1 -1 0 
36 2 1035 369 243 252 -1 -1 -1 0 
36 3 998 317 125 68 -1 -1 -1 0 
36 4 739 331 54 54 -1 -1 -1 0 
36 8 603 327 35 47 -1 -1 -1 0 
36 9 712 334 26 33 -1 -1 -1 0 
37 1 661 334 34 39 -1 -1 -1 0 
37 2 1031 365 248 256 -1 -1 -1 0 
37 3 1001 320 120 64 -1 -1 -1 0 
37 4 739 332 53 53 -1 -1 -1 0 
37 8 603 328 36 46 -1 -1 -1 0 
37 9 712 334 26 33 -1 -1 -1 0 
38 1 662 334 32 38 -1 -1 -1 0 
38 2 1031 368 248 256 -1 -1 -1 0 
38 3 999 318 120 67 -1 -1 -1 0 
38 4 738 332 55 52 -1 -1 -1 0 
38 8 604 328 35 45 -1 -1 -1 0 
38 9 712 334 26 33 -1 -1 -1 0 
39 1 662 332 32 41 -1 -1 -1 0 
39 2 1031 365 248 259 -1 -1 -1 0 
39 3 999 317 121 66 -1 -1 -1 0 
39 4 738 332 56 51 -1 -1 -1 0 
39 8 605 328 34 44 -1 -1 -1 0 
39 9 712 334 26 33 -1 -1 -1 0 
40 1 662 333 32 40 -1 -1 -1 0 
40 2 1032 362 247 262 -1 -1 -1 0 
40 3 1003 316 120 68 -1 -1 -1 0 
40 4 739 332 54 51 -1 -1 -1 0 
40 8 605 329 34 43 -1 -1 -1 0 
40 9 711 334 27 33 -1 -1 -1 0 
