3 1 640 331 42 44 -1 -1 -1 0 
3 2 762 330 43 41 -1 -1 -1 0 
3 3 589 333 19 25 -1 -1 -1 0 
4 1 641 330 40 45 -1 -1 -1 0 
4 2 764 329 40 42 -1 -1 -1 0 
4 3 590 333 18 24 -1 -1 -1 0 
5 1 641 330 41 45 -1 -1 -1 0 
5 2 763 329 43 42 -1 -1 -1 0 
5 3 591 334 16 22 -1 -1 -1 0 
6 1 640 330 43 45 -1 -1 -1 0 
6 2 763 329 42 43 -1 -1 -1 0 
6 3 591 334 16 22 -1 -1 -1 0 
7 1 641 330 41 44 -1 -1 -1 0 
7 2 762 327 44 44 -1 -1 -1 0 
7 3 590 334 18 21 -1 -1 -1 0 
8 1 641 330 41 44 -1 -1 -1 0 
8 2 761 327 45 44 -1 -1 -1 0 
8 3 591 335 16 20 -1 -1 -1 0 
8 13 162 343 39 40 -1 -1 -1 0 
9 1 642 331 40 44 -1 -1 -1 0 
9 2 761 326 44 45 -1 -1 -1 0 
9 3 592 335 16 22 -1 -1 -1 0 
9 13 158 346 39 40 -1 -1 -1 0 
10 1 642 331 40 44 -1 -1 -1 0 
10 2 760 325 46 46 -1 -1 -1 0 
10 3 591 336 17 22 -1 -1 -1 0 
11 1 642 331 40 44 -1 -1 -1 0 
11 2 760 324 46 48 -1 -1 -1 0 
11 3 591 335 17 23 -1 -1 -1 0 
12 1 642 331 41 45 -1 -1 -1 0 
12 2 760 323 45 50 -1 -1 -1 0 
12 3 591 336 18 23 -1 -1 -1 0 
13 1 642 331 40 45 -1 -1 -1 0 
13 2 759 321 45 53 -1 -1 -1 0 
13 3 590 336 18 23 -1 -1 -1 0 
14 1 641 330 42 46 -1 -1 -1 0 
14 2 758 320 48 54 -1 -1 -1 0 
14 3 589 336 20 23 -1 -1 -1 0 
15 1 641 330 42 46 -1 -1 -1 0 
15 2 757 322 50 53 -1 -1 -1 0 
15 3 590 335 18 24 -1 -1 -1 0 
16 1 642 330 40 46 -1 -1 -1 0 
16 2 757 323 50 52 -1 -1 -1 0 
16 3 590 335 18 25 -1 -1 -1 0 
17 1 641 330 42 46 -1 -1 -1 0 
17 2 756 323 51 51 -1 -1 -1 0 
17 3 590 335 18 26 -1 -1 -1 0 
18 1 642 330 40 46 -1 -1 -1 0 
18 2 756 324 49 49 -1 -1 -1 0 
18 3 590 336 18 25 -1 -1 -1 0 
18 24 447 333 21 26 -1 -1 -1 0 
19 1 642 330 40 45 -1 -1 -1 0 
19 2 756 323 48 50 -1 -1 -1 0 
19 3 590 336 18 26 -1 -1 -1 0 
19 24 450 333 20 26 -1 -1 -1 0 
20 1 642 330 40 45 -1 -1 -1 0 
20 2 756 323 48 51 -1 -1 -1 0 
20 24 450 333 21 26 -1 -1 -1 0 
21 1 642 330 40 45 -1 -1 -1 0 
21 2 757 323 46 51 -1 -1 -1 0 
22 1 643 330 39 45 -1 -1 -1 0 
22 2 756 323 48 51 -1 -1 -1 0 
23 1 642 330 41 45 -1 -1 -1 0 
23 2 756 323 48 51 -1 -1 -1 0 
23 24 378 333 33 31 -1 -1 -1 0 
24 1 643 330 40 45 -1 -1 -1 0 
24 2 756 325 47 49 -1 -1 -1 0 
24 3 390 335 28 33 -1 -1 -1 0 
24 24 393 330 37 35 -1 -1 -1 0 
25 1 644 330 39 46 -1 -1 -1 0 
25 2 756 325 47 49 -1 -1 -1 0 
25 3 373 335 29 34 -1 -1 -1 0 
25 13 311 328 36 37 -1 -1 -1 0 
25 24 388 331 38 35 -1 -1 -1 0 
26 1 644 329 40 47 -1 -1 -1 0 
26 2 756 325 47 48 -1 -1 -1 0 
26 13 320 327 35 37 -1 -1 -1 0 
26 24 382 331 40 36 -1 -1 -1 0 
27 1 643 329 42 47 -1 -1 -1 0 
27 2 756 326 46 47 -1 -1 -1 0 
27 13 342 329 52 37 -1 -1 -1 0 
28 1 644 329 40 47 -1 -1 -1 0 
28 2 756 324 44 49 -1 -1 -1 0 
28 13 343 328 44 39 -1 -1 -1 0 
29 1 644 329 40 47 -1 -1 -1 0 
29 2 756 324 44 49 -1 -1 -1 0 
29 13 328 326 53 43 -1 -1 -1 0 
30 1 644 330 40 46 -1 -1 -1 0 
30 2 754 326 47 48 -1 -1 -1 0 
30 13 308 328 56 41 -1 -1 -1 0 
31 1 645 330 39 46 -1 -1 -1 0 
31 2 755 324 45 50 -1 -1 -1 0 
31 13 280 327 63 46 -1 -1 -1 0 
31 24 292 327 53 44 -1 -1 -1 0 
32 1 645 330 40 46 -1 -1 -1 0 
32 2 753 324 49 51 -1 -1 -1 0 
32 13 279 328 54 42 -1 -1 -1 0 
32 24 279 326 57 45 -1 -1 -1 0 
33 1 645 331 40 46 -1 -1 -1 0 
33 2 752 326 51 49 -1 -1 -1 0 
33 13 254 326 65 45 -1 -1 -1 0 
34 1 645 331 41 46 -1 -1 -1 0 
34 2 752 326 50 49 -1 -1 -1 0 
34 3 414 329 37 33 -1 -1 -1 0 
34 13 253 326 67 45 -1 -1 -1 0 
35 1 645 331 42 46 -1 -1 -1 0 
35 2 751 327 51 49 -1 -1 -1 0 
35 3 407 329 39 33 -1 -1 -1 0 
36 1 646 331 42 45 -1 -1 -1 0 
36 2 749 327 53 49 -1 -1 -1 0 
36 3 405 329 41 33 -1 -1 -1 0 
37 1 648 331 40 45 -1 -1 -1 0 
37 2 748 327 57 48 -1 -1 -1 0 
38 1 649 331 39 45 -1 -1 -1 0 
38 2 748 328 57 47 -1 -1 -1 0 
38 3 379 331 39 34 -1 -1 -1 0 
38 13 186 320 31 34 -1 -1 -1 0 
39 1 650 330 38 45 -1 -1 -1 0 
39 2 752 325 49 49 -1 -1 -1 0 
39 3 362 329 41 38 -1 -1 -1 0 
39 13 183 320 26 30 -1 -1 -1 0 
40 1 650 330 37 45 -1 -1 -1 0 
40 2 750 326 49 48 -1 -1 -1 0 
40 3 331 328 43 41 -1 -1 -1 0 
40 13 177 319 24 29 -1 -1 -1 0 
40 24 209 322 42 40 -1 -1 -1 0 
