3 1 319 331 189 214 -1 -1 -1 0 
4 1 327 331 181 211 -1 -1 -1 0 
5 1 333 331 177 211 -1 -1 -1 0 
6 1 340 328 171 206 -1 -1 -1 0 
7 1 205 325 329 226 -1 -1 -1 0 
8 1 169 325 352 230 -1 -1 -1 0 
9 1 165 327 355 223 -1 -1 -1 0 
9 5 666 316 65 57 -1 -1 -1 0 
10 1 171 328 348 224 -1 -1 -1 0 
10 5 666 317 64 56 -1 -1 -1 0 
11 1 184 332 338 219 -1 -1 -1 0 
11 5 667 317 59 56 -1 -1 -1 0 
12 1 212 330 301 214 -1 -1 -1 0 
12 5 666 317 61 55 -1 -1 -1 0 
13 1 194 332 337 213 -1 -1 -1 0 
13 5 667 319 54 54 -1 -1 -1 0 
14 1 195 332 330 213 -1 -1 -1 0 
14 5 666 319 55 54 -1 -1 -1 0 
15 1 200 336 329 208 -1 -1 -1 0 
15 5 666 319 54 55 -1 -1 -1 0 
16 1 201 336 327 202 -1 -1 -1 0 
17 1 206 334 319 202 -1 -1 -1 0 
17 5 666 318 56 55 -1 -1 -1 0 
18 1 218 333 307 193 -1 -1 -1 0 
18 5 668 318 51 54 -1 -1 -1 0 
19 1 228 332 297 189 -1 -1 -1 0 
19 5 667 318 52 55 -1 -1 -1 0 
20 1 231 332 298 186 -1 -1 -1 0 
20 5 665 317 58 56 -1 -1 -1 0 
21 1 237 332 291 183 -1 -1 -1 0 
21 5 665 316 63 58 -1 -1 -1 0 
22 1 248 332 280 180 -1 -1 -1 0 
22 5 664 316 64 58 -1 -1 -1 0 
23 1 254 332 277 176 -1 -1 -1 0 
23 5 666 316 59 59 -1 -1 -1 0 
24 1 253 330 278 175 -1 -1 -1 0 
24 5 666 315 61 60 -1 -1 -1 0 
25 1 254 329 278 174 -1 -1 -1 0 
25 5 664 315 69 60 -1 -1 -1 0 
26 1 260 331 272 170 -1 -1 -1 0 
26 5 665 313 67 61 -1 -1 -1 0 
27 1 260 333 275 163 -1 -1 -1 0 
27 5 665 312 68 61 -1 -1 -1 0 
28 1 266 333 270 163 -1 -1 -1 0 
28 5 666 313 63 60 -1 -1 -1 0 
29 1 271 332 267 162 -1 -1 -1 0 
29 5 665 313 64 60 -1 -1 -1 0 
30 1 281 332 255 162 -1 -1 -1 0 
30 5 664 313 66 60 -1 -1 -1 0 
30 6 719 322 28 45 -1 -1 -1 0 
31 1 281 329 257 167 -1 -1 -1 0 
31 5 665 315 60 59 -1 -1 -1 0 
31 6 717 322 32 45 -1 -1 -1 0 
32 1 285 326 254 169 -1 -1 -1 0 
32 5 665 315 60 59 -1 -1 -1 0 
32 6 718 322 30 46 -1 -1 -1 0 
33 1 285 325 255 169 -1 -1 -1 0 
33 5 664 313 64 61 -1 -1 -1 0 
33 6 718 321 31 47 -1 -1 -1 0 
34 1 289 326 251 169 -1 -1 -1 0 
34 5 664 313 67 61 -1 -1 -1 0 
34 6 718 323 30 45 -1 -1 -1 0 
35 1 293 327 250 163 -1 -1 -1 0 
35 5 665 312 65 62 -1 -1 -1 0 
35 6 718 322 30 46 -1 -1 -1 0 
36 1 300 330 244 156 -1 -1 -1 0 
36 5 664 314 69 60 -1 -1 -1 0 
36 6 718 322 30 46 -1 -1 -1 0 
37 1 309 331 234 153 -1 -1 -1 0 
37 5 664 314 73 61 -1 -1 -1 0 
37 6 717 322 32 45 -1 -1 -1 0 
38 1 314 329 230 155 -1 -1 -1 0 
38 5 666 316 64 59 -1 -1 -1 0 
38 6 717 322 31 45 -1 -1 -1 0 
39 1 315 330 232 151 -1 -1 -1 0 
39 5 666 316 64 59 -1 -1 -1 0 
39 6 716 323 32 45 -1 -1 -1 0 
40 1 319 328 227 154 -1 -1 -1 0 
40 6 715 324 33 44 -1 -1 -1 0 
