5 4 588 329 58 60 -1 -1 -1 0 
6 4 589 328 57 61 -1 -1 -1 0 
7 4 588 328 59 61 -1 -1 -1 0 
11 4 588 328 57 61 -1 -1 -1 0 
12 4 588 328 57 61 -1 -1 -1 0 
14 4 587 328 59 62 -1 -1 -1 0 
14 8 107 351 94 56 -1 -1 -1 0 
15 4 587 326 59 64 -1 -1 -1 0 
15 8 78 353 83 53 -1 -1 -1 0 
16 4 586 326 61 64 -1 -1 -1 0 
16 8 50 356 56 48 -1 -1 -1 0 
17 8 18 357 55 48 -1 -1 -1 0 
20 4 585 324 60 67 -1 -1 -1 0 
20 11 723 332 28 38 -1 -1 -1 0 
21 4 583 324 63 68 -1 -1 -1 0 
21 11 723 332 29 39 -1 -1 -1 0 
22 4 585 325 60 67 -1 -1 -1 0 
22 11 722 332 30 38 -1 -1 -1 0 
23 4 584 325 62 66 -1 -1 -1 0 
23 11 723 332 29 38 -1 -1 -1 0 
24 4 584 324 62 66 -1 -1 -1 0 
24 11 723 332 30 38 -1 -1 -1 0 
25 4 584 325 61 64 -1 -1 -1 0 
25 11 724 332 30 36 -1 -1 -1 0 
26 4 584 325 61 64 -1 -1 -1 0 
26 11 725 332 29 36 -1 -1 -1 0 
28 11 724 331 30 36 -1 -1 -1 0 
29 11 692 327 21 35 -1 -1 -1 0 
30 11 677 326 23 33 -1 -1 -1 0 
32 11 672 325 23 34 -1 -1 -1 0 
33 11 671 324 22 35 -1 -1 -1 0 
40 11 671 325 22 33 -1 -1 -1 0 
