3 1 677 337 26 36 -1 -1 -1 0 
4 1 677 337 26 36 -1 -1 -1 0 
5 1 677 337 26 36 -1 -1 -1 0 
6 1 676 337 27 36 -1 -1 -1 0 
7 1 676 337 27 36 -1 -1 -1 0 
8 1 677 337 27 36 -1 -1 -1 0 
9 1 677 337 26 35 -1 -1 -1 0 
10 1 677 337 26 35 -1 -1 -1 0 
11 1 677 337 25 35 -1 -1 -1 0 
12 1 677 337 26 35 -1 -1 -1 0 
13 1 677 337 26 35 -1 -1 -1 0 
14 1 677 337 26 34 -1 -1 -1 0 
15 1 677 337 25 34 -1 -1 -1 0 
16 1 677 337 25 34 -1 -1 -1 0 
17 1 677 337 24 34 -1 -1 -1 0 
18 1 677 337 24 34 -1 -1 -1 0 
19 1 676 338 25 33 -1 -1 -1 0 
20 1 676 338 24 33 -1 -1 -1 0 
21 1 677 338 22 32 -1 -1 -1 0 
22 1 676 338 24 32 -1 -1 -1 0 
23 1 676 338 22 32 -1 -1 -1 0 
24 1 675 338 23 33 -1 -1 -1 0 
25 1 674 339 23 32 -1 -1 -1 0 
26 1 674 339 22 33 -1 -1 -1 0 
27 1 674 339 21 33 -1 -1 -1 0 
28 1 674 339 20 34 -1 -1 -1 0 
29 1 673 339 21 34 -1 -1 -1 0 
30 1 672 339 22 34 -1 -1 -1 0 
31 1 672 339 23 34 -1 -1 -1 0 
32 1 672 338 22 35 -1 -1 -1 0 
33 1 671 338 23 35 -1 -1 -1 0 
34 1 670 339 25 35 -1 -1 -1 0 
35 1 669 339 25 34 -1 -1 -1 0 
36 1 669 339 24 34 -1 -1 -1 0 
37 1 669 339 25 34 -1 -1 -1 0 
38 1 668 339 25 34 -1 -1 -1 0 
39 1 669 339 24 34 -1 -1 -1 0 
40 1 669 339 24 35 -1 -1 -1 0 
