3 1 853 337 61 56 -1 -1 -1 0 
3 2 636 282 92 129 -1 -1 -1 0 
3 3 773 336 30 35 -1 -1 -1 0 
4 1 848 335 65 58 -1 -1 -1 0 
4 2 637 283 89 125 -1 -1 -1 0 
4 3 772 335 30 34 -1 -1 -1 0 
4 5 726 335 31 38 -1 -1 -1 0 
5 1 848 334 64 58 -1 -1 -1 0 
5 2 637 284 90 121 -1 -1 -1 0 
5 3 772 333 29 35 -1 -1 -1 0 
5 5 726 334 29 38 -1 -1 -1 0 
6 1 850 334 62 57 -1 -1 -1 0 
6 2 638 283 90 121 -1 -1 -1 0 
6 5 726 334 30 38 -1 -1 -1 0 
7 1 849 333 64 57 -1 -1 -1 0 
7 2 639 283 89 122 -1 -1 -1 0 
7 5 727 334 28 38 -1 -1 -1 0 
8 1 851 334 62 56 -1 -1 -1 0 
8 2 640 284 88 121 -1 -1 -1 0 
8 5 727 334 29 38 -1 -1 -1 0 
9 1 851 334 63 57 -1 -1 -1 0 
9 2 639 284 91 121 -1 -1 -1 0 
9 5 727 334 29 38 -1 -1 -1 0 
10 1 852 334 62 57 -1 -1 -1 0 
10 2 640 284 91 121 -1 -1 -1 0 
10 3 776 336 28 34 -1 -1 -1 0 
11 1 852 334 63 57 -1 -1 -1 0 
11 2 640 285 93 120 -1 -1 -1 0 
11 3 777 336 27 34 -1 -1 -1 0 
12 1 853 335 63 57 -1 -1 -1 0 
12 2 641 285 92 119 -1 -1 -1 0 
12 3 778 336 27 34 -1 -1 -1 0 
13 1 855 334 60 58 -1 -1 -1 0 
13 2 642 285 92 120 -1 -1 -1 0 
14 1 856 334 60 59 -1 -1 -1 0 
14 2 644 283 90 120 -1 -1 -1 0 
15 1 856 333 60 59 -1 -1 -1 0 
15 2 645 282 89 120 -1 -1 -1 0 
16 1 857 332 59 59 -1 -1 -1 0 
16 2 646 280 89 122 -1 -1 -1 0 
17 1 857 332 61 59 -1 -1 -1 0 
17 2 646 280 90 121 -1 -1 -1 0 
18 1 857 332 61 59 -1 -1 -1 0 
18 2 644 274 97 129 -1 -1 -1 0 
19 1 856 333 62 58 -1 -1 -1 0 
19 2 647 278 92 125 -1 -1 -1 0 
20 1 857 333 63 60 -1 -1 -1 0 
20 2 648 280 92 124 -1 -1 -1 0 
21 1 858 333 64 60 -1 -1 -1 0 
21 2 648 277 95 125 -1 -1 -1 0 
22 1 859 334 64 59 -1 -1 -1 0 
22 2 650 274 94 128 -1 -1 -1 0 
23 1 859 333 64 61 -1 -1 -1 0 
23 2 651 273 96 128 -1 -1 -1 0 
24 1 859 332 66 61 -1 -1 -1 0 
24 2 652 272 100 128 -1 -1 -1 0 
25 1 858 332 68 61 -1 -1 -1 0 
25 2 655 273 98 127 -1 -1 -1 0 
26 1 858 331 68 61 -1 -1 -1 0 
26 2 658 271 94 128 -1 -1 -1 0 
27 1 858 331 69 61 -1 -1 -1 0 
27 2 658 272 94 128 -1 -1 -1 0 
28 1 859 331 67 59 -1 -1 -1 0 
28 2 658 266 96 137 -1 -1 -1 0 
29 1 860 332 67 59 -1 -1 -1 0 
29 2 656 265 101 140 -1 -1 -1 0 
30 1 864 333 64 60 -1 -1 -1 0 
30 2 657 265 104 142 -1 -1 -1 0 
31 1 866 334 63 60 -1 -1 -1 0 
31 2 657 269 108 137 -1 -1 -1 0 
32 1 870 335 60 59 -1 -1 -1 0 
32 2 661 267 103 140 -1 -1 -1 0 
33 1 873 335 59 60 -1 -1 -1 0 
33 2 663 269 103 138 -1 -1 -1 0 
34 1 876 336 59 59 -1 -1 -1 0 
34 2 662 272 107 135 -1 -1 -1 0 
35 1 874 336 62 59 -1 -1 -1 0 
35 2 663 273 105 133 -1 -1 -1 0 
36 1 876 336 60 59 -1 -1 -1 0 
36 2 664 273 104 133 -1 -1 -1 0 
37 1 877 336 60 59 -1 -1 -1 0 
37 2 664 272 104 134 -1 -1 -1 0 
38 1 878 335 59 59 -1 -1 -1 0 
38 2 665 271 103 134 -1 -1 -1 0 
39 1 878 333 60 60 -1 -1 -1 0 
39 2 667 272 99 132 -1 -1 -1 0 
40 1 875 332 64 59 -1 -1 -1 0 
40 2 669 270 97 133 -1 -1 -1 0 
