3 1 252 313 296 199 -1 -1 -1 0 
4 1 269 314 284 195 -1 -1 -1 0 
5 1 285 319 270 191 -1 -1 -1 0 
6 1 304 323 253 186 -1 -1 -1 0 
7 1 315 323 247 182 -1 -1 -1 0 
8 1 326 324 238 180 -1 -1 -1 0 
9 1 336 324 232 174 -1 -1 -1 0 
10 1 347 323 224 173 -1 -1 -1 0 
11 1 357 324 217 169 -1 -1 -1 0 
12 1 365 325 213 165 -1 -1 -1 0 
13 1 375 326 204 161 -1 -1 -1 0 
14 1 382 326 195 159 -1 -1 -1 0 
15 1 386 327 195 151 -1 -1 -1 0 
16 1 398 326 183 152 -1 -1 -1 0 
17 1 405 326 179 147 -1 -1 -1 0 
18 1 410 326 175 144 -1 -1 -1 0 
19 1 415 325 170 142 -1 -1 -1 0 
20 1 420 324 168 140 -1 -1 -1 0 
21 1 428 322 162 139 -1 -1 -1 0 
22 1 433 322 157 138 -1 -1 -1 0 
23 1 437 321 155 136 -1 -1 -1 0 
24 1 443 321 151 134 -1 -1 -1 0 
25 1 448 323 147 130 -1 -1 -1 0 
26 1 452 324 144 127 -1 -1 -1 0 
27 1 456 325 142 125 -1 -1 -1 0 
28 1 460 326 139 124 -1 -1 -1 0 
29 1 464 326 135 125 -1 -1 -1 0 
30 1 466 325 134 127 -1 -1 -1 0 
31 1 467 326 135 126 -1 -1 -1 0 
32 1 471 326 130 123 -1 -1 -1 0 
33 1 474 326 126 121 -1 -1 -1 0 
34 1 478 326 121 117 -1 -1 -1 0 
35 1 480 325 119 114 -1 -1 -1 0 
36 1 483 325 117 113 -1 -1 -1 0 
37 1 485 324 117 112 -1 -1 -1 0 
38 1 487 325 116 110 -1 -1 -1 0 
39 1 491 325 112 108 -1 -1 -1 0 
40 1 493 326 111 105 -1 -1 -1 0 
