3 1 813 330 104 80 -1 -1 -1 0 
4 1 814 330 108 81 -1 -1 -1 0 
5 1 816 330 111 82 -1 -1 -1 0 
6 1 817 331 114 82 -1 -1 -1 0 
7 1 820 331 116 84 -1 -1 -1 0 
8 1 824 332 119 84 -1 -1 -1 0 
9 1 829 331 121 86 -1 -1 -1 0 
10 1 831 331 128 88 -1 -1 -1 0 
11 1 833 331 132 89 -1 -1 -1 0 
12 1 837 331 133 90 -1 -1 -1 0 
13 1 843 333 135 91 -1 -1 -1 0 
14 1 853 332 129 96 -1 -1 -1 0 
15 1 856 333 136 96 -1 -1 -1 0 
16 1 856 332 148 101 -1 -1 -1 0 
17 1 862 332 149 102 -1 -1 -1 0 
18 1 878 333 140 103 -1 -1 -1 0 
19 1 872 333 162 105 -1 -1 -1 0 
20 1 874 333 169 107 -1 -1 -1 0 
21 1 889 333 160 108 -1 -1 -1 0 
22 1 892 334 171 109 -1 -1 -1 0 
23 1 887 333 192 113 -1 -1 -1 0 
24 1 892 333 200 115 -1 -1 -1 0 
25 1 897 336 210 114 -1 -1 -1 0 
26 1 912 335 210 121 -1 -1 -1 0 
27 1 909 333 235 127 -1 -1 -1 0 
28 1 916 332 244 134 -1 -1 -1 0 
29 1 932 332 248 139 -1 -1 -1 0 
30 1 940 332 262 145 -1 -1 -1 0 
31 1 950 331 278 152 -1 -1 -1 0 
32 1 960 333 297 157 -1 -1 -1 0 
33 1 962 333 315 166 -1 -1 -1 0 
34 1 961 334 318 172 -1 -1 -1 0 
35 1 969 334 310 177 -1 -1 -1 0 
36 1 980 334 299 183 -1 -1 -1 0 
37 1 987 334 292 186 -1 -1 -1 0 
38 1 1000 332 279 194 -1 -1 -1 0 
39 1 1009 331 270 200 -1 -1 -1 0 
40 1 1018 333 261 201 -1 -1 -1 0 
