3 1 656 329 57 62 -1 -1 -1 0 
4 1 655 329 57 63 -1 -1 -1 0 
5 1 654 330 60 62 -1 -1 -1 0 
6 1 655 330 58 62 -1 -1 -1 0 
7 1 655 331 58 61 -1 -1 -1 0 
8 1 656 332 56 60 -1 -1 -1 0 
9 1 656 330 56 61 -1 -1 -1 0 
9 2 298 332 63 37 -1 -1 -1 0 
10 1 656 331 57 60 -1 -1 -1 0 
10 2 283 333 62 39 -1 -1 -1 0 
11 1 656 331 56 60 -1 -1 -1 0 
11 2 260 334 59 40 -1 -1 -1 0 
12 1 655 331 57 60 -1 -1 -1 0 
12 2 241 335 62 40 -1 -1 -1 0 
13 1 656 330 56 61 -1 -1 -1 0 
13 2 219 336 63 43 -1 -1 -1 0 
14 1 657 330 55 61 -1 -1 -1 0 
14 2 181 337 76 44 -1 -1 -1 0 
15 1 656 330 56 61 -1 -1 -1 0 
15 2 141 337 65 47 -1 -1 -1 0 
16 1 655 331 58 61 -1 -1 -1 0 
16 2 114 340 73 48 -1 -1 -1 0 
17 1 655 331 59 61 -1 -1 -1 0 
17 2 70 343 76 47 -1 -1 -1 0 
18 1 655 331 59 61 -1 -1 -1 0 
18 2 13 341 100 51 -1 -1 -1 0 
19 1 655 331 59 62 -1 -1 -1 0 
19 2 5 333 68 61 -1 -1 -1 0 
20 1 654 332 59 60 -1 -1 -1 0 
20 2 0 333 43 63 -1 -1 -1 0 
21 1 655 332 57 60 -1 -1 -1 0 
22 1 655 333 57 59 -1 -1 -1 0 
23 1 654 333 58 59 -1 -1 -1 0 
24 1 655 332 57 60 -1 -1 -1 0 
25 1 655 332 57 59 -1 -1 -1 0 
26 1 654 332 58 59 -1 -1 -1 0 
27 1 654 332 58 59 -1 -1 -1 0 
28 1 654 333 59 59 -1 -1 -1 0 
29 1 655 333 58 59 -1 -1 -1 0 
30 1 654 333 60 59 -1 -1 -1 0 
31 1 655 333 59 59 -1 -1 -1 0 
32 1 656 333 57 59 -1 -1 -1 0 
33 1 656 334 57 58 -1 -1 -1 0 
34 1 656 334 57 58 -1 -1 -1 0 
35 1 657 334 56 58 -1 -1 -1 0 
36 1 658 333 55 59 -1 -1 -1 0 
37 1 657 333 57 59 -1 -1 -1 0 
38 1 658 333 56 59 -1 -1 -1 0 
39 1 658 333 57 59 -1 -1 -1 0 
40 1 658 332 56 60 -1 -1 -1 0 
