3 1 903 329 372 234 -1 -1 -1 0 
3 2 748 325 35 47 -1 -1 -1 0 
3 3 5 241 48 181 -1 -1 -1 0 
3 4 697 332 32 42 -1 -1 -1 0 
3 5 830 316 33 42 -1 -1 -1 0 
4 1 896 330 378 231 -1 -1 -1 0 
4 2 749 324 33 48 -1 -1 -1 0 
4 3 0 238 25 185 -1 -1 -1 0 
4 4 696 332 33 42 -1 -1 -1 0 
4 5 830 316 33 42 -1 -1 -1 0 
5 1 896 328 376 233 -1 -1 -1 0 
5 2 749 324 32 47 -1 -1 -1 0 
5 4 697 332 32 42 -1 -1 -1 0 
5 5 829 317 34 41 -1 -1 -1 0 
6 1 894 329 382 232 -1 -1 -1 0 
6 2 748 324 34 47 -1 -1 -1 0 
6 4 696 331 34 43 -1 -1 -1 0 
6 5 828 318 34 40 -1 -1 -1 0 
6 10 656 331 27 39 -1 -1 -1 0 
7 1 897 329 380 232 -1 -1 -1 0 
7 2 748 323 34 48 -1 -1 -1 0 
7 4 696 331 33 43 -1 -1 -1 0 
7 5 828 319 33 38 -1 -1 -1 0 
7 10 655 330 28 41 -1 -1 -1 0 
8 1 893 334 386 219 -1 -1 -1 0 
8 2 747 325 35 47 -1 -1 -1 0 
8 4 696 331 33 43 -1 -1 -1 0 
8 5 828 319 32 38 -1 -1 -1 0 
8 10 655 330 28 41 -1 -1 -1 0 
8 13 339 344 73 51 -1 -1 -1 0 
9 1 897 333 382 218 -1 -1 -1 0 
9 2 747 325 35 47 -1 -1 -1 0 
9 4 695 331 36 42 -1 -1 -1 0 
9 5 827 319 33 38 -1 -1 -1 0 
9 10 654 330 29 41 -1 -1 -1 0 
9 13 284 345 95 58 -1 -1 -1 0 
9 14 485 342 44 35 -1 -1 -1 0 
10 1 896 332 383 217 -1 -1 -1 0 
10 2 747 325 35 47 -1 -1 -1 0 
10 4 696 331 34 42 -1 -1 -1 0 
10 5 824 321 36 36 -1 -1 -1 0 
10 10 655 330 27 41 -1 -1 -1 0 
10 13 216 344 117 69 -1 -1 -1 0 
10 14 465 345 51 34 -1 -1 -1 0 
11 1 895 332 384 216 -1 -1 -1 0 
11 2 748 325 34 47 -1 -1 -1 0 
11 4 697 332 33 42 -1 -1 -1 0 
11 5 825 321 34 37 -1 -1 -1 0 
11 10 655 330 27 42 -1 -1 -1 0 
11 13 124 348 123 77 -1 -1 -1 0 
11 14 444 346 57 36 -1 -1 -1 0 
12 1 895 331 383 218 -1 -1 -1 0 
12 2 748 326 34 46 -1 -1 -1 0 
12 4 697 332 33 42 -1 -1 -1 0 
12 5 825 321 33 37 -1 -1 -1 0 
12 13 66 350 133 83 -1 -1 -1 0 
12 14 419 347 56 40 -1 -1 -1 0 
13 1 893 330 385 220 -1 -1 -1 0 
13 2 748 326 34 47 -1 -1 -1 0 
13 4 697 332 33 42 -1 -1 -1 0 
13 5 824 321 34 37 -1 -1 -1 0 
13 10 656 334 27 37 -1 -1 -1 0 
13 14 435 348 31 38 -1 -1 -1 0 
14 1 889 331 390 220 -1 -1 -1 0 
14 2 748 325 34 48 -1 -1 -1 0 
14 4 696 333 34 41 -1 -1 -1 0 
14 5 824 321 34 36 -1 -1 -1 0 
14 10 656 334 27 37 -1 -1 -1 0 
14 14 423 349 31 39 -1 -1 -1 0 
14 16 272 343 76 50 -1 -1 -1 0 
15 1 890 330 389 219 -1 -1 -1 0 
15 2 747 324 35 48 -1 -1 -1 0 
15 4 697 332 33 43 -1 -1 -1 0 
15 5 823 320 35 37 -1 -1 -1 0 
15 10 657 334 25 36 -1 -1 -1 0 
15 14 390 348 51 40 -1 -1 -1 0 
15 16 230 347 68 50 -1 -1 -1 0 
16 1 889 332 390 214 -1 -1 -1 0 
16 2 746 324 36 47 -1 -1 -1 0 
16 4 697 332 33 42 -1 -1 -1 0 
16 5 822 320 36 37 -1 -1 -1 0 
16 10 593 336 26 33 -1 -1 -1 0 
16 14 359 348 59 44 -1 -1 -1 0 
16 16 180 348 68 56 -1 -1 -1 0 
17 1 885 337 394 205 -1 -1 -1 0 
17 2 747 323 34 48 -1 -1 -1 0 
17 4 696 332 34 41 -1 -1 -1 0 
17 5 821 320 36 37 -1 -1 -1 0 
17 10 565 335 27 34 -1 -1 -1 0 
17 14 321 351 72 47 -1 -1 -1 0 
17 16 144 349 71 58 -1 -1 -1 0 
18 1 891 337 388 202 -1 -1 -1 0 
18 2 746 323 36 47 -1 -1 -1 0 
18 4 696 331 32 42 -1 -1 -1 0 
18 5 820 320 36 37 -1 -1 -1 0 
18 10 550 334 30 36 -1 -1 -1 0 
18 14 279 353 83 50 -1 -1 -1 0 
19 1 895 336 383 202 -1 -1 -1 0 
19 2 746 322 35 48 -1 -1 -1 0 
19 4 696 331 31 41 -1 -1 -1 0 
19 5 819 319 35 39 -1 -1 -1 0 
19 10 542 335 28 35 -1 -1 -1 0 
19 14 228 355 98 54 -1 -1 -1 0 
20 1 891 339 388 200 -1 -1 -1 0 
20 2 744 324 37 47 -1 -1 -1 0 
20 4 694 331 33 41 -1 -1 -1 0 
20 5 818 319 36 39 -1 -1 -1 0 
20 10 534 336 27 35 -1 -1 -1 0 
20 14 170 356 116 60 -1 -1 -1 0 
20 16 2 345 73 81 -1 -1 -1 0 
21 1 886 341 393 197 -1 -1 -1 0 
21 2 744 324 36 48 -1 -1 -1 0 
21 4 693 331 32 42 -1 -1 -1 0 
21 5 817 319 36 40 -1 -1 -1 0 
21 10 525 335 31 38 -1 -1 -1 0 
21 14 135 358 125 62 -1 -1 -1 0 
21 16 0 346 34 85 -1 -1 -1 0 
22 1 886 340 392 200 -1 -1 -1 0 
22 2 743 326 36 47 -1 -1 -1 0 
22 4 692 331 33 42 -1 -1 -1 0 
22 5 816 319 38 41 -1 -1 -1 0 
22 10 517 336 32 38 -1 -1 -1 0 
23 1 882 341 397 198 -1 -1 -1 0 
23 2 741 328 37 45 -1 -1 -1 0 
23 4 691 331 33 42 -1 -1 -1 0 
23 5 816 319 37 42 -1 -1 -1 0 
23 10 507 334 39 40 -1 -1 -1 0 
24 1 884 340 390 200 -1 -1 -1 0 
24 2 739 328 37 45 -1 -1 -1 0 
24 4 690 331 33 42 -1 -1 -1 0 
24 5 815 320 35 41 -1 -1 -1 0 
24 10 496 333 44 41 -1 -1 -1 0 
25 1 879 339 390 200 -1 -1 -1 0 
25 2 738 328 37 45 -1 -1 -1 0 
25 4 689 331 33 43 -1 -1 -1 0 
25 5 814 321 35 41 -1 -1 -1 0 
25 10 483 330 51 46 -1 -1 -1 0 
26 1 876 337 381 200 -1 -1 -1 0 
26 2 737 327 37 46 -1 -1 -1 0 
26 4 688 331 34 42 -1 -1 -1 0 
26 5 813 321 36 40 -1 -1 -1 0 
26 10 472 328 56 49 -1 -1 -1 0 
27 1 864 336 393 198 -1 -1 -1 0 
27 2 735 327 38 46 -1 -1 -1 0 
27 4 686 329 35 44 -1 -1 -1 0 
27 5 813 322 34 39 -1 -1 -1 0 
27 10 458 328 63 50 -1 -1 -1 0 
27 37 646 337 24 33 -1 -1 -1 0 
28 1 862 335 388 195 -1 -1 -1 0 
28 2 734 326 38 47 -1 -1 -1 0 
28 4 686 329 34 44 -1 -1 -1 0 
28 5 811 322 36 40 -1 -1 -1 0 
28 10 446 325 65 53 -1 -1 -1 0 
28 37 645 336 25 35 -1 -1 -1 0 
29 1 862 337 380 191 -1 -1 -1 0 
29 2 732 326 40 47 -1 -1 -1 0 
29 4 686 329 32 44 -1 -1 -1 0 
29 5 811 322 35 40 -1 -1 -1 0 
29 10 429 326 74 54 -1 -1 -1 0 
29 37 645 337 24 34 -1 -1 -1 0 
30 1 861 341 377 186 -1 -1 -1 0 
30 2 732 325 38 48 -1 -1 -1 0 
30 4 685 329 32 46 -1 -1 -1 0 
30 5 809 322 37 41 -1 -1 -1 0 
30 10 410 324 81 57 -1 -1 -1 0 
30 37 644 337 25 34 -1 -1 -1 0 
31 1 864 341 362 186 -1 -1 -1 0 
31 2 730 325 39 49 -1 -1 -1 0 
31 4 684 329 32 47 -1 -1 -1 0 
31 5 808 323 37 40 -1 -1 -1 0 
31 10 395 323 78 61 -1 -1 -1 0 
31 37 644 337 24 34 -1 -1 -1 0 
31 39 501 316 46 56 -1 -1 -1 0 
32 1 865 339 353 184 -1 -1 -1 0 
32 2 729 324 39 52 -1 -1 -1 0 
32 4 683 329 32 48 -1 -1 -1 0 
32 5 807 324 37 39 -1 -1 -1 0 
32 10 379 331 56 56 -1 -1 -1 0 
32 37 643 337 24 35 -1 -1 -1 0 
32 39 498 316 47 56 -1 -1 -1 0 
32 40 1168 339 111 117 -1 -1 -1 0 
33 1 867 339 343 182 -1 -1 -1 0 
33 2 727 324 41 52 -1 -1 -1 0 
33 4 682 331 32 45 -1 -1 -1 0 
33 5 806 325 37 38 -1 -1 -1 0 
33 10 348 331 74 61 -1 -1 -1 0 
33 37 641 337 26 35 -1 -1 -1 0 
33 40 1162 338 117 98 -1 -1 -1 0 
34 1 871 341 331 178 -1 -1 -1 0 
34 2 728 323 39 54 -1 -1 -1 0 
34 4 681 332 33 44 -1 -1 -1 0 
34 5 806 325 37 38 -1 -1 -1 0 
34 10 321 327 75 68 -1 -1 -1 0 
34 37 640 337 26 35 -1 -1 -1 0 
34 39 472 320 57 53 -1 -1 -1 0 
34 40 1157 341 122 88 -1 -1 -1 0 
35 1 872 342 324 175 -1 -1 -1 0 
35 2 728 323 39 53 -1 -1 -1 0 
35 4 681 332 31 44 -1 -1 -1 0 
35 5 807 324 35 39 -1 -1 -1 0 
35 10 281 327 91 70 -1 -1 -1 0 
35 37 641 337 23 35 -1 -1 -1 0 
35 39 462 317 58 58 -1 -1 -1 0 
35 40 1153 342 122 80 -1 -1 -1 0 
36 1 870 340 321 174 -1 -1 -1 0 
36 2 728 324 39 51 -1 -1 -1 0 
36 4 681 333 31 43 -1 -1 -1 0 
36 5 805 324 37 39 -1 -1 -1 0 
36 10 237 327 101 75 -1 -1 -1 0 
36 37 641 338 24 33 -1 -1 -1 0 
36 39 450 317 65 59 -1 -1 -1 0 
36 40 1154 340 122 78 -1 -1 -1 0 
37 1 868 334 314 177 -1 -1 -1 0 
37 2 728 324 38 51 -1 -1 -1 0 
37 4 681 333 30 42 -1 -1 -1 0 
37 5 806 324 36 39 -1 -1 -1 0 
37 10 212 326 107 79 -1 -1 -1 0 
37 37 641 338 22 33 -1 -1 -1 0 
37 39 434 319 78 57 -1 -1 -1 0 
37 40 1159 338 117 79 -1 -1 -1 0 
38 1 865 331 314 178 -1 -1 -1 0 
38 2 728 325 38 51 -1 -1 -1 0 
38 4 681 333 30 42 -1 -1 -1 0 
38 5 806 324 36 40 -1 -1 -1 0 
38 37 640 338 23 34 -1 -1 -1 0 
38 39 420 318 84 59 -1 -1 -1 0 
38 40 1163 336 113 80 -1 -1 -1 0 
38 44 527 344 22 24 -1 -1 -1 0 
39 1 858 330 319 176 -1 -1 -1 0 
39 2 729 326 36 50 -1 -1 -1 0 
39 4 681 333 29 42 -1 -1 -1 0 
39 5 807 325 35 40 -1 -1 -1 0 
39 37 640 338 24 35 -1 -1 -1 0 
39 39 413 316 83 64 -1 -1 -1 0 
39 40 1170 335 103 81 -1 -1 -1 0 
39 44 521 343 21 25 -1 -1 -1 0 
40 1 859 330 312 174 -1 -1 -1 0 
40 2 729 327 36 49 -1 -1 -1 0 
40 4 681 333 29 42 -1 -1 -1 0 
40 5 805 326 38 39 -1 -1 -1 0 
40 37 640 338 23 35 -1 -1 -1 0 
40 39 402 316 85 66 -1 -1 -1 0 
40 40 1176 335 98 82 -1 -1 -1 0 
40 44 515 343 20 26 -1 -1 -1 0 
