3 1 759 329 73 67 -1 -1 -1 0 
3 2 535 329 28 39 -1 -1 -1 0 
3 3 910 313 204 104 -1 -1 -1 0 
4 1 759 327 72 69 -1 -1 -1 0 
4 2 529 325 30 42 -1 -1 -1 0 
4 3 914 311 192 104 -1 -1 -1 0 
5 1 758 326 73 69 -1 -1 -1 0 
5 2 521 323 33 43 -1 -1 -1 0 
5 3 914 308 194 106 -1 -1 -1 0 
6 1 758 326 72 68 -1 -1 -1 0 
6 2 514 322 35 46 -1 -1 -1 0 
6 3 915 304 215 115 -1 -1 -1 0 
7 1 757 327 72 68 -1 -1 -1 0 
7 2 509 320 36 48 -1 -1 -1 0 
7 3 917 296 235 126 -1 -1 -1 0 
8 1 757 327 72 68 -1 -1 -1 0 
8 2 501 326 34 45 -1 -1 -1 0 
8 3 920 295 244 130 -1 -1 -1 0 
9 1 757 329 71 68 -1 -1 -1 0 
9 2 495 325 35 47 -1 -1 -1 0 
9 3 923 298 242 129 -1 -1 -1 0 
10 1 757 330 72 67 -1 -1 -1 0 
10 2 485 328 34 47 -1 -1 -1 0 
10 3 924 296 258 133 -1 -1 -1 0 
11 1 756 330 73 67 -1 -1 -1 0 
11 2 475 329 38 49 -1 -1 -1 0 
11 3 927 295 263 133 -1 -1 -1 0 
12 1 756 331 73 65 -1 -1 -1 0 
12 2 466 327 38 51 -1 -1 -1 0 
12 3 931 299 266 128 -1 -1 -1 0 
13 1 758 329 70 67 -1 -1 -1 0 
13 2 454 326 37 53 -1 -1 -1 0 
13 3 938 302 259 126 -1 -1 -1 0 
13 8 943 318 153 97 -1 -1 -1 0 
14 1 757 327 72 67 -1 -1 -1 0 
14 2 446 326 38 54 -1 -1 -1 0 
14 3 940 300 266 134 -1 -1 -1 0 
14 8 939 317 179 100 -1 -1 -1 0 
15 1 756 325 73 67 -1 -1 -1 0 
15 2 426 322 39 56 -1 -1 -1 0 
15 3 948 302 242 132 -1 -1 -1 0 
15 8 942 317 181 100 -1 -1 -1 0 
16 1 756 325 73 67 -1 -1 -1 0 
16 2 410 321 42 59 -1 -1 -1 0 
16 3 937 301 296 135 -1 -1 -1 0 
16 8 952 316 173 100 -1 -1 -1 0 
17 1 756 324 73 67 -1 -1 -1 0 
17 2 389 321 48 61 -1 -1 -1 0 
17 3 948 300 302 140 -1 -1 -1 0 
17 8 953 316 189 104 -1 -1 -1 0 
17 10 229 350 79 48 -1 -1 -1 0 
18 1 756 324 73 69 -1 -1 -1 0 
18 2 368 320 51 65 -1 -1 -1 0 
18 3 955 302 303 140 -1 -1 -1 0 
18 8 957 315 191 105 -1 -1 -1 0 
18 10 182 351 88 52 -1 -1 -1 0 
19 1 757 324 71 69 -1 -1 -1 0 
19 2 342 324 56 66 -1 -1 -1 0 
19 3 971 306 248 133 -1 -1 -1 0 
19 10 129 354 100 58 -1 -1 -1 0 
20 1 758 324 69 70 -1 -1 -1 0 
20 2 313 325 61 70 -1 -1 -1 0 
20 3 969 304 258 142 -1 -1 -1 0 
20 10 63 360 114 61 -1 -1 -1 0 
20 12 549 337 25 30 -1 -1 -1 0 
20 13 1114 322 165 276 -1 -1 -1 0 
21 1 757 326 71 71 -1 -1 -1 0 
21 2 277 329 67 72 -1 -1 -1 0 
21 3 974 306 263 143 -1 -1 -1 0 
21 10 0 368 109 62 -1 -1 -1 0 
21 12 542 341 29 28 -1 -1 -1 0 
21 13 1114 322 165 276 -1 -1 -1 0 
21 14 586 338 20 25 -1 -1 -1 0 
22 1 756 327 73 71 -1 -1 -1 0 
22 2 231 336 70 72 -1 -1 -1 0 
22 3 973 304 291 147 -1 -1 -1 0 
22 10 0 372 61 64 -1 -1 -1 0 
22 12 538 343 28 28 -1 -1 -1 0 
22 14 583 340 20 26 -1 -1 -1 0 
23 1 756 327 73 72 -1 -1 -1 0 
23 2 175 346 76 72 -1 -1 -1 0 
23 3 979 304 294 147 -1 -1 -1 0 
23 12 532 345 27 30 -1 -1 -1 0 
23 14 580 342 21 26 -1 -1 -1 0 
24 1 758 328 72 72 -1 -1 -1 0 
24 2 146 348 79 74 -1 -1 -1 0 
24 3 996 301 266 149 -1 -1 -1 0 
24 12 525 345 30 32 -1 -1 -1 0 
24 14 579 343 20 27 -1 -1 -1 0 
25 1 758 328 72 70 -1 -1 -1 0 
25 3 997 301 273 145 -1 -1 -1 0 
25 12 519 345 28 32 -1 -1 -1 0 
25 13 1117 343 162 259 -1 -1 -1 0 
25 14 576 342 22 27 -1 -1 -1 0 
26 1 759 328 71 69 -1 -1 -1 0 
26 3 1000 299 276 145 -1 -1 -1 0 
26 12 511 344 30 33 -1 -1 -1 0 
26 13 1118 346 161 257 -1 -1 -1 0 
26 14 572 340 23 29 -1 -1 -1 0 
27 1 759 328 71 67 -1 -1 -1 0 
27 3 1012 298 256 142 -1 -1 -1 0 
27 12 504 342 32 37 -1 -1 -1 0 
27 14 567 339 23 30 -1 -1 -1 0 
28 1 760 327 69 68 -1 -1 -1 0 
28 3 1016 299 247 142 -1 -1 -1 0 
28 12 493 342 37 39 -1 -1 -1 0 
28 14 563 339 23 30 -1 -1 -1 0 
29 1 759 327 71 68 -1 -1 -1 0 
29 3 1023 300 243 139 -1 -1 -1 0 
29 12 482 342 40 42 -1 -1 -1 0 
29 14 559 339 25 31 -1 -1 -1 0 
30 1 759 327 71 68 -1 -1 -1 0 
30 3 1035 300 235 135 -1 -1 -1 0 
30 12 467 342 46 45 -1 -1 -1 0 
30 14 554 337 27 33 -1 -1 -1 0 
31 1 758 326 73 69 -1 -1 -1 0 
31 3 1046 300 231 133 -1 -1 -1 0 
31 12 452 343 51 44 -1 -1 -1 0 
31 14 549 336 29 35 -1 -1 -1 0 
32 1 759 327 72 68 -1 -1 -1 0 
32 3 1058 301 214 148 -1 -1 -1 0 
32 12 437 346 48 44 -1 -1 -1 0 
32 14 544 336 29 36 -1 -1 -1 0 
33 1 758 327 73 68 -1 -1 -1 0 
33 3 1059 302 217 150 -1 -1 -1 0 
33 12 451 344 33 40 -1 -1 -1 0 
33 14 539 335 31 38 -1 -1 -1 0 
34 1 759 327 72 68 -1 -1 -1 0 
34 3 1064 304 215 137 -1 -1 -1 0 
34 12 441 346 33 39 -1 -1 -1 0 
34 14 533 334 33 40 -1 -1 -1 0 
35 1 759 328 73 66 -1 -1 -1 0 
35 3 1085 306 183 133 -1 -1 -1 0 
35 12 423 346 42 41 -1 -1 -1 0 
35 14 526 333 35 41 -1 -1 -1 0 
36 1 760 328 71 66 -1 -1 -1 0 
36 3 1086 306 190 131 -1 -1 -1 0 
36 12 401 346 47 43 -1 -1 -1 0 
36 13 1092 305 187 283 -1 -1 -1 0 
36 14 519 336 33 40 -1 -1 -1 0 
37 1 759 328 72 66 -1 -1 -1 0 
37 3 1099 306 175 129 -1 -1 -1 0 
37 12 374 348 41 43 -1 -1 -1 0 
37 13 1091 303 188 284 -1 -1 -1 0 
37 14 509 337 37 40 -1 -1 -1 0 
38 1 759 328 72 66 -1 -1 -1 0 
38 3 1115 307 154 132 -1 -1 -1 0 
38 12 344 349 44 45 -1 -1 -1 0 
38 13 1104 314 174 286 -1 -1 -1 0 
38 14 500 337 39 41 -1 -1 -1 0 
39 1 759 327 71 67 -1 -1 -1 0 
39 3 1123 305 146 137 -1 -1 -1 0 
39 12 310 350 52 48 -1 -1 -1 0 
39 13 1109 315 169 288 -1 -1 -1 0 
39 14 489 337 42 42 -1 -1 -1 0 
40 1 758 327 71 66 -1 -1 -1 0 
40 3 1130 304 145 140 -1 -1 -1 0 
40 12 270 347 66 54 -1 -1 -1 0 
40 13 1109 316 170 286 -1 -1 -1 0 
40 14 478 334 44 47 -1 -1 -1 0 
