3 1 648 326 80 82 -1 -1 -1 0 
3 2 760 330 22 28 -1 -1 -1 0 
3 3 809 330 35 39 -1 -1 -1 0 
3 4 714 333 20 27 -1 -1 -1 0 
4 1 654 327 80 81 -1 -1 -1 0 
4 2 761 331 20 28 -1 -1 -1 0 
4 3 809 330 36 39 -1 -1 -1 0 
4 4 715 334 18 25 -1 -1 -1 0 
5 1 658 326 79 81 -1 -1 -1 0 
5 2 761 330 21 28 -1 -1 -1 0 
5 3 808 328 37 41 -1 -1 -1 0 
5 7 459 330 31 34 -1 -1 -1 0 
6 1 661 325 78 81 -1 -1 -1 0 
6 2 762 330 20 28 -1 -1 -1 0 
6 3 807 329 38 40 -1 -1 -1 0 
6 7 444 330 36 36 -1 -1 -1 0 
7 1 665 326 74 80 -1 -1 -1 0 
7 2 762 330 19 29 -1 -1 -1 0 
7 3 807 328 38 41 -1 -1 -1 0 
7 7 430 332 31 35 -1 -1 -1 0 
8 1 667 328 78 77 -1 -1 -1 0 
8 2 761 330 21 29 -1 -1 -1 0 
8 3 807 328 39 40 -1 -1 -1 0 
8 7 416 332 39 36 -1 -1 -1 0 
9 1 672 326 76 78 -1 -1 -1 0 
9 2 762 329 20 30 -1 -1 -1 0 
9 3 808 328 39 41 -1 -1 -1 0 
9 4 664 330 24 30 -1 -1 -1 0 
9 7 400 331 43 39 -1 -1 -1 0 
10 1 676 324 73 81 -1 -1 -1 0 
10 2 762 329 21 30 -1 -1 -1 0 
10 3 807 328 41 41 -1 -1 -1 0 
10 4 659 331 25 33 -1 -1 -1 0 
10 7 383 331 48 40 -1 -1 -1 0 
11 1 679 324 72 80 -1 -1 -1 0 
11 2 762 329 22 29 -1 -1 -1 0 
11 3 809 328 38 41 -1 -1 -1 0 
11 4 657 331 27 35 -1 -1 -1 0 
11 7 363 332 54 40 -1 -1 -1 0 
12 1 681 324 71 80 -1 -1 -1 0 
12 2 762 329 22 29 -1 -1 -1 0 
12 3 808 328 40 42 -1 -1 -1 0 
12 4 657 331 27 35 -1 -1 -1 0 
12 7 344 332 48 43 -1 -1 -1 0 
13 1 684 324 70 80 -1 -1 -1 0 
13 2 763 330 19 27 -1 -1 -1 0 
13 3 809 330 39 40 -1 -1 -1 0 
13 4 658 331 28 35 -1 -1 -1 0 
13 7 321 333 47 44 -1 -1 -1 0 
14 1 686 326 71 77 -1 -1 -1 0 
14 2 762 330 20 27 -1 -1 -1 0 
14 3 810 330 38 39 -1 -1 -1 0 
14 4 659 331 31 35 -1 -1 -1 0 
14 7 297 335 43 45 -1 -1 -1 0 
15 1 689 326 72 77 -1 -1 -1 0 
15 2 763 330 19 27 -1 -1 -1 0 
15 3 809 330 40 39 -1 -1 -1 0 
15 4 659 332 29 34 -1 -1 -1 0 
15 7 267 334 53 48 -1 -1 -1 0 
16 1 694 326 68 76 -1 -1 -1 0 
16 2 764 331 18 26 -1 -1 -1 0 
16 3 809 330 40 39 -1 -1 -1 0 
16 4 660 332 28 34 -1 -1 -1 0 
16 7 235 331 58 53 -1 -1 -1 0 
17 1 698 327 66 74 -1 -1 -1 0 
17 3 808 330 41 39 -1 -1 -1 0 
17 4 660 332 28 34 -1 -1 -1 0 
17 7 214 331 60 54 -1 -1 -1 0 
18 1 701 327 65 74 -1 -1 -1 0 
18 3 808 330 42 39 -1 -1 -1 0 
18 4 660 331 28 35 -1 -1 -1 0 
19 1 705 327 63 75 -1 -1 -1 0 
19 4 661 331 27 35 -1 -1 -1 0 
20 1 708 326 64 76 -1 -1 -1 0 
20 4 660 330 28 36 -1 -1 -1 0 
20 7 224 335 56 42 -1 -1 -1 0 
21 1 711 325 65 77 -1 -1 -1 0 
21 4 660 330 28 37 -1 -1 -1 0 
21 7 211 337 46 45 -1 -1 -1 0 
22 1 714 324 65 78 -1 -1 -1 0 
22 4 661 330 27 37 -1 -1 -1 0 
22 7 198 337 47 46 -1 -1 -1 0 
23 1 717 325 63 77 -1 -1 -1 0 
23 4 662 330 26 37 -1 -1 -1 0 
24 1 719 325 65 77 -1 -1 -1 0 
24 4 661 329 28 38 -1 -1 -1 0 
25 1 721 324 66 77 -1 -1 -1 0 
25 4 661 330 28 37 -1 -1 -1 0 
26 1 725 323 66 78 -1 -1 -1 0 
26 4 662 330 27 36 -1 -1 -1 0 
27 1 728 323 66 77 -1 -1 -1 0 
27 4 664 329 25 37 -1 -1 -1 0 
28 1 731 324 65 76 -1 -1 -1 0 
28 4 664 328 26 38 -1 -1 -1 0 
28 7 176 332 75 56 -1 -1 -1 0 
29 1 733 325 66 74 -1 -1 -1 0 
29 4 664 327 26 39 -1 -1 -1 0 
29 7 169 332 77 57 -1 -1 -1 0 
30 1 735 326 69 71 -1 -1 -1 0 
30 4 663 327 28 37 -1 -1 -1 0 
31 1 739 326 65 71 -1 -1 -1 0 
31 4 663 327 28 37 -1 -1 -1 0 
32 1 741 327 66 70 -1 -1 -1 0 
32 4 664 328 27 36 -1 -1 -1 0 
33 1 742 327 69 70 -1 -1 -1 0 
33 4 665 329 25 35 -1 -1 -1 0 
34 1 745 328 65 70 -1 -1 -1 0 
34 3 718 328 21 34 -1 -1 -1 0 
34 4 666 330 25 34 -1 -1 -1 0 
35 1 747 330 64 70 -1 -1 -1 0 
35 2 506 335 25 25 -1 -1 -1 0 
35 3 714 328 23 34 -1 -1 -1 0 
35 4 666 330 26 35 -1 -1 -1 0 
36 1 748 329 66 71 -1 -1 -1 0 
36 2 493 336 25 25 -1 -1 -1 0 
36 3 713 330 24 33 -1 -1 -1 0 
36 4 667 330 25 35 -1 -1 -1 0 
37 1 750 327 66 73 -1 -1 -1 0 
37 3 714 330 22 33 -1 -1 -1 0 
37 4 667 330 25 35 -1 -1 -1 0 
38 1 752 325 65 74 -1 -1 -1 0 
38 3 714 329 23 33 -1 -1 -1 0 
38 4 667 329 25 37 -1 -1 -1 0 
39 1 754 325 66 74 -1 -1 -1 0 
39 3 715 329 22 33 -1 -1 -1 0 
39 4 668 330 25 36 -1 -1 -1 0 
40 1 755 325 68 74 -1 -1 -1 0 
40 3 715 329 23 34 -1 -1 -1 0 
40 4 764 330 37 37 -1 -1 -1 0 
40 7 163 357 82 50 -1 -1 -1 0 
