3 1 667 328 44 52 -1 -1 -1 0 
3 2 725 328 23 30 -1 -1 -1 0 
4 1 667 327 44 53 -1 -1 -1 0 
4 2 726 328 21 30 -1 -1 -1 0 
5 1 666 327 45 53 -1 -1 -1 0 
5 2 726 327 22 31 -1 -1 -1 0 
6 1 666 329 45 51 -1 -1 -1 0 
6 2 727 328 22 31 -1 -1 -1 0 
7 1 666 329 45 52 -1 -1 -1 0 
7 2 727 328 22 31 -1 -1 -1 0 
8 1 666 329 45 52 -1 -1 -1 0 
8 2 729 328 20 31 -1 -1 -1 0 
9 1 667 330 44 51 -1 -1 -1 0 
9 2 730 328 20 30 -1 -1 -1 0 
9 6 1 346 25 66 -1 -1 -1 0 
10 1 667 330 43 51 -1 -1 -1 0 
10 2 729 328 22 30 -1 -1 -1 0 
10 6 0 354 52 66 -1 -1 -1 0 
11 1 667 330 44 52 -1 -1 -1 0 
11 2 730 328 22 30 -1 -1 -1 0 
11 6 0 357 60 72 -1 -1 -1 0 
12 1 667 330 45 52 -1 -1 -1 0 
12 2 731 328 21 30 -1 -1 -1 0 
13 1 667 331 45 52 -1 -1 -1 0 
13 2 732 329 21 30 -1 -1 -1 0 
14 1 667 331 46 51 -1 -1 -1 0 
14 2 732 329 21 30 -1 -1 -1 0 
15 1 666 331 47 50 -1 -1 -1 0 
15 2 733 330 21 29 -1 -1 -1 0 
16 1 667 332 45 49 -1 -1 -1 0 
16 2 734 329 20 30 -1 -1 -1 0 
16 12 545 335 21 24 -1 -1 -1 0 
17 1 666 332 47 49 -1 -1 -1 0 
17 2 734 329 21 30 -1 -1 -1 0 
17 12 541 335 19 25 -1 -1 -1 0 
17 13 261 343 67 45 -1 -1 -1 0 
18 1 668 331 43 52 -1 -1 -1 0 
18 2 734 329 21 30 -1 -1 -1 0 
18 12 535 334 22 26 -1 -1 -1 0 
18 13 247 342 69 47 -1 -1 -1 0 
19 1 668 331 43 52 -1 -1 -1 0 
19 2 734 329 22 30 -1 -1 -1 0 
19 12 532 334 22 27 -1 -1 -1 0 
19 13 189 348 83 45 -1 -1 -1 0 
20 1 667 331 46 50 -1 -1 -1 0 
20 2 735 330 21 29 -1 -1 -1 0 
20 12 521 334 28 28 -1 -1 -1 0 
20 13 164 349 86 47 -1 -1 -1 0 
21 1 668 330 44 52 -1 -1 -1 0 
21 2 736 330 20 29 -1 -1 -1 0 
21 12 514 335 29 28 -1 -1 -1 0 
22 1 667 330 45 51 -1 -1 -1 0 
22 2 736 330 20 29 -1 -1 -1 0 
22 12 506 335 30 29 -1 -1 -1 0 
22 13 47 355 84 55 -1 -1 -1 0 
23 1 667 331 44 52 -1 -1 -1 0 
23 2 736 330 20 29 -1 -1 -1 0 
23 12 500 336 31 29 -1 -1 -1 0 
23 13 8 357 86 57 -1 -1 -1 0 
24 1 667 331 43 52 -1 -1 -1 0 
24 2 736 331 20 28 -1 -1 -1 0 
24 12 509 335 23 27 -1 -1 -1 0 
25 1 666 330 43 54 -1 -1 -1 0 
25 2 736 331 20 29 -1 -1 -1 0 
25 12 504 335 23 27 -1 -1 -1 0 
26 1 666 330 43 54 -1 -1 -1 0 
26 2 736 332 20 28 -1 -1 -1 0 
26 12 498 333 23 29 -1 -1 -1 0 
27 1 665 330 45 53 -1 -1 -1 0 
27 2 735 332 21 28 -1 -1 -1 0 
27 12 487 333 31 30 -1 -1 -1 0 
28 1 666 329 43 54 -1 -1 -1 0 
28 2 735 331 22 29 -1 -1 -1 0 
28 12 481 333 30 32 -1 -1 -1 0 
29 1 665 329 46 53 -1 -1 -1 0 
29 2 735 331 22 29 -1 -1 -1 0 
29 12 470 333 36 32 -1 -1 -1 0 
30 1 665 328 45 52 -1 -1 -1 0 
30 2 735 329 21 30 -1 -1 -1 0 
30 12 462 332 36 33 -1 -1 -1 0 
31 1 663 329 48 52 -1 -1 -1 0 
31 2 735 329 22 30 -1 -1 -1 0 
31 12 452 332 41 34 -1 -1 -1 0 
32 1 664 329 45 52 -1 -1 -1 0 
32 2 735 329 22 30 -1 -1 -1 0 
32 12 446 332 37 35 -1 -1 -1 0 
33 1 664 329 44 51 -1 -1 -1 0 
33 2 734 329 23 30 -1 -1 -1 0 
33 12 433 332 39 35 -1 -1 -1 0 
34 1 663 329 44 53 -1 -1 -1 0 
34 2 735 330 22 29 -1 -1 -1 0 
34 12 421 333 42 36 -1 -1 -1 0 
34 18 1103 355 175 236 -1 -1 -1 0 
35 1 661 330 48 53 -1 -1 -1 0 
35 2 735 330 22 29 -1 -1 -1 0 
35 12 411 333 43 37 -1 -1 -1 0 
35 18 1087 350 192 237 -1 -1 -1 0 
36 1 661 331 47 52 -1 -1 -1 0 
36 2 735 330 21 30 -1 -1 -1 0 
36 12 395 332 47 41 -1 -1 -1 0 
36 18 1070 349 209 234 -1 -1 -1 0 
37 1 661 332 45 52 -1 -1 -1 0 
37 2 734 331 22 29 -1 -1 -1 0 
37 12 380 331 50 42 -1 -1 -1 0 
37 18 1058 351 221 230 -1 -1 -1 0 
38 1 661 332 44 52 -1 -1 -1 0 
38 2 734 331 22 28 -1 -1 -1 0 
38 12 363 330 58 44 -1 -1 -1 0 
38 18 1045 355 234 218 -1 -1 -1 0 
39 1 661 332 43 53 -1 -1 -1 0 
39 2 735 331 21 28 -1 -1 -1 0 
39 12 342 329 64 48 -1 -1 -1 0 
39 18 1031 358 248 211 -1 -1 -1 0 
40 1 660 332 44 52 -1 -1 -1 0 
40 2 734 331 22 28 -1 -1 -1 0 
40 12 321 329 63 52 -1 -1 -1 0 
40 18 1023 356 254 212 -1 -1 -1 0 
