3 1 434 328 31 39 -1 -1 -1 0 
3 2 250 335 66 40 -1 -1 -1 0 
3 3 352 332 46 38 -1 -1 -1 0 
4 1 419 331 36 38 -1 -1 -1 0 
4 2 229 335 63 40 -1 -1 -1 0 
4 3 329 333 39 40 -1 -1 -1 0 
5 1 403 333 37 38 -1 -1 -1 0 
5 2 201 336 63 42 -1 -1 -1 0 
5 3 301 335 44 41 -1 -1 -1 0 
6 1 384 333 44 40 -1 -1 -1 0 
6 2 145 336 86 48 -1 -1 -1 0 
6 3 271 336 48 42 -1 -1 -1 0 
6 7 454 326 24 31 -1 -1 -1 0 
7 1 362 333 49 41 -1 -1 -1 0 
7 2 117 337 90 49 -1 -1 -1 0 
7 3 234 335 61 47 -1 -1 -1 0 
7 7 451 325 25 31 -1 -1 -1 0 
8 1 336 332 55 42 -1 -1 -1 0 
8 3 187 332 95 52 -1 -1 -1 0 
8 7 450 323 23 33 -1 -1 -1 0 
9 1 291 330 62 47 -1 -1 -1 0 
9 2 4 334 71 61 -1 -1 -1 0 
9 3 155 332 91 54 -1 -1 -1 0 
9 7 448 322 25 34 -1 -1 -1 0 
10 1 248 331 75 51 -1 -1 -1 0 
10 2 0 334 35 63 -1 -1 -1 0 
10 3 79 330 122 61 -1 -1 -1 0 
10 7 446 324 27 32 -1 -1 -1 0 
11 1 224 332 78 52 -1 -1 -1 0 
11 3 12 330 116 69 -1 -1 -1 0 
11 7 441 326 33 28 -1 -1 -1 0 
11 11 407 330 31 31 -1 -1 -1 0 
12 3 0 330 87 72 -1 -1 -1 0 
12 7 483 325 21 29 -1 -1 -1 0 
12 11 400 333 31 27 -1 -1 -1 0 
13 7 449 325 26 31 -1 -1 -1 0 
13 11 391 331 35 32 -1 -1 -1 0 
14 1 99 336 74 52 -1 -1 -1 0 
14 7 430 327 30 30 -1 -1 -1 0 
14 11 382 332 33 32 -1 -1 -1 0 
15 1 67 337 96 57 -1 -1 -1 0 
15 7 422 330 28 28 -1 -1 -1 0 
15 11 371 334 38 31 -1 -1 -1 0 
15 15 492 324 27 34 -1 -1 -1 0 
16 1 8 337 106 63 -1 -1 -1 0 
16 7 415 331 29 29 -1 -1 -1 0 
16 11 358 335 43 33 -1 -1 -1 0 
16 15 488 325 27 33 -1 -1 -1 0 
17 1 1 327 35 77 -1 -1 -1 0 
17 7 407 331 30 31 -1 -1 -1 0 
17 11 342 335 49 34 -1 -1 -1 0 
17 15 485 326 26 33 -1 -1 -1 0 
18 1 0 327 -4 79 -1 -1 -1 0 
18 7 398 329 31 34 -1 -1 -1 0 
18 11 327 336 50 35 -1 -1 -1 0 
18 15 480 325 29 35 -1 -1 -1 0 
19 7 389 328 34 35 -1 -1 -1 0 
19 11 310 336 51 36 -1 -1 -1 0 
19 15 476 324 29 36 -1 -1 -1 0 
19 19 427 332 24 29 -1 -1 -1 0 
20 7 378 328 39 36 -1 -1 -1 0 
20 11 290 334 55 39 -1 -1 -1 0 
20 15 470 324 31 37 -1 -1 -1 0 
20 19 419 332 27 28 -1 -1 -1 0 
21 7 366 328 42 36 -1 -1 -1 0 
21 11 265 334 67 40 -1 -1 -1 0 
21 15 463 324 33 36 -1 -1 -1 0 
21 19 414 331 27 28 -1 -1 -1 0 
22 7 352 326 42 38 -1 -1 -1 0 
22 11 240 332 70 43 -1 -1 -1 0 
22 15 457 324 32 37 -1 -1 -1 0 
22 19 405 331 32 28 -1 -1 -1 0 
23 7 336 325 48 41 -1 -1 -1 0 
23 11 206 330 79 48 -1 -1 -1 0 
23 15 449 325 34 37 -1 -1 -1 0 
23 19 399 331 27 31 -1 -1 -1 0 
23 20 503 320 24 34 -1 -1 -1 0 
24 7 320 325 52 43 -1 -1 -1 0 
24 11 176 332 83 50 -1 -1 -1 0 
24 15 440 325 34 39 -1 -1 -1 0 
24 19 388 331 33 31 -1 -1 -1 0 
24 20 502 319 24 36 -1 -1 -1 0 
25 7 299 325 62 45 -1 -1 -1 0 
25 11 132 333 94 52 -1 -1 -1 0 
25 15 427 325 41 41 -1 -1 -1 0 
25 19 381 328 33 35 -1 -1 -1 0 
25 20 500 318 25 38 -1 -1 -1 0 
26 7 279 325 68 46 -1 -1 -1 0 
26 11 86 333 97 55 -1 -1 -1 0 
26 15 414 324 44 44 -1 -1 -1 0 
26 19 369 331 36 33 -1 -1 -1 0 
26 20 498 317 27 40 -1 -1 -1 0 
27 7 251 326 75 47 -1 -1 -1 0 
27 11 18 334 112 59 -1 -1 -1 0 
27 15 400 324 46 46 -1 -1 -1 0 
27 19 357 333 37 33 -1 -1 -1 0 
27 20 497 317 27 40 -1 -1 -1 0 
28 7 223 323 81 53 -1 -1 -1 0 
28 11 1 330 52 66 -1 -1 -1 0 
28 15 383 324 52 46 -1 -1 -1 0 
28 19 343 332 39 36 -1 -1 -1 0 
28 20 495 320 27 38 -1 -1 -1 0 
28 21 443 325 31 36 -1 -1 -1 0 
29 7 188 323 95 56 -1 -1 -1 0 
29 11 0 330 13 68 -1 -1 -1 0 
29 15 361 324 62 47 -1 -1 -1 0 
29 19 327 334 36 37 -1 -1 -1 0 
29 20 493 320 28 39 -1 -1 -1 0 
29 21 439 326 31 36 -1 -1 -1 0 
30 7 142 325 112 58 -1 -1 -1 0 
30 15 335 324 64 50 -1 -1 -1 0 
30 19 316 335 38 37 -1 -1 -1 0 
30 20 490 320 30 40 -1 -1 -1 0 
30 21 424 325 34 38 -1 -1 -1 0 
31 7 97 325 120 61 -1 -1 -1 0 
31 15 296 325 87 53 -1 -1 -1 0 
31 20 486 320 32 41 -1 -1 -1 0 
31 21 414 327 38 37 -1 -1 -1 0 
32 7 48 322 124 65 -1 -1 -1 0 
32 15 259 323 118 58 -1 -1 -1 0 
32 19 393 328 37 40 -1 -1 -1 0 
32 20 484 320 32 40 -1 -1 -1 0 
32 21 437 327 26 33 -1 -1 -1 0 
33 7 5 320 104 72 -1 -1 -1 0 
33 15 209 323 143 63 -1 -1 -1 0 
33 19 389 328 47 37 -1 -1 -1 0 
33 20 482 321 33 40 -1 -1 -1 0 
33 21 440 330 27 28 -1 -1 -1 0 
34 7 0 315 38 82 -1 -1 -1 0 
34 15 146 321 164 72 -1 -1 -1 0 
34 19 385 330 41 38 -1 -1 -1 0 
34 20 475 321 36 42 -1 -1 -1 0 
34 21 440 331 25 27 -1 -1 -1 0 
35 7 0 315 -1 84 -1 -1 -1 0 
35 15 93 321 168 75 -1 -1 -1 0 
35 19 369 331 50 38 -1 -1 -1 0 
35 20 470 319 35 45 -1 -1 -1 0 
36 15 59 321 177 77 -1 -1 -1 0 
36 19 353 329 55 41 -1 -1 -1 0 
36 20 464 320 37 45 -1 -1 -1 0 
36 21 430 331 26 29 -1 -1 -1 0 
37 19 331 328 71 43 -1 -1 -1 0 
37 20 457 317 39 49 -1 -1 -1 0 
37 21 426 331 25 30 -1 -1 -1 0 
38 19 309 326 77 45 -1 -1 -1 0 
38 20 454 317 40 49 -1 -1 -1 0 
38 21 469 326 25 31 -1 -1 -1 0 
39 19 285 323 79 51 -1 -1 -1 0 
39 20 439 316 43 50 -1 -1 -1 0 
39 21 481 324 29 32 -1 -1 -1 0 
40 19 252 323 93 54 -1 -1 -1 0 
40 20 427 315 48 54 -1 -1 -1 0 
40 21 485 322 26 34 -1 -1 -1 0 
