3 1 310 368 238 159 -1 -1 -1 0 
3 2 905 333 87 59 -1 -1 -1 0 
3 3 746 333 53 50 -1 -1 -1 0 
4 1 312 368 237 159 -1 -1 -1 0 
4 2 905 333 85 58 -1 -1 -1 0 
4 3 747 332 50 50 -1 -1 -1 0 
4 4 570 333 64 62 -1 -1 -1 0 
5 1 314 367 239 158 -1 -1 -1 0 
5 2 903 332 88 58 -1 -1 -1 0 
5 3 746 331 51 51 -1 -1 -1 0 
5 4 570 333 63 61 -1 -1 -1 0 
6 1 315 365 244 157 -1 -1 -1 0 
6 2 901 331 90 58 -1 -1 -1 0 
6 3 746 331 51 51 -1 -1 -1 0 
6 4 571 333 63 61 -1 -1 -1 0 
7 1 321 364 241 159 -1 -1 -1 0 
7 2 899 331 91 58 -1 -1 -1 0 
7 3 745 332 51 50 -1 -1 -1 0 
7 4 571 332 63 62 -1 -1 -1 0 
8 1 324 363 242 161 -1 -1 -1 0 
8 2 900 331 86 58 -1 -1 -1 0 
8 3 745 332 51 50 -1 -1 -1 0 
8 4 572 333 62 61 -1 -1 -1 0 
9 1 326 363 243 157 -1 -1 -1 0 
9 2 899 331 85 59 -1 -1 -1 0 
9 3 745 333 49 50 -1 -1 -1 0 
9 4 573 333 61 62 -1 -1 -1 0 
10 1 330 365 239 152 -1 -1 -1 0 
10 2 897 331 87 59 -1 -1 -1 0 
10 3 745 333 48 50 -1 -1 -1 0 
10 4 573 333 61 62 -1 -1 -1 0 
11 1 334 366 235 147 -1 -1 -1 0 
11 2 897 331 85 58 -1 -1 -1 0 
11 3 744 334 50 48 -1 -1 -1 0 
11 4 572 333 63 62 -1 -1 -1 0 
12 1 339 366 229 147 -1 -1 -1 0 
12 2 895 331 89 58 -1 -1 -1 0 
12 3 744 334 49 48 -1 -1 -1 0 
12 4 573 332 62 63 -1 -1 -1 0 
13 1 343 365 224 146 -1 -1 -1 0 
13 2 895 331 88 58 -1 -1 -1 0 
13 3 745 334 47 47 -1 -1 -1 0 
14 1 346 364 220 146 -1 -1 -1 0 
14 2 894 330 89 59 -1 -1 -1 0 
14 3 745 333 46 48 -1 -1 -1 0 
15 1 347 364 218 140 -1 -1 -1 0 
15 2 895 330 86 58 -1 -1 -1 0 
15 3 742 333 50 49 -1 -1 -1 0 
16 1 350 362 214 140 -1 -1 -1 0 
16 2 896 332 84 56 -1 -1 -1 0 
16 3 742 333 49 49 -1 -1 -1 0 
17 1 354 362 209 140 -1 -1 -1 0 
17 2 897 332 81 56 -1 -1 -1 0 
17 3 742 333 48 50 -1 -1 -1 0 
18 1 355 359 214 143 -1 -1 -1 0 
18 2 895 332 83 56 -1 -1 -1 0 
18 3 741 332 49 51 -1 -1 -1 0 
19 1 358 358 212 143 -1 -1 -1 0 
19 2 895 332 81 56 -1 -1 -1 0 
19 3 741 332 48 51 -1 -1 -1 0 
20 1 360 358 210 141 -1 -1 -1 0 
20 2 896 333 79 55 -1 -1 -1 0 
20 3 741 333 47 51 -1 -1 -1 0 
21 1 363 361 203 136 -1 -1 -1 0 
21 2 895 333 79 55 -1 -1 -1 0 
21 3 740 333 48 51 -1 -1 -1 0 
22 1 365 361 199 135 -1 -1 -1 0 
22 2 894 334 80 54 -1 -1 -1 0 
22 3 740 333 47 51 -1 -1 -1 0 
23 1 366 359 204 135 -1 -1 -1 0 
23 2 896 334 76 55 -1 -1 -1 0 
23 3 740 333 46 50 -1 -1 -1 0 
24 1 370 358 202 135 -1 -1 -1 0 
24 2 899 334 73 55 -1 -1 -1 0 
24 3 739 333 48 50 -1 -1 -1 0 
25 1 372 357 198 137 -1 -1 -1 0 
25 2 899 333 70 55 -1 -1 -1 0 
25 3 739 333 47 50 -1 -1 -1 0 
26 1 374 357 198 137 -1 -1 -1 0 
26 2 895 333 75 55 -1 -1 -1 0 
26 3 739 333 47 50 -1 -1 -1 0 
27 1 375 355 198 139 -1 -1 -1 0 
27 2 894 333 75 55 -1 -1 -1 0 
27 3 738 334 48 49 -1 -1 -1 0 
28 1 378 355 197 140 -1 -1 -1 0 
28 2 894 333 74 55 -1 -1 -1 0 
28 3 738 333 47 50 -1 -1 -1 0 
29 1 379 356 197 138 -1 -1 -1 0 
29 2 892 333 76 55 -1 -1 -1 0 
29 3 739 333 46 49 -1 -1 -1 0 
30 1 380 356 197 138 -1 -1 -1 0 
30 2 895 333 72 53 -1 -1 -1 0 
30 3 739 333 46 48 -1 -1 -1 0 
30 4 573 329 62 64 -1 -1 -1 0 
31 1 382 357 196 136 -1 -1 -1 0 
31 2 895 332 72 53 -1 -1 -1 0 
31 3 739 333 46 48 -1 -1 -1 0 
31 4 573 328 62 64 -1 -1 -1 0 
32 1 385 357 193 136 -1 -1 -1 0 
32 2 894 331 74 53 -1 -1 -1 0 
32 3 739 332 45 48 -1 -1 -1 0 
33 1 386 356 193 136 -1 -1 -1 0 
33 2 895 331 71 53 -1 -1 -1 0 
33 3 737 332 48 47 -1 -1 -1 0 
34 1 389 355 191 136 -1 -1 -1 0 
34 2 896 331 69 54 -1 -1 -1 0 
34 3 737 333 48 47 -1 -1 -1 0 
35 1 391 353 192 138 -1 -1 -1 0 
35 2 897 331 69 54 -1 -1 -1 0 
35 3 736 333 48 48 -1 -1 -1 0 
36 1 394 352 190 138 -1 -1 -1 0 
36 2 900 330 64 55 -1 -1 -1 0 
36 3 736 333 48 48 -1 -1 -1 0 
37 1 394 355 191 134 -1 -1 -1 0 
37 2 898 330 66 56 -1 -1 -1 0 
37 3 736 334 47 47 -1 -1 -1 0 
38 1 398 355 185 132 -1 -1 -1 0 
38 2 890 332 78 54 -1 -1 -1 0 
38 3 736 334 46 47 -1 -1 -1 0 
39 1 400 355 184 131 -1 -1 -1 0 
39 2 889 333 75 53 -1 -1 -1 0 
39 3 735 334 46 47 -1 -1 -1 0 
40 1 403 357 179 127 -1 -1 -1 0 
40 2 887 333 75 52 -1 -1 -1 0 
40 3 735 335 44 46 -1 -1 -1 0 
