3 1 655 321 62 75 -1 -1 -1 0 
4 1 655 322 62 74 -1 -1 -1 0 
5 1 655 322 63 73 -1 -1 -1 0 
6 1 657 322 61 73 -1 -1 -1 0 
7 1 658 320 62 76 -1 -1 -1 0 
8 1 659 320 61 77 -1 -1 -1 0 
9 1 658 319 64 78 -1 -1 -1 0 
10 1 659 319 63 80 -1 -1 -1 0 
11 1 658 321 65 78 -1 -1 -1 0 
12 1 659 321 64 79 -1 -1 -1 0 
13 1 659 324 66 73 -1 -1 -1 0 
14 1 661 326 63 69 -1 -1 -1 0 
14 2 100 276 238 383 -1 -1 -1 0 
15 1 661 322 62 75 -1 -1 -1 0 
15 2 106 274 234 382 -1 -1 -1 0 
16 1 661 322 63 75 -1 -1 -1 0 
16 2 113 274 228 377 -1 -1 -1 0 
17 1 660 321 65 76 -1 -1 -1 0 
17 2 118 280 229 363 -1 -1 -1 0 
18 1 661 319 65 78 -1 -1 -1 0 
18 2 130 286 215 351 -1 -1 -1 0 
19 1 661 319 66 78 -1 -1 -1 0 
19 2 136 287 211 346 -1 -1 -1 0 
20 1 660 319 67 78 -1 -1 -1 0 
20 2 140 287 209 344 -1 -1 -1 0 
21 1 662 319 65 77 -1 -1 -1 0 
21 2 145 280 204 351 -1 -1 -1 0 
21 6 606 316 43 59 -1 -1 -1 0 
22 1 662 318 66 78 -1 -1 -1 0 
22 2 148 281 202 352 -1 -1 -1 0 
22 6 606 316 43 61 -1 -1 -1 0 
23 1 663 320 66 77 -1 -1 -1 0 
23 2 146 283 207 354 -1 -1 -1 0 
23 6 605 318 44 59 -1 -1 -1 0 
24 1 663 320 67 77 -1 -1 -1 0 
24 2 142 277 215 361 -1 -1 -1 0 
24 6 605 319 43 59 -1 -1 -1 0 
25 1 664 321 67 76 -1 -1 -1 0 
25 2 144 274 214 364 -1 -1 -1 0 
25 6 604 320 44 58 -1 -1 -1 0 
26 1 664 320 68 79 -1 -1 -1 0 
26 2 148 271 210 366 -1 -1 -1 0 
26 6 604 320 44 59 -1 -1 -1 0 
27 1 664 320 69 79 -1 -1 -1 0 
27 2 151 269 208 367 -1 -1 -1 0 
27 6 603 318 46 62 -1 -1 -1 0 
28 1 664 320 69 80 -1 -1 -1 0 
28 2 152 272 207 363 -1 -1 -1 0 
28 6 601 317 49 63 -1 -1 -1 0 
29 1 664 320 70 81 -1 -1 -1 0 
29 2 152 271 207 363 -1 -1 -1 0 
29 6 600 316 50 65 -1 -1 -1 0 
30 1 665 322 69 78 -1 -1 -1 0 
30 2 151 276 208 357 -1 -1 -1 0 
30 6 599 317 51 65 -1 -1 -1 0 
31 1 665 324 69 75 -1 -1 -1 0 
31 2 148 280 209 354 -1 -1 -1 0 
31 6 598 318 52 64 -1 -1 -1 0 
32 1 666 323 68 76 -1 -1 -1 0 
32 2 148 282 208 353 -1 -1 -1 0 
32 6 598 319 51 64 -1 -1 -1 0 
33 1 665 324 70 75 -1 -1 -1 0 
33 2 146 283 208 353 -1 -1 -1 0 
33 6 597 320 52 63 -1 -1 -1 0 
34 1 666 323 69 76 -1 -1 -1 0 
34 2 144 284 210 350 -1 -1 -1 0 
34 6 596 320 52 62 -1 -1 -1 0 
35 1 665 323 71 75 -1 -1 -1 0 
35 2 146 278 203 353 -1 -1 -1 0 
35 6 596 321 51 61 -1 -1 -1 0 
36 1 666 323 69 75 -1 -1 -1 0 
36 2 144 270 206 358 -1 -1 -1 0 
36 6 597 320 49 61 -1 -1 -1 0 
37 1 666 323 69 75 -1 -1 -1 0 
37 2 137 267 215 362 -1 -1 -1 0 
37 6 595 319 50 62 -1 -1 -1 0 
38 1 666 323 69 74 -1 -1 -1 0 
38 2 138 265 212 362 -1 -1 -1 0 
38 6 594 319 50 62 -1 -1 -1 0 
39 1 665 323 70 74 -1 -1 -1 0 
39 2 135 266 214 361 -1 -1 -1 0 
39 6 593 319 50 62 -1 -1 -1 0 
40 1 665 323 70 74 -1 -1 -1 0 
40 2 136 262 212 364 -1 -1 -1 0 
40 6 591 320 51 61 -1 -1 -1 0 
