3 1 804 331 104 83 -1 -1 -1 0 
4 1 803 332 106 84 -1 -1 -1 0 
5 1 804 334 105 85 -1 -1 -1 0 
6 1 803 335 108 85 -1 -1 -1 0 
7 1 805 335 107 85 -1 -1 -1 0 
8 1 806 332 105 88 -1 -1 -1 0 
8 2 1186 317 90 123 -1 -1 -1 0 
9 1 805 331 107 87 -1 -1 -1 0 
9 2 1200 313 76 127 -1 -1 -1 0 
10 1 806 329 106 88 -1 -1 -1 0 
10 2 1219 306 58 138 -1 -1 -1 0 
11 1 809 328 103 88 -1 -1 -1 0 
11 2 1234 302 45 144 -1 -1 -1 0 
12 1 807 329 105 86 -1 -1 -1 0 
12 2 1242 299 37 148 -1 -1 -1 0 
13 1 807 329 105 86 -1 -1 -1 0 
14 1 805 328 108 85 -1 -1 -1 0 
15 1 803 326 110 87 -1 -1 -1 0 
16 1 801 324 112 90 -1 -1 -1 0 
17 1 799 324 115 89 -1 -1 -1 0 
18 1 799 324 115 89 -1 -1 -1 0 
19 1 800 324 115 88 -1 -1 -1 0 
20 1 800 324 115 88 -1 -1 -1 0 
21 1 802 323 113 90 -1 -1 -1 0 
22 1 802 323 115 91 -1 -1 -1 0 
22 13 775 326 26 36 -1 -1 -1 0 
23 1 802 324 115 90 -1 -1 -1 0 
23 13 775 327 27 35 -1 -1 -1 0 
24 1 804 326 112 87 -1 -1 -1 0 
24 13 776 328 25 33 -1 -1 -1 0 
25 1 805 327 110 87 -1 -1 -1 0 
25 13 653 331 23 29 -1 -1 -1 0 
26 1 806 327 109 87 -1 -1 -1 0 
26 13 604 331 23 29 -1 -1 -1 0 
27 1 806 327 108 87 -1 -1 -1 0 
27 13 572 332 22 28 -1 -1 -1 0 
28 1 805 327 110 87 -1 -1 -1 0 
28 13 613 326 21 27 -1 -1 -1 0 
29 1 804 327 111 86 -1 -1 -1 0 
29 13 594 326 20 26 -1 -1 -1 0 
30 1 805 327 109 86 -1 -1 -1 0 
31 1 805 328 109 85 -1 -1 -1 0 
31 13 559 332 26 34 -1 -1 -1 0 
32 1 805 328 109 85 -1 -1 -1 0 
32 13 549 335 26 34 -1 -1 -1 0 
33 1 805 329 108 85 -1 -1 -1 0 
33 13 540 335 28 37 -1 -1 -1 0 
34 1 805 329 108 85 -1 -1 -1 0 
34 13 530 335 32 38 -1 -1 -1 0 
35 1 805 330 108 84 -1 -1 -1 0 
35 13 521 336 32 39 -1 -1 -1 0 
36 1 805 330 108 84 -1 -1 -1 0 
36 13 506 337 34 39 -1 -1 -1 0 
36 20 750 325 24 34 -1 -1 -1 0 
37 1 805 329 109 84 -1 -1 -1 0 
37 20 751 324 24 35 -1 -1 -1 0 
38 1 805 329 109 83 -1 -1 -1 0 
39 1 805 327 111 85 -1 -1 -1 0 
40 1 804 327 113 84 -1 -1 -1 0 
