3 1 354 325 195 148 -1 -1 -1 0 
3 2 1102 339 177 228 -1 -1 -1 0 
3 3 959 326 106 69 -1 -1 -1 0 
3 4 807 330 51 53 -1 -1 -1 0 
4 1 357 326 192 147 -1 -1 -1 0 
4 2 1098 337 181 231 -1 -1 -1 0 
4 3 960 325 107 66 -1 -1 -1 0 
4 4 805 329 54 53 -1 -1 -1 0 
5 1 359 327 191 145 -1 -1 -1 0 
5 2 1095 337 184 231 -1 -1 -1 0 
5 3 963 325 103 65 -1 -1 -1 0 
5 4 805 328 52 53 -1 -1 -1 0 
6 1 361 327 190 144 -1 -1 -1 0 
6 2 1092 336 187 232 -1 -1 -1 0 
6 3 963 323 103 66 -1 -1 -1 0 
6 4 806 328 50 50 -1 -1 -1 0 
7 1 365 328 185 143 -1 -1 -1 0 
7 2 1087 335 192 232 -1 -1 -1 0 
7 3 962 323 104 65 -1 -1 -1 0 
7 4 806 327 49 50 -1 -1 -1 0 
8 1 367 329 182 142 -1 -1 -1 0 
8 2 1085 337 194 229 -1 -1 -1 0 
8 3 962 323 103 66 -1 -1 -1 0 
8 4 805 327 49 50 -1 -1 -1 0 
9 1 368 330 182 141 -1 -1 -1 0 
9 2 1082 337 197 228 -1 -1 -1 0 
9 3 962 324 102 66 -1 -1 -1 0 
9 4 805 327 48 51 -1 -1 -1 0 
10 1 369 330 180 140 -1 -1 -1 0 
10 2 1082 339 197 226 -1 -1 -1 0 
10 3 961 326 104 66 -1 -1 -1 0 
10 4 804 329 50 51 -1 -1 -1 0 
11 1 369 330 183 140 -1 -1 -1 0 
11 2 1080 340 199 225 -1 -1 -1 0 
11 3 962 326 104 67 -1 -1 -1 0 
11 4 803 331 50 51 -1 -1 -1 0 
12 1 371 331 180 138 -1 -1 -1 0 
12 2 1077 340 202 224 -1 -1 -1 0 
12 3 961 326 104 69 -1 -1 -1 0 
12 4 802 331 51 51 -1 -1 -1 0 
13 1 372 330 180 138 -1 -1 -1 0 
13 2 1072 340 207 223 -1 -1 -1 0 
13 3 961 326 103 69 -1 -1 -1 0 
13 4 803 332 50 51 -1 -1 -1 0 
14 1 374 330 176 138 -1 -1 -1 0 
14 2 1070 341 209 222 -1 -1 -1 0 
14 3 961 326 104 70 -1 -1 -1 0 
14 4 802 332 50 51 -1 -1 -1 0 
15 1 375 330 175 138 -1 -1 -1 0 
15 2 1068 339 210 225 -1 -1 -1 0 
15 3 960 326 104 69 -1 -1 -1 0 
15 4 801 331 51 51 -1 -1 -1 0 
16 1 376 331 172 134 -1 -1 -1 0 
16 2 1066 339 213 223 -1 -1 -1 0 
16 3 959 326 106 66 -1 -1 -1 0 
16 4 801 330 50 50 -1 -1 -1 0 
17 1 378 330 170 134 -1 -1 -1 0 
17 2 1065 338 213 223 -1 -1 -1 0 
17 3 960 326 105 64 -1 -1 -1 0 
17 4 801 329 49 49 -1 -1 -1 0 
18 1 379 330 169 133 -1 -1 -1 0 
18 2 1063 341 216 218 -1 -1 -1 0 
18 3 963 325 101 65 -1 -1 -1 0 
18 4 801 328 49 48 -1 -1 -1 0 
19 1 381 332 168 130 -1 -1 -1 0 
19 2 1062 341 217 218 -1 -1 -1 0 
19 3 963 325 101 66 -1 -1 -1 0 
19 4 801 328 48 48 -1 -1 -1 0 
20 1 383 332 164 129 -1 -1 -1 0 
20 2 1059 339 220 219 -1 -1 -1 0 
20 3 962 325 102 66 -1 -1 -1 0 
20 4 801 327 47 49 -1 -1 -1 0 
21 1 383 333 169 127 -1 -1 -1 0 
21 2 1058 337 221 219 -1 -1 -1 0 
21 3 962 326 102 67 -1 -1 -1 0 
21 4 800 329 49 48 -1 -1 -1 0 
22 1 384 332 170 127 -1 -1 -1 0 
22 2 1053 342 226 212 -1 -1 -1 0 
22 3 962 326 102 67 -1 -1 -1 0 
22 4 800 330 48 47 -1 -1 -1 0 
23 1 386 332 168 127 -1 -1 -1 0 
23 2 1054 344 225 212 -1 -1 -1 0 
23 3 962 326 103 67 -1 -1 -1 0 
23 4 800 330 47 47 -1 -1 -1 0 
24 1 387 332 168 126 -1 -1 -1 0 
24 2 1053 340 225 217 -1 -1 -1 0 
24 3 963 327 102 67 -1 -1 -1 0 
24 4 799 330 48 47 -1 -1 -1 0 
25 1 392 333 155 124 -1 -1 -1 0 
25 2 1050 339 229 219 -1 -1 -1 0 
25 3 963 327 102 67 -1 -1 -1 0 
25 4 798 329 48 48 -1 -1 -1 0 
26 1 392 332 152 127 -1 -1 -1 0 
26 2 1044 341 235 217 -1 -1 -1 0 
26 3 962 327 106 67 -1 -1 -1 0 
26 4 798 329 47 48 -1 -1 -1 0 
27 1 393 332 151 125 -1 -1 -1 0 
27 2 1044 339 235 218 -1 -1 -1 0 
27 3 963 327 105 66 -1 -1 -1 0 
27 4 798 328 47 49 -1 -1 -1 0 
28 1 395 330 150 127 -1 -1 -1 0 
28 2 1042 339 237 217 -1 -1 -1 0 
28 3 964 327 104 65 -1 -1 -1 0 
28 4 797 328 48 49 -1 -1 -1 0 
29 1 393 330 156 126 -1 -1 -1 0 
29 2 1039 339 240 215 -1 -1 -1 0 
29 3 963 326 107 65 -1 -1 -1 0 
29 4 797 327 47 50 -1 -1 -1 0 
30 1 395 330 155 126 -1 -1 -1 0 
30 2 1037 337 242 214 -1 -1 -1 0 
30 3 963 324 111 67 -1 -1 -1 0 
30 4 796 327 48 50 -1 -1 -1 0 
31 1 397 328 155 127 -1 -1 -1 0 
31 2 1036 337 243 211 -1 -1 -1 0 
31 3 962 324 114 67 -1 -1 -1 0 
31 4 795 327 49 50 -1 -1 -1 0 
32 1 398 328 155 126 -1 -1 -1 0 
32 2 1035 335 244 212 -1 -1 -1 0 
32 3 964 323 114 68 -1 -1 -1 0 
32 4 795 327 49 50 -1 -1 -1 0 
33 1 398 328 156 125 -1 -1 -1 0 
33 2 1033 333 246 215 -1 -1 -1 0 
33 3 964 323 115 67 -1 -1 -1 0 
33 4 795 327 49 49 -1 -1 -1 0 
34 1 400 329 152 123 -1 -1 -1 0 
34 2 1032 330 246 219 -1 -1 -1 0 
34 3 965 323 114 68 -1 -1 -1 0 
34 4 795 328 49 48 -1 -1 -1 0 
35 1 401 330 149 123 -1 -1 -1 0 
35 2 1027 330 252 220 -1 -1 -1 0 
35 3 968 325 114 68 -1 -1 -1 0 
35 4 795 328 47 49 -1 -1 -1 0 
36 1 405 332 137 120 -1 -1 -1 0 
36 2 1026 330 253 220 -1 -1 -1 0 
36 3 967 326 114 67 -1 -1 -1 0 
36 4 795 330 47 49 -1 -1 -1 0 
37 1 405 334 134 118 -1 -1 -1 0 
37 2 1022 330 257 217 -1 -1 -1 0 
37 3 966 327 116 66 -1 -1 -1 0 
37 4 794 330 47 49 -1 -1 -1 0 
38 1 406 334 132 116 -1 -1 -1 0 
38 2 1021 330 258 217 -1 -1 -1 0 
38 3 968 326 119 67 -1 -1 -1 0 
38 4 793 331 48 48 -1 -1 -1 0 
39 1 406 334 134 115 -1 -1 -1 0 
39 2 1019 332 260 216 -1 -1 -1 0 
39 3 968 327 117 67 -1 -1 -1 0 
39 4 793 331 47 48 -1 -1 -1 0 
40 1 406 331 143 117 -1 -1 -1 0 
40 2 1015 335 264 209 -1 -1 -1 0 
40 3 967 327 121 68 -1 -1 -1 0 
40 4 792 331 48 48 -1 -1 -1 0 
