3 1 768 335 70 57 -1 -1 -1 0 
3 2 677 325 51 65 -1 -1 -1 0 
4 1 768 336 69 55 -1 -1 -1 0 
4 2 678 325 49 65 -1 -1 -1 0 
5 1 768 336 69 55 -1 -1 -1 0 
5 2 679 324 49 66 -1 -1 -1 0 
6 1 768 336 69 55 -1 -1 -1 0 
6 2 678 325 50 64 -1 -1 -1 0 
7 1 769 336 67 55 -1 -1 -1 0 
7 2 679 325 49 64 -1 -1 -1 0 
8 1 769 336 68 55 -1 -1 -1 0 
8 2 676 328 52 60 -1 -1 -1 0 
9 1 770 336 67 55 -1 -1 -1 0 
9 2 676 328 51 60 -1 -1 -1 0 
10 1 771 336 66 55 -1 -1 -1 0 
10 2 677 329 49 60 -1 -1 -1 0 
11 1 770 336 67 55 -1 -1 -1 0 
11 2 676 330 51 59 -1 -1 -1 0 
12 1 769 336 68 55 -1 -1 -1 0 
12 2 676 330 50 60 -1 -1 -1 0 
13 1 766 335 68 56 -1 -1 -1 0 
13 2 676 329 50 61 -1 -1 -1 0 
14 1 765 335 69 56 -1 -1 -1 0 
14 2 676 329 50 61 -1 -1 -1 0 
15 1 765 335 68 56 -1 -1 -1 0 
15 2 675 329 51 61 -1 -1 -1 0 
16 1 765 335 67 56 -1 -1 -1 0 
16 2 675 329 51 61 -1 -1 -1 0 
17 1 766 336 68 56 -1 -1 -1 0 
17 2 675 329 51 61 -1 -1 -1 0 
18 1 766 336 67 56 -1 -1 -1 0 
18 2 675 329 51 61 -1 -1 -1 0 
19 1 766 336 69 57 -1 -1 -1 0 
19 2 674 329 52 61 -1 -1 -1 0 
20 1 766 336 68 57 -1 -1 -1 0 
20 2 675 329 50 61 -1 -1 -1 0 
21 1 766 336 68 58 -1 -1 -1 0 
21 2 674 330 52 60 -1 -1 -1 0 
22 1 766 336 68 58 -1 -1 -1 0 
22 2 674 330 51 60 -1 -1 -1 0 
23 1 766 336 68 58 -1 -1 -1 0 
23 2 674 330 51 60 -1 -1 -1 0 
24 1 767 335 68 59 -1 -1 -1 0 
24 2 674 330 52 60 -1 -1 -1 0 
25 1 767 335 68 60 -1 -1 -1 0 
25 2 674 330 51 60 -1 -1 -1 0 
26 1 766 335 69 60 -1 -1 -1 0 
26 2 674 330 50 60 -1 -1 -1 0 
27 1 765 334 70 60 -1 -1 -1 0 
27 2 674 330 49 59 -1 -1 -1 0 
28 1 765 334 70 60 -1 -1 -1 0 
28 2 674 330 48 59 -1 -1 -1 0 
29 1 765 334 69 60 -1 -1 -1 0 
29 2 673 330 49 59 -1 -1 -1 0 
30 1 762 334 72 60 -1 -1 -1 0 
30 2 672 330 50 59 -1 -1 -1 0 
31 1 762 334 71 59 -1 -1 -1 0 
31 2 672 330 50 59 -1 -1 -1 0 
32 1 762 333 70 60 -1 -1 -1 0 
32 2 672 330 50 60 -1 -1 -1 0 
33 1 763 334 66 59 -1 -1 -1 0 
33 2 671 330 50 60 -1 -1 -1 0 
34 1 763 334 65 59 -1 -1 -1 0 
34 2 671 330 50 60 -1 -1 -1 0 
35 1 760 334 69 59 -1 -1 -1 0 
35 2 671 330 50 60 -1 -1 -1 0 
36 1 758 334 71 58 -1 -1 -1 0 
36 2 670 330 52 59 -1 -1 -1 0 
37 1 758 334 70 58 -1 -1 -1 0 
37 2 671 330 50 59 -1 -1 -1 0 
38 1 759 333 69 59 -1 -1 -1 0 
38 2 671 330 49 60 -1 -1 -1 0 
39 1 760 333 67 60 -1 -1 -1 0 
39 2 671 331 49 59 -1 -1 -1 0 
40 1 758 333 70 60 -1 -1 -1 0 
40 2 671 331 48 59 -1 -1 -1 0 
