3 1 657 336 34 42 -1 -1 -1 0 
4 1 657 336 33 43 -1 -1 -1 0 
5 1 657 336 34 43 -1 -1 -1 0 
6 1 657 336 33 42 -1 -1 -1 0 
7 1 658 335 32 43 -1 -1 -1 0 
8 1 658 334 32 43 -1 -1 -1 0 
9 1 658 334 32 43 -1 -1 -1 0 
10 1 658 333 33 43 -1 -1 -1 0 
11 1 658 333 34 43 -1 -1 -1 0 
12 1 659 334 33 43 -1 -1 -1 0 
13 1 659 334 32 43 -1 -1 -1 0 
14 1 659 335 33 42 -1 -1 -1 0 
15 1 660 334 32 43 -1 -1 -1 0 
16 1 660 334 32 43 -1 -1 -1 0 
17 1 660 333 32 43 -1 -1 -1 0 
18 1 659 332 33 44 -1 -1 -1 0 
19 1 660 332 32 43 -1 -1 -1 0 
20 1 659 332 33 43 -1 -1 -1 0 
21 1 659 332 33 44 -1 -1 -1 0 
22 1 660 332 32 44 -1 -1 -1 0 
23 1 660 333 33 44 -1 -1 -1 0 
24 1 660 333 34 44 -1 -1 -1 0 
25 1 660 333 35 44 -1 -1 -1 0 
26 1 660 333 35 45 -1 -1 -1 0 
27 1 660 333 35 45 -1 -1 -1 0 
28 1 660 333 36 45 -1 -1 -1 0 
29 1 661 333 35 44 -1 -1 -1 0 
30 1 661 333 36 44 -1 -1 -1 0 
31 1 662 332 35 45 -1 -1 -1 0 
32 1 662 332 35 45 -1 -1 -1 0 
33 1 662 332 36 45 -1 -1 -1 0 
34 1 664 332 34 45 -1 -1 -1 0 
35 1 663 331 36 46 -1 -1 -1 0 
36 1 664 331 36 46 -1 -1 -1 0 
37 1 663 331 37 46 -1 -1 -1 0 
38 1 664 332 36 45 -1 -1 -1 0 
39 1 664 332 36 45 -1 -1 -1 0 
40 1 666 332 34 46 -1 -1 -1 0 
