3 1 286 351 98 63 -1 -1 -1 0 
3 2 813 328 60 58 -1 -1 -1 0 
3 3 745 327 46 49 -1 -1 -1 0 
3 4 613 336 24 36 -1 -1 -1 0 
4 1 290 351 96 63 -1 -1 -1 0 
4 2 814 328 59 58 -1 -1 -1 0 
4 3 745 328 45 47 -1 -1 -1 0 
4 4 612 336 26 35 -1 -1 -1 0 
5 1 293 351 97 62 -1 -1 -1 0 
5 2 816 328 58 58 -1 -1 -1 0 
5 4 613 337 24 34 -1 -1 -1 0 
6 1 298 351 97 61 -1 -1 -1 0 
6 2 818 329 59 57 -1 -1 -1 0 
6 4 612 337 26 34 -1 -1 -1 0 
7 1 303 349 93 61 -1 -1 -1 0 
7 2 819 328 60 58 -1 -1 -1 0 
7 4 613 336 24 34 -1 -1 -1 0 
8 1 307 349 92 60 -1 -1 -1 0 
8 2 819 327 63 58 -1 -1 -1 0 
8 4 612 336 26 34 -1 -1 -1 0 
9 1 310 349 91 60 -1 -1 -1 0 
9 2 820 327 64 58 -1 -1 -1 0 
9 4 613 335 25 35 -1 -1 -1 0 
10 1 316 349 84 59 -1 -1 -1 0 
10 2 821 327 65 58 -1 -1 -1 0 
10 4 613 335 25 35 -1 -1 -1 0 
11 1 320 350 82 58 -1 -1 -1 0 
11 2 823 327 64 58 -1 -1 -1 0 
11 4 613 335 25 35 -1 -1 -1 0 
12 1 321 350 87 59 -1 -1 -1 0 
12 2 824 328 64 57 -1 -1 -1 0 
12 4 613 334 26 36 -1 -1 -1 0 
13 1 325 350 84 59 -1 -1 -1 0 
13 2 821 328 69 59 -1 -1 -1 0 
13 3 720 334 40 42 -1 -1 -1 0 
13 4 613 334 27 36 -1 -1 -1 0 
14 1 330 350 81 59 -1 -1 -1 0 
14 2 820 329 71 58 -1 -1 -1 0 
14 3 717 334 40 41 -1 -1 -1 0 
14 4 613 333 27 37 -1 -1 -1 0 
15 1 332 350 81 58 -1 -1 -1 0 
15 2 821 329 73 59 -1 -1 -1 0 
15 4 612 334 29 36 -1 -1 -1 0 
16 1 335 349 81 57 -1 -1 -1 0 
16 2 822 329 75 60 -1 -1 -1 0 
16 3 716 334 41 41 -1 -1 -1 0 
16 4 612 334 29 36 -1 -1 -1 0 
17 1 338 347 81 58 -1 -1 -1 0 
17 2 824 328 74 61 -1 -1 -1 0 
17 3 713 334 44 41 -1 -1 -1 0 
17 4 613 334 27 37 -1 -1 -1 0 
17 5 1157 322 122 282 -1 -1 -1 0 
18 1 342 347 80 57 -1 -1 -1 0 
18 2 825 328 75 62 -1 -1 -1 0 
18 3 710 334 46 40 -1 -1 -1 0 
18 4 613 334 28 37 -1 -1 -1 0 
18 5 1162 311 116 300 -1 -1 -1 0 
19 1 345 347 79 56 -1 -1 -1 0 
19 2 831 327 71 61 -1 -1 -1 0 
19 3 648 334 28 38 -1 -1 -1 0 
19 4 560 333 25 38 -1 -1 -1 0 
19 5 1162 307 117 307 -1 -1 -1 0 
20 1 347 347 80 55 -1 -1 -1 0 
20 2 833 328 71 59 -1 -1 -1 0 
20 3 621 334 28 37 -1 -1 -1 0 
20 4 554 333 25 38 -1 -1 -1 0 
21 1 351 347 77 55 -1 -1 -1 0 
21 2 835 328 69 59 -1 -1 -1 0 
21 3 613 334 27 36 -1 -1 -1 0 
22 1 355 347 75 54 -1 -1 -1 0 
22 2 835 327 72 62 -1 -1 -1 0 
22 3 610 334 26 36 -1 -1 -1 0 
22 4 680 333 39 39 -1 -1 -1 0 
23 1 358 347 74 54 -1 -1 -1 0 
23 2 836 325 72 64 -1 -1 -1 0 
23 3 610 334 25 36 -1 -1 -1 0 
23 4 697 333 40 40 -1 -1 -1 0 
24 1 361 346 73 55 -1 -1 -1 0 
24 2 836 325 75 64 -1 -1 -1 0 
24 3 666 333 38 39 -1 -1 -1 0 
24 4 650 334 28 37 -1 -1 -1 0 
25 1 363 346 73 54 -1 -1 -1 0 
25 2 837 325 76 64 -1 -1 -1 0 
25 3 665 333 39 39 -1 -1 -1 0 
25 4 628 334 27 36 -1 -1 -1 0 
26 1 365 346 75 53 -1 -1 -1 0 
26 2 839 326 75 63 -1 -1 -1 0 
26 4 620 334 26 36 -1 -1 -1 0 
27 1 368 345 73 54 -1 -1 -1 0 
27 2 840 325 76 64 -1 -1 -1 0 
27 3 556 332 28 39 -1 -1 -1 0 
27 4 617 334 26 35 -1 -1 -1 0 
28 1 372 345 71 53 -1 -1 -1 0 
28 2 841 325 78 65 -1 -1 -1 0 
28 3 596 334 27 36 -1 -1 -1 0 
28 4 667 334 35 39 -1 -1 -1 0 
29 1 374 346 72 52 -1 -1 -1 0 
29 2 843 325 79 65 -1 -1 -1 0 
29 3 591 334 27 36 -1 -1 -1 0 
29 4 637 334 28 37 -1 -1 -1 0 
30 1 377 346 71 52 -1 -1 -1 0 
30 2 846 324 78 67 -1 -1 -1 0 
30 4 624 334 26 37 -1 -1 -1 0 
31 1 379 346 71 51 -1 -1 -1 0 
31 2 846 325 81 66 -1 -1 -1 0 
31 3 542 333 27 37 -1 -1 -1 0 
31 4 619 334 26 37 -1 -1 -1 0 
32 1 382 346 68 50 -1 -1 -1 0 
32 2 846 325 83 68 -1 -1 -1 0 
32 3 535 332 26 38 -1 -1 -1 0 
32 4 617 334 26 37 -1 -1 -1 0 
33 1 384 346 67 50 -1 -1 -1 0 
33 2 848 325 83 68 -1 -1 -1 0 
33 3 587 334 26 36 -1 -1 -1 0 
33 4 707 332 31 38 -1 -1 -1 0 
34 1 386 345 68 50 -1 -1 -1 0 
34 2 848 325 85 69 -1 -1 -1 0 
34 3 605 334 26 36 -1 -1 -1 0 
34 4 695 331 39 43 -1 -1 -1 0 
35 1 387 345 68 49 -1 -1 -1 0 
35 2 847 326 88 68 -1 -1 -1 0 
35 3 611 334 26 36 -1 -1 -1 0 
35 4 690 331 37 45 -1 -1 -1 0 
36 1 390 344 66 49 -1 -1 -1 0 
36 2 849 326 87 68 -1 -1 -1 0 
36 3 657 336 32 38 -1 -1 -1 0 
36 4 643 333 30 39 -1 -1 -1 0 
37 1 392 343 64 50 -1 -1 -1 0 
37 2 850 328 88 66 -1 -1 -1 0 
37 3 663 336 33 38 -1 -1 -1 0 
37 4 625 334 27 37 -1 -1 -1 0 
38 1 394 343 65 50 -1 -1 -1 0 
38 2 851 328 90 67 -1 -1 -1 0 
38 3 568 332 27 39 -1 -1 -1 0 
38 4 618 334 26 37 -1 -1 -1 0 
39 1 396 342 65 51 -1 -1 -1 0 
39 2 854 328 88 67 -1 -1 -1 0 
39 3 565 332 27 39 -1 -1 -1 0 
39 4 615 334 27 36 -1 -1 -1 0 
40 1 398 341 65 51 -1 -1 -1 0 
40 2 859 328 86 67 -1 -1 -1 0 
40 4 614 334 27 36 -1 -1 -1 0 
