3 1 674 334 45 54 -1 -1 -1 0 
4 1 674 334 45 54 -1 -1 -1 0 
5 1 673 334 46 54 -1 -1 -1 0 
6 1 673 334 45 54 -1 -1 -1 0 
7 1 673 334 45 53 -1 -1 -1 0 
8 1 672 334 45 55 -1 -1 -1 0 
9 1 671 335 47 54 -1 -1 -1 0 
10 1 671 336 46 54 -1 -1 -1 0 
11 1 672 336 45 54 -1 -1 -1 0 
12 1 673 336 43 54 -1 -1 -1 0 
13 1 672 335 44 54 -1 -1 -1 0 
14 1 672 335 45 54 -1 -1 -1 0 
15 1 671 335 45 54 -1 -1 -1 0 
16 1 671 335 45 54 -1 -1 -1 0 
17 1 672 335 44 55 -1 -1 -1 0 
18 1 671 335 45 55 -1 -1 -1 0 
19 1 671 335 46 55 -1 -1 -1 0 
20 1 671 335 46 54 -1 -1 -1 0 
21 1 672 335 44 54 -1 -1 -1 0 
22 1 671 335 46 54 -1 -1 -1 0 
23 1 672 335 44 54 -1 -1 -1 0 
24 1 672 335 45 54 -1 -1 -1 0 
25 1 672 335 45 53 -1 -1 -1 0 
26 1 672 334 45 54 -1 -1 -1 0 
27 1 672 334 45 54 -1 -1 -1 0 
28 1 672 334 45 54 -1 -1 -1 0 
29 1 672 334 45 54 -1 -1 -1 0 
30 1 671 334 46 54 -1 -1 -1 0 
31 1 672 334 44 54 -1 -1 -1 0 
32 1 671 334 46 54 -1 -1 -1 0 
33 1 672 334 45 54 -1 -1 -1 0 
34 1 672 334 46 55 -1 -1 -1 0 
35 1 672 333 46 55 -1 -1 -1 0 
36 1 672 333 46 55 -1 -1 -1 0 
37 1 673 332 46 56 -1 -1 -1 0 
38 1 673 332 47 56 -1 -1 -1 0 
39 1 673 331 47 57 -1 -1 -1 0 
40 1 672 331 48 57 -1 -1 -1 0 
