3 1 691 327 29 39 -1 -1 -1 0 
3 2 563 329 52 59 -1 -1 -1 0 
4 1 690 327 30 39 -1 -1 -1 0 
4 2 564 329 50 59 -1 -1 -1 0 
5 1 690 327 30 39 -1 -1 -1 0 
5 2 564 330 51 58 -1 -1 -1 0 
6 1 691 327 28 39 -1 -1 -1 0 
6 2 563 328 52 60 -1 -1 -1 0 
7 1 691 327 28 39 -1 -1 -1 0 
7 2 562 328 55 60 -1 -1 -1 0 
8 1 691 327 28 38 -1 -1 -1 0 
8 2 563 329 53 58 -1 -1 -1 0 
9 1 691 327 28 38 -1 -1 -1 0 
9 2 563 329 53 57 -1 -1 -1 0 
10 1 691 327 28 37 -1 -1 -1 0 
10 2 564 329 52 57 -1 -1 -1 0 
11 1 690 327 28 39 -1 -1 -1 0 
11 2 564 330 52 56 -1 -1 -1 0 
12 1 690 326 28 41 -1 -1 -1 0 
12 2 564 332 51 54 -1 -1 -1 0 
13 1 689 326 29 41 -1 -1 -1 0 
13 2 565 329 51 57 -1 -1 -1 0 
14 1 690 326 28 41 -1 -1 -1 0 
14 2 566 328 50 58 -1 -1 -1 0 
15 1 690 327 28 39 -1 -1 -1 0 
15 2 566 328 50 58 -1 -1 -1 0 
16 1 690 327 28 38 -1 -1 -1 0 
16 2 566 327 50 59 -1 -1 -1 0 
17 1 690 327 27 38 -1 -1 -1 0 
17 2 566 327 51 59 -1 -1 -1 0 
18 1 690 328 28 36 -1 -1 -1 0 
18 2 566 327 51 58 -1 -1 -1 0 
19 1 691 328 26 36 -1 -1 -1 0 
19 2 567 327 50 59 -1 -1 -1 0 
20 1 690 328 28 36 -1 -1 -1 0 
20 2 567 327 51 59 -1 -1 -1 0 
21 1 690 328 27 36 -1 -1 -1 0 
21 2 568 328 49 58 -1 -1 -1 0 
22 1 690 328 27 36 -1 -1 -1 0 
22 2 568 329 49 56 -1 -1 -1 0 
22 10 1224 347 52 65 -1 -1 -1 0 
23 1 690 329 28 35 -1 -1 -1 0 
23 2 570 329 46 55 -1 -1 -1 0 
23 10 1249 339 28 76 -1 -1 -1 0 
24 1 690 329 28 35 -1 -1 -1 0 
24 2 570 330 47 54 -1 -1 -1 0 
24 10 1258 336 21 80 -1 -1 -1 0 
25 1 689 329 29 35 -1 -1 -1 0 
25 2 571 329 46 56 -1 -1 -1 0 
25 10 1233 329 46 87 -1 -1 -1 0 
26 1 689 328 28 38 -1 -1 -1 0 
26 2 571 328 47 58 -1 -1 -1 0 
26 10 1244 329 35 86 -1 -1 -1 0 
27 1 689 328 29 39 -1 -1 -1 0 
27 2 571 327 47 59 -1 -1 -1 0 
27 10 1246 326 33 89 -1 -1 -1 0 
28 1 690 328 29 37 -1 -1 -1 0 
28 2 571 327 48 59 -1 -1 -1 0 
29 1 690 328 28 37 -1 -1 -1 0 
29 2 572 326 47 59 -1 -1 -1 0 
30 1 691 328 27 36 -1 -1 -1 0 
30 2 572 326 47 59 -1 -1 -1 0 
30 10 1118 328 87 67 -1 -1 -1 0 
31 1 691 329 27 35 -1 -1 -1 0 
31 2 573 326 47 59 -1 -1 -1 0 
31 10 1134 336 59 62 -1 -1 -1 0 
31 14 1219 325 58 89 -1 -1 -1 0 
32 1 691 329 28 35 -1 -1 -1 0 
32 2 573 325 46 59 -1 -1 -1 0 
32 10 1149 337 51 61 -1 -1 -1 0 
32 14 1199 333 70 76 -1 -1 -1 0 
33 1 691 329 28 35 -1 -1 -1 0 
33 2 574 325 45 59 -1 -1 -1 0 
33 10 1145 334 71 65 -1 -1 -1 0 
33 14 1211 329 63 79 -1 -1 -1 0 
34 1 691 327 27 38 -1 -1 -1 0 
34 2 574 325 45 59 -1 -1 -1 0 
34 10 1150 339 45 57 -1 -1 -1 0 
34 14 1229 327 47 82 -1 -1 -1 0 
35 1 691 327 27 38 -1 -1 -1 0 
35 2 573 325 47 57 -1 -1 -1 0 
35 10 1156 343 46 53 -1 -1 -1 0 
35 14 1247 337 30 74 -1 -1 -1 0 
36 1 691 327 27 37 -1 -1 -1 0 
36 2 574 325 45 57 -1 -1 -1 0 
36 10 1165 341 47 55 -1 -1 -1 0 
36 14 1218 330 61 76 -1 -1 -1 0 
37 1 691 327 28 36 -1 -1 -1 0 
37 2 575 325 45 58 -1 -1 -1 0 
37 10 1161 341 51 55 -1 -1 -1 0 
37 14 1227 321 51 86 -1 -1 -1 0 
38 1 691 327 27 36 -1 -1 -1 0 
38 2 575 325 45 58 -1 -1 -1 0 
38 14 1244 323 33 89 -1 -1 -1 0 
39 1 692 327 26 35 -1 -1 -1 0 
39 2 575 325 45 58 -1 -1 -1 0 
39 14 1246 323 33 90 -1 -1 -1 0 
40 1 691 326 27 38 -1 -1 -1 0 
40 2 575 326 45 57 -1 -1 -1 0 
