3 1 380 319 162 146 -1 -1 -1 0 
3 2 571 330 50 54 -1 -1 -1 0 
3 4 645 331 22 33 -1 -1 -1 0 
4 1 383 323 163 138 -1 -1 -1 0 
4 2 572 330 49 54 -1 -1 -1 0 
4 4 644 330 23 35 -1 -1 -1 0 
5 1 389 329 159 128 -1 -1 -1 0 
5 2 572 330 50 54 -1 -1 -1 0 
5 4 644 330 24 35 -1 -1 -1 0 
6 1 395 329 153 127 -1 -1 -1 0 
6 2 574 330 48 54 -1 -1 -1 0 
6 4 643 331 25 34 -1 -1 -1 0 
7 1 400 320 148 134 -1 -1 -1 0 
7 2 574 330 49 54 -1 -1 -1 0 
7 4 644 332 24 34 -1 -1 -1 0 
8 1 402 318 148 136 -1 -1 -1 0 
8 2 574 331 49 53 -1 -1 -1 0 
8 4 644 333 24 34 -1 -1 -1 0 
9 1 408 318 144 134 -1 -1 -1 0 
9 2 576 331 46 53 -1 -1 -1 0 
9 4 643 333 25 34 -1 -1 -1 0 
10 1 413 319 138 131 -1 -1 -1 0 
10 2 576 332 46 52 -1 -1 -1 0 
10 4 643 334 24 33 -1 -1 -1 0 
11 1 415 320 139 129 -1 -1 -1 0 
11 2 576 332 46 51 -1 -1 -1 0 
11 4 644 334 24 32 -1 -1 -1 0 
12 1 420 319 136 129 -1 -1 -1 0 
12 2 577 332 45 51 -1 -1 -1 0 
12 4 644 333 23 33 -1 -1 -1 0 
13 1 423 320 135 126 -1 -1 -1 0 
13 2 577 331 45 51 -1 -1 -1 0 
13 4 643 333 24 33 -1 -1 -1 0 
14 1 426 322 133 123 -1 -1 -1 0 
14 2 577 331 45 51 -1 -1 -1 0 
14 4 643 333 24 33 -1 -1 -1 0 
15 1 428 327 132 115 -1 -1 -1 0 
15 2 577 332 45 49 -1 -1 -1 0 
15 4 643 333 23 33 -1 -1 -1 0 
16 1 433 329 128 111 -1 -1 -1 0 
16 2 578 332 44 49 -1 -1 -1 0 
16 4 643 333 22 32 -1 -1 -1 0 
17 1 438 325 125 116 -1 -1 -1 0 
17 2 579 332 43 48 -1 -1 -1 0 
17 4 643 334 23 30 -1 -1 -1 0 
18 1 441 327 124 111 -1 -1 -1 0 
18 2 579 333 43 47 -1 -1 -1 0 
18 4 643 334 23 30 -1 -1 -1 0 
19 1 446 327 119 109 -1 -1 -1 0 
19 2 580 333 42 46 -1 -1 -1 0 
19 4 643 335 22 28 -1 -1 -1 0 
20 1 449 322 116 114 -1 -1 -1 0 
20 2 580 332 42 47 -1 -1 -1 0 
20 4 644 335 20 28 -1 -1 -1 0 
21 1 452 321 115 115 -1 -1 -1 0 
21 2 581 332 41 47 -1 -1 -1 0 
21 4 644 335 21 28 -1 -1 -1 0 
22 1 455 320 113 115 -1 -1 -1 0 
22 2 581 332 41 47 -1 -1 -1 0 
22 4 644 336 21 27 -1 -1 -1 0 
23 1 456 318 114 116 -1 -1 -1 0 
23 2 582 331 41 48 -1 -1 -1 0 
23 4 644 336 21 27 -1 -1 -1 0 
24 1 458 317 114 114 -1 -1 -1 0 
24 2 583 331 40 50 -1 -1 -1 0 
25 1 462 317 113 112 -1 -1 -1 0 
25 2 583 330 41 51 -1 -1 -1 0 
25 4 645 336 19 26 -1 -1 -1 0 
26 1 468 319 108 109 -1 -1 -1 0 
26 2 582 330 43 50 -1 -1 -1 0 
26 4 645 336 18 25 -1 -1 -1 0 
27 1 472 318 106 109 -1 -1 -1 0 
27 2 583 330 40 48 -1 -1 -1 0 
27 4 645 337 17 24 -1 -1 -1 0 
28 1 474 322 107 103 -1 -1 -1 0 
28 2 584 330 40 48 -1 -1 -1 0 
29 1 480 320 103 104 -1 -1 -1 0 
29 2 584 330 39 48 -1 -1 -1 0 
30 1 482 322 105 101 -1 -1 -1 0 
30 2 584 330 39 47 -1 -1 -1 0 
31 1 486 324 103 97 -1 -1 -1 0 
31 2 585 331 38 46 -1 -1 -1 0 
32 1 490 326 100 94 -1 -1 -1 0 
32 2 586 331 37 46 -1 -1 -1 0 
32 4 644 336 18 27 -1 -1 -1 0 
33 1 495 328 96 92 -1 -1 -1 0 
33 2 587 331 36 46 -1 -1 -1 0 
33 4 644 336 18 28 -1 -1 -1 0 
34 1 499 329 93 90 -1 -1 -1 0 
34 2 588 331 36 46 -1 -1 -1 0 
34 4 644 336 18 29 -1 -1 -1 0 
35 1 503 330 91 89 -1 -1 -1 0 
35 2 588 331 37 46 -1 -1 -1 0 
35 4 643 336 20 30 -1 -1 -1 0 
36 1 507 331 88 88 -1 -1 -1 0 
36 2 590 333 35 46 -1 -1 -1 0 
36 4 642 336 22 31 -1 -1 -1 0 
37 1 512 331 85 87 -1 -1 -1 0 
37 2 590 333 36 46 -1 -1 -1 0 
37 4 642 336 22 31 -1 -1 -1 0 
38 1 516 328 83 90 -1 -1 -1 0 
38 2 591 334 35 45 -1 -1 -1 0 
38 4 642 336 23 31 -1 -1 -1 0 
39 1 519 325 83 91 -1 -1 -1 0 
39 2 592 334 34 44 -1 -1 -1 0 
39 4 643 336 21 31 -1 -1 -1 0 
40 1 522 326 84 88 -1 -1 -1 0 
40 2 594 333 30 43 -1 -1 -1 0 
40 4 644 335 20 31 -1 -1 -1 0 
