3 1 627 326 30 37 -1 -1 -1 0 
4 1 628 326 29 37 -1 -1 -1 0 
5 1 627 326 30 36 -1 -1 -1 0 
6 1 627 326 30 36 -1 -1 -1 0 
7 1 626 326 31 36 -1 -1 -1 0 
8 1 627 327 30 36 -1 -1 -1 0 
9 1 626 327 31 36 -1 -1 -1 0 
10 1 627 328 29 35 -1 -1 -1 0 
10 4 669 323 25 35 -1 -1 -1 0 
11 1 627 328 28 35 -1 -1 -1 0 
11 4 670 324 23 34 -1 -1 -1 0 
12 1 626 328 30 35 -1 -1 -1 0 
12 4 670 324 23 34 -1 -1 -1 0 
12 5 758 330 48 50 -1 -1 -1 0 
13 1 626 329 29 34 -1 -1 -1 0 
13 4 668 324 27 33 -1 -1 -1 0 
13 5 757 331 49 49 -1 -1 -1 0 
14 1 626 330 28 33 -1 -1 -1 0 
14 4 669 325 25 32 -1 -1 -1 0 
14 5 757 331 49 50 -1 -1 -1 0 
15 5 757 332 50 49 -1 -1 -1 0 
16 1 626 329 29 34 -1 -1 -1 0 
16 5 757 333 49 48 -1 -1 -1 0 
17 1 627 329 27 34 -1 -1 -1 0 
17 4 669 325 24 34 -1 -1 -1 0 
17 5 758 334 48 48 -1 -1 -1 0 
18 1 626 330 27 34 -1 -1 -1 0 
18 4 668 325 26 35 -1 -1 -1 0 
18 5 760 334 45 47 -1 -1 -1 0 
19 1 626 330 27 34 -1 -1 -1 0 
19 4 668 325 26 34 -1 -1 -1 0 
19 5 759 333 47 48 -1 -1 -1 0 
20 1 626 330 27 34 -1 -1 -1 0 
20 4 668 325 25 34 -1 -1 -1 0 
20 5 757 333 48 48 -1 -1 -1 0 
21 1 626 330 27 34 -1 -1 -1 0 
21 4 668 325 25 34 -1 -1 -1 0 
21 5 756 332 49 49 -1 -1 -1 0 
22 5 755 331 49 49 -1 -1 -1 0 
23 5 754 331 50 49 -1 -1 -1 0 
23 6 84 358 84 43 -1 -1 -1 0 
24 5 754 330 49 50 -1 -1 -1 0 
24 6 33 357 88 48 -1 -1 -1 0 
25 5 753 330 51 50 -1 -1 -1 0 
25 6 1 357 68 55 -1 -1 -1 0 
26 5 753 330 50 50 -1 -1 -1 0 
26 6 0 357 34 58 -1 -1 -1 0 
27 5 753 331 50 48 -1 -1 -1 0 
28 5 754 331 48 48 -1 -1 -1 0 
29 5 755 332 48 48 -1 -1 -1 0 
30 5 755 334 49 47 -1 -1 -1 0 
31 5 755 334 48 47 -1 -1 -1 0 
32 5 755 335 49 46 -1 -1 -1 0 
33 5 754 335 49 46 -1 -1 -1 0 
34 5 755 335 47 47 -1 -1 -1 0 
35 5 754 336 49 46 -1 -1 -1 0 
36 5 755 336 48 46 -1 -1 -1 0 
37 5 755 336 48 46 -1 -1 -1 0 
37 7 327 346 40 35 -1 -1 -1 0 
38 5 756 336 47 47 -1 -1 -1 0 
38 7 301 348 46 37 -1 -1 -1 0 
39 5 756 336 47 47 -1 -1 -1 0 
39 7 286 349 47 39 -1 -1 -1 0 
40 5 756 336 48 48 -1 -1 -1 0 
