3 1 2 321 328 185 -1 -1 -1 0 
3 2 552 336 69 68 -1 -1 -1 0 
3 3 775 333 82 74 -1 -1 -1 0 
3 4 670 316 47 53 -1 -1 -1 0 
4 1 0 322 338 181 -1 -1 -1 0 
4 2 554 336 67 67 -1 -1 -1 0 
4 3 775 333 82 73 -1 -1 -1 0 
4 4 670 315 46 54 -1 -1 -1 0 
5 1 0 321 342 178 -1 -1 -1 0 
5 2 555 336 67 66 -1 -1 -1 0 
5 3 776 333 80 73 -1 -1 -1 0 
5 4 670 315 46 54 -1 -1 -1 0 
6 1 0 321 355 178 -1 -1 -1 0 
6 2 557 335 66 67 -1 -1 -1 0 
6 3 775 333 81 73 -1 -1 -1 0 
6 4 669 315 46 54 -1 -1 -1 0 
7 1 5 323 362 172 -1 -1 -1 0 
7 2 557 335 68 67 -1 -1 -1 0 
7 3 776 334 79 71 -1 -1 -1 0 
7 4 670 315 43 54 -1 -1 -1 0 
8 1 31 323 333 166 -1 -1 -1 0 
8 2 559 335 66 66 -1 -1 -1 0 
8 3 776 334 79 71 -1 -1 -1 0 
8 4 669 315 43 53 -1 -1 -1 0 
9 1 50 326 313 160 -1 -1 -1 0 
9 2 559 335 68 66 -1 -1 -1 0 
9 3 776 335 78 70 -1 -1 -1 0 
9 4 669 316 43 52 -1 -1 -1 0 
10 1 72 327 299 154 -1 -1 -1 0 
10 2 561 336 66 65 -1 -1 -1 0 
10 3 778 334 75 69 -1 -1 -1 0 
10 4 669 316 43 52 -1 -1 -1 0 
11 1 98 330 277 146 -1 -1 -1 0 
11 2 563 335 63 64 -1 -1 -1 0 
11 3 778 334 75 69 -1 -1 -1 0 
12 1 111 331 273 142 -1 -1 -1 0 
12 2 565 335 61 64 -1 -1 -1 0 
12 3 779 333 74 69 -1 -1 -1 0 
13 1 136 331 250 135 -1 -1 -1 0 
13 2 565 335 62 63 -1 -1 -1 0 
13 3 780 333 73 69 -1 -1 -1 0 
13 4 669 317 42 52 -1 -1 -1 0 
14 1 145 332 244 133 -1 -1 -1 0 
14 2 567 335 60 62 -1 -1 -1 0 
14 3 779 333 74 69 -1 -1 -1 0 
14 4 669 318 42 51 -1 -1 -1 0 
15 1 158 333 239 128 -1 -1 -1 0 
15 2 566 335 63 62 -1 -1 -1 0 
15 3 779 334 75 68 -1 -1 -1 0 
16 1 177 334 223 123 -1 -1 -1 0 
16 2 567 336 63 62 -1 -1 -1 0 
16 3 779 332 74 71 -1 -1 -1 0 
17 1 198 336 178 117 -1 -1 -1 0 
17 2 568 336 62 61 -1 -1 -1 0 
17 3 778 332 75 72 -1 -1 -1 0 
17 4 670 317 41 53 -1 -1 -1 0 
18 1 200 336 200 116 -1 -1 -1 0 
18 2 569 336 62 60 -1 -1 -1 0 
18 3 778 332 75 72 -1 -1 -1 0 
18 4 670 316 43 54 -1 -1 -1 0 
19 1 225 337 151 113 -1 -1 -1 0 
19 2 570 336 62 60 -1 -1 -1 0 
19 3 776 332 77 73 -1 -1 -1 0 
19 4 670 314 43 56 -1 -1 -1 0 
20 1 226 336 169 113 -1 -1 -1 0 
20 2 570 336 63 59 -1 -1 -1 0 
20 3 776 331 77 74 -1 -1 -1 0 
20 4 670 314 43 56 -1 -1 -1 0 
21 1 238 336 165 109 -1 -1 -1 0 
21 2 572 336 61 57 -1 -1 -1 0 
21 3 776 331 78 74 -1 -1 -1 0 
21 4 669 315 44 55 -1 -1 -1 0 
22 1 247 336 164 108 -1 -1 -1 0 
22 2 574 336 59 57 -1 -1 -1 0 
22 3 777 331 76 74 -1 -1 -1 0 
22 4 670 316 42 54 -1 -1 -1 0 
23 1 261 336 148 107 -1 -1 -1 0 
23 2 575 335 58 57 -1 -1 -1 0 
23 3 777 331 76 74 -1 -1 -1 0 
23 4 670 314 42 56 -1 -1 -1 0 
24 1 270 337 148 103 -1 -1 -1 0 
24 2 576 334 56 58 -1 -1 -1 0 
24 3 778 330 75 75 -1 -1 -1 0 
24 4 669 314 44 56 -1 -1 -1 0 
25 1 283 335 123 104 -1 -1 -1 0 
25 2 577 334 56 58 -1 -1 -1 0 
25 3 779 329 74 74 -1 -1 -1 0 
25 4 669 314 44 56 -1 -1 -1 0 
26 1 281 337 145 99 -1 -1 -1 0 
26 2 578 334 55 58 -1 -1 -1 0 
26 3 779 328 74 74 -1 -1 -1 0 
26 4 669 312 45 58 -1 -1 -1 0 
27 1 298 336 122 99 -1 -1 -1 0 
27 2 579 334 55 59 -1 -1 -1 0 
27 3 779 328 75 74 -1 -1 -1 0 
27 4 669 312 45 58 -1 -1 -1 0 
28 1 300 336 139 99 -1 -1 -1 0 
28 2 580 333 54 60 -1 -1 -1 0 
28 3 778 328 75 74 -1 -1 -1 0 
28 4 670 311 44 58 -1 -1 -1 0 
29 1 314 338 120 98 -1 -1 -1 0 
29 2 580 335 56 58 -1 -1 -1 0 
29 3 777 329 76 74 -1 -1 -1 0 
29 4 670 311 44 59 -1 -1 -1 0 
30 1 319 337 115 97 -1 -1 -1 0 
30 2 582 335 53 59 -1 -1 -1 0 
30 3 777 329 77 74 -1 -1 -1 0 
30 4 669 310 46 60 -1 -1 -1 0 
31 1 322 337 126 96 -1 -1 -1 0 
31 2 583 335 53 59 -1 -1 -1 0 
31 3 777 328 76 75 -1 -1 -1 0 
31 4 670 310 44 60 -1 -1 -1 0 
32 1 331 336 115 96 -1 -1 -1 0 
32 2 583 336 53 58 -1 -1 -1 0 
32 3 777 330 76 73 -1 -1 -1 0 
32 4 669 310 46 61 -1 -1 -1 0 
33 1 337 335 110 96 -1 -1 -1 0 
33 2 583 336 53 57 -1 -1 -1 0 
33 3 778 330 74 73 -1 -1 -1 0 
33 4 670 310 44 61 -1 -1 -1 0 
34 1 341 335 113 93 -1 -1 -1 0 
34 2 584 337 52 54 -1 -1 -1 0 
34 3 779 328 73 73 -1 -1 -1 0 
34 4 669 310 46 60 -1 -1 -1 0 
34 10 421 338 64 82 -1 -1 -1 0 
35 1 348 335 111 94 -1 -1 -1 0 
35 2 585 336 51 55 -1 -1 -1 0 
35 3 779 328 73 73 -1 -1 -1 0 
35 4 669 310 46 60 -1 -1 -1 0 
35 10 422 338 65 82 -1 -1 -1 0 
36 1 352 334 114 93 -1 -1 -1 0 
36 2 586 336 49 54 -1 -1 -1 0 
36 3 778 329 73 71 -1 -1 -1 0 
37 1 361 333 99 93 -1 -1 -1 0 
37 2 587 334 48 56 -1 -1 -1 0 
37 3 777 329 74 71 -1 -1 -1 0 
38 1 362 334 105 91 -1 -1 -1 0 
38 2 587 334 50 57 -1 -1 -1 0 
38 3 777 331 74 70 -1 -1 -1 0 
39 1 368 332 102 92 -1 -1 -1 0 
39 2 588 334 49 57 -1 -1 -1 0 
39 3 778 331 72 69 -1 -1 -1 0 
40 1 368 333 117 91 -1 -1 -1 0 
40 2 589 334 48 58 -1 -1 -1 0 
40 3 777 331 73 71 -1 -1 -1 0 
