3 1 579 335 28 35 -1 -1 -1 0 
3 3 801 337 36 36 -1 -1 -1 0 
4 1 579 334 28 34 -1 -1 -1 0 
4 3 801 336 34 36 -1 -1 -1 0 
4 5 391 337 33 30 -1 -1 -1 0 
4 7 441 334 25 27 -1 -1 -1 0 
5 1 577 334 27 33 -1 -1 -1 0 
5 3 799 335 37 37 -1 -1 -1 0 
5 5 374 337 36 32 -1 -1 -1 0 
5 7 433 334 25 27 -1 -1 -1 0 
5 8 540 329 21 26 -1 -1 -1 0 
5 9 480 333 19 26 -1 -1 -1 0 
6 1 576 334 29 32 -1 -1 -1 0 
6 3 798 334 38 38 -1 -1 -1 0 
6 5 353 337 44 33 -1 -1 -1 0 
6 7 428 334 25 27 -1 -1 -1 0 
6 8 538 329 22 26 -1 -1 -1 0 
6 9 472 333 21 26 -1 -1 -1 0 
7 1 573 333 30 34 -1 -1 -1 0 
7 3 798 334 37 37 -1 -1 -1 0 
7 5 332 335 50 36 -1 -1 -1 0 
7 8 534 326 22 27 -1 -1 -1 0 
7 9 467 333 21 26 -1 -1 -1 0 
8 1 572 333 30 33 -1 -1 -1 0 
8 3 798 334 36 37 -1 -1 -1 0 
8 5 318 335 52 37 -1 -1 -1 0 
8 8 530 325 21 27 -1 -1 -1 0 
8 9 457 333 20 26 -1 -1 -1 0 
9 1 573 335 27 32 -1 -1 -1 0 
9 3 799 334 37 39 -1 -1 -1 0 
9 5 274 341 48 37 -1 -1 -1 0 
9 7 627 333 16 24 -1 -1 -1 0 
9 8 528 327 20 26 -1 -1 -1 0 
9 9 448 334 23 27 -1 -1 -1 0 
10 1 571 336 30 31 -1 -1 -1 0 
10 3 799 335 37 38 -1 -1 -1 0 
10 5 238 343 55 41 -1 -1 -1 0 
10 7 645 332 15 24 -1 -1 -1 0 
10 8 527 327 19 27 -1 -1 -1 0 
10 9 437 334 26 29 -1 -1 -1 0 
11 1 571 336 27 31 -1 -1 -1 0 
11 3 799 336 35 37 -1 -1 -1 0 
11 5 229 347 48 39 -1 -1 -1 0 
11 7 673 332 15 24 -1 -1 -1 0 
11 8 525 327 22 27 -1 -1 -1 0 
11 9 430 335 26 29 -1 -1 -1 0 
12 1 571 336 27 30 -1 -1 -1 0 
12 3 797 336 38 37 -1 -1 -1 0 
12 5 209 348 49 40 -1 -1 -1 0 
12 8 524 328 22 28 -1 -1 -1 0 
12 9 418 337 27 30 -1 -1 -1 0 
13 1 570 337 29 30 -1 -1 -1 0 
13 3 796 335 39 37 -1 -1 -1 0 
13 7 656 332 16 25 -1 -1 -1 0 
13 8 522 327 21 28 -1 -1 -1 0 
13 9 405 338 32 30 -1 -1 -1 0 
14 1 570 335 29 31 -1 -1 -1 0 
14 3 796 332 39 38 -1 -1 -1 0 
14 7 650 332 17 23 -1 -1 -1 0 
14 8 517 325 22 30 -1 -1 -1 0 
14 9 396 338 33 31 -1 -1 -1 0 
15 1 570 332 28 32 -1 -1 -1 0 
15 3 798 329 36 39 -1 -1 -1 0 
15 7 669 331 17 24 -1 -1 -1 0 
15 8 514 323 20 30 -1 -1 -1 0 
16 1 570 329 30 32 -1 -1 -1 0 
16 3 798 326 36 40 -1 -1 -1 0 
16 8 511 321 21 30 -1 -1 -1 0 
17 1 568 328 31 31 -1 -1 -1 0 
17 3 796 325 39 39 -1 -1 -1 0 
17 8 509 320 21 29 -1 -1 -1 0 
18 1 567 327 30 31 -1 -1 -1 0 
18 3 798 324 36 40 -1 -1 -1 0 
18 8 507 318 20 31 -1 -1 -1 0 
19 1 568 328 29 30 -1 -1 -1 0 
19 3 796 325 39 39 -1 -1 -1 0 
19 8 502 318 24 31 -1 -1 -1 0 
20 1 570 329 30 28 -1 -1 -1 0 
20 3 798 325 36 39 -1 -1 -1 0 
20 8 498 319 23 31 -1 -1 -1 0 
21 1 571 330 27 28 -1 -1 -1 0 
21 3 798 326 37 40 -1 -1 -1 0 
21 8 495 321 23 31 -1 -1 -1 0 
22 1 571 330 28 29 -1 -1 -1 0 
22 3 797 329 38 39 -1 -1 -1 0 
22 8 491 323 23 31 -1 -1 -1 0 
23 1 570 330 29 28 -1 -1 -1 0 
23 3 797 330 38 40 -1 -1 -1 0 
23 8 488 324 23 31 -1 -1 -1 0 
24 1 568 331 30 27 -1 -1 -1 0 
24 3 796 329 41 42 -1 -1 -1 0 
24 8 482 324 23 31 -1 -1 -1 0 
25 1 570 331 27 29 -1 -1 -1 0 
25 3 797 329 40 42 -1 -1 -1 0 
25 7 519 323 20 27 -1 -1 -1 0 
25 8 478 322 23 33 -1 -1 -1 0 
26 1 570 330 27 31 -1 -1 -1 0 
26 3 796 330 41 41 -1 -1 -1 0 
26 7 516 322 20 28 -1 -1 -1 0 
26 8 473 321 24 33 -1 -1 -1 0 
27 1 570 330 26 29 -1 -1 -1 0 
27 3 796 330 41 41 -1 -1 -1 0 
27 8 467 320 26 32 -1 -1 -1 0 
28 1 570 329 26 30 -1 -1 -1 0 
28 3 797 332 40 39 -1 -1 -1 0 
28 8 463 321 23 33 -1 -1 -1 0 
29 1 571 333 30 29 -1 -1 -1 0 
29 3 797 333 40 38 -1 -1 -1 0 
29 8 455 324 26 33 -1 -1 -1 0 
30 1 574 335 26 30 -1 -1 -1 0 
30 3 799 335 37 36 -1 -1 -1 0 
30 8 448 326 25 34 -1 -1 -1 0 
31 1 572 335 29 31 -1 -1 -1 0 
31 3 802 336 35 37 -1 -1 -1 0 
31 8 442 326 27 36 -1 -1 -1 0 
32 1 572 336 28 30 -1 -1 -1 0 
32 3 801 336 38 37 -1 -1 -1 0 
32 7 516 334 20 26 -1 -1 -1 0 
32 8 437 327 28 36 -1 -1 -1 0 
33 1 572 336 27 29 -1 -1 -1 0 
33 3 801 336 39 37 -1 -1 -1 0 
33 7 515 336 18 26 -1 -1 -1 0 
33 8 428 327 31 40 -1 -1 -1 0 
34 1 577 337 25 29 -1 -1 -1 0 
34 3 802 336 40 37 -1 -1 -1 0 
34 7 511 337 19 25 -1 -1 -1 0 
34 8 418 328 34 40 -1 -1 -1 0 
35 1 574 337 26 30 -1 -1 -1 0 
35 3 802 336 43 35 -1 -1 -1 0 
35 7 508 337 18 25 -1 -1 -1 0 
35 8 411 327 31 41 -1 -1 -1 0 
36 1 576 337 25 30 -1 -1 -1 0 
36 3 803 334 43 37 -1 -1 -1 0 
36 7 502 336 21 26 -1 -1 -1 0 
36 8 400 329 31 40 -1 -1 -1 0 
37 1 576 337 25 31 -1 -1 -1 0 
37 3 804 334 43 37 -1 -1 -1 0 
37 7 496 336 21 26 -1 -1 -1 0 
37 8 391 324 31 36 -1 -1 -1 0 
38 1 576 337 25 29 -1 -1 -1 0 
38 3 805 334 42 37 -1 -1 -1 0 
38 7 488 334 25 28 -1 -1 -1 0 
38 8 384 324 32 36 -1 -1 -1 0 
38 22 2 282 73 121 -1 -1 -1 0 
39 1 578 336 25 29 -1 -1 -1 0 
39 3 808 334 40 36 -1 -1 -1 0 
39 7 481 333 27 29 -1 -1 -1 0 
39 22 0 289 54 109 -1 -1 -1 0 
40 1 577 336 27 30 -1 -1 -1 0 
40 3 808 336 41 34 -1 -1 -1 0 
40 7 478 333 27 30 -1 -1 -1 0 
40 22 0 290 44 106 -1 -1 -1 0 
