6 2 683 330 46 52 -1 -1 -1 0 
7 2 684 329 46 54 -1 -1 -1 0 
8 2 683 330 47 53 -1 -1 -1 0 
9 2 684 330 47 54 -1 -1 -1 0 
10 2 683 330 48 55 -1 -1 -1 0 
11 2 684 331 47 54 -1 -1 -1 0 
12 2 685 331 46 54 -1 -1 -1 0 
13 2 686 330 45 55 -1 -1 -1 0 
14 2 686 330 45 55 -1 -1 -1 0 
15 2 685 330 46 55 -1 -1 -1 0 
16 2 685 330 46 56 -1 -1 -1 0 
17 2 684 331 47 56 -1 -1 -1 0 
18 2 684 332 48 55 -1 -1 -1 0 
19 2 686 332 45 56 -1 -1 -1 0 
20 2 686 333 45 56 -1 -1 -1 0 
20 3 1197 386 82 229 -1 -1 -1 0 
21 2 685 333 48 56 -1 -1 -1 0 
21 3 1180 371 99 240 -1 -1 -1 0 
22 2 686 333 47 56 -1 -1 -1 0 
22 3 1165 361 114 239 -1 -1 -1 0 
23 2 687 333 45 56 -1 -1 -1 0 
23 3 1149 360 130 233 -1 -1 -1 0 
24 2 686 333 47 56 -1 -1 -1 0 
24 3 1138 358 141 226 -1 -1 -1 0 
25 2 687 333 45 56 -1 -1 -1 0 
25 3 1128 348 149 233 -1 -1 -1 0 
26 2 687 333 44 56 -1 -1 -1 0 
26 3 1113 339 165 247 -1 -1 -1 0 
27 2 686 333 46 57 -1 -1 -1 0 
27 3 1100 339 179 245 -1 -1 -1 0 
28 2 686 333 47 56 -1 -1 -1 0 
28 3 1088 341 191 241 -1 -1 -1 0 
29 2 687 331 45 57 -1 -1 -1 0 
29 3 1079 342 200 237 -1 -1 -1 0 
30 2 686 331 47 56 -1 -1 -1 0 
30 3 1072 340 206 239 -1 -1 -1 0 
31 2 687 331 46 55 -1 -1 -1 0 
31 3 1064 342 213 233 -1 -1 -1 0 
32 2 687 330 46 56 -1 -1 -1 0 
32 3 1055 339 222 234 -1 -1 -1 0 
33 2 688 330 44 55 -1 -1 -1 0 
33 3 1047 336 230 235 -1 -1 -1 0 
34 2 688 330 45 55 -1 -1 -1 0 
34 3 1040 333 237 236 -1 -1 -1 0 
35 2 688 330 45 55 -1 -1 -1 0 
35 3 1032 333 246 236 -1 -1 -1 0 
36 2 689 330 43 55 -1 -1 -1 0 
36 3 1024 335 255 232 -1 -1 -1 0 
37 2 689 330 44 55 -1 -1 -1 0 
37 3 1018 339 261 225 -1 -1 -1 0 
38 2 688 330 45 55 -1 -1 -1 0 
38 3 1014 341 265 221 -1 -1 -1 0 
39 2 689 330 44 55 -1 -1 -1 0 
39 3 1007 338 269 222 -1 -1 -1 0 
40 2 690 330 44 55 -1 -1 -1 0 
40 3 1002 337 275 223 -1 -1 -1 0 
