3 1 919 341 302 153 -1 -1 -1 0 
3 2 621 326 39 50 -1 -1 -1 0 
3 3 673 322 38 52 -1 -1 -1 0 
3 4 521 333 53 52 -1 -1 -1 0 
4 1 921 341 308 156 -1 -1 -1 0 
4 2 622 327 38 49 -1 -1 -1 0 
4 3 673 322 39 52 -1 -1 -1 0 
4 4 523 334 52 52 -1 -1 -1 0 
5 1 910 339 333 158 -1 -1 -1 0 
5 2 622 326 38 50 -1 -1 -1 0 
5 3 673 322 39 52 -1 -1 -1 0 
5 4 524 334 51 52 -1 -1 -1 0 
6 1 909 339 338 160 -1 -1 -1 0 
6 2 622 326 38 50 -1 -1 -1 0 
6 3 673 322 38 52 -1 -1 -1 0 
6 4 525 333 50 53 -1 -1 -1 0 
7 1 932 341 317 161 -1 -1 -1 0 
7 2 622 326 39 50 -1 -1 -1 0 
7 3 673 322 38 52 -1 -1 -1 0 
7 4 526 333 50 53 -1 -1 -1 0 
8 1 938 340 321 165 -1 -1 -1 0 
8 2 623 326 38 50 -1 -1 -1 0 
8 3 673 322 39 52 -1 -1 -1 0 
8 4 528 334 50 51 -1 -1 -1 0 
9 1 937 339 332 168 -1 -1 -1 0 
9 2 623 327 38 48 -1 -1 -1 0 
9 3 673 322 38 52 -1 -1 -1 0 
9 4 529 333 51 52 -1 -1 -1 0 
10 1 923 339 356 169 -1 -1 -1 0 
10 2 624 327 37 48 -1 -1 -1 0 
10 3 673 323 39 51 -1 -1 -1 0 
10 4 531 333 50 51 -1 -1 -1 0 
11 1 925 338 354 171 -1 -1 -1 0 
11 2 624 327 37 47 -1 -1 -1 0 
11 3 673 324 38 50 -1 -1 -1 0 
11 4 533 331 48 53 -1 -1 -1 0 
12 1 923 335 355 175 -1 -1 -1 0 
12 2 623 327 38 47 -1 -1 -1 0 
12 3 673 324 38 50 -1 -1 -1 0 
12 4 534 331 48 52 -1 -1 -1 0 
13 1 922 333 357 182 -1 -1 -1 0 
13 2 624 328 37 46 -1 -1 -1 0 
13 3 673 325 38 48 -1 -1 -1 0 
13 4 535 332 47 50 -1 -1 -1 0 
14 1 924 331 355 188 -1 -1 -1 0 
14 2 625 328 36 45 -1 -1 -1 0 
14 3 673 324 38 49 -1 -1 -1 0 
14 4 537 331 47 50 -1 -1 -1 0 
15 1 923 329 356 190 -1 -1 -1 0 
15 2 625 328 36 46 -1 -1 -1 0 
15 3 673 324 37 49 -1 -1 -1 0 
15 4 538 331 47 49 -1 -1 -1 0 
16 1 926 327 353 191 -1 -1 -1 0 
16 2 625 328 37 46 -1 -1 -1 0 
16 3 673 324 38 49 -1 -1 -1 0 
16 4 540 330 45 50 -1 -1 -1 0 
17 1 931 326 347 192 -1 -1 -1 0 
17 2 626 328 36 46 -1 -1 -1 0 
17 3 673 325 38 48 -1 -1 -1 0 
17 4 540 330 45 49 -1 -1 -1 0 
18 1 934 323 344 197 -1 -1 -1 0 
18 2 626 329 36 44 -1 -1 -1 0 
18 3 673 325 37 47 -1 -1 -1 0 
18 4 541 331 45 49 -1 -1 -1 0 
19 1 939 321 339 201 -1 -1 -1 0 
19 2 626 329 36 44 -1 -1 -1 0 
19 3 673 325 38 47 -1 -1 -1 0 
19 4 545 333 41 46 -1 -1 -1 0 
20 1 944 313 331 211 -1 -1 -1 0 
20 2 627 329 35 44 -1 -1 -1 0 
20 3 673 325 37 47 -1 -1 -1 0 
20 4 546 333 41 45 -1 -1 -1 0 
21 1 942 314 337 206 -1 -1 -1 0 
21 2 627 329 35 43 -1 -1 -1 0 
21 3 673 325 37 47 -1 -1 -1 0 
21 4 677 322 33 43 -1 -1 -1 0 
22 1 949 312 329 208 -1 -1 -1 0 
22 2 627 329 35 43 -1 -1 -1 0 
22 3 674 326 36 46 -1 -1 -1 0 
22 4 705 321 33 41 -1 -1 -1 0 
23 1 950 312 329 209 -1 -1 -1 0 
23 2 627 328 35 44 -1 -1 -1 0 
23 3 674 325 35 47 -1 -1 -1 0 
23 4 717 318 32 43 -1 -1 -1 0 
24 1 956 313 320 213 -1 -1 -1 0 
24 2 627 328 36 44 -1 -1 -1 0 
24 3 674 326 36 46 -1 -1 -1 0 
24 4 720 318 34 43 -1 -1 -1 0 
25 1 957 315 322 213 -1 -1 -1 0 
25 2 628 328 35 44 -1 -1 -1 0 
25 3 674 326 35 46 -1 -1 -1 0 
25 4 720 317 36 45 -1 -1 -1 0 
26 1 960 316 318 215 -1 -1 -1 0 
26 2 628 328 35 45 -1 -1 -1 0 
26 3 675 326 34 46 -1 -1 -1 0 
26 4 720 317 36 45 -1 -1 -1 0 
27 1 964 315 313 217 -1 -1 -1 0 
27 2 627 328 37 45 -1 -1 -1 0 
27 3 674 326 36 45 -1 -1 -1 0 
27 4 720 318 35 44 -1 -1 -1 0 
28 1 966 314 310 218 -1 -1 -1 0 
28 2 628 328 36 44 -1 -1 -1 0 
28 3 675 326 34 45 -1 -1 -1 0 
28 4 720 320 35 42 -1 -1 -1 0 
29 1 969 316 307 219 -1 -1 -1 0 
29 2 629 328 35 44 -1 -1 -1 0 
29 3 675 327 35 44 -1 -1 -1 0 
29 4 720 319 34 44 -1 -1 -1 0 
29 6 554 321 43 56 -1 -1 -1 0 
30 1 971 319 305 215 -1 -1 -1 0 
30 2 629 328 35 44 -1 -1 -1 0 
30 3 676 328 35 43 -1 -1 -1 0 
30 4 719 319 34 45 -1 -1 -1 0 
30 6 554 323 45 55 -1 -1 -1 0 
31 1 974 323 302 208 -1 -1 -1 0 
31 2 628 329 36 43 -1 -1 -1 0 
31 3 676 328 35 43 -1 -1 -1 0 
31 4 718 320 36 43 -1 -1 -1 0 
31 6 555 325 43 52 -1 -1 -1 0 
32 1 979 323 295 207 -1 -1 -1 0 
32 2 629 329 35 43 -1 -1 -1 0 
32 3 675 327 35 44 -1 -1 -1 0 
32 4 718 320 35 43 -1 -1 -1 0 
32 6 557 327 41 50 -1 -1 -1 0 
33 1 983 323 291 207 -1 -1 -1 0 
33 2 629 328 35 43 -1 -1 -1 0 
33 3 675 326 35 45 -1 -1 -1 0 
33 4 718 320 35 43 -1 -1 -1 0 
33 6 559 328 39 48 -1 -1 -1 0 
34 1 986 326 290 203 -1 -1 -1 0 
34 2 629 327 35 44 -1 -1 -1 0 
34 3 675 326 34 45 -1 -1 -1 0 
34 4 717 319 35 43 -1 -1 -1 0 
34 6 561 330 37 45 -1 -1 -1 0 
35 1 992 326 284 204 -1 -1 -1 0 
35 2 629 327 35 44 -1 -1 -1 0 
35 3 675 326 34 45 -1 -1 -1 0 
35 4 716 318 37 45 -1 -1 -1 0 
35 6 562 331 37 43 -1 -1 -1 0 
36 1 994 328 283 200 -1 -1 -1 0 
36 2 629 326 36 44 -1 -1 -1 0 
36 3 674 326 36 44 -1 -1 -1 0 
36 4 716 318 36 45 -1 -1 -1 0 
36 6 563 332 36 42 -1 -1 -1 0 
37 1 998 329 280 199 -1 -1 -1 0 
37 2 630 326 34 44 -1 -1 -1 0 
37 3 674 326 35 44 -1 -1 -1 0 
37 4 715 316 37 46 -1 -1 -1 0 
37 6 563 333 36 40 -1 -1 -1 0 
38 1 1005 328 269 202 -1 -1 -1 0 
38 2 630 326 34 44 -1 -1 -1 0 
38 3 674 327 35 43 -1 -1 -1 0 
38 4 715 316 36 47 -1 -1 -1 0 
38 6 564 334 35 39 -1 -1 -1 0 
39 1 1007 328 270 203 -1 -1 -1 0 
39 2 630 326 34 43 -1 -1 -1 0 
39 3 674 327 34 43 -1 -1 -1 0 
39 4 714 316 37 47 -1 -1 -1 0 
40 1 1011 329 267 203 -1 -1 -1 0 
40 2 630 327 34 42 -1 -1 -1 0 
40 3 673 328 36 42 -1 -1 -1 0 
40 4 714 318 38 46 -1 -1 -1 0 
40 6 564 335 35 40 -1 -1 -1 0 
