3 1 461 341 125 107 -1 -1 -1 0 
3 2 638 328 27 36 -1 -1 -1 0 
3 4 904 359 361 154 -1 -1 -1 0 
3 5 671 315 32 41 -1 -1 -1 0 
4 1 465 340 123 107 -1 -1 -1 0 
4 2 640 328 25 36 -1 -1 -1 0 
4 4 927 361 348 162 -1 -1 -1 0 
4 5 672 314 32 42 -1 -1 -1 0 
5 1 467 340 123 106 -1 -1 -1 0 
5 2 640 328 26 36 -1 -1 -1 0 
5 4 921 357 358 166 -1 -1 -1 0 
5 5 672 314 33 43 -1 -1 -1 0 
6 1 470 340 120 105 -1 -1 -1 0 
6 2 640 328 27 36 -1 -1 -1 0 
6 4 926 355 352 177 -1 -1 -1 0 
6 5 673 314 33 42 -1 -1 -1 0 
7 1 473 342 118 101 -1 -1 -1 0 
7 2 640 328 27 37 -1 -1 -1 0 
7 4 928 352 348 183 -1 -1 -1 0 
7 5 676 315 31 41 -1 -1 -1 0 
8 1 476 341 114 102 -1 -1 -1 0 
8 2 641 329 27 36 -1 -1 -1 0 
8 4 936 351 339 187 -1 -1 -1 0 
8 5 676 315 33 41 -1 -1 -1 0 
9 1 477 342 116 100 -1 -1 -1 0 
9 2 641 330 27 36 -1 -1 -1 0 
9 4 945 348 330 193 -1 -1 -1 0 
9 5 678 316 31 40 -1 -1 -1 0 
10 1 480 342 114 99 -1 -1 -1 0 
10 2 642 331 26 35 -1 -1 -1 0 
10 4 956 346 317 199 -1 -1 -1 0 
10 5 679 314 31 42 -1 -1 -1 0 
11 1 482 342 113 100 -1 -1 -1 0 
11 2 642 332 26 34 -1 -1 -1 0 
11 4 966 346 305 203 -1 -1 -1 0 
11 5 680 314 31 42 -1 -1 -1 0 
12 1 484 342 112 100 -1 -1 -1 0 
12 2 643 333 25 33 -1 -1 -1 0 
12 4 977 347 298 205 -1 -1 -1 0 
13 1 486 341 110 101 -1 -1 -1 0 
13 2 644 332 24 34 -1 -1 -1 0 
13 4 988 347 289 209 -1 -1 -1 0 
13 5 679 313 34 43 -1 -1 -1 0 
14 1 487 340 110 102 -1 -1 -1 0 
14 2 644 332 25 34 -1 -1 -1 0 
14 4 997 348 282 207 -1 -1 -1 0 
14 5 680 312 34 44 -1 -1 -1 0 
15 1 488 340 112 101 -1 -1 -1 0 
15 4 1012 351 267 206 -1 -1 -1 0 
16 1 491 339 109 101 -1 -1 -1 0 
16 4 1029 353 249 207 -1 -1 -1 0 
16 5 680 312 36 45 -1 -1 -1 0 
17 1 492 339 109 100 -1 -1 -1 0 
17 2 645 333 26 33 -1 -1 -1 0 
17 4 1041 353 237 207 -1 -1 -1 0 
17 5 681 313 35 44 -1 -1 -1 0 
18 1 495 338 106 100 -1 -1 -1 0 
18 2 646 333 25 34 -1 -1 -1 0 
18 4 1056 349 221 214 -1 -1 -1 0 
18 5 683 312 33 46 -1 -1 -1 0 
19 1 496 338 107 101 -1 -1 -1 0 
19 2 647 333 25 34 -1 -1 -1 0 
19 4 1070 346 208 221 -1 -1 -1 0 
19 5 684 314 34 44 -1 -1 -1 0 
20 1 496 340 109 98 -1 -1 -1 0 
20 2 647 334 25 33 -1 -1 -1 0 
20 4 1081 352 198 216 -1 -1 -1 0 
20 5 684 312 34 47 -1 -1 -1 0 
21 1 498 340 107 97 -1 -1 -1 0 
21 4 1103 353 174 216 -1 -1 -1 0 
21 5 684 312 36 47 -1 -1 -1 0 
22 1 500 339 105 98 -1 -1 -1 0 
22 4 1117 369 162 201 -1 -1 -1 0 
22 5 683 312 36 47 -1 -1 -1 0 
23 1 501 339 105 98 -1 -1 -1 0 
23 4 1145 352 129 230 -1 -1 -1 0 
23 5 683 312 37 47 -1 -1 -1 0 
24 1 504 339 102 98 -1 -1 -1 0 
24 4 1161 352 112 233 -1 -1 -1 0 
24 5 683 312 37 47 -1 -1 -1 0 
25 1 505 339 102 97 -1 -1 -1 0 
25 5 680 311 41 48 -1 -1 -1 0 
26 1 506 339 102 96 -1 -1 -1 0 
26 5 680 311 42 48 -1 -1 -1 0 
27 1 507 338 101 97 -1 -1 -1 0 
27 2 453 335 18 26 -1 -1 -1 0 
27 5 680 311 42 48 -1 -1 -1 0 
28 1 508 338 100 96 -1 -1 -1 0 
28 2 437 332 22 29 -1 -1 -1 0 
28 5 680 311 42 48 -1 -1 -1 0 
29 1 509 339 99 95 -1 -1 -1 0 
29 2 427 332 24 29 -1 -1 -1 0 
30 1 510 339 98 95 -1 -1 -1 0 
30 2 421 332 20 29 -1 -1 -1 0 
31 1 510 339 98 94 -1 -1 -1 0 
31 2 410 332 20 30 -1 -1 -1 0 
32 1 510 340 98 95 -1 -1 -1 0 
32 2 397 332 20 30 -1 -1 -1 0 
33 1 511 340 97 95 -1 -1 -1 0 
33 2 389 332 24 34 -1 -1 -1 0 
34 1 511 340 98 94 -1 -1 -1 0 
34 2 376 332 27 35 -1 -1 -1 0 
35 1 512 340 96 94 -1 -1 -1 0 
35 2 363 333 26 34 -1 -1 -1 0 
36 1 512 339 96 93 -1 -1 -1 0 
36 2 346 333 28 34 -1 -1 -1 0 
37 1 513 339 95 93 -1 -1 -1 0 
37 2 329 332 30 36 -1 -1 -1 0 
38 1 514 339 94 92 -1 -1 -1 0 
38 2 316 332 30 36 -1 -1 -1 0 
39 1 514 339 93 92 -1 -1 -1 0 
39 2 288 334 34 36 -1 -1 -1 0 
39 5 361 338 29 31 -1 -1 -1 0 
40 1 514 339 93 92 -1 -1 -1 0 
40 2 273 334 35 37 -1 -1 -1 0 
40 5 442 337 22 28 -1 -1 -1 0 
