3 1 629 324 30 41 -1 -1 -1 0 
3 2 0 279 130 246 -1 -1 -1 0 
4 1 630 325 31 40 -1 -1 -1 0 
4 2 0 288 150 229 -1 -1 -1 0 
5 1 632 325 28 40 -1 -1 -1 0 
5 2 0 302 164 205 -1 -1 -1 0 
6 1 631 326 30 39 -1 -1 -1 0 
6 2 1 305 173 200 -1 -1 -1 0 
7 1 632 325 29 40 -1 -1 -1 0 
7 2 5 293 178 213 -1 -1 -1 0 
8 1 632 324 29 41 -1 -1 -1 0 
8 2 2 294 196 210 -1 -1 -1 0 
8 5 1146 324 133 277 -1 -1 -1 0 
9 1 632 324 29 41 -1 -1 -1 0 
9 2 0 314 210 181 -1 -1 -1 0 
9 5 1145 331 134 267 -1 -1 -1 0 
10 1 633 324 29 41 -1 -1 -1 0 
10 2 1 318 219 175 -1 -1 -1 0 
10 5 1137 333 142 266 -1 -1 -1 0 
11 1 633 323 29 42 -1 -1 -1 0 
11 2 6 314 222 175 -1 -1 -1 0 
11 5 1137 337 141 261 -1 -1 -1 0 
12 1 634 323 29 41 -1 -1 -1 0 
12 2 7 318 238 164 -1 -1 -1 0 
12 5 1128 334 151 259 -1 -1 -1 0 
13 1 635 324 26 39 -1 -1 -1 0 
13 2 53 324 191 157 -1 -1 -1 0 
13 5 1129 323 148 271 -1 -1 -1 0 
14 1 636 324 25 39 -1 -1 -1 0 
14 2 70 321 187 158 -1 -1 -1 0 
14 5 1120 320 159 270 -1 -1 -1 0 
15 1 636 324 25 39 -1 -1 -1 0 
15 2 85 315 184 161 -1 -1 -1 0 
15 5 1115 318 164 272 -1 -1 -1 0 
16 1 636 324 25 39 -1 -1 -1 0 
16 2 96 317 179 156 -1 -1 -1 0 
16 5 1114 317 163 274 -1 -1 -1 0 
16 11 921 316 62 43 -1 -1 -1 0 
17 1 636 323 26 40 -1 -1 -1 0 
17 5 1111 317 166 276 -1 -1 -1 0 
17 11 928 316 61 44 -1 -1 -1 0 
17 12 270 321 74 58 -1 -1 -1 0 
18 1 636 323 25 40 -1 -1 -1 0 
18 2 171 316 117 156 -1 -1 -1 0 
18 5 1108 317 168 275 -1 -1 -1 0 
18 11 936 317 58 43 -1 -1 -1 0 
18 12 262 327 67 52 -1 -1 -1 0 
19 1 636 323 26 40 -1 -1 -1 0 
19 2 184 317 111 152 -1 -1 -1 0 
19 5 1096 339 183 248 -1 -1 -1 0 
19 11 939 317 64 43 -1 -1 -1 0 
19 15 716 330 31 40 -1 -1 -1 0 
20 1 636 325 26 38 -1 -1 -1 0 
20 2 211 302 100 166 -1 -1 -1 0 
20 5 1095 347 184 236 -1 -1 -1 0 
20 11 944 317 65 43 -1 -1 -1 0 
20 15 715 330 32 41 -1 -1 -1 0 
21 1 636 325 26 39 -1 -1 -1 0 
21 2 236 301 83 168 -1 -1 -1 0 
21 5 1098 351 178 230 -1 -1 -1 0 
21 15 715 330 31 40 -1 -1 -1 0 
21 17 0 311 248 408 -1 -1 -1 0 
22 1 636 325 26 39 -1 -1 -1 0 
22 2 245 301 83 166 -1 -1 -1 0 
22 5 1093 354 184 226 -1 -1 -1 0 
22 15 714 331 32 39 -1 -1 -1 0 
22 17 0 319 267 400 -1 -1 -1 0 
23 1 636 325 26 38 -1 -1 -1 0 
23 2 265 308 71 157 -1 -1 -1 0 
23 5 1090 353 186 226 -1 -1 -1 0 
23 15 714 331 31 38 -1 -1 -1 0 
23 17 7 327 263 392 -1 -1 -1 0 
24 1 637 326 25 37 -1 -1 -1 0 
24 2 278 309 64 154 -1 -1 -1 0 
24 5 1085 347 191 231 -1 -1 -1 0 
24 15 714 331 30 38 -1 -1 -1 0 
25 1 637 326 25 36 -1 -1 -1 0 
25 2 285 317 65 140 -1 -1 -1 0 
25 5 1081 349 197 224 -1 -1 -1 0 
25 15 715 332 29 35 -1 -1 -1 0 
26 1 638 327 24 35 -1 -1 -1 0 
26 2 299 325 55 126 -1 -1 -1 0 
26 5 1074 349 203 222 -1 -1 -1 0 
26 11 439 339 36 27 -1 -1 -1 0 
26 15 715 332 29 35 -1 -1 -1 0 
27 1 637 327 25 34 -1 -1 -1 0 
27 2 316 329 40 118 -1 -1 -1 0 
27 5 1070 355 208 219 -1 -1 -1 0 
27 11 392 341 34 26 -1 -1 -1 0 
27 15 715 332 27 34 -1 -1 -1 0 
28 1 637 327 24 34 -1 -1 -1 0 
28 2 323 323 43 122 -1 -1 -1 0 
28 5 1070 349 206 226 -1 -1 -1 0 
28 15 714 332 28 34 -1 -1 -1 0 
29 1 637 327 24 34 -1 -1 -1 0 
29 2 335 325 39 117 -1 -1 -1 0 
29 5 1064 348 213 226 -1 -1 -1 0 
29 15 714 332 27 33 -1 -1 -1 0 
30 1 636 328 25 33 -1 -1 -1 0 
30 5 1058 351 220 222 -1 -1 -1 0 
30 15 713 332 28 33 -1 -1 -1 0 
31 1 636 328 25 33 -1 -1 -1 0 
31 5 1054 354 225 218 -1 -1 -1 0 
31 15 713 332 27 34 -1 -1 -1 0 
32 5 1054 347 223 225 -1 -1 -1 0 
32 15 712 332 28 34 -1 -1 -1 0 
33 5 1046 340 232 232 -1 -1 -1 0 
33 15 711 332 29 34 -1 -1 -1 0 
33 19 1040 304 92 57 -1 -1 -1 0 
34 5 1041 335 237 237 -1 -1 -1 0 
34 15 711 332 29 34 -1 -1 -1 0 
34 19 1050 303 101 58 -1 -1 -1 0 
35 5 1037 332 241 241 -1 -1 -1 0 
35 15 710 332 30 34 -1 -1 -1 0 
35 19 1058 302 105 59 -1 -1 -1 0 
36 5 1034 332 245 240 -1 -1 -1 0 
36 15 710 332 28 34 -1 -1 -1 0 
37 5 1029 337 250 234 -1 -1 -1 0 
37 15 709 332 29 34 -1 -1 -1 0 
37 22 0 316 410 317 -1 -1 -1 0 
38 5 1024 342 255 227 -1 -1 -1 0 
38 15 708 332 28 34 -1 -1 -1 0 
38 22 3 315 410 318 -1 -1 -1 0 
39 5 1023 343 256 224 -1 -1 -1 0 
39 15 707 332 28 34 -1 -1 -1 0 
39 22 3 314 409 325 -1 -1 -1 0 
40 5 1022 335 255 233 -1 -1 -1 0 
40 15 708 333 27 32 -1 -1 -1 0 
40 22 5 317 418 322 -1 -1 -1 0 
