3 1 753 333 66 61 -1 -1 -1 0 
4 1 753 335 64 58 -1 -1 -1 0 
5 1 752 335 64 58 -1 -1 -1 0 
6 1 751 336 64 57 -1 -1 -1 0 
6 6 1 291 112 154 -1 -1 -1 0 
7 1 750 335 64 58 -1 -1 -1 0 
7 6 4 284 117 161 -1 -1 -1 0 
8 1 750 335 64 58 -1 -1 -1 0 
9 1 750 335 63 58 -1 -1 -1 0 
9 8 579 331 51 48 -1 -1 -1 0 
10 1 749 335 64 58 -1 -1 -1 0 
10 8 578 333 54 46 -1 -1 -1 0 
11 1 749 335 64 58 -1 -1 -1 0 
11 8 578 334 55 46 -1 -1 -1 0 
12 1 748 334 65 59 -1 -1 -1 0 
12 8 578 334 54 46 -1 -1 -1 0 
13 1 749 334 63 59 -1 -1 -1 0 
13 8 581 333 49 47 -1 -1 -1 0 
14 1 749 334 62 58 -1 -1 -1 0 
14 8 580 334 51 46 -1 -1 -1 0 
15 1 749 335 63 57 -1 -1 -1 0 
15 8 578 334 54 45 -1 -1 -1 0 
16 1 749 335 62 57 -1 -1 -1 0 
16 8 580 334 51 45 -1 -1 -1 0 
17 1 749 335 62 57 -1 -1 -1 0 
17 8 577 333 55 46 -1 -1 -1 0 
18 1 748 335 63 57 -1 -1 -1 0 
18 8 580 333 51 45 -1 -1 -1 0 
19 1 746 335 65 58 -1 -1 -1 0 
19 8 579 334 53 44 -1 -1 -1 0 
20 1 746 335 65 58 -1 -1 -1 0 
20 8 582 334 49 43 -1 -1 -1 0 
21 1 744 335 67 58 -1 -1 -1 0 
21 8 584 334 47 43 -1 -1 -1 0 
22 1 745 335 66 58 -1 -1 -1 0 
22 8 583 335 49 42 -1 -1 -1 0 
23 1 744 335 66 60 -1 -1 -1 0 
23 8 583 335 49 42 -1 -1 -1 0 
24 1 743 335 67 60 -1 -1 -1 0 
25 1 743 335 66 59 -1 -1 -1 0 
25 8 582 335 51 42 -1 -1 -1 0 
26 1 743 335 67 58 -1 -1 -1 0 
26 8 579 336 54 41 -1 -1 -1 0 
27 1 744 335 65 57 -1 -1 -1 0 
27 8 581 336 51 41 -1 -1 -1 0 
28 1 744 335 65 57 -1 -1 -1 0 
28 8 581 336 51 41 -1 -1 -1 0 
29 1 745 335 64 57 -1 -1 -1 0 
29 8 591 336 39 40 -1 -1 -1 0 
30 1 745 335 65 57 -1 -1 -1 0 
30 8 591 336 40 40 -1 -1 -1 0 
30 13 663 318 28 43 -1 -1 -1 0 
31 1 746 335 63 57 -1 -1 -1 0 
31 8 592 336 39 40 -1 -1 -1 0 
31 13 664 318 27 43 -1 -1 -1 0 
32 1 746 335 63 56 -1 -1 -1 0 
32 13 665 319 27 43 -1 -1 -1 0 
33 1 747 335 62 56 -1 -1 -1 0 
33 13 663 319 31 44 -1 -1 -1 0 
34 1 748 335 62 56 -1 -1 -1 0 
34 13 663 319 32 45 -1 -1 -1 0 
35 1 748 336 63 55 -1 -1 -1 0 
35 8 593 335 42 41 -1 -1 -1 0 
35 13 663 319 33 45 -1 -1 -1 0 
36 1 749 336 62 55 -1 -1 -1 0 
36 8 593 335 44 39 -1 -1 -1 0 
36 13 663 319 33 45 -1 -1 -1 0 
37 1 749 336 62 55 -1 -1 -1 0 
37 8 594 335 44 39 -1 -1 -1 0 
37 13 696 324 24 36 -1 -1 -1 0 
38 1 748 336 64 55 -1 -1 -1 0 
38 8 595 336 43 38 -1 -1 -1 0 
38 13 700 325 24 34 -1 -1 -1 0 
39 1 749 336 62 55 -1 -1 -1 0 
39 8 594 336 45 38 -1 -1 -1 0 
39 13 671 321 32 42 -1 -1 -1 0 
40 1 748 337 65 54 -1 -1 -1 0 
40 8 593 335 48 41 -1 -1 -1 0 
40 13 672 321 32 42 -1 -1 -1 0 
