3 1 582 327 50 54 -1 -1 -1 0 
4 1 583 326 48 55 -1 -1 -1 0 
4 2 892 327 196 106 -1 -1 -1 0 
4 3 635 328 22 30 -1 -1 -1 0 
4 4 672 329 24 32 -1 -1 -1 0 
5 1 582 326 50 55 -1 -1 -1 0 
5 2 891 329 185 102 -1 -1 -1 0 
5 3 636 328 21 30 -1 -1 -1 0 
5 4 671 329 26 32 -1 -1 -1 0 
6 1 582 327 51 54 -1 -1 -1 0 
6 2 891 330 178 101 -1 -1 -1 0 
6 3 636 327 22 32 -1 -1 -1 0 
6 4 672 329 25 32 -1 -1 -1 0 
7 1 583 327 49 54 -1 -1 -1 0 
7 2 887 331 174 97 -1 -1 -1 0 
7 3 637 327 22 32 -1 -1 -1 0 
7 4 672 330 24 32 -1 -1 -1 0 
8 1 583 327 49 53 -1 -1 -1 0 
8 2 884 330 168 94 -1 -1 -1 0 
8 3 637 328 21 31 -1 -1 -1 0 
8 4 672 331 24 32 -1 -1 -1 0 
9 1 583 327 50 53 -1 -1 -1 0 
9 2 878 328 161 95 -1 -1 -1 0 
9 3 638 328 21 32 -1 -1 -1 0 
9 4 672 331 25 30 -1 -1 -1 0 
10 1 584 328 49 52 -1 -1 -1 0 
10 2 871 325 158 99 -1 -1 -1 0 
10 4 672 331 25 30 -1 -1 -1 0 
11 1 585 328 47 51 -1 -1 -1 0 
11 2 868 325 151 97 -1 -1 -1 0 
11 4 673 331 24 30 -1 -1 -1 0 
12 1 584 329 49 50 -1 -1 -1 0 
12 2 864 325 146 96 -1 -1 -1 0 
12 4 673 332 24 31 -1 -1 -1 0 
13 1 584 328 48 51 -1 -1 -1 0 
13 2 860 325 144 94 -1 -1 -1 0 
13 4 673 332 25 31 -1 -1 -1 0 
14 1 584 329 48 51 -1 -1 -1 0 
14 2 856 327 143 91 -1 -1 -1 0 
15 1 584 329 48 51 -1 -1 -1 0 
15 2 853 326 135 93 -1 -1 -1 0 
16 1 584 330 46 52 -1 -1 -1 0 
16 2 845 327 138 91 -1 -1 -1 0 
16 4 671 333 26 35 -1 -1 -1 0 
17 1 584 331 44 53 -1 -1 -1 0 
17 2 839 329 135 87 -1 -1 -1 0 
17 4 670 333 26 36 -1 -1 -1 0 
18 1 583 330 46 55 -1 -1 -1 0 
18 2 838 327 128 88 -1 -1 -1 0 
18 4 669 333 27 36 -1 -1 -1 0 
19 1 583 330 45 55 -1 -1 -1 0 
19 2 835 329 128 85 -1 -1 -1 0 
19 3 633 331 22 32 -1 -1 -1 0 
19 4 669 333 27 36 -1 -1 -1 0 
20 1 582 329 46 56 -1 -1 -1 0 
20 2 830 328 126 85 -1 -1 -1 0 
20 3 632 332 22 31 -1 -1 -1 0 
20 4 669 331 26 36 -1 -1 -1 0 
21 1 582 329 46 56 -1 -1 -1 0 
21 2 826 328 122 83 -1 -1 -1 0 
21 4 668 331 27 37 -1 -1 -1 0 
22 1 581 329 47 55 -1 -1 -1 0 
22 2 823 328 116 82 -1 -1 -1 0 
23 1 582 329 45 55 -1 -1 -1 0 
23 2 819 328 112 81 -1 -1 -1 0 
24 1 581 330 47 54 -1 -1 -1 0 
24 2 814 327 114 81 -1 -1 -1 0 
25 1 581 330 46 54 -1 -1 -1 0 
25 2 811 328 111 78 -1 -1 -1 0 
25 4 666 334 26 34 -1 -1 -1 0 
26 1 581 330 45 54 -1 -1 -1 0 
26 2 811 328 102 79 -1 -1 -1 0 
26 4 667 334 24 34 -1 -1 -1 0 
27 1 581 330 46 54 -1 -1 -1 0 
27 2 807 326 99 80 -1 -1 -1 0 
27 4 666 334 25 35 -1 -1 -1 0 
28 1 581 330 45 54 -1 -1 -1 0 
28 2 802 325 101 81 -1 -1 -1 0 
28 4 665 334 26 35 -1 -1 -1 0 
29 1 581 329 44 55 -1 -1 -1 0 
29 2 798 325 100 81 -1 -1 -1 0 
29 4 664 334 26 35 -1 -1 -1 0 
30 1 580 329 46 55 -1 -1 -1 0 
30 2 796 324 97 81 -1 -1 -1 0 
30 4 664 334 26 35 -1 -1 -1 0 
31 1 581 330 44 54 -1 -1 -1 0 
31 2 795 323 95 81 -1 -1 -1 0 
31 4 664 334 26 35 -1 -1 -1 0 
32 1 582 330 43 54 -1 -1 -1 0 
32 2 793 322 92 80 -1 -1 -1 0 
32 4 665 334 25 35 -1 -1 -1 0 
33 1 582 330 44 53 -1 -1 -1 0 
33 2 791 323 91 78 -1 -1 -1 0 
33 4 666 334 25 34 -1 -1 -1 0 
34 1 583 331 44 52 -1 -1 -1 0 
34 2 791 325 88 76 -1 -1 -1 0 
34 4 666 334 25 34 -1 -1 -1 0 
35 1 584 330 44 53 -1 -1 -1 0 
35 2 791 327 84 73 -1 -1 -1 0 
35 4 667 334 25 34 -1 -1 -1 0 
36 1 584 330 46 51 -1 -1 -1 0 
36 2 791 328 81 71 -1 -1 -1 0 
36 4 668 334 25 33 -1 -1 -1 0 
37 1 585 330 45 52 -1 -1 -1 0 
37 2 789 326 81 72 -1 -1 -1 0 
37 4 669 332 25 35 -1 -1 -1 0 
38 1 588 330 42 52 -1 -1 -1 0 
38 2 787 326 81 71 -1 -1 -1 0 
38 4 669 332 26 37 -1 -1 -1 0 
39 1 587 332 44 48 -1 -1 -1 0 
39 2 787 324 77 73 -1 -1 -1 0 
39 4 668 333 27 35 -1 -1 -1 0 
40 1 588 333 43 46 -1 -1 -1 0 
40 2 785 325 78 72 -1 -1 -1 0 
40 4 669 334 26 34 -1 -1 -1 0 
