3 1 589 326 69 67 -1 -1 -1 0 
3 2 767 324 68 66 -1 -1 -1 0 
3 3 855 319 61 63 -1 -1 -1 0 
3 4 524 338 57 50 -1 -1 -1 0 
3 5 698 334 40 47 -1 -1 -1 0 
3 6 1226 353 53 238 -1 -1 -1 0 
4 1 590 327 69 66 -1 -1 -1 0 
4 2 769 324 66 65 -1 -1 -1 0 
4 3 854 321 61 61 -1 -1 -1 0 
4 4 528 338 56 50 -1 -1 -1 0 
4 5 699 333 41 48 -1 -1 -1 0 
4 6 1223 348 56 246 -1 -1 -1 0 
5 1 592 326 68 67 -1 -1 -1 0 
5 2 770 325 65 64 -1 -1 -1 0 
5 3 854 322 61 60 -1 -1 -1 0 
5 4 530 338 55 50 -1 -1 -1 0 
5 5 701 333 39 48 -1 -1 -1 0 
5 6 1223 344 56 254 -1 -1 -1 0 
6 1 591 326 71 66 -1 -1 -1 0 
6 2 770 325 66 64 -1 -1 -1 0 
6 3 853 322 63 60 -1 -1 -1 0 
6 4 533 339 51 49 -1 -1 -1 0 
6 5 701 333 38 47 -1 -1 -1 0 
6 6 1221 341 58 262 -1 -1 -1 0 
7 1 594 327 70 64 -1 -1 -1 0 
7 2 771 324 64 65 -1 -1 -1 0 
7 3 854 322 61 60 -1 -1 -1 0 
7 4 536 339 50 48 -1 -1 -1 0 
7 5 700 333 40 47 -1 -1 -1 0 
7 6 1218 340 61 267 -1 -1 -1 0 
8 1 596 327 69 64 -1 -1 -1 0 
8 2 771 324 65 65 -1 -1 -1 0 
8 3 853 322 63 60 -1 -1 -1 0 
8 4 539 338 50 48 -1 -1 -1 0 
8 5 701 334 38 46 -1 -1 -1 0 
8 6 1215 337 64 286 -1 -1 -1 0 
9 1 598 328 68 62 -1 -1 -1 0 
9 2 770 324 67 65 -1 -1 -1 0 
9 3 853 322 63 60 -1 -1 -1 0 
9 4 541 339 52 47 -1 -1 -1 0 
9 5 700 335 40 45 -1 -1 -1 0 
9 6 1212 335 67 292 -1 -1 -1 0 
10 1 600 327 66 63 -1 -1 -1 0 
10 2 771 323 65 67 -1 -1 -1 0 
10 3 854 322 62 60 -1 -1 -1 0 
10 4 545 338 49 47 -1 -1 -1 0 
10 5 701 335 39 45 -1 -1 -1 0 
10 6 1212 335 67 290 -1 -1 -1 0 
11 1 601 327 67 63 -1 -1 -1 0 
11 2 771 322 65 68 -1 -1 -1 0 
11 3 853 323 63 59 -1 -1 -1 0 
11 4 548 338 49 46 -1 -1 -1 0 
11 5 702 336 39 45 -1 -1 -1 0 
11 6 1209 333 70 287 -1 -1 -1 0 
12 1 602 328 65 62 -1 -1 -1 0 
12 2 771 322 65 69 -1 -1 -1 0 
12 3 852 323 63 60 -1 -1 -1 0 
12 4 549 338 51 45 -1 -1 -1 0 
12 5 702 336 39 46 -1 -1 -1 0 
12 6 1209 333 70 283 -1 -1 -1 0 
13 1 603 328 64 62 -1 -1 -1 0 
13 2 769 323 66 69 -1 -1 -1 0 
13 3 852 323 63 60 -1 -1 -1 0 
13 4 552 338 49 45 -1 -1 -1 0 
13 5 702 337 39 46 -1 -1 -1 0 
13 6 1208 333 71 284 -1 -1 -1 0 
14 1 603 328 64 63 -1 -1 -1 0 
14 2 769 323 66 70 -1 -1 -1 0 
14 3 852 323 60 63 -1 -1 -1 0 
14 4 554 337 49 45 -1 -1 -1 0 
14 5 703 338 37 45 -1 -1 -1 0 
14 6 1205 333 74 284 -1 -1 -1 0 
15 1 604 328 63 63 -1 -1 -1 0 
15 2 769 323 65 71 -1 -1 -1 0 
15 3 848 323 64 64 -1 -1 -1 0 
15 4 556 337 46 44 -1 -1 -1 0 
15 5 702 339 37 45 -1 -1 -1 0 
15 6 1202 331 77 289 -1 -1 -1 0 
16 1 604 328 63 63 -1 -1 -1 0 
16 2 767 323 67 72 -1 -1 -1 0 
16 3 847 323 63 65 -1 -1 -1 0 
16 4 558 337 43 45 -1 -1 -1 0 
16 5 701 340 38 44 -1 -1 -1 0 
16 6 1199 333 80 291 -1 -1 -1 0 
17 1 605 328 62 63 -1 -1 -1 0 
17 2 766 323 67 72 -1 -1 -1 0 
17 3 845 323 65 65 -1 -1 -1 0 
17 4 558 337 45 44 -1 -1 -1 0 
17 5 701 340 37 45 -1 -1 -1 0 
17 6 1196 334 83 293 -1 -1 -1 0 
18 1 604 328 64 61 -1 -1 -1 0 
18 2 764 321 68 74 -1 -1 -1 0 
18 3 844 323 65 65 -1 -1 -1 0 
18 4 558 337 46 45 -1 -1 -1 0 
18 5 700 339 37 45 -1 -1 -1 0 
18 6 1196 333 83 294 -1 -1 -1 0 
18 9 0 324 198 204 -1 -1 -1 0 
19 1 604 328 63 60 -1 -1 -1 0 
19 2 763 321 68 75 -1 -1 -1 0 
19 3 844 324 64 64 -1 -1 -1 0 
19 4 559 337 46 44 -1 -1 -1 0 
19 5 700 339 36 45 -1 -1 -1 0 
19 6 1195 334 84 291 -1 -1 -1 0 
19 9 3 349 215 160 -1 -1 -1 0 
20 1 606 328 60 60 -1 -1 -1 0 
20 2 762 320 68 75 -1 -1 -1 0 
20 3 841 324 68 64 -1 -1 -1 0 
20 4 561 337 44 43 -1 -1 -1 0 
20 5 701 339 36 44 -1 -1 -1 0 
20 6 1190 331 89 284 -1 -1 -1 0 
20 9 9 349 232 158 -1 -1 -1 0 
21 1 607 327 61 61 -1 -1 -1 0 
21 2 761 319 70 75 -1 -1 -1 0 
21 3 841 324 66 63 -1 -1 -1 0 
21 4 562 336 44 44 -1 -1 -1 0 
21 5 701 336 37 46 -1 -1 -1 0 
21 6 1189 331 90 280 -1 -1 -1 0 
21 9 12 347 251 155 -1 -1 -1 0 
22 1 608 326 60 62 -1 -1 -1 0 
22 2 761 318 69 75 -1 -1 -1 0 
22 3 839 323 68 64 -1 -1 -1 0 
22 4 563 335 44 44 -1 -1 -1 0 
22 5 701 334 38 47 -1 -1 -1 0 
22 6 1188 328 90 282 -1 -1 -1 0 
22 9 4 348 287 150 -1 -1 -1 0 
23 1 608 326 61 61 -1 -1 -1 0 
23 2 760 319 69 74 -1 -1 -1 0 
23 3 837 323 70 63 -1 -1 -1 0 
23 4 564 335 43 44 -1 -1 -1 0 
23 5 700 332 39 49 -1 -1 -1 0 
23 6 1188 320 90 293 -1 -1 -1 0 
23 9 9 345 294 158 -1 -1 -1 0 
24 1 608 325 60 61 -1 -1 -1 0 
24 2 760 319 68 74 -1 -1 -1 0 
24 3 840 323 64 62 -1 -1 -1 0 
24 4 566 334 41 45 -1 -1 -1 0 
24 5 699 331 39 49 -1 -1 -1 0 
24 6 1186 316 93 299 -1 -1 -1 0 
24 9 8 344 312 161 -1 -1 -1 0 
25 1 609 326 59 60 -1 -1 -1 0 
25 2 760 320 67 72 -1 -1 -1 0 
25 3 840 325 63 59 -1 -1 -1 0 
25 4 567 334 41 45 -1 -1 -1 0 
25 5 699 331 38 49 -1 -1 -1 0 
25 6 1183 310 96 307 -1 -1 -1 0 
25 9 7 345 323 160 -1 -1 -1 0 
26 1 609 327 58 59 -1 -1 -1 0 
26 2 759 320 67 72 -1 -1 -1 0 
26 3 839 325 64 59 -1 -1 -1 0 
26 4 568 334 41 44 -1 -1 -1 0 
26 5 699 331 37 49 -1 -1 -1 0 
26 6 1182 311 97 305 -1 -1 -1 0 
26 9 1 344 356 158 -1 -1 -1 0 
27 1 610 327 57 58 -1 -1 -1 0 
27 2 760 320 64 72 -1 -1 -1 0 
27 3 838 326 64 57 -1 -1 -1 0 
27 4 569 334 39 43 -1 -1 -1 0 
27 5 698 333 37 47 -1 -1 -1 0 
27 6 1181 308 97 313 -1 -1 -1 0 
27 9 21 347 290 152 -1 -1 -1 0 
28 1 610 328 56 56 -1 -1 -1 0 
28 2 760 320 63 73 -1 -1 -1 0 
28 3 837 326 64 58 -1 -1 -1 0 
28 4 570 334 39 42 -1 -1 -1 0 
28 5 698 334 36 46 -1 -1 -1 0 
28 6 1177 314 102 300 -1 -1 -1 0 
28 9 4 351 314 144 -1 -1 -1 0 
29 1 610 328 57 55 -1 -1 -1 0 
29 2 760 320 62 73 -1 -1 -1 0 
29 3 835 326 66 58 -1 -1 -1 0 
29 5 698 334 34 46 -1 -1 -1 0 
29 6 1178 315 101 297 -1 -1 -1 0 
29 9 12 343 359 142 -1 -1 -1 0 
30 1 611 328 55 55 -1 -1 -1 0 
30 2 759 320 63 73 -1 -1 -1 0 
30 3 835 325 65 60 -1 -1 -1 0 
30 4 572 334 36 42 -1 -1 -1 0 
30 5 698 334 34 45 -1 -1 -1 0 
30 6 1177 314 101 298 -1 -1 -1 0 
30 9 46 341 316 138 -1 -1 -1 0 
31 1 613 328 52 55 -1 -1 -1 0 
31 2 759 320 63 74 -1 -1 -1 0 
31 3 833 324 66 61 -1 -1 -1 0 
31 4 573 334 35 42 -1 -1 -1 0 
31 5 698 334 35 45 -1 -1 -1 0 
31 6 1174 317 105 293 -1 -1 -1 0 
31 9 74 342 309 131 -1 -1 -1 0 
32 1 614 328 52 54 -1 -1 -1 0 
32 2 757 320 64 72 -1 -1 -1 0 
32 3 829 322 71 63 -1 -1 -1 0 
32 4 574 334 38 41 -1 -1 -1 0 
32 5 698 332 35 46 -1 -1 -1 0 
32 6 1171 318 108 289 -1 -1 -1 0 
32 9 128 343 261 121 -1 -1 -1 0 
33 1 614 328 52 54 -1 -1 -1 0 
33 2 757 319 63 73 -1 -1 -1 0 
33 3 830 322 68 63 -1 -1 -1 0 
33 4 575 333 37 42 -1 -1 -1 0 
33 5 698 331 36 47 -1 -1 -1 0 
33 6 1169 316 110 290 -1 -1 -1 0 
33 9 154 345 250 110 -1 -1 -1 0 
34 1 614 327 51 55 -1 -1 -1 0 
34 2 755 319 65 72 -1 -1 -1 0 
34 3 831 320 66 64 -1 -1 -1 0 
34 4 574 333 38 42 -1 -1 -1 0 
34 5 699 331 34 46 -1 -1 -1 0 
34 6 1167 316 111 291 -1 -1 -1 0 
34 9 183 346 232 105 -1 -1 -1 0 
35 1 615 326 50 56 -1 -1 -1 0 
35 2 755 319 64 71 -1 -1 -1 0 
35 3 831 319 65 64 -1 -1 -1 0 
35 4 572 333 39 41 -1 -1 -1 0 
35 5 698 330 35 47 -1 -1 -1 0 
35 6 1163 321 115 286 -1 -1 -1 0 
35 9 209 344 217 102 -1 -1 -1 0 
36 1 615 325 51 56 -1 -1 -1 0 
36 2 755 319 64 71 -1 -1 -1 0 
36 3 831 319 64 64 -1 -1 -1 0 
36 4 574 333 37 41 -1 -1 -1 0 
36 5 698 329 35 48 -1 -1 -1 0 
36 6 1162 321 115 284 -1 -1 -1 0 
36 9 222 343 208 100 -1 -1 -1 0 
37 1 615 325 51 56 -1 -1 -1 0 
37 2 754 317 65 72 -1 -1 -1 0 
37 3 835 321 58 61 -1 -1 -1 0 
37 4 576 332 34 41 -1 -1 -1 0 
37 5 697 328 36 48 -1 -1 -1 0 
37 6 1162 321 115 281 -1 -1 -1 0 
37 9 237 340 205 100 -1 -1 -1 0 
38 1 615 324 53 56 -1 -1 -1 0 
38 2 754 317 65 72 -1 -1 -1 0 
38 3 834 323 57 58 -1 -1 -1 0 
38 4 577 332 33 40 -1 -1 -1 0 
38 5 696 328 36 48 -1 -1 -1 0 
38 6 1157 322 121 285 -1 -1 -1 0 
38 9 252 340 196 98 -1 -1 -1 0 
39 1 616 324 53 56 -1 -1 -1 0 
39 2 754 317 64 73 -1 -1 -1 0 
39 3 831 323 61 58 -1 -1 -1 0 
39 4 578 332 35 39 -1 -1 -1 0 
39 5 696 329 35 46 -1 -1 -1 0 
39 6 1151 326 128 279 -1 -1 -1 0 
39 9 270 340 181 95 -1 -1 -1 0 
40 1 617 324 51 56 -1 -1 -1 0 
40 2 752 318 67 73 -1 -1 -1 0 
40 3 825 320 67 61 -1 -1 -1 0 
40 4 545 332 38 33 -1 -1 -1 0 
40 5 695 330 36 46 -1 -1 -1 0 
40 6 1148 332 131 267 -1 -1 -1 0 
40 9 281 340 177 94 -1 -1 -1 0 
