3 1 293 322 162 104 -1 -1 -1 0 
3 3 549 326 69 65 -1 -1 -1 0 
3 4 627 325 44 45 -1 -1 -1 0 
4 1 297 324 157 102 -1 -1 -1 0 
4 3 553 327 67 65 -1 -1 -1 0 
4 4 502 325 52 47 -1 -1 -1 0 
5 3 555 327 69 64 -1 -1 -1 0 
5 4 459 326 53 46 -1 -1 -1 0 
6 3 558 327 68 64 -1 -1 -1 0 
7 3 562 325 64 66 -1 -1 -1 0 
7 4 530 324 36 42 -1 -1 -1 0 
8 3 565 326 61 64 -1 -1 -1 0 
8 4 530 324 39 42 -1 -1 -1 0 
9 3 563 335 67 55 -1 -1 -1 0 
9 4 521 323 38 42 -1 -1 -1 0 
10 3 568 337 60 52 -1 -1 -1 0 
11 3 570 337 60 54 -1 -1 -1 0 
12 3 573 337 58 53 -1 -1 -1 0 
13 3 576 336 58 54 -1 -1 -1 0 
14 3 579 334 56 56 -1 -1 -1 0 
14 8 390 323 131 79 -1 -1 -1 0 
15 3 581 332 56 57 -1 -1 -1 0 
15 8 393 322 129 78 -1 -1 -1 0 
16 3 583 331 55 57 -1 -1 -1 0 
16 8 454 322 62 70 -1 -1 -1 0 
17 3 584 331 55 57 -1 -1 -1 0 
17 8 423 322 109 72 -1 -1 -1 0 
18 3 585 329 55 60 -1 -1 -1 0 
18 8 419 319 112 76 -1 -1 -1 0 
19 3 586 328 57 60 -1 -1 -1 0 
19 8 466 320 64 67 -1 -1 -1 0 
20 3 589 328 56 58 -1 -1 -1 0 
20 8 440 323 90 70 -1 -1 -1 0 
21 3 591 328 55 58 -1 -1 -1 0 
21 8 435 325 92 69 -1 -1 -1 0 
21 11 674 295 86 100 -1 -1 -1 0 
22 3 594 327 55 60 -1 -1 -1 0 
22 8 438 327 97 67 -1 -1 -1 0 
22 11 675 295 85 100 -1 -1 -1 0 
23 3 594 326 57 61 -1 -1 -1 0 
23 8 442 325 101 68 -1 -1 -1 0 
23 11 676 295 83 100 -1 -1 -1 0 
24 3 598 327 51 60 -1 -1 -1 0 
24 8 450 324 91 69 -1 -1 -1 0 
24 11 676 294 83 100 -1 -1 -1 0 
25 3 599 328 51 58 -1 -1 -1 0 
25 8 452 326 90 67 -1 -1 -1 0 
25 11 676 294 83 99 -1 -1 -1 0 
26 3 600 329 53 57 -1 -1 -1 0 
26 8 455 326 91 66 -1 -1 -1 0 
26 11 681 293 79 100 -1 -1 -1 0 
27 3 602 330 50 56 -1 -1 -1 0 
27 8 461 327 91 65 -1 -1 -1 0 
27 11 682 293 78 99 -1 -1 -1 0 
28 3 603 330 49 58 -1 -1 -1 0 
28 8 467 324 84 68 -1 -1 -1 0 
29 3 605 331 48 57 -1 -1 -1 0 
29 8 471 322 78 69 -1 -1 -1 0 
30 3 607 332 46 53 -1 -1 -1 0 
30 8 476 320 72 71 -1 -1 -1 0 
31 3 608 332 47 53 -1 -1 -1 0 
31 8 478 320 80 73 -1 -1 -1 0 
32 3 609 330 46 54 -1 -1 -1 0 
32 8 482 320 82 72 -1 -1 -1 0 
32 11 682 288 81 107 -1 -1 -1 0 
33 3 610 330 45 53 -1 -1 -1 0 
33 8 487 320 78 72 -1 -1 -1 0 
33 11 682 287 82 107 -1 -1 -1 0 
33 16 1004 346 275 208 -1 -1 -1 0 
34 3 612 328 45 55 -1 -1 -1 0 
34 8 488 319 75 73 -1 -1 -1 0 
34 11 683 286 82 108 -1 -1 -1 0 
34 16 996 347 283 197 -1 -1 -1 0 
35 3 612 328 44 55 -1 -1 -1 0 
35 8 490 320 77 71 -1 -1 -1 0 
35 11 682 288 82 104 -1 -1 -1 0 
35 16 984 350 294 186 -1 -1 -1 0 
36 3 614 327 44 53 -1 -1 -1 0 
36 8 494 321 74 69 -1 -1 -1 0 
36 11 682 286 82 105 -1 -1 -1 0 
36 16 978 348 300 179 -1 -1 -1 0 
37 3 613 325 47 54 -1 -1 -1 0 
37 8 496 321 80 68 -1 -1 -1 0 
37 11 680 286 86 107 -1 -1 -1 0 
37 16 970 346 307 175 -1 -1 -1 0 
38 3 615 325 47 56 -1 -1 -1 0 
38 8 501 321 75 68 -1 -1 -1 0 
38 11 679 286 88 107 -1 -1 -1 0 
38 16 956 348 323 167 -1 -1 -1 0 
39 3 615 324 49 57 -1 -1 -1 0 
39 8 505 322 77 65 -1 -1 -1 0 
39 11 679 285 88 108 -1 -1 -1 0 
39 16 952 348 325 162 -1 -1 -1 0 
39 19 78 336 290 156 -1 -1 -1 0 
40 3 612 320 52 61 -1 -1 -1 0 
40 8 509 322 72 64 -1 -1 -1 0 
40 11 678 286 90 105 -1 -1 -1 0 
40 16 963 347 278 151 -1 -1 -1 0 
40 19 95 336 283 153 -1 -1 -1 0 
