3 1 522 326 85 78 -1 -1 -1 0 
3 2 666 331 43 48 -1 -1 -1 0 
3 3 607 326 36 46 -1 -1 -1 0 
4 1 526 326 81 77 -1 -1 -1 0 
4 2 665 330 43 49 -1 -1 -1 0 
4 3 607 326 37 46 -1 -1 -1 0 
5 1 528 326 80 76 -1 -1 -1 0 
5 2 666 330 41 50 -1 -1 -1 0 
5 3 607 326 36 46 -1 -1 -1 0 
6 1 531 327 77 74 -1 -1 -1 0 
6 2 666 331 41 50 -1 -1 -1 0 
6 3 607 326 36 46 -1 -1 -1 0 
7 1 532 326 76 74 -1 -1 -1 0 
7 2 666 332 40 49 -1 -1 -1 0 
7 3 607 329 37 44 -1 -1 -1 0 
8 1 533 325 75 75 -1 -1 -1 0 
8 2 665 332 41 49 -1 -1 -1 0 
8 3 608 328 35 44 -1 -1 -1 0 
9 1 534 325 75 74 -1 -1 -1 0 
9 2 664 332 41 49 -1 -1 -1 0 
9 3 609 328 34 44 -1 -1 -1 0 
10 1 534 325 75 73 -1 -1 -1 0 
10 2 665 332 39 49 -1 -1 -1 0 
10 3 608 327 35 44 -1 -1 -1 0 
11 1 533 326 78 71 -1 -1 -1 0 
11 2 664 332 40 48 -1 -1 -1 0 
11 3 607 327 36 43 -1 -1 -1 0 
12 1 535 326 75 69 -1 -1 -1 0 
12 2 665 331 37 49 -1 -1 -1 0 
12 3 608 327 35 43 -1 -1 -1 0 
13 1 537 327 74 68 -1 -1 -1 0 
13 2 664 331 39 49 -1 -1 -1 0 
13 3 608 326 35 43 -1 -1 -1 0 
14 1 540 326 71 68 -1 -1 -1 0 
14 2 663 331 39 49 -1 -1 -1 0 
14 3 608 326 35 43 -1 -1 -1 0 
15 1 543 326 70 67 -1 -1 -1 0 
15 2 663 331 38 49 -1 -1 -1 0 
15 3 608 325 35 44 -1 -1 -1 0 
16 1 546 327 67 65 -1 -1 -1 0 
16 2 663 331 38 49 -1 -1 -1 0 
16 3 608 325 35 44 -1 -1 -1 0 
17 1 549 328 65 63 -1 -1 -1 0 
17 2 663 331 38 49 -1 -1 -1 0 
17 3 609 325 33 44 -1 -1 -1 0 
18 1 551 328 62 64 -1 -1 -1 0 
18 2 663 332 38 48 -1 -1 -1 0 
18 3 609 325 33 43 -1 -1 -1 0 
19 1 552 329 63 62 -1 -1 -1 0 
19 2 663 332 39 46 -1 -1 -1 0 
19 3 609 325 34 43 -1 -1 -1 0 
20 1 553 328 61 62 -1 -1 -1 0 
20 2 663 332 39 46 -1 -1 -1 0 
20 3 609 325 34 42 -1 -1 -1 0 
21 1 554 328 61 61 -1 -1 -1 0 
21 2 664 332 36 46 -1 -1 -1 0 
21 3 610 325 33 42 -1 -1 -1 0 
22 1 555 327 59 62 -1 -1 -1 0 
22 2 664 333 36 45 -1 -1 -1 0 
22 3 611 325 32 42 -1 -1 -1 0 
23 1 556 327 59 62 -1 -1 -1 0 
23 2 663 332 38 46 -1 -1 -1 0 
23 3 610 325 34 42 -1 -1 -1 0 
24 1 555 326 61 62 -1 -1 -1 0 
24 2 663 332 38 46 -1 -1 -1 0 
24 3 610 326 34 40 -1 -1 -1 0 
25 1 557 326 58 61 -1 -1 -1 0 
25 2 663 331 38 46 -1 -1 -1 0 
25 3 610 326 34 39 -1 -1 -1 0 
26 1 559 326 56 60 -1 -1 -1 0 
26 2 663 331 37 46 -1 -1 -1 0 
26 3 611 326 33 40 -1 -1 -1 0 
27 1 560 327 55 59 -1 -1 -1 0 
27 2 662 330 38 47 -1 -1 -1 0 
27 3 612 328 31 38 -1 -1 -1 0 
28 1 560 327 56 58 -1 -1 -1 0 
28 2 662 330 38 47 -1 -1 -1 0 
28 3 612 327 31 39 -1 -1 -1 0 
29 1 562 327 53 58 -1 -1 -1 0 
29 2 663 331 37 45 -1 -1 -1 0 
29 3 612 327 31 39 -1 -1 -1 0 
30 1 562 327 55 57 -1 -1 -1 0 
30 2 663 332 37 44 -1 -1 -1 0 
30 3 612 327 31 39 -1 -1 -1 0 
31 1 564 327 53 56 -1 -1 -1 0 
31 2 664 332 35 43 -1 -1 -1 0 
31 3 612 327 30 38 -1 -1 -1 0 
32 1 565 327 51 55 -1 -1 -1 0 
32 2 663 332 37 43 -1 -1 -1 0 
32 3 612 327 31 38 -1 -1 -1 0 
33 1 566 327 50 55 -1 -1 -1 0 
33 2 663 332 36 43 -1 -1 -1 0 
33 3 615 327 28 37 -1 -1 -1 0 
34 1 567 327 49 54 -1 -1 -1 0 
34 2 663 332 36 43 -1 -1 -1 0 
34 3 615 326 28 37 -1 -1 -1 0 
35 1 567 326 50 54 -1 -1 -1 0 
35 2 664 332 35 43 -1 -1 -1 0 
35 3 615 326 29 38 -1 -1 -1 0 
36 1 567 327 50 52 -1 -1 -1 0 
36 2 663 332 36 43 -1 -1 -1 0 
36 3 615 326 30 38 -1 -1 -1 0 
37 1 566 327 53 52 -1 -1 -1 0 
37 2 663 332 36 43 -1 -1 -1 0 
37 3 614 327 31 37 -1 -1 -1 0 
38 1 565 327 56 52 -1 -1 -1 0 
38 2 664 333 35 42 -1 -1 -1 0 
38 3 614 327 31 37 -1 -1 -1 0 
39 1 568 328 52 51 -1 -1 -1 0 
39 2 665 333 34 42 -1 -1 -1 0 
39 3 615 327 29 37 -1 -1 -1 0 
40 1 571 328 49 51 -1 -1 -1 0 
40 2 665 333 34 42 -1 -1 -1 0 
40 3 617 328 27 35 -1 -1 -1 0 
