3 1 665 334 36 44 -1 -1 -1 0 
3 2 880 317 118 84 -1 -1 -1 0 
4 1 664 333 38 45 -1 -1 -1 0 
4 2 885 321 116 79 -1 -1 -1 0 
5 1 665 333 36 45 -1 -1 -1 0 
5 2 889 321 115 79 -1 -1 -1 0 
6 1 664 333 37 45 -1 -1 -1 0 
6 2 890 320 119 82 -1 -1 -1 0 
7 1 664 336 36 42 -1 -1 -1 0 
7 2 889 323 130 80 -1 -1 -1 0 
8 1 665 335 34 44 -1 -1 -1 0 
8 2 892 323 130 81 -1 -1 -1 0 
8 4 53 356 422 218 -1 -1 -1 0 
9 1 665 335 34 44 -1 -1 -1 0 
9 4 60 353 420 220 -1 -1 -1 0 
10 1 664 335 35 44 -1 -1 -1 0 
10 4 71 349 414 221 -1 -1 -1 0 
11 1 662 335 37 44 -1 -1 -1 0 
11 4 77 344 418 220 -1 -1 -1 0 
12 1 663 335 35 44 -1 -1 -1 0 
12 4 92 340 406 218 -1 -1 -1 0 
13 1 663 335 35 45 -1 -1 -1 0 
13 4 104 341 395 210 -1 -1 -1 0 
14 1 662 335 37 45 -1 -1 -1 0 
14 4 118 344 384 203 -1 -1 -1 0 
15 1 661 336 37 45 -1 -1 -1 0 
15 4 137 342 360 205 -1 -1 -1 0 
16 1 661 335 37 45 -1 -1 -1 0 
16 4 144 341 357 201 -1 -1 -1 0 
17 1 661 335 37 45 -1 -1 -1 0 
17 4 151 342 348 198 -1 -1 -1 0 
18 1 662 337 35 43 -1 -1 -1 0 
18 2 918 295 159 117 -1 -1 -1 0 
18 4 163 340 331 196 -1 -1 -1 0 
19 1 662 338 34 42 -1 -1 -1 0 
19 2 920 293 162 120 -1 -1 -1 0 
19 4 173 341 324 191 -1 -1 -1 0 
20 1 662 337 34 43 -1 -1 -1 0 
20 4 182 340 315 190 -1 -1 -1 0 
21 1 661 336 35 44 -1 -1 -1 0 
21 4 188 341 312 187 -1 -1 -1 0 
22 1 660 336 37 44 -1 -1 -1 0 
22 2 934 309 177 116 -1 -1 -1 0 
22 4 192 346 311 180 -1 -1 -1 0 
23 1 659 338 37 43 -1 -1 -1 0 
23 2 947 315 166 108 -1 -1 -1 0 
23 4 199 346 305 177 -1 -1 -1 0 
23 15 168 349 55 42 -1 -1 -1 0 
24 1 659 339 37 42 -1 -1 -1 0 
24 2 945 320 182 102 -1 -1 -1 0 
24 4 210 345 292 177 -1 -1 -1 0 
24 15 118 349 53 45 -1 -1 -1 0 
25 1 660 341 35 40 -1 -1 -1 0 
25 2 948 321 187 102 -1 -1 -1 0 
25 4 213 346 294 172 -1 -1 -1 0 
25 15 80 349 73 49 -1 -1 -1 0 
26 1 659 340 36 42 -1 -1 -1 0 
26 4 220 348 288 167 -1 -1 -1 0 
26 15 37 349 79 52 -1 -1 -1 0 
27 1 659 340 36 42 -1 -1 -1 0 
27 4 226 349 284 165 -1 -1 -1 0 
27 15 1 350 64 54 -1 -1 -1 0 
28 1 659 340 36 43 -1 -1 -1 0 
28 4 227 353 288 159 -1 -1 -1 0 
28 15 0 351 29 56 -1 -1 -1 0 
29 1 659 340 36 44 -1 -1 -1 0 
29 4 239 352 273 157 -1 -1 -1 0 
30 1 658 339 36 45 -1 -1 -1 0 
30 4 245 349 268 158 -1 -1 -1 0 
31 1 656 339 39 45 -1 -1 -1 0 
31 4 253 355 265 147 -1 -1 -1 0 
32 1 657 339 38 45 -1 -1 -1 0 
32 4 262 356 253 143 -1 -1 -1 0 
33 1 658 340 36 43 -1 -1 -1 0 
33 4 267 344 245 155 -1 -1 -1 0 
34 1 657 340 37 44 -1 -1 -1 0 
34 4 268 341 250 156 -1 -1 -1 0 
35 1 657 339 37 44 -1 -1 -1 0 
35 4 274 333 243 163 -1 -1 -1 0 
36 1 658 340 36 43 -1 -1 -1 0 
36 4 276 334 245 162 -1 -1 -1 0 
37 1 657 340 37 42 -1 -1 -1 0 
37 4 278 335 245 161 -1 -1 -1 0 
38 1 658 338 36 44 -1 -1 -1 0 
38 4 283 337 239 158 -1 -1 -1 0 
39 1 658 338 35 44 -1 -1 -1 0 
39 4 287 337 235 158 -1 -1 -1 0 
40 1 657 338 37 44 -1 -1 -1 0 
40 4 290 340 234 152 -1 -1 -1 0 
