3 1 506 346 82 73 -1 -1 -1 0 
4 1 505 347 84 72 -1 -1 -1 0 
5 1 506 347 83 72 -1 -1 -1 0 
6 1 505 347 85 74 -1 -1 -1 0 
7 1 505 347 83 73 -1 -1 -1 0 
8 1 504 347 85 72 -1 -1 -1 0 
9 1 505 347 84 72 -1 -1 -1 0 
10 1 504 347 86 72 -1 -1 -1 0 
11 1 505 345 84 72 -1 -1 -1 0 
12 1 506 346 83 71 -1 -1 -1 0 
13 1 506 346 83 70 -1 -1 -1 0 
14 1 508 344 81 71 -1 -1 -1 0 
15 1 508 343 81 72 -1 -1 -1 0 
16 1 508 343 81 72 -1 -1 -1 0 
17 1 508 342 82 73 -1 -1 -1 0 
18 1 508 342 82 72 -1 -1 -1 0 
19 1 509 342 80 72 -1 -1 -1 0 
20 1 509 342 80 72 -1 -1 -1 0 
21 1 510 343 80 71 -1 -1 -1 0 
22 1 510 344 80 71 -1 -1 -1 0 
23 1 512 344 77 72 -1 -1 -1 0 
24 1 510 346 80 70 -1 -1 -1 0 
25 1 511 346 79 71 -1 -1 -1 0 
26 1 511 347 80 70 -1 -1 -1 0 
27 1 512 348 79 70 -1 -1 -1 0 
28 1 514 349 77 68 -1 -1 -1 0 
29 1 515 349 76 68 -1 -1 -1 0 
30 1 517 348 75 68 -1 -1 -1 0 
30 13 876 327 44 42 -1 -1 -1 0 
31 1 517 347 75 68 -1 -1 -1 0 
31 13 881 328 52 42 -1 -1 -1 0 
32 1 517 347 75 68 -1 -1 -1 0 
32 13 881 327 65 43 -1 -1 -1 0 
33 1 518 346 74 68 -1 -1 -1 0 
33 13 885 326 63 44 -1 -1 -1 0 
34 1 518 346 75 69 -1 -1 -1 0 
34 13 889 326 61 45 -1 -1 -1 0 
35 1 517 346 78 69 -1 -1 -1 0 
35 13 891 327 63 45 -1 -1 -1 0 
36 1 518 346 77 69 -1 -1 -1 0 
36 13 894 327 66 46 -1 -1 -1 0 
37 1 520 347 76 68 -1 -1 -1 0 
37 13 896 327 68 46 -1 -1 -1 0 
38 1 521 347 76 68 -1 -1 -1 0 
38 13 902 327 64 47 -1 -1 -1 0 
39 1 522 347 75 68 -1 -1 -1 0 
39 13 905 326 67 48 -1 -1 -1 0 
40 1 524 347 73 68 -1 -1 -1 0 
40 13 906 326 72 49 -1 -1 -1 0 
