3 1 807 328 99 81 -1 -1 -1 0 
3 2 600 328 50 64 -1 -1 -1 0 
4 1 809 328 97 81 -1 -1 -1 0 
4 2 601 329 48 63 -1 -1 -1 0 
5 1 810 328 96 81 -1 -1 -1 0 
5 2 602 329 47 63 -1 -1 -1 0 
5 6 1041 328 119 63 -1 -1 -1 0 
5 7 400 342 44 37 -1 -1 -1 0 
6 1 811 328 97 81 -1 -1 -1 0 
6 2 603 329 47 62 -1 -1 -1 0 
6 6 1046 328 120 63 -1 -1 -1 0 
6 7 382 338 47 42 -1 -1 -1 0 
6 11 195 349 57 39 -1 -1 -1 0 
6 12 712 334 28 37 -1 -1 -1 0 
7 1 812 328 97 82 -1 -1 -1 0 
7 2 604 329 46 62 -1 -1 -1 0 
7 6 1052 326 120 66 -1 -1 -1 0 
7 7 364 334 51 49 -1 -1 -1 0 
7 11 151 347 69 44 -1 -1 -1 0 
7 12 712 334 28 37 -1 -1 -1 0 
8 1 812 328 99 82 -1 -1 -1 0 
8 2 604 329 47 61 -1 -1 -1 0 
8 6 1053 326 126 66 -1 -1 -1 0 
8 7 341 338 62 47 -1 -1 -1 0 
8 11 126 347 72 46 -1 -1 -1 0 
8 12 712 334 27 38 -1 -1 -1 0 
9 1 812 328 100 81 -1 -1 -1 0 
9 2 604 329 48 61 -1 -1 -1 0 
9 6 1059 327 125 65 -1 -1 -1 0 
9 7 316 343 63 44 -1 -1 -1 0 
9 11 158 353 54 43 -1 -1 -1 0 
9 12 712 334 27 38 -1 -1 -1 0 
10 1 813 328 99 81 -1 -1 -1 0 
10 2 604 330 47 60 -1 -1 -1 0 
10 6 1062 327 128 65 -1 -1 -1 0 
10 7 285 344 69 44 -1 -1 -1 0 
10 11 146 355 56 44 -1 -1 -1 0 
10 12 711 334 29 38 -1 -1 -1 0 
11 1 813 328 100 82 -1 -1 -1 0 
11 2 605 330 45 60 -1 -1 -1 0 
11 6 1066 327 130 65 -1 -1 -1 0 
11 7 249 346 83 45 -1 -1 -1 0 
11 11 83 356 66 45 -1 -1 -1 0 
11 12 711 335 29 37 -1 -1 -1 0 
12 1 813 328 102 82 -1 -1 -1 0 
12 2 605 330 46 60 -1 -1 -1 0 
12 6 1072 327 129 65 -1 -1 -1 0 
12 7 212 348 85 47 -1 -1 -1 0 
12 11 62 358 68 46 -1 -1 -1 0 
12 12 711 335 29 37 -1 -1 -1 0 
13 1 813 328 103 82 -1 -1 -1 0 
13 2 604 330 47 60 -1 -1 -1 0 
13 6 1075 327 139 67 -1 -1 -1 0 
13 7 158 350 102 49 -1 -1 -1 0 
13 12 711 335 29 38 -1 -1 -1 0 
14 1 813 329 104 81 -1 -1 -1 0 
14 2 604 330 47 60 -1 -1 -1 0 
14 6 1082 327 135 69 -1 -1 -1 0 
14 7 116 351 96 52 -1 -1 -1 0 
15 1 813 328 104 83 -1 -1 -1 0 
15 2 604 329 47 61 -1 -1 -1 0 
15 6 1085 327 140 70 -1 -1 -1 0 
15 7 46 351 110 63 -1 -1 -1 0 
16 1 813 327 105 85 -1 -1 -1 0 
16 2 604 330 48 62 -1 -1 -1 0 
16 6 1087 330 144 67 -1 -1 -1 0 
16 7 3 350 67 70 -1 -1 -1 0 
16 12 710 335 30 38 -1 -1 -1 0 
17 1 812 327 107 86 -1 -1 -1 0 
17 2 603 330 49 62 -1 -1 -1 0 
17 6 1090 332 149 66 -1 -1 -1 0 
17 7 0 351 22 73 -1 -1 -1 0 
17 12 710 335 30 39 -1 -1 -1 0 
17 18 163 359 62 37 -1 -1 -1 0 
18 1 812 327 108 87 -1 -1 -1 0 
18 2 604 330 49 62 -1 -1 -1 0 
18 6 1096 333 150 65 -1 -1 -1 0 
18 12 711 336 29 38 -1 -1 -1 0 
18 18 118 360 74 41 -1 -1 -1 0 
19 1 812 327 109 88 -1 -1 -1 0 
19 2 604 331 49 62 -1 -1 -1 0 
19 6 1103 334 146 67 -1 -1 -1 0 
19 12 710 336 30 39 -1 -1 -1 0 
19 18 73 362 72 43 -1 -1 -1 0 
20 1 810 326 114 90 -1 -1 -1 0 
20 2 603 331 49 61 -1 -1 -1 0 
20 6 1106 334 152 66 -1 -1 -1 0 
20 18 9 364 84 49 -1 -1 -1 0 
21 1 811 326 113 90 -1 -1 -1 0 
21 2 604 331 47 61 -1 -1 -1 0 
21 6 1110 334 155 67 -1 -1 -1 0 
21 18 0 366 28 51 -1 -1 -1 0 
22 1 811 326 113 90 -1 -1 -1 0 
22 2 604 331 46 61 -1 -1 -1 0 
22 6 1116 335 154 65 -1 -1 -1 0 
22 18 0 367 -12 54 -1 -1 -1 0 
23 1 810 326 115 89 -1 -1 -1 0 
23 2 603 330 48 61 -1 -1 -1 0 
23 6 1121 335 153 64 -1 -1 -1 0 
24 1 811 326 115 90 -1 -1 -1 0 
24 2 603 330 47 62 -1 -1 -1 0 
24 6 1126 334 152 65 -1 -1 -1 0 
24 12 310 349 54 39 -1 -1 -1 0 
25 1 810 326 116 90 -1 -1 -1 0 
25 2 602 330 49 62 -1 -1 -1 0 
25 6 1131 334 147 64 -1 -1 -1 0 
25 12 180 350 63 42 -1 -1 -1 0 
26 1 809 327 117 89 -1 -1 -1 0 
26 2 602 330 49 62 -1 -1 -1 0 
26 6 1139 333 137 66 -1 -1 -1 0 
26 12 137 353 67 43 -1 -1 -1 0 
27 1 810 327 116 89 -1 -1 -1 0 
27 2 603 330 47 62 -1 -1 -1 0 
27 6 1140 335 136 64 -1 -1 -1 0 
27 12 106 355 66 44 -1 -1 -1 0 
27 24 389 343 53 41 -1 -1 -1 0 
28 1 810 327 116 90 -1 -1 -1 0 
28 2 604 330 45 62 -1 -1 -1 0 
28 6 1149 335 124 67 -1 -1 -1 0 
28 12 58 357 75 44 -1 -1 -1 0 
28 24 364 343 60 44 -1 -1 -1 0 
29 1 810 327 118 90 -1 -1 -1 0 
29 2 603 331 46 61 -1 -1 -1 0 
29 6 1155 336 121 67 -1 -1 -1 0 
29 12 9 358 74 47 -1 -1 -1 0 
29 24 337 342 60 49 -1 -1 -1 0 
30 1 811 326 118 91 -1 -1 -1 0 
30 2 602 331 47 61 -1 -1 -1 0 
30 6 1161 335 118 67 -1 -1 -1 0 
30 11 0 358 21 59 -1 -1 -1 0 
30 12 0 359 40 49 -1 -1 -1 0 
30 24 301 342 80 52 -1 -1 -1 0 
31 1 811 326 120 91 -1 -1 -1 0 
31 2 603 331 46 60 -1 -1 -1 0 
31 6 1168 335 111 67 -1 -1 -1 0 
31 11 0 358 14 60 -1 -1 -1 0 
31 24 283 343 72 53 -1 -1 -1 0 
31 28 168 350 79 47 -1 -1 -1 0 
32 1 812 326 119 90 -1 -1 -1 0 
32 2 604 330 45 61 -1 -1 -1 0 
32 6 1177 334 102 68 -1 -1 -1 0 
32 24 240 345 81 54 -1 -1 -1 0 
32 28 129 351 80 47 -1 -1 -1 0 
33 1 812 326 121 90 -1 -1 -1 0 
33 2 604 332 46 59 -1 -1 -1 0 
33 6 1183 331 96 71 -1 -1 -1 0 
33 24 196 347 84 56 -1 -1 -1 0 
33 28 103 352 81 47 -1 -1 -1 0 
34 1 815 326 116 90 -1 -1 -1 0 
34 2 604 331 45 59 -1 -1 -1 0 
34 6 1191 329 88 74 -1 -1 -1 0 
34 24 123 349 102 60 -1 -1 -1 0 
34 32 474 345 20 22 -1 -1 -1 0 
35 1 815 328 118 88 -1 -1 -1 0 
35 2 604 331 46 59 -1 -1 -1 0 
35 6 1199 329 80 75 -1 -1 -1 0 
35 24 84 350 108 63 -1 -1 -1 0 
35 32 471 346 19 21 -1 -1 -1 0 
36 1 817 328 116 89 -1 -1 -1 0 
36 2 605 332 45 57 -1 -1 -1 0 
36 6 1208 329 69 77 -1 -1 -1 0 
37 1 817 328 117 90 -1 -1 -1 0 
37 2 605 332 45 57 -1 -1 -1 0 
37 6 1217 326 61 81 -1 -1 -1 0 
38 1 817 328 120 90 -1 -1 -1 0 
38 2 606 333 43 55 -1 -1 -1 0 
38 6 1224 332 54 76 -1 -1 -1 0 
39 1 818 329 120 89 -1 -1 -1 0 
39 2 606 333 43 55 -1 -1 -1 0 
39 6 1234 336 43 73 -1 -1 -1 0 
40 1 819 329 120 89 -1 -1 -1 0 
40 2 606 333 44 55 -1 -1 -1 0 
40 6 1242 336 36 75 -1 -1 -1 0 
40 32 404 349 36 29 -1 -1 -1 0 
