3 1 762 321 57 60 -1 -1 -1 0 
3 2 923 325 131 87 -1 -1 -1 0 
4 1 762 322 57 59 -1 -1 -1 0 
4 2 924 327 139 86 -1 -1 -1 0 
5 1 762 322 56 59 -1 -1 -1 0 
5 2 926 326 139 87 -1 -1 -1 0 
6 1 763 323 55 58 -1 -1 -1 0 
6 2 929 327 139 86 -1 -1 -1 0 
7 1 763 322 55 59 -1 -1 -1 0 
7 2 928 329 140 83 -1 -1 -1 0 
8 1 762 322 57 58 -1 -1 -1 0 
8 2 928 329 143 85 -1 -1 -1 0 
8 4 810 326 26 40 -1 -1 -1 0 
9 1 762 322 57 58 -1 -1 -1 0 
9 2 930 331 151 83 -1 -1 -1 0 
9 4 810 326 27 40 -1 -1 -1 0 
9 5 441 332 57 50 -1 -1 -1 0 
10 1 761 322 59 58 -1 -1 -1 0 
10 2 935 330 150 85 -1 -1 -1 0 
10 4 811 326 26 40 -1 -1 -1 0 
10 5 412 332 70 53 -1 -1 -1 0 
11 1 762 322 57 58 -1 -1 -1 0 
11 2 938 331 157 85 -1 -1 -1 0 
11 4 811 326 26 40 -1 -1 -1 0 
11 5 385 331 73 59 -1 -1 -1 0 
12 1 762 323 57 57 -1 -1 -1 0 
12 2 945 333 154 84 -1 -1 -1 0 
12 4 810 326 27 40 -1 -1 -1 0 
12 5 348 334 85 61 -1 -1 -1 0 
13 1 761 323 58 57 -1 -1 -1 0 
13 2 950 333 154 84 -1 -1 -1 0 
13 4 810 326 27 40 -1 -1 -1 0 
13 5 301 338 104 62 -1 -1 -1 0 
14 1 761 323 58 57 -1 -1 -1 0 
14 2 953 333 160 85 -1 -1 -1 0 
14 4 810 326 26 40 -1 -1 -1 0 
14 5 251 344 83 64 -1 -1 -1 0 
15 1 761 323 56 58 -1 -1 -1 0 
15 2 955 332 166 87 -1 -1 -1 0 
15 4 809 326 28 40 -1 -1 -1 0 
15 5 174 344 145 75 -1 -1 -1 0 
16 1 761 323 55 57 -1 -1 -1 0 
16 2 957 326 170 95 -1 -1 -1 0 
16 4 810 328 25 38 -1 -1 -1 0 
16 5 122 341 142 90 -1 -1 -1 0 
17 1 761 323 55 57 -1 -1 -1 0 
17 2 957 324 176 99 -1 -1 -1 0 
17 4 810 328 25 38 -1 -1 -1 0 
17 5 23 344 153 100 -1 -1 -1 0 
18 1 760 324 56 55 -1 -1 -1 0 
18 2 956 326 186 101 -1 -1 -1 0 
18 4 810 329 25 37 -1 -1 -1 0 
18 5 0 345 127 106 -1 -1 -1 0 
19 1 761 324 54 56 -1 -1 -1 0 
19 2 961 327 187 103 -1 -1 -1 0 
19 4 810 329 25 37 -1 -1 -1 0 
20 1 761 325 54 56 -1 -1 -1 0 
20 2 962 328 196 104 -1 -1 -1 0 
20 4 810 329 24 38 -1 -1 -1 0 
21 1 761 325 53 56 -1 -1 -1 0 
21 2 966 328 199 106 -1 -1 -1 0 
21 4 810 330 24 37 -1 -1 -1 0 
21 8 371 339 73 53 -1 -1 -1 0 
22 1 761 325 53 58 -1 -1 -1 0 
22 2 973 327 196 108 -1 -1 -1 0 
22 4 809 330 26 38 -1 -1 -1 0 
22 8 356 339 76 56 -1 -1 -1 0 
23 1 758 325 58 57 -1 -1 -1 0 
23 2 975 326 201 111 -1 -1 -1 0 
23 4 809 330 26 38 -1 -1 -1 0 
24 1 760 325 54 57 -1 -1 -1 0 
24 2 979 327 206 111 -1 -1 -1 0 
24 4 809 329 27 39 -1 -1 -1 0 
25 1 759 325 55 56 -1 -1 -1 0 
25 2 1019 323 170 119 -1 -1 -1 0 
25 4 808 329 28 39 -1 -1 -1 0 
26 1 759 325 54 56 -1 -1 -1 0 
26 2 1022 320 182 126 -1 -1 -1 0 
26 4 808 328 28 39 -1 -1 -1 0 
27 1 759 325 54 55 -1 -1 -1 0 
27 2 989 323 235 119 -1 -1 -1 0 
27 4 808 328 28 39 -1 -1 -1 0 
27 8 445 331 44 42 -1 -1 -1 0 
28 1 759 325 54 55 -1 -1 -1 0 
28 2 1030 323 184 123 -1 -1 -1 0 
28 4 808 328 28 39 -1 -1 -1 0 
28 8 452 330 42 41 -1 -1 -1 0 
29 1 758 325 54 55 -1 -1 -1 0 
29 2 1042 322 190 127 -1 -1 -1 0 
29 4 809 328 27 39 -1 -1 -1 0 
30 1 758 325 54 55 -1 -1 -1 0 
30 2 1047 321 194 130 -1 -1 -1 0 
30 4 809 328 27 39 -1 -1 -1 0 
30 8 397 337 58 37 -1 -1 -1 0 
31 1 758 325 54 55 -1 -1 -1 0 
31 2 1007 326 253 126 -1 -1 -1 0 
31 4 808 329 28 37 -1 -1 -1 0 
31 8 369 339 61 40 -1 -1 -1 0 
32 1 759 325 53 55 -1 -1 -1 0 
32 2 1057 331 192 124 -1 -1 -1 0 
32 4 809 329 27 38 -1 -1 -1 0 
32 8 344 343 61 40 -1 -1 -1 0 
33 1 760 325 52 55 -1 -1 -1 0 
33 2 1081 332 179 127 -1 -1 -1 0 
33 4 808 329 29 38 -1 -1 -1 0 
33 8 323 348 55 38 -1 -1 -1 0 
34 1 760 325 52 55 -1 -1 -1 0 
34 2 1087 333 183 128 -1 -1 -1 0 
34 4 809 329 28 38 -1 -1 -1 0 
34 8 314 349 56 38 -1 -1 -1 0 
35 1 760 325 52 56 -1 -1 -1 0 
35 4 809 330 28 38 -1 -1 -1 0 
36 1 760 325 52 56 -1 -1 -1 0 
36 2 1031 333 248 126 -1 -1 -1 0 
37 1 759 325 53 57 -1 -1 -1 0 
37 2 1032 333 247 127 -1 -1 -1 0 
37 4 809 330 29 39 -1 -1 -1 0 
38 1 759 325 53 57 -1 -1 -1 0 
38 2 1037 332 242 129 -1 -1 -1 0 
38 4 808 331 31 38 -1 -1 -1 0 
39 1 759 326 53 56 -1 -1 -1 0 
39 2 1041 332 238 129 -1 -1 -1 0 
39 4 808 331 30 39 -1 -1 -1 0 
40 1 760 325 52 56 -1 -1 -1 0 
40 2 1049 332 229 130 -1 -1 -1 0 
40 4 808 331 30 39 -1 -1 -1 0 
