3 1 594 321 57 63 -1 -1 -1 0 
3 3 345 330 129 96 -1 -1 -1 0 
3 4 684 330 44 53 -1 -1 -1 0 
4 1 596 321 54 63 -1 -1 -1 0 
4 3 340 336 146 88 -1 -1 -1 0 
4 4 684 331 46 52 -1 -1 -1 0 
5 1 596 321 55 63 -1 -1 -1 0 
5 3 347 339 135 82 -1 -1 -1 0 
5 4 685 331 44 53 -1 -1 -1 0 
6 1 597 323 53 62 -1 -1 -1 0 
6 3 356 340 123 80 -1 -1 -1 0 
6 4 684 332 46 53 -1 -1 -1 0 
7 1 597 324 53 62 -1 -1 -1 0 
7 3 361 339 117 83 -1 -1 -1 0 
7 4 685 333 45 52 -1 -1 -1 0 
8 1 597 326 54 62 -1 -1 -1 0 
8 3 362 340 115 81 -1 -1 -1 0 
8 4 686 334 44 52 -1 -1 -1 0 
9 1 598 325 54 61 -1 -1 -1 0 
9 3 364 340 116 81 -1 -1 -1 0 
9 4 686 334 44 51 -1 -1 -1 0 
10 1 599 326 53 59 -1 -1 -1 0 
10 3 365 340 116 80 -1 -1 -1 0 
10 4 687 334 43 51 -1 -1 -1 0 
11 1 599 326 53 57 -1 -1 -1 0 
11 3 366 338 123 81 -1 -1 -1 0 
11 4 688 334 42 50 -1 -1 -1 0 
12 1 601 327 51 57 -1 -1 -1 0 
12 3 370 339 122 80 -1 -1 -1 0 
12 4 689 334 41 50 -1 -1 -1 0 
13 1 603 328 49 56 -1 -1 -1 0 
13 3 373 339 123 78 -1 -1 -1 0 
13 4 689 334 42 50 -1 -1 -1 0 
14 1 603 327 49 56 -1 -1 -1 0 
14 3 378 339 119 78 -1 -1 -1 0 
14 4 690 333 41 51 -1 -1 -1 0 
14 5 0 276 76 104 -1 -1 -1 0 
15 1 604 328 49 55 -1 -1 -1 0 
15 3 382 340 118 76 -1 -1 -1 0 
15 4 689 333 43 51 -1 -1 -1 0 
15 5 0 281 52 96 -1 -1 -1 0 
16 1 605 329 49 54 -1 -1 -1 0 
16 3 384 342 117 73 -1 -1 -1 0 
16 4 688 332 45 53 -1 -1 -1 0 
16 5 0 282 41 88 -1 -1 -1 0 
17 1 606 329 47 54 -1 -1 -1 0 
17 3 387 342 112 72 -1 -1 -1 0 
17 4 688 331 45 54 -1 -1 -1 0 
18 1 606 329 48 54 -1 -1 -1 0 
18 3 388 342 115 72 -1 -1 -1 0 
18 4 688 331 45 55 -1 -1 -1 0 
19 1 607 330 47 53 -1 -1 -1 0 
19 3 392 341 112 73 -1 -1 -1 0 
19 4 689 333 44 53 -1 -1 -1 0 
20 1 607 329 48 54 -1 -1 -1 0 
20 3 395 340 114 74 -1 -1 -1 0 
20 4 690 333 43 53 -1 -1 -1 0 
20 8 37 331 111 60 -1 -1 -1 0 
21 1 608 329 47 54 -1 -1 -1 0 
21 3 400 341 111 73 -1 -1 -1 0 
21 4 690 333 43 53 -1 -1 -1 0 
21 8 2 333 101 60 -1 -1 -1 0 
22 1 610 330 47 53 -1 -1 -1 0 
22 3 404 343 108 70 -1 -1 -1 0 
22 4 691 334 42 52 -1 -1 -1 0 
22 8 0 329 50 66 -1 -1 -1 0 
23 1 611 330 46 53 -1 -1 -1 0 
23 3 407 343 107 70 -1 -1 -1 0 
23 4 691 334 42 52 -1 -1 -1 0 
23 8 0 329 20 68 -1 -1 -1 0 
24 1 612 329 47 54 -1 -1 -1 0 
24 3 410 344 106 68 -1 -1 -1 0 
24 4 691 334 41 50 -1 -1 -1 0 
25 1 612 329 48 53 -1 -1 -1 0 
25 3 412 342 104 68 -1 -1 -1 0 
25 4 691 334 42 50 -1 -1 -1 0 
25 9 561 322 29 40 -1 -1 -1 0 
26 1 613 330 48 53 -1 -1 -1 0 
26 3 417 341 100 68 -1 -1 -1 0 
26 4 692 334 40 50 -1 -1 -1 0 
26 9 554 323 31 40 -1 -1 -1 0 
27 1 614 331 46 51 -1 -1 -1 0 
27 3 419 341 99 68 -1 -1 -1 0 
27 4 692 335 39 48 -1 -1 -1 0 
27 9 551 323 30 40 -1 -1 -1 0 
28 1 615 332 44 49 -1 -1 -1 0 
28 3 421 341 96 67 -1 -1 -1 0 
28 4 692 335 39 48 -1 -1 -1 0 
29 1 616 333 43 47 -1 -1 -1 0 
29 3 423 341 95 66 -1 -1 -1 0 
29 4 691 336 41 47 -1 -1 -1 0 
30 1 617 332 42 46 -1 -1 -1 0 
30 3 424 340 97 67 -1 -1 -1 0 
30 4 692 334 42 49 -1 -1 -1 0 
31 1 618 333 41 46 -1 -1 -1 0 
31 3 428 341 94 67 -1 -1 -1 0 
31 4 693 334 40 49 -1 -1 -1 0 
32 1 618 333 41 46 -1 -1 -1 0 
32 3 434 342 86 65 -1 -1 -1 0 
32 4 692 335 41 48 -1 -1 -1 0 
32 9 552 330 25 31 -1 -1 -1 0 
33 1 618 333 41 48 -1 -1 -1 0 
33 3 434 342 93 67 -1 -1 -1 0 
33 4 693 336 39 47 -1 -1 -1 0 
33 9 549 331 25 32 -1 -1 -1 0 
34 1 619 334 40 48 -1 -1 -1 0 
34 3 437 343 87 67 -1 -1 -1 0 
34 4 693 336 39 46 -1 -1 -1 0 
34 9 547 331 25 32 -1 -1 -1 0 
35 1 618 333 43 49 -1 -1 -1 0 
35 3 439 343 89 67 -1 -1 -1 0 
35 4 693 335 39 47 -1 -1 -1 0 
36 1 619 333 44 49 -1 -1 -1 0 
36 3 442 342 82 68 -1 -1 -1 0 
36 4 693 334 40 48 -1 -1 -1 0 
37 1 621 333 42 49 -1 -1 -1 0 
37 3 442 341 84 69 -1 -1 -1 0 
37 4 693 334 41 50 -1 -1 -1 0 
38 1 621 332 42 48 -1 -1 -1 0 
38 3 441 338 92 71 -1 -1 -1 0 
38 4 693 332 42 52 -1 -1 -1 0 
39 1 622 332 41 48 -1 -1 -1 0 
39 3 445 336 88 72 -1 -1 -1 0 
39 4 693 332 42 52 -1 -1 -1 0 
40 1 623 332 40 48 -1 -1 -1 0 
40 3 446 336 88 71 -1 -1 -1 0 
40 4 693 331 42 53 -1 -1 -1 0 
