3 1 658 337 36 41 -1 -1 -1 0 
3 2 609 339 24 33 -1 -1 -1 0 
4 1 658 336 37 41 -1 -1 -1 0 
4 2 609 338 24 33 -1 -1 -1 0 
5 1 659 335 35 42 -1 -1 -1 0 
5 2 610 338 23 32 -1 -1 -1 0 
6 1 658 336 37 41 -1 -1 -1 0 
6 2 609 338 24 33 -1 -1 -1 0 
7 1 658 336 36 41 -1 -1 -1 0 
7 2 609 338 23 33 -1 -1 -1 0 
8 1 658 335 36 42 -1 -1 -1 0 
8 2 608 338 25 33 -1 -1 -1 0 
9 1 658 335 36 42 -1 -1 -1 0 
9 2 609 338 23 33 -1 -1 -1 0 
10 1 658 336 36 42 -1 -1 -1 0 
10 2 608 339 25 32 -1 -1 -1 0 
11 1 658 336 37 41 -1 -1 -1 0 
11 2 609 339 23 32 -1 -1 -1 0 
12 1 659 336 35 41 -1 -1 -1 0 
12 2 609 339 24 32 -1 -1 -1 0 
13 1 659 336 35 40 -1 -1 -1 0 
13 2 610 339 22 31 -1 -1 -1 0 
14 1 659 336 35 40 -1 -1 -1 0 
14 2 610 339 22 31 -1 -1 -1 0 
15 1 659 336 35 40 -1 -1 -1 0 
15 2 609 338 24 32 -1 -1 -1 0 
16 1 660 336 34 39 -1 -1 -1 0 
16 2 609 338 25 32 -1 -1 -1 0 
17 1 659 336 35 39 -1 -1 -1 0 
17 2 610 338 23 31 -1 -1 -1 0 
18 1 660 336 34 39 -1 -1 -1 0 
18 2 610 338 23 31 -1 -1 -1 0 
19 1 660 336 34 40 -1 -1 -1 0 
19 2 611 339 23 31 -1 -1 -1 0 
20 1 660 336 34 40 -1 -1 -1 0 
20 2 611 339 22 31 -1 -1 -1 0 
21 1 660 337 35 40 -1 -1 -1 0 
21 2 611 340 23 30 -1 -1 -1 0 
22 1 660 337 34 40 -1 -1 -1 0 
22 2 612 340 22 30 -1 -1 -1 0 
23 1 660 337 34 40 -1 -1 -1 0 
23 2 611 341 23 29 -1 -1 -1 0 
24 1 660 337 35 41 -1 -1 -1 0 
24 2 612 341 22 29 -1 -1 -1 0 
25 1 660 337 35 40 -1 -1 -1 0 
25 2 612 340 22 30 -1 -1 -1 0 
26 1 660 337 35 40 -1 -1 -1 0 
26 2 611 340 23 29 -1 -1 -1 0 
27 1 660 337 35 40 -1 -1 -1 0 
27 2 612 340 22 29 -1 -1 -1 0 
28 1 660 338 35 38 -1 -1 -1 0 
28 2 612 340 22 28 -1 -1 -1 0 
29 1 660 338 34 39 -1 -1 -1 0 
29 2 612 340 21 29 -1 -1 -1 0 
30 1 659 337 35 39 -1 -1 -1 0 
30 2 612 339 22 29 -1 -1 -1 0 
31 1 660 337 34 38 -1 -1 -1 0 
31 2 613 339 20 29 -1 -1 -1 0 
32 1 660 337 34 37 -1 -1 -1 0 
32 2 613 339 20 28 -1 -1 -1 0 
33 1 660 337 34 35 -1 -1 -1 0 
34 1 660 336 34 35 -1 -1 -1 0 
36 1 660 336 34 34 -1 -1 -1 0 
37 1 661 336 33 33 -1 -1 -1 0 
38 1 661 336 32 33 -1 -1 -1 0 
39 1 661 336 32 33 -1 -1 -1 0 
40 1 661 336 30 34 -1 -1 -1 0 
40 2 612 337 23 29 -1 -1 -1 0 
