3 1 1029 336 106 66 -1 -1 -1 0 
3 2 726 337 27 37 -1 -1 -1 0 
3 3 772 333 58 56 -1 -1 -1 0 
4 1 1028 335 118 67 -1 -1 -1 0 
4 2 725 337 29 37 -1 -1 -1 0 
4 3 774 334 58 55 -1 -1 -1 0 
4 5 1140 188 57 44 -1 -1 -1 0 
5 1 1028 332 127 70 -1 -1 -1 0 
5 2 726 336 28 37 -1 -1 -1 0 
5 3 774 334 59 54 -1 -1 -1 0 
5 5 1147 186 53 42 -1 -1 -1 0 
6 1 1025 332 155 73 -1 -1 -1 0 
6 2 727 337 28 37 -1 -1 -1 0 
6 3 776 334 57 55 -1 -1 -1 0 
7 1 1037 331 123 72 -1 -1 -1 0 
7 2 727 337 28 37 -1 -1 -1 0 
7 3 776 335 58 54 -1 -1 -1 0 
8 1 1034 332 135 74 -1 -1 -1 0 
8 2 726 338 30 37 -1 -1 -1 0 
8 3 775 335 58 56 -1 -1 -1 0 
8 10 1205 334 74 148 -1 -1 -1 0 
9 1 1040 334 107 72 -1 -1 -1 0 
9 2 727 339 28 36 -1 -1 -1 0 
9 3 776 336 57 55 -1 -1 -1 0 
9 10 1188 343 91 136 -1 -1 -1 0 
10 1 1036 337 106 67 -1 -1 -1 0 
10 2 728 338 27 37 -1 -1 -1 0 
10 3 777 336 57 55 -1 -1 -1 0 
10 10 1174 346 105 128 -1 -1 -1 0 
11 1 1036 337 107 67 -1 -1 -1 0 
11 2 728 338 28 37 -1 -1 -1 0 
11 3 778 336 57 55 -1 -1 -1 0 
11 10 1161 334 117 135 -1 -1 -1 0 
12 1 1036 338 105 66 -1 -1 -1 0 
12 2 728 339 28 35 -1 -1 -1 0 
12 3 778 336 58 55 -1 -1 -1 0 
12 10 1147 331 132 134 -1 -1 -1 0 
13 1 1037 335 105 69 -1 -1 -1 0 
13 2 729 338 26 36 -1 -1 -1 0 
13 3 779 334 58 57 -1 -1 -1 0 
13 10 1135 325 143 137 -1 -1 -1 0 
14 1 1037 335 106 69 -1 -1 -1 0 
14 2 729 338 27 36 -1 -1 -1 0 
14 3 778 334 61 57 -1 -1 -1 0 
14 10 1125 319 153 143 -1 -1 -1 0 
15 1 1036 336 109 68 -1 -1 -1 0 
15 2 729 338 27 36 -1 -1 -1 0 
15 3 779 334 59 57 -1 -1 -1 0 
15 10 1116 310 161 151 -1 -1 -1 0 
16 1 1035 336 111 68 -1 -1 -1 0 
16 2 729 339 27 35 -1 -1 -1 0 
16 3 779 334 60 57 -1 -1 -1 0 
16 10 1105 309 172 148 -1 -1 -1 0 
17 1 1038 340 101 64 -1 -1 -1 0 
17 2 729 339 27 35 -1 -1 -1 0 
17 3 780 334 59 57 -1 -1 -1 0 
17 10 1100 309 175 145 -1 -1 -1 0 
17 16 611 331 36 43 -1 -1 -1 0 
18 1 1042 338 85 64 -1 -1 -1 0 
18 2 729 339 27 34 -1 -1 -1 0 
18 3 781 334 58 57 -1 -1 -1 0 
18 10 1085 311 193 142 -1 -1 -1 0 
18 16 613 330 33 44 -1 -1 -1 0 
19 1 1042 338 84 63 -1 -1 -1 0 
19 2 730 339 27 34 -1 -1 -1 0 
19 3 782 334 57 57 -1 -1 -1 0 
19 10 1077 315 199 139 -1 -1 -1 0 
19 16 612 330 35 45 -1 -1 -1 0 
20 2 730 339 26 34 -1 -1 -1 0 
20 3 782 335 58 57 -1 -1 -1 0 
20 10 1072 319 203 136 -1 -1 -1 0 
20 16 612 331 35 44 -1 -1 -1 0 
21 2 730 339 27 34 -1 -1 -1 0 
21 3 784 335 56 57 -1 -1 -1 0 
21 10 1065 320 212 136 -1 -1 -1 0 
21 16 613 330 35 44 -1 -1 -1 0 
22 2 729 338 28 35 -1 -1 -1 0 
22 3 785 335 56 57 -1 -1 -1 0 
22 10 1055 319 223 138 -1 -1 -1 0 
22 16 613 329 36 45 -1 -1 -1 0 
23 2 729 338 28 35 -1 -1 -1 0 
23 3 783 334 60 58 -1 -1 -1 0 
23 10 1050 316 226 141 -1 -1 -1 0 
23 16 613 329 37 45 -1 -1 -1 0 
24 2 729 338 28 35 -1 -1 -1 0 
24 3 783 334 61 58 -1 -1 -1 0 
24 10 1046 312 230 145 -1 -1 -1 0 
24 16 613 329 37 45 -1 -1 -1 0 
25 2 728 338 30 35 -1 -1 -1 0 
25 3 779 333 66 60 -1 -1 -1 0 
25 10 1038 310 237 148 -1 -1 -1 0 
25 16 614 330 35 43 -1 -1 -1 0 
26 2 728 339 30 34 -1 -1 -1 0 
26 3 777 333 68 60 -1 -1 -1 0 
26 10 1033 310 244 145 -1 -1 -1 0 
26 16 614 331 35 42 -1 -1 -1 0 
27 2 729 338 28 36 -1 -1 -1 0 
27 3 778 333 65 59 -1 -1 -1 0 
27 10 1031 303 243 150 -1 -1 -1 0 
27 16 615 331 34 42 -1 -1 -1 0 
28 2 728 338 29 35 -1 -1 -1 0 
28 3 778 333 66 59 -1 -1 -1 0 
28 10 1016 307 263 142 -1 -1 -1 0 
28 16 615 331 35 42 -1 -1 -1 0 
29 2 728 338 29 35 -1 -1 -1 0 
29 3 780 333 65 60 -1 -1 -1 0 
29 10 1017 309 262 137 -1 -1 -1 0 
29 16 616 331 33 42 -1 -1 -1 0 
30 2 727 337 30 36 -1 -1 -1 0 
30 3 779 333 67 60 -1 -1 -1 0 
30 10 1013 310 266 133 -1 -1 -1 0 
30 16 616 331 33 41 -1 -1 -1 0 
31 2 727 337 30 36 -1 -1 -1 0 
31 3 780 333 66 61 -1 -1 -1 0 
31 10 1000 309 270 136 -1 -1 -1 0 
32 2 727 337 30 36 -1 -1 -1 0 
32 3 780 333 66 61 -1 -1 -1 0 
32 10 997 310 263 136 -1 -1 -1 0 
33 2 727 337 30 36 -1 -1 -1 0 
33 3 780 332 67 62 -1 -1 -1 0 
33 10 979 309 292 134 -1 -1 -1 0 
33 16 616 331 33 41 -1 -1 -1 0 
34 2 727 337 29 36 -1 -1 -1 0 
34 3 780 332 68 61 -1 -1 -1 0 
34 10 979 308 269 131 -1 -1 -1 0 
34 16 613 329 36 43 -1 -1 -1 0 
35 2 726 338 30 36 -1 -1 -1 0 
35 3 780 334 68 60 -1 -1 -1 0 
35 10 978 315 257 120 -1 -1 -1 0 
35 16 614 331 34 42 -1 -1 -1 0 
36 2 726 338 30 36 -1 -1 -1 0 
36 3 779 334 69 59 -1 -1 -1 0 
36 10 975 320 230 109 -1 -1 -1 0 
36 16 614 332 34 41 -1 -1 -1 0 
37 2 726 338 30 37 -1 -1 -1 0 
37 3 778 334 70 60 -1 -1 -1 0 
37 10 970 318 241 116 -1 -1 -1 0 
37 16 615 332 33 41 -1 -1 -1 0 
38 2 726 338 30 37 -1 -1 -1 0 
38 3 778 335 70 59 -1 -1 -1 0 
38 10 972 321 213 108 -1 -1 -1 0 
38 16 615 332 32 41 -1 -1 -1 0 
39 2 725 338 32 37 -1 -1 -1 0 
39 3 778 335 70 60 -1 -1 -1 0 
39 10 966 322 203 105 -1 -1 -1 0 
39 16 615 332 32 41 -1 -1 -1 0 
40 2 724 337 33 37 -1 -1 -1 0 
40 3 779 335 69 60 -1 -1 -1 0 
40 10 962 323 193 100 -1 -1 -1 0 
40 16 615 332 33 41 -1 -1 -1 0 
