3 1 1145 337 106 76 -1 -1 -1 0 
3 2 636 331 25 34 -1 -1 -1 0 
3 4 673 335 25 30 -1 -1 -1 0 
4 1 1161 335 104 78 -1 -1 -1 0 
4 2 636 331 24 35 -1 -1 -1 0 
4 4 673 335 24 30 -1 -1 -1 0 
5 1 1167 339 112 75 -1 -1 -1 0 
5 2 637 333 23 35 -1 -1 -1 0 
5 4 672 334 25 32 -1 -1 -1 0 
6 1 1175 347 102 68 -1 -1 -1 0 
6 2 638 334 23 35 -1 -1 -1 0 
6 4 673 335 23 31 -1 -1 -1 0 
7 1 1188 348 90 69 -1 -1 -1 0 
7 2 637 334 24 36 -1 -1 -1 0 
7 4 672 336 24 30 -1 -1 -1 0 
8 1 1199 352 78 67 -1 -1 -1 0 
8 2 637 334 24 36 -1 -1 -1 0 
8 4 673 336 22 30 -1 -1 -1 0 
9 1 1213 352 66 70 -1 -1 -1 0 
9 2 637 334 24 36 -1 -1 -1 0 
9 4 673 336 22 31 -1 -1 -1 0 
10 1 1227 350 51 73 -1 -1 -1 0 
10 2 637 334 24 37 -1 -1 -1 0 
10 4 672 336 23 32 -1 -1 -1 0 
11 1 1245 346 33 80 -1 -1 -1 0 
11 2 637 334 23 36 -1 -1 -1 0 
11 4 671 336 24 33 -1 -1 -1 0 
12 1 1257 346 22 81 -1 -1 -1 0 
12 2 636 334 24 36 -1 -1 -1 0 
12 4 671 336 24 33 -1 -1 -1 0 
13 2 636 334 24 35 -1 -1 -1 0 
13 4 672 337 24 32 -1 -1 -1 0 
14 2 637 335 22 35 -1 -1 -1 0 
14 4 673 337 22 32 -1 -1 -1 0 
14 9 1122 341 58 55 -1 -1 -1 0 
15 2 637 335 22 35 -1 -1 -1 0 
15 4 672 337 23 31 -1 -1 -1 0 
15 9 1130 341 64 56 -1 -1 -1 0 
16 2 636 335 23 35 -1 -1 -1 0 
16 4 672 337 23 31 -1 -1 -1 0 
16 9 1142 343 65 55 -1 -1 -1 0 
17 2 636 335 23 35 -1 -1 -1 0 
17 4 672 337 23 31 -1 -1 -1 0 
17 9 1153 340 67 58 -1 -1 -1 0 
18 2 637 334 22 36 -1 -1 -1 0 
18 4 672 336 22 32 -1 -1 -1 0 
18 9 1163 338 70 61 -1 -1 -1 0 
19 2 637 334 22 36 -1 -1 -1 0 
19 4 671 336 23 32 -1 -1 -1 0 
19 9 1171 335 76 65 -1 -1 -1 0 
20 2 636 334 23 36 -1 -1 -1 0 
20 4 672 335 22 33 -1 -1 -1 0 
20 9 1181 331 77 70 -1 -1 -1 0 
21 2 636 334 24 36 -1 -1 -1 0 
21 4 671 335 23 33 -1 -1 -1 0 
21 9 1189 332 85 69 -1 -1 -1 0 
22 2 636 334 24 36 -1 -1 -1 0 
22 4 672 334 22 34 -1 -1 -1 0 
22 9 1207 333 71 69 -1 -1 -1 0 
23 2 635 333 25 36 -1 -1 -1 0 
23 4 671 335 23 33 -1 -1 -1 0 
23 9 1218 335 61 67 -1 -1 -1 0 
24 2 636 333 23 36 -1 -1 -1 0 
24 4 671 335 22 33 -1 -1 -1 0 
24 9 1230 336 49 67 -1 -1 -1 0 
25 2 635 333 24 36 -1 -1 -1 0 
25 4 670 335 24 33 -1 -1 -1 0 
25 9 1245 335 34 70 -1 -1 -1 0 
26 2 635 333 24 36 -1 -1 -1 0 
26 4 670 335 24 33 -1 -1 -1 0 
26 9 1256 335 23 71 -1 -1 -1 0 
27 2 636 333 22 36 -1 -1 -1 0 
27 4 671 335 22 33 -1 -1 -1 0 
28 2 636 332 23 37 -1 -1 -1 0 
28 4 671 335 22 33 -1 -1 -1 0 
29 2 635 332 25 37 -1 -1 -1 0 
29 4 672 335 21 33 -1 -1 -1 0 
30 2 636 332 23 37 -1 -1 -1 0 
30 4 671 335 22 33 -1 -1 -1 0 
31 2 635 332 25 37 -1 -1 -1 0 
31 4 671 335 22 33 -1 -1 -1 0 
32 2 636 332 23 37 -1 -1 -1 0 
33 2 634 332 25 38 -1 -1 -1 0 
33 4 671 335 20 33 -1 -1 -1 0 
34 2 635 332 24 37 -1 -1 -1 0 
34 4 670 336 21 32 -1 -1 -1 0 
35 2 635 332 24 37 -1 -1 -1 0 
35 4 670 336 22 32 -1 -1 -1 0 
36 2 636 332 23 37 -1 -1 -1 0 
36 4 670 336 22 31 -1 -1 -1 0 
37 2 636 333 23 35 -1 -1 -1 0 
37 4 670 336 22 31 -1 -1 -1 0 
38 2 636 333 22 35 -1 -1 -1 0 
39 2 636 333 23 35 -1 -1 -1 0 
40 2 637 333 22 35 -1 -1 -1 0 
