3 1 669 330 50 54 -1 -1 -1 0 
3 2 606 333 39 44 -1 -1 -1 0 
4 1 669 330 49 55 -1 -1 -1 0 
4 2 606 333 39 44 -1 -1 -1 0 
5 1 669 330 48 53 -1 -1 -1 0 
5 2 606 333 40 44 -1 -1 -1 0 
6 1 668 331 50 52 -1 -1 -1 0 
6 2 606 334 40 43 -1 -1 -1 0 
6 4 732 330 24 31 -1 -1 -1 0 
7 1 667 331 51 51 -1 -1 -1 0 
7 2 607 333 38 42 -1 -1 -1 0 
7 4 733 331 22 29 -1 -1 -1 0 
8 1 668 331 50 51 -1 -1 -1 0 
8 2 607 333 39 42 -1 -1 -1 0 
9 1 667 332 51 50 -1 -1 -1 0 
9 2 607 333 40 42 -1 -1 -1 0 
10 1 667 331 50 51 -1 -1 -1 0 
10 2 608 333 38 42 -1 -1 -1 0 
11 1 667 331 48 49 -1 -1 -1 0 
11 2 608 332 39 41 -1 -1 -1 0 
12 1 666 332 49 48 -1 -1 -1 0 
12 2 609 331 37 41 -1 -1 -1 0 
13 1 666 332 47 48 -1 -1 -1 0 
13 2 609 330 36 41 -1 -1 -1 0 
14 1 666 332 47 48 -1 -1 -1 0 
14 2 608 330 38 41 -1 -1 -1 0 
15 1 666 331 46 49 -1 -1 -1 0 
15 2 609 330 38 40 -1 -1 -1 0 
16 1 666 330 46 50 -1 -1 -1 0 
16 2 610 329 38 40 -1 -1 -1 0 
17 1 665 328 49 52 -1 -1 -1 0 
17 2 611 329 37 40 -1 -1 -1 0 
18 1 666 328 48 53 -1 -1 -1 0 
18 2 613 329 35 40 -1 -1 -1 0 
19 1 664 327 51 54 -1 -1 -1 0 
19 2 613 329 35 39 -1 -1 -1 0 
20 1 665 327 49 54 -1 -1 -1 0 
20 2 614 329 34 38 -1 -1 -1 0 
20 4 740 327 24 31 -1 -1 -1 0 
21 1 664 327 51 54 -1 -1 -1 0 
21 2 615 329 33 38 -1 -1 -1 0 
21 4 741 325 24 34 -1 -1 -1 0 
22 1 664 327 51 54 -1 -1 -1 0 
22 2 615 329 33 38 -1 -1 -1 0 
22 4 741 325 25 34 -1 -1 -1 0 
23 1 665 328 48 53 -1 -1 -1 0 
23 2 615 330 34 37 -1 -1 -1 0 
23 4 741 327 25 33 -1 -1 -1 0 
24 1 665 328 47 54 -1 -1 -1 0 
24 2 616 330 33 37 -1 -1 -1 0 
24 4 743 326 22 34 -1 -1 -1 0 
25 1 665 328 48 54 -1 -1 -1 0 
25 2 617 330 32 38 -1 -1 -1 0 
25 4 743 326 23 34 -1 -1 -1 0 
26 1 664 328 48 54 -1 -1 -1 0 
26 2 618 330 32 38 -1 -1 -1 0 
26 4 744 326 23 35 -1 -1 -1 0 
27 1 664 328 49 53 -1 -1 -1 0 
27 2 618 329 34 39 -1 -1 -1 0 
28 1 664 328 50 53 -1 -1 -1 0 
28 2 619 330 34 38 -1 -1 -1 0 
29 1 665 328 49 52 -1 -1 -1 0 
29 2 620 330 34 38 -1 -1 -1 0 
30 1 666 328 47 52 -1 -1 -1 0 
30 2 621 330 33 38 -1 -1 -1 0 
31 1 665 328 50 51 -1 -1 -1 0 
31 2 623 329 32 38 -1 -1 -1 0 
32 1 666 327 50 52 -1 -1 -1 0 
32 2 624 329 32 38 -1 -1 -1 0 
32 4 751 323 26 37 -1 -1 -1 0 
33 1 667 327 49 51 -1 -1 -1 0 
33 2 627 329 30 37 -1 -1 -1 0 
33 4 752 321 26 38 -1 -1 -1 0 
34 1 669 326 47 52 -1 -1 -1 0 
34 2 627 329 33 36 -1 -1 -1 0 
34 4 753 321 27 38 -1 -1 -1 0 
35 1 669 326 48 51 -1 -1 -1 0 
35 2 629 329 31 37 -1 -1 -1 0 
35 4 753 321 28 38 -1 -1 -1 0 
36 1 670 326 48 53 -1 -1 -1 0 
36 2 630 329 30 37 -1 -1 -1 0 
36 4 753 323 29 36 -1 -1 -1 0 
37 1 671 327 47 53 -1 -1 -1 0 
37 2 630 330 32 35 -1 -1 -1 0 
37 4 756 322 25 37 -1 -1 -1 0 
38 1 671 327 47 54 -1 -1 -1 0 
38 2 632 331 31 34 -1 -1 -1 0 
38 4 757 324 26 35 -1 -1 -1 0 
39 1 671 327 47 54 -1 -1 -1 0 
39 2 633 331 31 34 -1 -1 -1 0 
39 4 758 324 25 36 -1 -1 -1 0 
40 1 672 327 47 55 -1 -1 -1 0 
40 2 635 332 30 33 -1 -1 -1 0 
40 4 758 325 26 35 -1 -1 -1 0 
