3 1 686 330 35 46 -1 -1 -1 0 
4 1 687 329 34 47 -1 -1 -1 0 
5 1 686 329 37 46 -1 -1 -1 0 
6 1 687 328 35 47 -1 -1 -1 0 
7 1 687 327 35 47 -1 -1 -1 0 
8 1 686 328 36 46 -1 -1 -1 0 
9 1 686 329 36 45 -1 -1 -1 0 
10 1 686 329 35 45 -1 -1 -1 0 
11 1 685 329 36 44 -1 -1 -1 0 
12 1 686 328 36 45 -1 -1 -1 0 
13 1 687 327 35 47 -1 -1 -1 0 
14 1 686 327 36 46 -1 -1 -1 0 
15 1 686 326 36 45 -1 -1 -1 0 
16 1 687 325 34 46 -1 -1 -1 0 
17 1 687 326 35 46 -1 -1 -1 0 
18 1 686 328 36 45 -1 -1 -1 0 
19 1 687 328 34 46 -1 -1 -1 0 
20 1 687 327 35 48 -1 -1 -1 0 
21 1 687 327 35 48 -1 -1 -1 0 
22 1 687 326 36 49 -1 -1 -1 0 
23 1 688 326 35 49 -1 -1 -1 0 
24 1 687 325 37 49 -1 -1 -1 0 
25 1 687 325 37 48 -1 -1 -1 0 
26 1 687 325 37 48 -1 -1 -1 0 
27 1 687 326 36 47 -1 -1 -1 0 
28 1 686 325 37 48 -1 -1 -1 0 
29 1 687 324 36 49 -1 -1 -1 0 
30 1 686 324 36 49 -1 -1 -1 0 
30 8 0 364 78 95 -1 -1 -1 0 
31 1 685 323 37 49 -1 -1 -1 0 
31 8 2 365 83 97 -1 -1 -1 0 
32 1 685 324 37 49 -1 -1 -1 0 
32 8 2 369 90 90 -1 -1 -1 0 
33 1 686 324 36 49 -1 -1 -1 0 
33 8 2 368 106 85 -1 -1 -1 0 
34 1 685 324 37 50 -1 -1 -1 0 
34 8 4 362 113 91 -1 -1 -1 0 
35 1 685 325 37 49 -1 -1 -1 0 
35 8 5 360 120 94 -1 -1 -1 0 
36 1 686 325 35 49 -1 -1 -1 0 
36 8 8 359 122 95 -1 -1 -1 0 
37 1 686 323 35 49 -1 -1 -1 0 
38 1 686 323 35 48 -1 -1 -1 0 
39 1 686 323 35 48 -1 -1 -1 0 
40 1 686 324 35 46 -1 -1 -1 0 
