3 1 901 350 246 128 -1 -1 -1 0 
3 2 632 321 34 48 -1 -1 -1 0 
3 3 731 333 47 50 -1 -1 -1 0 
4 1 896 344 255 139 -1 -1 -1 0 
4 2 631 321 35 48 -1 -1 -1 0 
4 3 732 334 47 48 -1 -1 -1 0 
5 1 892 341 265 144 -1 -1 -1 0 
5 2 631 322 35 46 -1 -1 -1 0 
5 3 731 334 48 47 -1 -1 -1 0 
6 1 891 343 267 142 -1 -1 -1 0 
6 2 633 322 32 46 -1 -1 -1 0 
6 3 731 335 48 46 -1 -1 -1 0 
7 1 891 344 270 140 -1 -1 -1 0 
7 2 632 321 34 47 -1 -1 -1 0 
7 3 731 333 46 49 -1 -1 -1 0 
8 1 893 346 267 137 -1 -1 -1 0 
8 2 632 321 33 47 -1 -1 -1 0 
8 3 731 333 47 49 -1 -1 -1 0 
9 1 892 348 269 135 -1 -1 -1 0 
9 2 632 320 33 47 -1 -1 -1 0 
9 3 731 333 46 49 -1 -1 -1 0 
10 1 893 349 269 133 -1 -1 -1 0 
10 2 632 320 33 47 -1 -1 -1 0 
10 3 731 333 46 49 -1 -1 -1 0 
11 1 894 349 270 132 -1 -1 -1 0 
11 2 632 319 33 47 -1 -1 -1 0 
11 3 730 332 47 49 -1 -1 -1 0 
12 1 897 349 269 131 -1 -1 -1 0 
12 2 632 319 33 47 -1 -1 -1 0 
12 3 731 332 45 49 -1 -1 -1 0 
13 1 897 346 271 135 -1 -1 -1 0 
13 2 631 320 35 47 -1 -1 -1 0 
13 3 730 333 47 49 -1 -1 -1 0 
14 1 901 339 266 144 -1 -1 -1 0 
14 2 631 320 34 47 -1 -1 -1 0 
14 3 731 333 46 50 -1 -1 -1 0 
15 1 899 336 274 149 -1 -1 -1 0 
15 2 631 320 34 48 -1 -1 -1 0 
15 3 729 334 51 49 -1 -1 -1 0 
16 1 898 336 278 150 -1 -1 -1 0 
16 2 630 320 35 47 -1 -1 -1 0 
16 3 730 335 49 48 -1 -1 -1 0 
17 1 899 337 277 150 -1 -1 -1 0 
17 2 631 320 34 47 -1 -1 -1 0 
17 3 730 335 49 48 -1 -1 -1 0 
18 1 897 333 283 155 -1 -1 -1 0 
18 2 631 320 35 47 -1 -1 -1 0 
18 3 730 334 49 50 -1 -1 -1 0 
19 1 896 327 285 162 -1 -1 -1 0 
19 2 632 320 34 47 -1 -1 -1 0 
19 3 730 334 48 50 -1 -1 -1 0 
20 1 895 320 288 169 -1 -1 -1 0 
20 2 632 320 34 47 -1 -1 -1 0 
20 3 730 332 47 51 -1 -1 -1 0 
21 1 895 310 294 178 -1 -1 -1 0 
21 2 633 319 33 46 -1 -1 -1 0 
21 3 730 331 47 52 -1 -1 -1 0 
22 1 893 309 301 178 -1 -1 -1 0 
22 2 633 319 34 46 -1 -1 -1 0 
22 3 730 333 47 49 -1 -1 -1 0 
23 1 895 307 299 179 -1 -1 -1 0 
23 2 634 318 32 47 -1 -1 -1 0 
23 3 731 332 45 50 -1 -1 -1 0 
24 1 894 308 303 178 -1 -1 -1 0 
24 2 633 318 34 46 -1 -1 -1 0 
24 3 732 332 44 49 -1 -1 -1 0 
25 1 898 303 298 183 -1 -1 -1 0 
25 2 633 317 33 47 -1 -1 -1 0 
25 3 732 332 44 49 -1 -1 -1 0 
26 1 897 299 302 189 -1 -1 -1 0 
26 2 634 317 31 47 -1 -1 -1 0 
26 3 731 333 46 48 -1 -1 -1 0 
27 1 895 300 310 189 -1 -1 -1 0 
27 2 633 317 33 47 -1 -1 -1 0 
27 3 732 333 44 48 -1 -1 -1 0 
28 1 894 307 311 181 -1 -1 -1 0 
28 2 632 317 35 47 -1 -1 -1 0 
28 3 732 333 44 48 -1 -1 -1 0 
29 1 898 308 305 180 -1 -1 -1 0 
29 2 633 317 34 46 -1 -1 -1 0 
29 3 731 333 45 48 -1 -1 -1 0 
30 1 901 315 301 174 -1 -1 -1 0 
30 2 632 317 35 46 -1 -1 -1 0 
30 3 731 333 44 48 -1 -1 -1 0 
31 1 903 319 302 170 -1 -1 -1 0 
31 2 633 317 34 46 -1 -1 -1 0 
32 1 905 322 300 167 -1 -1 -1 0 
32 2 632 317 35 46 -1 -1 -1 0 
33 1 907 323 297 167 -1 -1 -1 0 
33 2 632 317 35 46 -1 -1 -1 0 
34 1 907 323 300 166 -1 -1 -1 0 
34 2 631 317 36 47 -1 -1 -1 0 
35 1 908 323 300 166 -1 -1 -1 0 
35 2 631 317 35 48 -1 -1 -1 0 
36 1 909 320 299 169 -1 -1 -1 0 
36 2 631 317 35 48 -1 -1 -1 0 
37 1 906 312 306 179 -1 -1 -1 0 
37 2 631 318 34 46 -1 -1 -1 0 
38 1 906 315 306 179 -1 -1 -1 0 
38 2 631 319 34 45 -1 -1 -1 0 
39 1 909 310 300 187 -1 -1 -1 0 
39 2 632 319 32 45 -1 -1 -1 0 
40 1 905 312 306 186 -1 -1 -1 0 
40 2 632 319 32 45 -1 -1 -1 0 
