3 1 510 326 62 59 -1 -1 -1 0 
3 2 616 326 38 49 -1 -1 -1 0 
3 3 676 335 30 36 -1 -1 -1 0 
3 4 726 331 30 40 -1 -1 -1 0 
4 1 511 326 62 59 -1 -1 -1 0 
4 2 616 326 38 48 -1 -1 -1 0 
4 3 677 335 28 36 -1 -1 -1 0 
4 4 725 331 31 39 -1 -1 -1 0 
5 1 513 326 61 57 -1 -1 -1 0 
5 2 617 326 37 47 -1 -1 -1 0 
5 3 678 334 27 36 -1 -1 -1 0 
5 4 726 330 29 40 -1 -1 -1 0 
6 1 515 326 59 57 -1 -1 -1 0 
6 2 618 326 36 46 -1 -1 -1 0 
6 3 677 334 29 36 -1 -1 -1 0 
6 4 726 330 29 40 -1 -1 -1 0 
7 1 516 326 60 57 -1 -1 -1 0 
7 2 618 327 35 45 -1 -1 -1 0 
7 3 678 334 28 36 -1 -1 -1 0 
7 4 725 329 31 41 -1 -1 -1 0 
8 1 518 326 59 57 -1 -1 -1 0 
8 2 619 327 35 45 -1 -1 -1 0 
8 3 678 334 28 36 -1 -1 -1 0 
8 4 726 329 31 41 -1 -1 -1 0 
9 1 519 326 60 57 -1 -1 -1 0 
9 2 620 328 34 43 -1 -1 -1 0 
9 3 679 334 27 37 -1 -1 -1 0 
9 4 727 329 30 41 -1 -1 -1 0 
10 1 521 326 58 58 -1 -1 -1 0 
10 2 621 329 33 42 -1 -1 -1 0 
10 3 679 334 28 37 -1 -1 -1 0 
10 4 726 328 32 42 -1 -1 -1 0 
11 1 522 328 59 56 -1 -1 -1 0 
11 2 622 328 32 43 -1 -1 -1 0 
11 3 679 335 28 36 -1 -1 -1 0 
11 4 727 328 32 43 -1 -1 -1 0 
12 1 524 328 57 55 -1 -1 -1 0 
12 2 622 328 33 43 -1 -1 -1 0 
12 3 679 335 28 37 -1 -1 -1 0 
12 4 727 328 33 43 -1 -1 -1 0 
13 1 526 327 58 56 -1 -1 -1 0 
13 2 622 324 33 47 -1 -1 -1 0 
13 3 680 334 27 38 -1 -1 -1 0 
13 4 727 329 34 42 -1 -1 -1 0 
14 1 528 325 57 58 -1 -1 -1 0 
14 2 622 322 33 49 -1 -1 -1 0 
14 3 680 334 28 38 -1 -1 -1 0 
14 4 728 329 33 42 -1 -1 -1 0 
15 1 529 325 58 58 -1 -1 -1 0 
15 2 621 324 35 47 -1 -1 -1 0 
15 3 680 334 29 38 -1 -1 -1 0 
15 4 728 329 33 42 -1 -1 -1 0 
16 1 531 325 56 57 -1 -1 -1 0 
16 2 622 325 34 46 -1 -1 -1 0 
16 3 680 333 29 40 -1 -1 -1 0 
16 4 728 329 33 42 -1 -1 -1 0 
17 1 532 324 55 58 -1 -1 -1 0 
17 2 623 324 33 47 -1 -1 -1 0 
17 3 679 333 31 39 -1 -1 -1 0 
17 4 729 329 33 42 -1 -1 -1 0 
18 1 533 324 56 58 -1 -1 -1 0 
18 2 622 325 34 46 -1 -1 -1 0 
18 3 680 333 29 39 -1 -1 -1 0 
18 4 729 329 33 42 -1 -1 -1 0 
19 1 534 324 56 58 -1 -1 -1 0 
19 2 623 325 33 46 -1 -1 -1 0 
19 3 681 333 29 39 -1 -1 -1 0 
19 4 729 327 34 44 -1 -1 -1 0 
20 1 535 324 57 58 -1 -1 -1 0 
20 2 623 324 34 47 -1 -1 -1 0 
20 3 681 333 30 40 -1 -1 -1 0 
20 4 729 327 35 44 -1 -1 -1 0 
21 1 538 324 54 58 -1 -1 -1 0 
21 2 624 322 34 50 -1 -1 -1 0 
21 3 681 333 30 40 -1 -1 -1 0 
21 4 729 326 35 46 -1 -1 -1 0 
22 1 540 324 54 57 -1 -1 -1 0 
22 2 623 323 36 49 -1 -1 -1 0 
22 3 682 332 30 41 -1 -1 -1 0 
22 4 729 325 36 47 -1 -1 -1 0 
23 1 541 325 54 56 -1 -1 -1 0 
23 2 624 324 35 48 -1 -1 -1 0 
23 3 682 332 30 41 -1 -1 -1 0 
23 4 729 325 36 48 -1 -1 -1 0 
24 1 542 326 55 54 -1 -1 -1 0 
24 2 625 324 35 49 -1 -1 -1 0 
24 3 682 332 30 41 -1 -1 -1 0 
24 4 729 325 36 48 -1 -1 -1 0 
25 1 544 326 53 55 -1 -1 -1 0 
25 2 625 326 35 47 -1 -1 -1 0 
25 3 682 334 31 40 -1 -1 -1 0 
25 4 730 326 36 47 -1 -1 -1 0 
26 1 545 325 52 56 -1 -1 -1 0 
26 2 625 326 35 46 -1 -1 -1 0 
26 3 682 334 31 40 -1 -1 -1 0 
26 4 731 327 35 46 -1 -1 -1 0 
27 1 546 325 53 55 -1 -1 -1 0 
27 2 625 325 35 47 -1 -1 -1 0 
27 3 682 334 31 40 -1 -1 -1 0 
27 4 732 327 34 46 -1 -1 -1 0 
28 1 547 325 53 55 -1 -1 -1 0 
28 2 625 324 36 47 -1 -1 -1 0 
28 3 683 334 31 40 -1 -1 -1 0 
28 4 731 326 35 47 -1 -1 -1 0 
29 1 549 324 51 56 -1 -1 -1 0 
29 2 625 325 36 46 -1 -1 -1 0 
29 3 683 333 31 41 -1 -1 -1 0 
29 4 731 326 35 47 -1 -1 -1 0 
30 1 550 326 50 54 -1 -1 -1 0 
30 2 626 327 35 44 -1 -1 -1 0 
30 3 683 333 31 40 -1 -1 -1 0 
30 4 730 327 36 46 -1 -1 -1 0 
30 7 0 332 66 149 -1 -1 -1 0 
31 1 552 326 48 53 -1 -1 -1 0 
31 2 627 327 34 44 -1 -1 -1 0 
31 3 684 333 30 40 -1 -1 -1 0 
31 4 731 328 35 45 -1 -1 -1 0 
31 7 0 322 89 155 -1 -1 -1 0 
32 1 552 326 47 53 -1 -1 -1 0 
32 2 627 328 34 43 -1 -1 -1 0 
32 3 683 333 30 40 -1 -1 -1 0 
32 4 731 328 34 45 -1 -1 -1 0 
32 7 0 322 101 149 -1 -1 -1 0 
33 1 550 325 49 53 -1 -1 -1 0 
33 2 626 328 35 43 -1 -1 -1 0 
33 3 682 332 31 40 -1 -1 -1 0 
33 4 730 328 35 45 -1 -1 -1 0 
33 7 0 324 119 142 -1 -1 -1 0 
34 1 552 323 46 54 -1 -1 -1 0 
34 2 626 328 33 43 -1 -1 -1 0 
34 3 682 332 31 40 -1 -1 -1 0 
34 4 729 328 36 44 -1 -1 -1 0 
34 7 0 327 137 136 -1 -1 -1 0 
35 1 552 324 46 53 -1 -1 -1 0 
35 2 625 328 34 42 -1 -1 -1 0 
35 3 681 333 30 39 -1 -1 -1 0 
35 4 729 327 35 45 -1 -1 -1 0 
35 7 0 325 152 132 -1 -1 -1 0 
36 1 552 324 47 53 -1 -1 -1 0 
36 2 625 329 33 42 -1 -1 -1 0 
36 3 680 333 31 39 -1 -1 -1 0 
36 4 729 327 35 45 -1 -1 -1 0 
36 7 0 326 162 128 -1 -1 -1 0 
37 1 553 325 46 54 -1 -1 -1 0 
37 2 626 331 33 40 -1 -1 -1 0 
37 3 681 334 29 38 -1 -1 -1 0 
37 4 729 327 34 46 -1 -1 -1 0 
37 7 0 330 176 125 -1 -1 -1 0 
38 1 554 327 46 52 -1 -1 -1 0 
38 2 627 333 32 39 -1 -1 -1 0 
38 3 681 335 28 39 -1 -1 -1 0 
38 4 728 328 35 47 -1 -1 -1 0 
38 7 0 330 189 124 -1 -1 -1 0 
39 1 555 329 45 51 -1 -1 -1 0 
39 2 627 334 32 39 -1 -1 -1 0 
39 3 680 335 31 41 -1 -1 -1 0 
39 4 728 330 35 47 -1 -1 -1 0 
39 7 0 332 207 120 -1 -1 -1 0 
40 1 556 330 45 51 -1 -1 -1 0 
40 2 628 335 32 39 -1 -1 -1 0 
40 3 680 336 31 40 -1 -1 -1 0 
40 4 729 331 34 47 -1 -1 -1 0 
40 7 6 334 207 121 -1 -1 -1 0 
