3 1 778 328 90 82 -1 -1 -1 0 
3 2 678 328 38 50 -1 -1 -1 0 
4 1 780 327 88 83 -1 -1 -1 0 
4 2 678 328 37 48 -1 -1 -1 0 
5 1 781 326 88 83 -1 -1 -1 0 
5 2 678 327 36 49 -1 -1 -1 0 
6 1 781 325 91 84 -1 -1 -1 0 
6 2 677 328 37 48 -1 -1 -1 0 
7 1 783 325 92 84 -1 -1 -1 0 
7 2 677 328 36 47 -1 -1 -1 0 
8 1 784 325 93 83 -1 -1 -1 0 
8 2 678 328 35 47 -1 -1 -1 0 
8 6 175 336 94 53 -1 -1 -1 0 
9 1 785 325 95 84 -1 -1 -1 0 
9 2 677 327 36 48 -1 -1 -1 0 
9 6 123 335 113 57 -1 -1 -1 0 
10 1 789 325 91 86 -1 -1 -1 0 
10 2 677 327 37 47 -1 -1 -1 0 
10 6 66 337 135 60 -1 -1 -1 0 
11 1 790 327 92 85 -1 -1 -1 0 
11 2 677 326 37 48 -1 -1 -1 0 
11 6 8 340 146 61 -1 -1 -1 0 
12 1 790 328 95 84 -1 -1 -1 0 
12 2 677 327 37 49 -1 -1 -1 0 
12 6 0 341 117 63 -1 -1 -1 0 
13 1 792 330 95 83 -1 -1 -1 0 
13 2 677 327 37 49 -1 -1 -1 0 
14 1 793 331 95 82 -1 -1 -1 0 
14 2 676 328 39 47 -1 -1 -1 0 
15 1 794 332 95 83 -1 -1 -1 0 
15 2 676 328 39 47 -1 -1 -1 0 
16 1 794 333 98 84 -1 -1 -1 0 
16 2 676 329 38 46 -1 -1 -1 0 
17 1 795 333 100 84 -1 -1 -1 0 
17 2 676 329 38 46 -1 -1 -1 0 
18 1 795 334 102 83 -1 -1 -1 0 
18 2 677 329 37 47 -1 -1 -1 0 
19 1 797 334 102 83 -1 -1 -1 0 
19 2 676 328 38 48 -1 -1 -1 0 
20 1 798 333 104 85 -1 -1 -1 0 
20 2 675 328 40 48 -1 -1 -1 0 
20 12 96 340 130 61 -1 -1 -1 0 
21 1 801 333 102 85 -1 -1 -1 0 
21 2 676 328 39 49 -1 -1 -1 0 
21 12 32 341 149 63 -1 -1 -1 0 
22 1 802 333 103 86 -1 -1 -1 0 
22 2 675 328 40 49 -1 -1 -1 0 
22 12 0 346 118 61 -1 -1 -1 0 
23 1 803 334 107 85 -1 -1 -1 0 
23 2 675 328 39 49 -1 -1 -1 0 
23 12 0 348 77 62 -1 -1 -1 0 
24 1 804 334 108 85 -1 -1 -1 0 
24 2 675 329 38 49 -1 -1 -1 0 
25 1 807 335 106 86 -1 -1 -1 0 
25 2 673 329 41 49 -1 -1 -1 0 
26 1 808 336 108 86 -1 -1 -1 0 
26 2 674 329 39 49 -1 -1 -1 0 
27 1 809 335 109 88 -1 -1 -1 0 
27 2 673 329 41 49 -1 -1 -1 0 
28 1 810 334 111 89 -1 -1 -1 0 
28 2 673 329 40 50 -1 -1 -1 0 
29 1 810 335 116 88 -1 -1 -1 0 
29 2 672 328 41 51 -1 -1 -1 0 
30 1 813 335 113 89 -1 -1 -1 0 
30 2 672 327 41 52 -1 -1 -1 0 
31 1 813 335 116 88 -1 -1 -1 0 
31 2 672 327 41 52 -1 -1 -1 0 
32 1 815 336 115 88 -1 -1 -1 0 
32 2 671 326 42 53 -1 -1 -1 0 
33 1 814 335 120 89 -1 -1 -1 0 
33 2 671 326 41 53 -1 -1 -1 0 
34 1 816 335 122 92 -1 -1 -1 0 
34 2 670 327 42 52 -1 -1 -1 0 
35 1 818 335 124 93 -1 -1 -1 0 
35 2 670 327 41 52 -1 -1 -1 0 
36 1 819 334 127 95 -1 -1 -1 0 
36 2 670 327 40 52 -1 -1 -1 0 
37 1 819 334 130 96 -1 -1 -1 0 
37 2 669 326 41 54 -1 -1 -1 0 
38 1 823 336 128 96 -1 -1 -1 0 
38 2 668 326 42 53 -1 -1 -1 0 
39 1 823 336 132 97 -1 -1 -1 0 
39 2 668 324 41 55 -1 -1 -1 0 
40 1 828 335 128 99 -1 -1 -1 0 
40 2 667 324 42 55 -1 -1 -1 0 
40 19 519 331 28 33 -1 -1 -1 0 
