3 2 959 274 314 310 -1 -1 -1 0 
3 3 596 339 44 47 -1 -1 -1 0 
4 2 967 275 312 320 -1 -1 -1 0 
4 3 597 339 44 46 -1 -1 -1 0 
4 5 831 335 41 37 -1 -1 -1 0 
5 2 976 278 303 319 -1 -1 -1 0 
5 3 601 339 41 46 -1 -1 -1 0 
5 5 830 335 42 38 -1 -1 -1 0 
6 2 989 279 290 320 -1 -1 -1 0 
6 3 600 339 44 46 -1 -1 -1 0 
6 5 830 335 41 37 -1 -1 -1 0 
6 7 961 323 54 36 -1 -1 -1 0 
7 2 996 275 283 321 -1 -1 -1 0 
7 3 601 339 43 47 -1 -1 -1 0 
7 5 831 337 40 35 -1 -1 -1 0 
7 7 966 324 51 35 -1 -1 -1 0 
7 8 648 337 19 25 -1 -1 -1 0 
8 2 1002 275 277 317 -1 -1 -1 0 
8 3 603 339 40 47 -1 -1 -1 0 
8 5 831 337 40 35 -1 -1 -1 0 
8 7 967 323 57 37 -1 -1 -1 0 
8 8 649 337 18 25 -1 -1 -1 0 
9 2 1012 275 267 324 -1 -1 -1 0 
9 3 601 339 44 47 -1 -1 -1 0 
9 7 969 323 60 39 -1 -1 -1 0 
9 8 668 337 19 25 -1 -1 -1 0 
10 2 1023 272 255 332 -1 -1 -1 0 
10 3 602 339 43 47 -1 -1 -1 0 
10 5 828 338 42 34 -1 -1 -1 0 
10 7 971 322 59 41 -1 -1 -1 0 
10 8 656 336 18 25 -1 -1 -1 0 
11 2 1035 275 244 333 -1 -1 -1 0 
11 3 602 341 42 45 -1 -1 -1 0 
11 5 831 337 39 35 -1 -1 -1 0 
11 7 973 324 60 40 -1 -1 -1 0 
11 8 658 336 18 26 -1 -1 -1 0 
12 2 1048 274 230 343 -1 -1 -1 0 
12 3 602 341 42 44 -1 -1 -1 0 
12 5 830 337 40 35 -1 -1 -1 0 
12 7 975 324 58 39 -1 -1 -1 0 
12 8 650 336 20 26 -1 -1 -1 0 
13 2 1057 275 222 346 -1 -1 -1 0 
13 3 603 341 41 44 -1 -1 -1 0 
13 5 830 338 39 34 -1 -1 -1 0 
13 7 976 326 58 36 -1 -1 -1 0 
13 8 649 336 19 26 -1 -1 -1 0 
14 2 1068 275 209 351 -1 -1 -1 0 
14 3 603 342 40 43 -1 -1 -1 0 
14 5 831 337 39 35 -1 -1 -1 0 
14 7 979 326 52 36 -1 -1 -1 0 
14 8 649 338 20 26 -1 -1 -1 0 
15 2 1086 274 191 368 -1 -1 -1 0 
15 3 603 342 38 43 -1 -1 -1 0 
15 5 832 337 38 35 -1 -1 -1 0 
15 7 980 326 52 36 -1 -1 -1 0 
15 8 650 339 19 26 -1 -1 -1 0 
16 2 1101 274 177 366 -1 -1 -1 0 
16 3 602 342 37 43 -1 -1 -1 0 
16 5 831 337 40 35 -1 -1 -1 0 
16 7 980 326 55 37 -1 -1 -1 0 
16 8 649 339 20 27 -1 -1 -1 0 
17 2 1117 273 162 366 -1 -1 -1 0 
17 3 602 342 37 43 -1 -1 -1 0 
17 5 831 336 40 36 -1 -1 -1 0 
17 7 980 326 55 37 -1 -1 -1 0 
17 8 648 340 21 25 -1 -1 -1 0 
17 15 373 339 55 46 -1 -1 -1 0 
18 2 1129 272 150 372 -1 -1 -1 0 
18 3 605 342 40 43 -1 -1 -1 0 
18 5 830 336 40 36 -1 -1 -1 0 
18 7 982 325 52 38 -1 -1 -1 0 
18 8 570 336 25 28 -1 -1 -1 0 
18 15 346 340 63 49 -1 -1 -1 0 
19 3 606 341 39 44 -1 -1 -1 0 
19 5 829 335 41 37 -1 -1 -1 0 
19 7 983 323 54 41 -1 -1 -1 0 
19 8 561 335 25 29 -1 -1 -1 0 
19 15 311 340 73 53 -1 -1 -1 0 
20 3 606 341 41 42 -1 -1 -1 0 
20 5 827 336 43 36 -1 -1 -1 0 
20 7 984 323 54 41 -1 -1 -1 0 
20 8 528 337 23 28 -1 -1 -1 0 
20 15 290 340 76 55 -1 -1 -1 0 
21 3 606 341 40 42 -1 -1 -1 0 
21 5 829 337 40 33 -1 -1 -1 0 
21 7 985 320 57 44 -1 -1 -1 0 
21 8 610 337 19 26 -1 -1 -1 0 
21 15 228 342 79 60 -1 -1 -1 0 
22 3 605 341 43 42 -1 -1 -1 0 
22 5 830 336 38 33 -1 -1 -1 0 
22 7 988 318 57 46 -1 -1 -1 0 
22 8 634 337 18 25 -1 -1 -1 0 
22 15 197 343 83 63 -1 -1 -1 0 
23 3 603 341 40 43 -1 -1 -1 0 
23 5 831 335 37 34 -1 -1 -1 0 
23 7 990 318 56 46 -1 -1 -1 0 
23 8 644 337 19 27 -1 -1 -1 0 
24 3 603 341 37 44 -1 -1 -1 0 
24 5 828 336 42 32 -1 -1 -1 0 
24 7 990 319 60 45 -1 -1 -1 0 
24 8 648 337 18 27 -1 -1 -1 0 
25 3 602 341 38 44 -1 -1 -1 0 
25 5 829 336 39 34 -1 -1 -1 0 
25 7 991 319 61 46 -1 -1 -1 0 
25 8 649 337 19 27 -1 -1 -1 0 
26 3 602 342 37 42 -1 -1 -1 0 
26 5 825 337 43 34 -1 -1 -1 0 
26 7 993 318 60 47 -1 -1 -1 0 
26 8 653 337 19 28 -1 -1 -1 0 
27 3 603 342 34 42 -1 -1 -1 0 
27 5 828 338 40 33 -1 -1 -1 0 
27 7 993 318 66 46 -1 -1 -1 0 
27 21 458 333 41 41 -1 -1 -1 0 
28 3 604 342 39 42 -1 -1 -1 0 
28 5 827 336 41 35 -1 -1 -1 0 
28 7 996 318 67 46 -1 -1 -1 0 
28 21 447 334 45 43 -1 -1 -1 0 
29 3 604 342 32 40 -1 -1 -1 0 
29 5 828 336 40 34 -1 -1 -1 0 
29 7 998 319 65 46 -1 -1 -1 0 
29 21 438 334 48 44 -1 -1 -1 0 
30 3 605 341 40 41 -1 -1 -1 0 
30 5 829 336 39 34 -1 -1 -1 0 
30 7 1001 319 61 46 -1 -1 -1 0 
30 21 412 334 58 49 -1 -1 -1 0 
31 3 608 341 39 42 -1 -1 -1 0 
31 5 830 336 37 36 -1 -1 -1 0 
31 7 1001 320 63 45 -1 -1 -1 0 
31 21 394 334 60 52 -1 -1 -1 0 
32 3 608 341 41 42 -1 -1 -1 0 
32 5 829 337 40 35 -1 -1 -1 0 
32 7 1004 320 61 45 -1 -1 -1 0 
32 21 372 337 68 52 -1 -1 -1 0 
33 3 608 340 42 43 -1 -1 -1 0 
33 5 830 337 37 36 -1 -1 -1 0 
33 7 1005 320 61 45 -1 -1 -1 0 
33 8 533 339 30 30 -1 -1 -1 0 
33 21 344 337 78 52 -1 -1 -1 0 
34 3 607 341 43 42 -1 -1 -1 0 
34 5 829 336 39 37 -1 -1 -1 0 
34 7 1009 317 60 50 -1 -1 -1 0 
34 8 516 340 32 31 -1 -1 -1 0 
34 21 315 338 87 56 -1 -1 -1 0 
35 3 608 341 42 42 -1 -1 -1 0 
35 5 828 336 41 37 -1 -1 -1 0 
35 7 1009 309 65 59 -1 -1 -1 0 
35 8 507 340 34 32 -1 -1 -1 0 
35 21 281 338 87 59 -1 -1 -1 0 
36 3 607 341 44 42 -1 -1 -1 0 
36 5 828 336 40 37 -1 -1 -1 0 
36 7 1007 313 73 56 -1 -1 -1 0 
36 8 533 340 22 29 -1 -1 -1 0 
36 21 259 338 92 62 -1 -1 -1 0 
37 3 607 341 44 42 -1 -1 -1 0 
37 5 828 335 41 38 -1 -1 -1 0 
37 7 1012 314 70 54 -1 -1 -1 0 
37 8 533 341 22 29 -1 -1 -1 0 
38 3 609 341 41 43 -1 -1 -1 0 
38 5 829 335 39 38 -1 -1 -1 0 
38 7 1015 315 71 53 -1 -1 -1 0 
38 8 529 339 24 33 -1 -1 -1 0 
39 3 610 340 40 44 -1 -1 -1 0 
39 5 829 335 39 38 -1 -1 -1 0 
39 7 1020 315 67 53 -1 -1 -1 0 
39 8 523 338 27 35 -1 -1 -1 0 
39 22 399 337 81 56 -1 -1 -1 0 
40 3 610 340 40 42 -1 -1 -1 0 
40 5 830 335 39 38 -1 -1 -1 0 
40 7 1022 315 68 53 -1 -1 -1 0 
40 8 513 336 33 38 -1 -1 -1 0 
40 22 361 337 94 62 -1 -1 -1 0 
