3 1 804 326 59 54 -1 -1 -1 0 
3 2 246 334 65 45 -1 -1 -1 0 
3 3 471 332 30 31 -1 -1 -1 0 
3 4 761 329 20 30 -1 -1 -1 0 
4 1 803 325 59 55 -1 -1 -1 0 
4 2 212 336 72 44 -1 -1 -1 0 
4 3 510 335 27 29 -1 -1 -1 0 
4 4 762 330 18 29 -1 -1 -1 0 
5 1 803 325 58 55 -1 -1 -1 0 
5 2 173 337 79 48 -1 -1 -1 0 
5 3 514 336 30 29 -1 -1 -1 0 
5 4 762 331 18 28 -1 -1 -1 0 
6 1 802 325 60 55 -1 -1 -1 0 
6 2 128 338 90 51 -1 -1 -1 0 
6 3 507 337 31 31 -1 -1 -1 0 
6 4 762 331 17 28 -1 -1 -1 0 
7 1 802 326 60 53 -1 -1 -1 0 
7 2 97 340 76 50 -1 -1 -1 0 
7 3 495 337 37 32 -1 -1 -1 0 
7 4 762 331 17 29 -1 -1 -1 0 
8 1 801 326 61 53 -1 -1 -1 0 
8 2 34 343 94 53 -1 -1 -1 0 
8 3 481 339 38 32 -1 -1 -1 0 
8 4 762 331 18 29 -1 -1 -1 0 
8 6 889 325 21 29 -1 -1 -1 0 
8 7 419 336 33 33 -1 -1 -1 0 
9 1 802 326 59 53 -1 -1 -1 0 
9 2 1 342 57 59 -1 -1 -1 0 
9 3 463 340 38 34 -1 -1 -1 0 
9 4 762 329 18 30 -1 -1 -1 0 
9 6 895 325 22 29 -1 -1 -1 0 
9 7 404 337 41 32 -1 -1 -1 0 
10 1 801 325 60 55 -1 -1 -1 0 
10 2 0 343 15 61 -1 -1 -1 0 
10 3 443 339 44 37 -1 -1 -1 0 
10 4 761 329 20 30 -1 -1 -1 0 
10 6 901 324 23 30 -1 -1 -1 0 
10 7 389 337 45 33 -1 -1 -1 0 
11 1 801 325 60 55 -1 -1 -1 0 
11 3 425 339 49 40 -1 -1 -1 0 
11 4 761 329 20 30 -1 -1 -1 0 
11 6 908 324 23 31 -1 -1 -1 0 
11 7 374 337 43 35 -1 -1 -1 0 
12 1 800 324 62 56 -1 -1 -1 0 
12 3 420 341 38 38 -1 -1 -1 0 
12 6 916 322 22 33 -1 -1 -1 0 
12 7 357 336 43 38 -1 -1 -1 0 
12 8 470 338 25 28 -1 -1 -1 0 
13 1 799 324 62 56 -1 -1 -1 0 
13 3 413 341 39 39 -1 -1 -1 0 
13 4 583 337 22 24 -1 -1 -1 0 
13 6 923 322 25 33 -1 -1 -1 0 
13 7 344 336 44 39 -1 -1 -1 0 
13 8 460 339 27 27 -1 -1 -1 0 
14 1 800 324 60 56 -1 -1 -1 0 
14 4 562 338 22 23 -1 -1 -1 0 
14 6 817 328 19 31 -1 -1 -1 0 
14 7 314 339 86 49 -1 -1 -1 0 
14 8 451 340 24 29 -1 -1 -1 0 
15 1 800 324 59 57 -1 -1 -1 0 
15 6 774 331 19 29 -1 -1 -1 0 
15 7 294 340 83 52 -1 -1 -1 0 
15 8 437 341 28 28 -1 -1 -1 0 
16 1 799 323 61 58 -1 -1 -1 0 
16 4 528 340 23 24 -1 -1 -1 0 
16 6 760 331 19 29 -1 -1 -1 0 
16 7 259 342 84 55 -1 -1 -1 0 
16 8 425 340 31 29 -1 -1 -1 0 
17 1 798 323 62 58 -1 -1 -1 0 
17 4 515 341 25 24 -1 -1 -1 0 
17 6 756 332 18 29 -1 -1 -1 0 
17 7 191 346 99 60 -1 -1 -1 0 
17 8 414 340 29 31 -1 -1 -1 0 
18 1 797 324 62 57 -1 -1 -1 0 
18 4 504 342 27 24 -1 -1 -1 0 
18 6 742 332 18 29 -1 -1 -1 0 
18 7 188 341 77 55 -1 -1 -1 0 
18 8 399 340 29 32 -1 -1 -1 0 
19 1 796 324 63 57 -1 -1 -1 0 
19 3 157 341 57 49 -1 -1 -1 0 
19 4 539 339 18 22 -1 -1 -1 0 
19 6 541 339 27 27 -1 -1 -1 0 
19 7 166 340 68 54 -1 -1 -1 0 
19 8 433 339 32 32 -1 -1 -1 0 
20 1 797 325 61 55 -1 -1 -1 0 
20 3 130 341 59 50 -1 -1 -1 0 
20 4 496 342 26 24 -1 -1 -1 0 
20 6 544 338 19 25 -1 -1 -1 0 
20 7 111 337 124 57 -1 -1 -1 0 
20 8 437 339 32 33 -1 -1 -1 0 
21 1 798 325 59 55 -1 -1 -1 0 
21 3 35 341 82 59 -1 -1 -1 0 
21 4 475 343 29 26 -1 -1 -1 0 
21 6 539 337 18 24 -1 -1 -1 0 
21 7 80 335 104 61 -1 -1 -1 0 
21 8 425 339 35 33 -1 -1 -1 0 
22 1 800 325 57 55 -1 -1 -1 0 
22 3 10 340 99 61 -1 -1 -1 0 
22 4 460 343 30 27 -1 -1 -1 0 
22 6 534 337 20 25 -1 -1 -1 0 
22 7 48 335 113 63 -1 -1 -1 0 
22 8 404 340 41 35 -1 -1 -1 0 
23 1 800 325 57 54 -1 -1 -1 0 
23 3 4 342 89 63 -1 -1 -1 0 
23 6 529 338 21 26 -1 -1 -1 0 
23 8 375 341 53 37 -1 -1 -1 0 
24 1 799 325 59 54 -1 -1 -1 0 
24 3 0 342 78 66 -1 -1 -1 0 
24 6 524 336 22 28 -1 -1 -1 0 
24 8 349 341 61 41 -1 -1 -1 0 
24 19 296 342 49 39 -1 -1 -1 0 
24 20 693 333 16 24 -1 -1 -1 0 
25 1 798 325 59 54 -1 -1 -1 0 
25 6 505 337 23 27 -1 -1 -1 0 
25 8 388 342 43 38 -1 -1 -1 0 
25 19 264 343 56 41 -1 -1 -1 0 
25 20 692 333 18 25 -1 -1 -1 0 
26 1 797 325 60 54 -1 -1 -1 0 
26 8 385 342 41 38 -1 -1 -1 0 
26 19 234 343 49 44 -1 -1 -1 0 
27 1 797 324 59 55 -1 -1 -1 0 
27 6 468 340 19 26 -1 -1 -1 0 
27 8 357 344 46 39 -1 -1 -1 0 
27 19 209 344 86 50 -1 -1 -1 0 
27 20 519 335 24 31 -1 -1 -1 0 
28 1 796 324 60 55 -1 -1 -1 0 
28 6 449 341 20 26 -1 -1 -1 0 
28 8 360 341 49 38 -1 -1 -1 0 
28 19 157 349 89 53 -1 -1 -1 0 
28 20 482 336 26 32 -1 -1 -1 0 
29 1 795 325 59 54 -1 -1 -1 0 
29 8 349 339 52 39 -1 -1 -1 0 
29 19 128 350 95 55 -1 -1 -1 0 
29 24 69 352 95 60 -1 -1 -1 0 
30 1 795 325 58 54 -1 -1 -1 0 
30 4 686 333 17 24 -1 -1 -1 0 
30 6 431 342 23 28 -1 -1 -1 0 
30 8 339 340 48 37 -1 -1 -1 0 
30 24 59 350 105 67 -1 -1 -1 0 
31 1 794 325 59 54 -1 -1 -1 0 
31 4 699 333 17 24 -1 -1 -1 0 
31 6 415 342 23 29 -1 -1 -1 0 
31 8 332 340 50 38 -1 -1 -1 0 
32 1 795 325 58 55 -1 -1 -1 0 
32 6 439 340 30 35 -1 -1 -1 0 
32 8 262 346 45 41 -1 -1 -1 0 
33 1 795 325 58 55 -1 -1 -1 0 
33 6 429 340 38 35 -1 -1 -1 0 
33 8 266 343 57 41 -1 -1 -1 0 
34 1 794 325 60 55 -1 -1 -1 0 
34 6 442 340 36 32 -1 -1 -1 0 
34 8 263 344 46 39 -1 -1 -1 0 
34 20 365 341 30 34 -1 -1 -1 0 
35 1 793 325 60 55 -1 -1 -1 0 
35 6 448 340 26 32 -1 -1 -1 0 
35 8 231 344 60 39 -1 -1 -1 0 
35 20 342 342 37 36 -1 -1 -1 0 
36 1 793 325 61 55 -1 -1 -1 0 
36 6 439 340 27 33 -1 -1 -1 0 
36 8 200 344 63 40 -1 -1 -1 0 
36 20 320 343 34 38 -1 -1 -1 0 
37 1 793 325 60 56 -1 -1 -1 0 
37 6 431 339 29 33 -1 -1 -1 0 
37 8 168 345 67 41 -1 -1 -1 0 
37 20 294 345 34 40 -1 -1 -1 0 
38 1 792 326 61 56 -1 -1 -1 0 
38 4 475 341 23 28 -1 -1 -1 0 
38 6 394 342 34 38 -1 -1 -1 0 
38 8 149 345 70 42 -1 -1 -1 0 
38 20 260 347 37 41 -1 -1 -1 0 
39 1 792 326 62 56 -1 -1 -1 0 
39 4 416 340 33 31 -1 -1 -1 0 
39 6 360 343 36 40 -1 -1 -1 0 
39 20 220 348 44 45 -1 -1 -1 0 
40 1 793 327 59 55 -1 -1 -1 0 
40 4 393 341 36 31 -1 -1 -1 0 
40 6 311 344 57 44 -1 -1 -1 0 
40 20 172 348 48 49 -1 -1 -1 0 
