3 1 677 335 28 38 -1 -1 -1 0 
3 2 746 312 72 79 -1 -1 -1 0 
4 1 677 335 29 38 -1 -1 -1 0 
4 2 747 312 72 80 -1 -1 -1 0 
5 1 677 335 29 38 -1 -1 -1 0 
5 2 748 313 73 79 -1 -1 -1 0 
5 5 187 337 72 45 -1 -1 -1 0 
6 1 678 334 28 39 -1 -1 -1 0 
6 2 749 314 73 78 -1 -1 -1 0 
6 5 147 338 75 45 -1 -1 -1 0 
6 6 351 324 63 50 -1 -1 -1 0 
7 1 677 333 30 40 -1 -1 -1 0 
7 2 750 313 75 79 -1 -1 -1 0 
7 5 101 339 79 47 -1 -1 -1 0 
7 6 329 322 67 53 -1 -1 -1 0 
8 1 676 333 31 41 -1 -1 -1 0 
8 2 752 313 74 82 -1 -1 -1 0 
8 5 41 339 85 51 -1 -1 -1 0 
8 6 304 321 71 57 -1 -1 -1 0 
9 1 677 332 30 42 -1 -1 -1 0 
9 2 753 313 74 83 -1 -1 -1 0 
9 5 1 340 57 55 -1 -1 -1 0 
9 6 273 322 78 57 -1 -1 -1 0 
10 1 678 332 29 42 -1 -1 -1 0 
10 2 753 312 76 85 -1 -1 -1 0 
10 5 0 340 11 57 -1 -1 -1 0 
10 6 240 322 85 60 -1 -1 -1 0 
11 1 680 331 29 44 -1 -1 -1 0 
11 2 753 311 78 86 -1 -1 -1 0 
11 6 200 322 95 64 -1 -1 -1 0 
12 1 680 331 29 43 -1 -1 -1 0 
12 2 754 310 79 86 -1 -1 -1 0 
12 6 151 324 109 66 -1 -1 -1 0 
13 1 681 332 27 40 -1 -1 -1 0 
13 2 756 309 78 86 -1 -1 -1 0 
13 6 86 325 128 70 -1 -1 -1 0 
13 7 755 304 83 90 -1 -1 -1 0 
14 1 681 331 27 39 -1 -1 -1 0 
14 2 756 308 80 86 -1 -1 -1 0 
14 6 12 324 155 76 -1 -1 -1 0 
14 7 755 303 85 89 -1 -1 -1 0 
15 1 682 329 26 41 -1 -1 -1 0 
15 2 758 307 79 85 -1 -1 -1 0 
15 6 2 319 99 84 -1 -1 -1 0 
15 7 757 303 83 88 -1 -1 -1 0 
16 1 682 329 27 42 -1 -1 -1 0 
16 2 758 306 79 85 -1 -1 -1 0 
16 6 0 318 62 88 -1 -1 -1 0 
16 7 759 302 81 88 -1 -1 -1 0 
17 1 682 328 27 42 -1 -1 -1 0 
17 2 760 306 77 85 -1 -1 -1 0 
17 7 760 302 81 89 -1 -1 -1 0 
18 1 682 328 27 42 -1 -1 -1 0 
18 2 760 304 78 87 -1 -1 -1 0 
18 7 760 301 82 90 -1 -1 -1 0 
18 8 330 328 60 43 -1 -1 -1 0 
19 1 683 327 27 42 -1 -1 -1 0 
19 2 761 303 79 88 -1 -1 -1 0 
19 7 761 300 81 92 -1 -1 -1 0 
19 8 304 328 62 45 -1 -1 -1 0 
20 1 682 328 28 42 -1 -1 -1 0 
20 7 760 300 84 92 -1 -1 -1 0 
20 8 272 328 69 48 -1 -1 -1 0 
21 1 683 328 27 42 -1 -1 -1 0 
21 7 760 299 84 93 -1 -1 -1 0 
21 8 235 329 76 51 -1 -1 -1 0 
22 1 683 328 28 42 -1 -1 -1 0 
22 7 760 298 85 95 -1 -1 -1 0 
22 8 190 331 90 53 -1 -1 -1 0 
23 1 684 328 25 40 -1 -1 -1 0 
23 7 761 298 85 95 -1 -1 -1 0 
23 8 137 334 105 55 -1 -1 -1 0 
24 1 684 328 26 40 -1 -1 -1 0 
24 7 761 297 87 97 -1 -1 -1 0 
24 8 91 336 103 57 -1 -1 -1 0 
25 1 684 328 26 40 -1 -1 -1 0 
25 7 762 296 87 98 -1 -1 -1 0 
25 8 24 339 111 59 -1 -1 -1 0 
26 1 684 328 26 40 -1 -1 -1 0 
26 7 762 296 87 99 -1 -1 -1 0 
26 8 1 338 50 66 -1 -1 -1 0 
27 1 684 328 27 41 -1 -1 -1 0 
27 2 763 296 87 99 -1 -1 -1 0 
27 7 763 297 88 98 -1 -1 -1 0 
27 8 0 339 3 68 -1 -1 -1 0 
28 1 684 328 28 41 -1 -1 -1 0 
28 2 764 297 89 99 -1 -1 -1 0 
28 7 763 295 90 100 -1 -1 -1 0 
29 1 684 328 28 41 -1 -1 -1 0 
29 2 764 296 91 99 -1 -1 -1 0 
29 7 764 294 90 101 -1 -1 -1 0 
30 1 685 328 27 41 -1 -1 -1 0 
30 2 764 297 92 98 -1 -1 -1 0 
30 7 764 294 92 102 -1 -1 -1 0 
31 2 765 296 92 100 -1 -1 -1 0 
31 7 765 295 95 100 -1 -1 -1 0 
32 7 766 295 96 101 -1 -1 -1 0 
33 1 687 331 25 37 -1 -1 -1 0 
33 7 767 295 98 102 -1 -1 -1 0 
34 1 687 332 26 36 -1 -1 -1 0 
34 7 768 295 99 102 -1 -1 -1 0 
35 1 688 332 25 36 -1 -1 -1 0 
35 7 770 294 99 104 -1 -1 -1 0 
36 1 687 332 26 37 -1 -1 -1 0 
36 7 770 293 101 106 -1 -1 -1 0 
37 1 687 331 25 39 -1 -1 -1 0 
37 7 771 291 101 109 -1 -1 -1 0 
38 1 686 331 28 40 -1 -1 -1 0 
38 7 771 291 103 110 -1 -1 -1 0 
39 1 686 331 28 40 -1 -1 -1 0 
39 7 771 292 105 110 -1 -1 -1 0 
40 7 773 291 104 111 -1 -1 -1 0 
