3 1 726 319 58 66 -1 -1 -1 0 
3 4 631 323 28 42 -1 -1 -1 0 
3 6 362 329 38 37 -1 -1 -1 0 
4 1 726 318 58 66 -1 -1 -1 0 
4 4 630 323 30 42 -1 -1 -1 0 
4 6 351 328 40 37 -1 -1 -1 0 
5 1 726 317 59 67 -1 -1 -1 0 
5 4 631 323 28 41 -1 -1 -1 0 
5 6 281 331 43 35 -1 -1 -1 0 
6 1 725 316 60 67 -1 -1 -1 0 
6 4 631 321 28 42 -1 -1 -1 0 
6 6 217 330 51 37 -1 -1 -1 0 
7 1 722 314 62 69 -1 -1 -1 0 
7 4 631 320 28 42 -1 -1 -1 0 
7 6 180 330 56 39 -1 -1 -1 0 
8 1 721 312 63 71 -1 -1 -1 0 
8 4 631 318 28 43 -1 -1 -1 0 
8 6 147 326 67 45 -1 -1 -1 0 
9 1 720 310 63 74 -1 -1 -1 0 
9 4 630 317 30 43 -1 -1 -1 0 
9 6 108 325 72 48 -1 -1 -1 0 
10 1 719 306 64 78 -1 -1 -1 0 
10 4 630 317 30 43 -1 -1 -1 0 
10 6 61 323 80 52 -1 -1 -1 0 
11 1 719 305 63 78 -1 -1 -1 0 
11 4 629 316 31 44 -1 -1 -1 0 
11 6 22 322 84 54 -1 -1 -1 0 
11 16 482 318 24 26 -1 -1 -1 0 
12 1 720 305 62 78 -1 -1 -1 0 
12 4 628 316 32 45 -1 -1 -1 0 
12 16 481 317 23 28 -1 -1 -1 0 
13 1 721 306 60 77 -1 -1 -1 0 
13 4 628 315 32 46 -1 -1 -1 0 
13 16 479 316 23 30 -1 -1 -1 0 
14 1 722 306 59 77 -1 -1 -1 0 
14 4 629 317 31 45 -1 -1 -1 0 
14 16 435 318 32 31 -1 -1 -1 0 
15 1 722 309 59 74 -1 -1 -1 0 
15 4 629 317 32 45 -1 -1 -1 0 
15 16 461 319 23 31 -1 -1 -1 0 
16 1 723 309 58 74 -1 -1 -1 0 
16 4 629 317 33 45 -1 -1 -1 0 
16 16 465 319 25 32 -1 -1 -1 0 
17 1 722 309 60 74 -1 -1 -1 0 
17 4 630 317 32 45 -1 -1 -1 0 
17 16 462 319 29 33 -1 -1 -1 0 
18 1 722 308 60 75 -1 -1 -1 0 
18 4 631 316 31 47 -1 -1 -1 0 
18 16 462 319 28 32 -1 -1 -1 0 
18 22 413 318 31 35 -1 -1 -1 0 
18 23 594 313 33 42 -1 -1 -1 0 
19 1 720 310 61 72 -1 -1 -1 0 
19 4 630 315 33 48 -1 -1 -1 0 
19 16 466 319 23 30 -1 -1 -1 0 
19 22 407 318 32 35 -1 -1 -1 0 
19 23 595 312 32 44 -1 -1 -1 0 
20 1 720 311 61 71 -1 -1 -1 0 
20 4 631 317 32 45 -1 -1 -1 0 
20 16 467 317 21 29 -1 -1 -1 0 
20 22 399 317 34 37 -1 -1 -1 0 
20 23 595 313 31 43 -1 -1 -1 0 
21 1 720 313 59 68 -1 -1 -1 0 
21 4 632 318 31 44 -1 -1 -1 0 
21 16 466 316 21 28 -1 -1 -1 0 
21 22 390 316 36 40 -1 -1 -1 0 
21 23 596 313 30 43 -1 -1 -1 0 
22 1 720 313 58 68 -1 -1 -1 0 
22 4 632 318 31 43 -1 -1 -1 0 
22 16 460 316 24 29 -1 -1 -1 0 
22 22 382 316 36 41 -1 -1 -1 0 
22 25 422 317 38 39 -1 -1 -1 0 
23 1 718 312 60 68 -1 -1 -1 0 
23 4 634 317 28 44 -1 -1 -1 0 
23 16 459 315 23 30 -1 -1 -1 0 
23 22 371 315 38 43 -1 -1 -1 0 
23 25 411 318 41 38 -1 -1 -1 0 
24 1 717 310 60 72 -1 -1 -1 0 
24 4 634 317 29 44 -1 -1 -1 0 
24 16 451 315 29 29 -1 -1 -1 0 
24 22 359 315 42 44 -1 -1 -1 0 
24 25 400 317 39 39 -1 -1 -1 0 
25 1 716 308 60 74 -1 -1 -1 0 
25 4 633 317 31 44 -1 -1 -1 0 
25 16 448 315 27 28 -1 -1 -1 0 
25 22 368 316 53 41 -1 -1 -1 0 
25 25 392 317 40 40 -1 -1 -1 0 
26 1 715 308 61 74 -1 -1 -1 0 
26 4 634 316 29 44 -1 -1 -1 0 
26 16 443 314 29 29 -1 -1 -1 0 
26 22 363 316 55 41 -1 -1 -1 0 
27 1 715 308 61 74 -1 -1 -1 0 
27 4 634 316 30 44 -1 -1 -1 0 
27 16 441 313 29 30 -1 -1 -1 0 
28 1 714 308 62 75 -1 -1 -1 0 
28 4 634 318 30 42 -1 -1 -1 0 
28 16 433 316 32 27 -1 -1 -1 0 
29 1 714 308 62 75 -1 -1 -1 0 
29 4 636 317 27 43 -1 -1 -1 0 
29 16 428 316 32 27 -1 -1 -1 0 
30 1 714 307 63 78 -1 -1 -1 0 
30 4 634 319 32 42 -1 -1 -1 0 
30 16 425 315 33 28 -1 -1 -1 0 
30 25 232 326 44 41 -1 -1 -1 0 
31 1 713 307 64 78 -1 -1 -1 0 
31 4 635 320 30 42 -1 -1 -1 0 
31 25 198 327 48 42 -1 -1 -1 0 
32 1 713 309 65 77 -1 -1 -1 0 
32 4 636 320 29 42 -1 -1 -1 0 
32 25 174 327 48 44 -1 -1 -1 0 
33 1 714 310 63 77 -1 -1 -1 0 
33 4 636 322 29 41 -1 -1 -1 0 
34 1 715 313 63 75 -1 -1 -1 0 
34 4 637 322 29 41 -1 -1 -1 0 
35 1 716 313 61 76 -1 -1 -1 0 
35 16 389 319 37 36 -1 -1 -1 0 
36 1 716 313 61 76 -1 -1 -1 0 
36 16 384 319 37 37 -1 -1 -1 0 
36 29 126 296 110 81 -1 -1 -1 0 
37 1 718 315 60 73 -1 -1 -1 0 
37 29 118 285 125 92 -1 -1 -1 0 
38 1 718 317 59 69 -1 -1 -1 0 
39 1 718 319 57 66 -1 -1 -1 0 
39 16 346 321 48 40 -1 -1 -1 0 
40 1 719 320 56 64 -1 -1 -1 0 
40 16 338 321 51 41 -1 -1 -1 0 
40 33 5 298 74 94 -1 -1 -1 0 
