3 1 880 323 202 126 -1 -1 -1 0 
3 2 806 330 56 49 -1 -1 -1 0 
4 1 886 324 201 129 -1 -1 -1 0 
4 2 807 330 57 49 -1 -1 -1 0 
5 1 908 321 188 133 -1 -1 -1 0 
5 2 808 330 58 50 -1 -1 -1 0 
6 1 908 321 199 135 -1 -1 -1 0 
6 2 809 330 58 51 -1 -1 -1 0 
6 6 755 332 32 40 -1 -1 -1 0 
7 1 895 318 227 139 -1 -1 -1 0 
7 2 810 330 58 50 -1 -1 -1 0 
7 6 756 332 33 39 -1 -1 -1 0 
8 1 904 315 223 148 -1 -1 -1 0 
8 2 812 329 57 51 -1 -1 -1 0 
8 6 757 332 34 39 -1 -1 -1 0 
9 1 908 314 232 150 -1 -1 -1 0 
9 2 812 329 59 52 -1 -1 -1 0 
9 6 759 332 33 39 -1 -1 -1 0 
10 1 916 311 232 157 -1 -1 -1 0 
10 2 813 328 60 53 -1 -1 -1 0 
10 6 760 332 34 40 -1 -1 -1 0 
11 1 936 311 217 160 -1 -1 -1 0 
11 2 814 328 61 53 -1 -1 -1 0 
11 6 761 331 34 41 -1 -1 -1 0 
12 1 933 308 232 166 -1 -1 -1 0 
12 2 815 328 62 54 -1 -1 -1 0 
12 6 761 330 36 42 -1 -1 -1 0 
13 1 948 308 228 168 -1 -1 -1 0 
13 2 817 326 61 56 -1 -1 -1 0 
13 6 761 327 37 45 -1 -1 -1 0 
14 1 952 303 236 176 -1 -1 -1 0 
14 2 817 326 63 56 -1 -1 -1 0 
14 6 762 326 38 46 -1 -1 -1 0 
15 1 940 301 268 181 -1 -1 -1 0 
15 2 817 325 66 57 -1 -1 -1 0 
15 6 762 325 38 47 -1 -1 -1 0 
16 1 960 307 258 178 -1 -1 -1 0 
16 2 817 326 68 56 -1 -1 -1 0 
16 6 762 325 39 47 -1 -1 -1 0 
17 1 970 310 263 181 -1 -1 -1 0 
17 2 818 326 69 57 -1 -1 -1 0 
18 1 976 315 270 176 -1 -1 -1 0 
18 2 820 327 70 56 -1 -1 -1 0 
19 1 990 315 264 181 -1 -1 -1 0 
19 2 822 327 70 56 -1 -1 -1 0 
20 1 985 319 284 179 -1 -1 -1 0 
20 2 823 327 71 57 -1 -1 -1 0 
20 6 581 334 23 34 -1 -1 -1 0 
21 1 996 319 278 182 -1 -1 -1 0 
21 2 824 327 73 58 -1 -1 -1 0 
21 6 561 335 22 32 -1 -1 -1 0 
22 1 998 320 281 182 -1 -1 -1 0 
22 2 825 327 74 57 -1 -1 -1 0 
22 6 544 336 21 30 -1 -1 -1 0 
23 1 1015 321 264 181 -1 -1 -1 0 
23 2 830 326 69 59 -1 -1 -1 0 
23 15 934 326 141 125 -1 -1 -1 0 
24 1 1032 321 242 186 -1 -1 -1 0 
24 2 830 325 72 60 -1 -1 -1 0 
24 6 540 336 25 34 -1 -1 -1 0 
24 15 937 327 143 128 -1 -1 -1 0 
25 1 1048 318 226 194 -1 -1 -1 0 
25 2 831 326 73 59 -1 -1 -1 0 
25 6 527 337 25 33 -1 -1 -1 0 
25 15 940 326 147 133 -1 -1 -1 0 
26 1 1041 320 238 191 -1 -1 -1 0 
26 2 833 326 74 59 -1 -1 -1 0 
26 6 529 337 27 34 -1 -1 -1 0 
26 15 940 322 177 131 -1 -1 -1 0 
27 1 1054 320 224 192 -1 -1 -1 0 
27 2 835 327 74 59 -1 -1 -1 0 
27 6 518 337 27 35 -1 -1 -1 0 
27 15 950 324 172 134 -1 -1 -1 0 
27 19 710 323 26 42 -1 -1 -1 0 
28 1 1070 322 205 198 -1 -1 -1 0 
28 2 835 327 78 59 -1 -1 -1 0 
28 15 959 326 158 138 -1 -1 -1 0 
28 19 709 323 28 43 -1 -1 -1 0 
28 21 776 331 36 42 -1 -1 -1 0 
29 1 1065 323 213 204 -1 -1 -1 0 
29 2 836 328 79 58 -1 -1 -1 0 
29 6 456 341 21 26 -1 -1 -1 0 
29 15 951 330 214 131 -1 -1 -1 0 
29 19 710 323 27 44 -1 -1 -1 0 
29 21 776 332 35 42 -1 -1 -1 0 
30 1 973 323 306 191 -1 -1 -1 0 
30 2 838 328 78 59 -1 -1 -1 0 
30 6 441 342 20 25 -1 -1 -1 0 
30 15 968 330 202 133 -1 -1 -1 0 
30 19 709 322 29 46 -1 -1 -1 0 
30 21 777 332 34 42 -1 -1 -1 0 
31 1 968 323 311 183 -1 -1 -1 0 
31 2 839 329 79 58 -1 -1 -1 0 
31 6 341 347 32 28 -1 -1 -1 0 
31 15 977 331 194 135 -1 -1 -1 0 
31 19 709 322 30 46 -1 -1 -1 0 
31 21 778 332 34 41 -1 -1 -1 0 
31 23 490 338 35 40 -1 -1 -1 0 
32 1 972 325 307 179 -1 -1 -1 0 
32 2 840 329 79 58 -1 -1 -1 0 
32 6 314 348 33 27 -1 -1 -1 0 
32 15 982 331 199 137 -1 -1 -1 0 
32 19 709 322 30 46 -1 -1 -1 0 
32 21 778 332 35 41 -1 -1 -1 0 
32 23 478 338 37 43 -1 -1 -1 0 
33 1 976 324 303 179 -1 -1 -1 0 
33 2 842 328 79 60 -1 -1 -1 0 
33 19 709 322 30 46 -1 -1 -1 0 
33 21 780 331 34 42 -1 -1 -1 0 
33 23 463 339 43 43 -1 -1 -1 0 
34 1 988 328 291 169 -1 -1 -1 0 
34 2 844 328 79 60 -1 -1 -1 0 
34 6 368 344 24 31 -1 -1 -1 0 
34 19 709 322 29 45 -1 -1 -1 0 
34 21 781 331 33 42 -1 -1 -1 0 
34 23 446 341 45 44 -1 -1 -1 0 
35 1 995 327 282 173 -1 -1 -1 0 
35 2 844 328 82 60 -1 -1 -1 0 
35 6 356 344 25 31 -1 -1 -1 0 
35 19 709 322 29 44 -1 -1 -1 0 
35 21 781 330 35 44 -1 -1 -1 0 
35 23 426 339 52 50 -1 -1 -1 0 
36 1 1003 325 274 176 -1 -1 -1 0 
36 2 845 328 84 60 -1 -1 -1 0 
36 19 710 322 27 44 -1 -1 -1 0 
36 21 779 330 37 42 -1 -1 -1 0 
36 23 406 338 56 53 -1 -1 -1 0 
37 1 1008 325 265 178 -1 -1 -1 0 
37 2 846 327 84 61 -1 -1 -1 0 
37 19 707 321 32 45 -1 -1 -1 0 
37 21 780 331 35 42 -1 -1 -1 0 
37 23 380 336 65 58 -1 -1 -1 0 
38 1 1014 325 259 184 -1 -1 -1 0 
38 2 847 327 86 62 -1 -1 -1 0 
38 19 707 321 33 45 -1 -1 -1 0 
38 21 781 331 35 42 -1 -1 -1 0 
38 23 350 334 74 66 -1 -1 -1 0 
39 1 1025 325 250 190 -1 -1 -1 0 
39 2 848 327 87 62 -1 -1 -1 0 
39 19 708 321 31 44 -1 -1 -1 0 
39 21 781 331 35 42 -1 -1 -1 0 
39 23 313 336 85 68 -1 -1 -1 0 
40 1 1030 325 248 192 -1 -1 -1 0 
40 2 848 329 90 61 -1 -1 -1 0 
40 6 356 341 25 31 -1 -1 -1 0 
40 19 708 321 31 46 -1 -1 -1 0 
40 21 779 332 38 40 -1 -1 -1 0 
40 23 265 338 103 71 -1 -1 -1 0 
