3 1 576 340 51 52 -1 -1 -1 0 
3 2 673 332 29 43 -1 -1 -1 0 
4 1 578 341 49 51 -1 -1 -1 0 
4 2 673 332 29 43 -1 -1 -1 0 
4 4 964 338 62 53 -1 -1 -1 0 
5 1 581 341 46 49 -1 -1 -1 0 
5 2 672 332 30 42 -1 -1 -1 0 
5 4 967 336 61 56 -1 -1 -1 0 
6 1 584 341 44 48 -1 -1 -1 0 
6 2 672 333 30 41 -1 -1 -1 0 
6 4 969 338 63 55 -1 -1 -1 0 
7 1 586 341 42 48 -1 -1 -1 0 
7 2 673 334 29 40 -1 -1 -1 0 
7 4 970 342 64 50 -1 -1 -1 0 
8 1 588 342 40 46 -1 -1 -1 0 
8 2 674 334 28 40 -1 -1 -1 0 
8 4 976 346 61 46 -1 -1 -1 0 
9 1 589 342 39 46 -1 -1 -1 0 
9 2 674 335 28 39 -1 -1 -1 0 
9 4 978 346 62 46 -1 -1 -1 0 
10 1 590 343 38 44 -1 -1 -1 0 
10 2 674 336 28 38 -1 -1 -1 0 
10 4 981 348 61 44 -1 -1 -1 0 
11 1 591 343 38 44 -1 -1 -1 0 
11 2 675 335 27 40 -1 -1 -1 0 
11 6 631 343 22 30 -1 -1 -1 0 
12 1 590 342 40 44 -1 -1 -1 0 
12 2 675 334 27 41 -1 -1 -1 0 
12 6 632 343 21 30 -1 -1 -1 0 
13 1 591 342 40 44 -1 -1 -1 0 
13 2 675 334 27 41 -1 -1 -1 0 
13 4 994 339 61 56 -1 -1 -1 0 
13 6 632 342 22 32 -1 -1 -1 0 
14 1 593 342 39 44 -1 -1 -1 0 
14 2 675 334 28 41 -1 -1 -1 0 
14 4 998 337 60 59 -1 -1 -1 0 
14 6 632 342 23 31 -1 -1 -1 0 
15 1 595 342 38 44 -1 -1 -1 0 
15 2 676 334 27 41 -1 -1 -1 0 
15 4 999 337 63 59 -1 -1 -1 0 
15 6 633 342 23 31 -1 -1 -1 0 
16 1 596 343 38 42 -1 -1 -1 0 
16 2 676 334 27 41 -1 -1 -1 0 
16 4 1001 334 65 62 -1 -1 -1 0 
17 1 598 343 36 42 -1 -1 -1 0 
17 2 677 333 27 42 -1 -1 -1 0 
17 4 1008 330 61 67 -1 -1 -1 0 
18 1 598 343 39 42 -1 -1 -1 0 
18 2 676 333 29 42 -1 -1 -1 0 
18 4 1009 334 66 64 -1 -1 -1 0 
19 1 599 343 39 42 -1 -1 -1 0 
19 2 676 333 30 42 -1 -1 -1 0 
19 4 1014 334 64 64 -1 -1 -1 0 
20 1 600 343 39 42 -1 -1 -1 0 
20 2 676 331 29 43 -1 -1 -1 0 
20 4 1016 334 67 65 -1 -1 -1 0 
21 1 602 342 38 42 -1 -1 -1 0 
21 2 676 330 30 43 -1 -1 -1 0 
21 4 1020 331 66 69 -1 -1 -1 0 
22 1 603 342 38 41 -1 -1 -1 0 
22 2 676 330 29 43 -1 -1 -1 0 
22 4 1023 335 70 66 -1 -1 -1 0 
23 1 604 340 39 42 -1 -1 -1 0 
23 2 676 331 30 42 -1 -1 -1 0 
23 4 1027 337 68 64 -1 -1 -1 0 
23 12 85 378 354 270 -1 -1 -1 0 
24 1 606 340 37 41 -1 -1 -1 0 
24 2 676 331 30 42 -1 -1 -1 0 
24 4 1033 334 65 68 -1 -1 -1 0 
24 12 140 376 295 258 -1 -1 -1 0 
25 1 606 339 39 41 -1 -1 -1 0 
25 2 677 332 29 40 -1 -1 -1 0 
25 4 1035 330 68 72 -1 -1 -1 0 
25 12 169 371 279 252 -1 -1 -1 0 
26 1 607 340 38 40 -1 -1 -1 0 
26 2 677 332 29 40 -1 -1 -1 0 
26 4 1039 333 70 68 -1 -1 -1 0 
26 12 183 369 281 236 -1 -1 -1 0 
27 1 609 338 36 39 -1 -1 -1 0 
27 2 679 330 26 41 -1 -1 -1 0 
27 4 1046 333 67 69 -1 -1 -1 0 
27 12 44 367 448 242 -1 -1 -1 0 
28 1 610 338 35 38 -1 -1 -1 0 
28 2 679 328 26 43 -1 -1 -1 0 
28 4 1050 333 71 69 -1 -1 -1 0 
28 12 156 369 315 208 -1 -1 -1 0 
29 1 610 337 37 38 -1 -1 -1 0 
29 2 678 329 29 42 -1 -1 -1 0 
29 4 1055 335 71 67 -1 -1 -1 0 
29 12 75 366 441 208 -1 -1 -1 0 
30 1 611 338 36 37 -1 -1 -1 0 
30 2 678 329 29 42 -1 -1 -1 0 
30 4 1061 337 69 66 -1 -1 -1 0 
30 12 96 366 415 199 -1 -1 -1 0 
31 1 613 338 34 37 -1 -1 -1 0 
31 2 679 329 28 42 -1 -1 -1 0 
31 4 1066 334 71 71 -1 -1 -1 0 
31 12 134 363 366 189 -1 -1 -1 0 
32 1 615 339 33 37 -1 -1 -1 0 
32 2 679 331 28 42 -1 -1 -1 0 
32 4 1072 334 71 73 -1 -1 -1 0 
32 12 163 366 344 176 -1 -1 -1 0 
33 1 616 339 33 36 -1 -1 -1 0 
33 2 679 331 28 42 -1 -1 -1 0 
33 4 1079 334 72 75 -1 -1 -1 0 
33 12 191 368 320 165 -1 -1 -1 0 
34 1 617 339 33 37 -1 -1 -1 0 
34 2 679 331 29 43 -1 -1 -1 0 
34 4 1086 336 72 76 -1 -1 -1 0 
34 12 220 367 295 155 -1 -1 -1 0 
35 1 618 339 33 37 -1 -1 -1 0 
35 2 678 331 30 44 -1 -1 -1 0 
35 4 1092 342 74 71 -1 -1 -1 0 
35 12 245 362 277 153 -1 -1 -1 0 
36 1 618 339 35 37 -1 -1 -1 0 
36 2 678 331 31 44 -1 -1 -1 0 
36 4 1100 347 73 67 -1 -1 -1 0 
36 12 265 359 261 150 -1 -1 -1 0 
37 1 619 339 35 37 -1 -1 -1 0 
37 2 678 331 31 44 -1 -1 -1 0 
37 4 1107 347 72 66 -1 -1 -1 0 
37 12 283 359 250 147 -1 -1 -1 0 
38 1 621 339 33 37 -1 -1 -1 0 
38 2 678 331 31 44 -1 -1 -1 0 
38 4 1112 348 73 65 -1 -1 -1 0 
38 12 301 356 239 144 -1 -1 -1 0 
39 1 621 339 35 37 -1 -1 -1 0 
39 2 679 331 30 44 -1 -1 -1 0 
39 12 313 355 233 139 -1 -1 -1 0 
40 1 622 338 34 38 -1 -1 -1 0 
40 2 679 332 30 43 -1 -1 -1 0 
40 12 328 354 220 135 -1 -1 -1 0 
