3 1 669 330 35 45 -1 -1 -1 0 
3 2 838 328 43 38 -1 -1 -1 0 
4 1 669 330 34 45 -1 -1 -1 0 
4 2 838 327 44 41 -1 -1 -1 0 
5 1 668 330 35 44 -1 -1 -1 0 
5 2 839 327 43 42 -1 -1 -1 0 
5 5 1097 336 88 53 -1 -1 -1 0 
6 1 668 330 34 44 -1 -1 -1 0 
6 2 838 327 45 43 -1 -1 -1 0 
6 5 1102 335 88 55 -1 -1 -1 0 
7 1 668 330 34 44 -1 -1 -1 0 
7 2 840 327 43 43 -1 -1 -1 0 
7 5 1101 334 91 57 -1 -1 -1 0 
7 6 584 335 25 34 -1 -1 -1 0 
8 1 668 330 34 44 -1 -1 -1 0 
8 2 841 327 42 43 -1 -1 -1 0 
8 6 584 335 25 33 -1 -1 -1 0 
9 1 667 330 36 44 -1 -1 -1 0 
9 2 841 326 43 44 -1 -1 -1 0 
9 6 584 334 26 34 -1 -1 -1 0 
10 1 667 330 35 45 -1 -1 -1 0 
10 2 840 326 44 43 -1 -1 -1 0 
10 6 585 334 25 34 -1 -1 -1 0 
11 1 667 331 36 43 -1 -1 -1 0 
11 2 840 326 45 43 -1 -1 -1 0 
11 6 584 334 27 34 -1 -1 -1 0 
12 1 667 331 35 43 -1 -1 -1 0 
12 2 840 326 45 43 -1 -1 -1 0 
12 6 585 333 26 35 -1 -1 -1 0 
13 1 668 331 34 43 -1 -1 -1 0 
13 2 839 326 46 43 -1 -1 -1 0 
13 6 585 333 25 34 -1 -1 -1 0 
14 1 668 331 34 43 -1 -1 -1 0 
14 2 839 328 46 41 -1 -1 -1 0 
14 5 1125 333 87 60 -1 -1 -1 0 
14 6 585 333 26 35 -1 -1 -1 0 
15 1 667 330 35 44 -1 -1 -1 0 
15 2 841 328 43 41 -1 -1 -1 0 
15 5 1127 333 88 60 -1 -1 -1 0 
15 6 585 333 26 35 -1 -1 -1 0 
16 1 668 330 34 44 -1 -1 -1 0 
16 2 842 328 42 41 -1 -1 -1 0 
16 6 585 332 26 36 -1 -1 -1 0 
17 1 667 330 36 44 -1 -1 -1 0 
17 2 843 328 42 41 -1 -1 -1 0 
17 6 585 332 25 35 -1 -1 -1 0 
18 1 667 329 35 45 -1 -1 -1 0 
18 2 843 329 42 40 -1 -1 -1 0 
18 6 584 331 27 36 -1 -1 -1 0 
19 1 667 329 35 46 -1 -1 -1 0 
19 2 842 329 42 41 -1 -1 -1 0 
19 6 585 331 26 37 -1 -1 -1 0 
20 1 666 329 36 46 -1 -1 -1 0 
20 2 840 329 45 41 -1 -1 -1 0 
20 6 585 331 26 37 -1 -1 -1 0 
21 1 667 329 35 47 -1 -1 -1 0 
21 2 841 328 44 41 -1 -1 -1 0 
21 6 585 332 26 37 -1 -1 -1 0 
22 1 667 329 35 47 -1 -1 -1 0 
22 2 839 330 44 38 -1 -1 -1 0 
22 6 585 332 25 37 -1 -1 -1 0 
23 1 667 331 34 45 -1 -1 -1 0 
23 2 837 330 47 38 -1 -1 -1 0 
23 6 584 333 26 36 -1 -1 -1 0 
24 1 667 331 34 45 -1 -1 -1 0 
24 2 837 331 46 38 -1 -1 -1 0 
24 6 584 333 26 36 -1 -1 -1 0 
25 1 667 331 34 45 -1 -1 -1 0 
25 2 839 332 45 38 -1 -1 -1 0 
25 6 584 333 25 36 -1 -1 -1 0 
26 1 667 331 34 45 -1 -1 -1 0 
26 2 839 333 45 37 -1 -1 -1 0 
26 6 584 333 25 36 -1 -1 -1 0 
27 1 666 332 35 43 -1 -1 -1 0 
27 2 840 333 42 37 -1 -1 -1 0 
27 6 583 333 26 35 -1 -1 -1 0 
28 1 666 332 34 43 -1 -1 -1 0 
28 2 842 332 39 38 -1 -1 -1 0 
28 6 583 333 26 35 -1 -1 -1 0 
29 1 665 330 35 45 -1 -1 -1 0 
29 2 841 331 39 39 -1 -1 -1 0 
29 5 1151 332 105 72 -1 -1 -1 0 
29 6 583 331 26 36 -1 -1 -1 0 
30 1 665 330 35 45 -1 -1 -1 0 
30 2 841 331 38 39 -1 -1 -1 0 
30 5 1152 336 109 69 -1 -1 -1 0 
30 6 583 331 25 36 -1 -1 -1 0 
31 1 665 330 35 45 -1 -1 -1 0 
31 2 834 329 46 38 -1 -1 -1 0 
31 5 1153 336 112 69 -1 -1 -1 0 
31 6 583 331 25 35 -1 -1 -1 0 
32 1 664 331 36 44 -1 -1 -1 0 
32 2 832 329 49 39 -1 -1 -1 0 
32 6 583 331 25 36 -1 -1 -1 0 
33 1 664 331 35 45 -1 -1 -1 0 
33 2 834 329 46 41 -1 -1 -1 0 
33 6 582 331 27 36 -1 -1 -1 0 
34 1 664 332 35 44 -1 -1 -1 0 
34 2 837 329 44 42 -1 -1 -1 0 
34 6 583 332 25 36 -1 -1 -1 0 
35 1 664 333 35 44 -1 -1 -1 0 
35 2 843 329 37 42 -1 -1 -1 0 
35 6 583 332 26 36 -1 -1 -1 0 
36 1 665 333 34 44 -1 -1 -1 0 
36 2 840 329 42 43 -1 -1 -1 0 
36 6 583 332 25 36 -1 -1 -1 0 
37 1 665 333 34 44 -1 -1 -1 0 
37 2 839 330 43 41 -1 -1 -1 0 
37 6 583 332 26 36 -1 -1 -1 0 
38 1 665 333 34 44 -1 -1 -1 0 
38 2 836 330 47 41 -1 -1 -1 0 
38 6 584 332 25 36 -1 -1 -1 0 
39 1 665 333 34 44 -1 -1 -1 0 
39 2 836 330 47 41 -1 -1 -1 0 
39 6 584 332 25 36 -1 -1 -1 0 
40 1 665 333 35 44 -1 -1 -1 0 
40 2 832 330 50 40 -1 -1 -1 0 
40 5 1176 331 103 80 -1 -1 -1 0 
40 6 584 332 26 35 -1 -1 -1 0 
