3 1 443 341 129 99 -1 -1 -1 0 
3 2 1069 318 208 223 -1 -1 -1 0 
4 1 446 340 129 100 -1 -1 -1 0 
4 2 1086 307 189 243 -1 -1 -1 0 
5 1 448 341 127 99 -1 -1 -1 0 
5 2 1100 305 178 255 -1 -1 -1 0 
6 1 451 342 126 96 -1 -1 -1 0 
6 2 1108 305 171 260 -1 -1 -1 0 
7 1 458 339 118 99 -1 -1 -1 0 
7 2 1112 302 167 270 -1 -1 -1 0 
8 1 462 336 113 101 -1 -1 -1 0 
8 2 1143 328 136 241 -1 -1 -1 0 
9 1 463 331 117 103 -1 -1 -1 0 
9 2 1167 334 111 243 -1 -1 -1 0 
10 1 465 328 117 104 -1 -1 -1 0 
10 2 1190 339 88 243 -1 -1 -1 0 
11 1 467 327 116 104 -1 -1 -1 0 
11 2 1210 345 69 235 -1 -1 -1 0 
12 1 470 326 116 104 -1 -1 -1 0 
12 2 1224 348 55 237 -1 -1 -1 0 
13 1 472 326 118 103 -1 -1 -1 0 
14 1 474 325 119 101 -1 -1 -1 0 
15 1 478 324 116 101 -1 -1 -1 0 
15 4 659 312 44 73 -1 -1 -1 0 
16 1 483 325 111 99 -1 -1 -1 0 
16 4 659 311 45 74 -1 -1 -1 0 
17 1 485 325 111 98 -1 -1 -1 0 
18 1 488 324 109 98 -1 -1 -1 0 
19 1 490 326 107 95 -1 -1 -1 0 
20 1 494 327 101 93 -1 -1 -1 0 
21 1 497 329 99 90 -1 -1 -1 0 
22 1 498 330 97 89 -1 -1 -1 0 
22 4 661 309 43 77 -1 -1 -1 0 
23 1 500 329 96 89 -1 -1 -1 0 
23 4 661 309 43 78 -1 -1 -1 0 
24 1 502 329 95 89 -1 -1 -1 0 
25 1 504 331 93 88 -1 -1 -1 0 
26 1 505 331 92 87 -1 -1 -1 0 
27 1 507 331 89 88 -1 -1 -1 0 
27 4 660 312 43 72 -1 -1 -1 0 
28 1 508 331 89 87 -1 -1 -1 0 
28 4 661 311 41 73 -1 -1 -1 0 
29 1 510 331 88 87 -1 -1 -1 0 
29 4 661 311 41 73 -1 -1 -1 0 
30 1 512 333 88 85 -1 -1 -1 0 
31 1 513 331 88 85 -1 -1 -1 0 
31 5 443 343 22 24 -1 -1 -1 0 
32 1 515 331 87 84 -1 -1 -1 0 
32 5 435 344 22 24 -1 -1 -1 0 
33 1 515 331 88 82 -1 -1 -1 0 
33 5 429 343 24 25 -1 -1 -1 0 
34 1 519 331 83 81 -1 -1 -1 0 
34 5 420 342 27 26 -1 -1 -1 0 
35 1 520 330 83 81 -1 -1 -1 0 
35 5 414 343 24 25 -1 -1 -1 0 
36 1 523 330 80 79 -1 -1 -1 0 
36 5 408 343 25 26 -1 -1 -1 0 
37 1 525 328 78 80 -1 -1 -1 0 
38 1 527 328 76 80 -1 -1 -1 0 
39 1 528 329 77 80 -1 -1 -1 0 
39 4 660 323 44 59 -1 -1 -1 0 
39 5 379 346 25 24 -1 -1 -1 0 
40 1 530 331 76 79 -1 -1 -1 0 
40 4 660 324 44 57 -1 -1 -1 0 
40 5 431 343 23 26 -1 -1 -1 0 
