3 1 670 319 56 68 -1 -1 -1 0 
4 1 671 319 56 67 -1 -1 -1 0 
5 1 672 319 55 67 -1 -1 -1 0 
6 1 671 319 56 67 -1 -1 -1 0 
7 1 672 319 55 66 -1 -1 -1 0 
8 1 672 320 55 65 -1 -1 -1 0 
9 1 672 321 55 64 -1 -1 -1 0 
10 1 673 321 53 63 -1 -1 -1 0 
11 1 673 320 53 65 -1 -1 -1 0 
12 1 672 320 55 65 -1 -1 -1 0 
13 1 673 320 54 66 -1 -1 -1 0 
14 1 673 320 54 66 -1 -1 -1 0 
15 1 673 320 56 66 -1 -1 -1 0 
16 1 673 321 56 65 -1 -1 -1 0 
17 1 674 321 54 65 -1 -1 -1 0 
18 1 674 321 55 65 -1 -1 -1 0 
19 1 675 319 53 67 -1 -1 -1 0 
20 1 675 319 54 66 -1 -1 -1 0 
21 1 674 319 55 66 -1 -1 -1 0 
22 1 675 319 53 65 -1 -1 -1 0 
23 1 674 320 55 65 -1 -1 -1 0 
24 1 675 320 54 65 -1 -1 -1 0 
25 1 675 320 54 66 -1 -1 -1 0 
26 1 674 321 57 65 -1 -1 -1 0 
27 1 675 321 55 66 -1 -1 -1 0 
28 1 675 322 56 65 -1 -1 -1 0 
29 1 675 321 55 67 -1 -1 -1 0 
30 1 674 321 56 66 -1 -1 -1 0 
31 1 675 321 55 66 -1 -1 -1 0 
32 1 674 322 56 65 -1 -1 -1 0 
33 1 674 322 55 65 -1 -1 -1 0 
34 1 673 323 56 64 -1 -1 -1 0 
35 1 673 322 55 65 -1 -1 -1 0 
36 1 672 322 56 65 -1 -1 -1 0 
37 1 672 322 55 64 -1 -1 -1 0 
38 1 672 322 54 63 -1 -1 -1 0 
39 1 671 323 55 61 -1 -1 -1 0 
40 1 672 323 52 61 -1 -1 -1 0 
