3 1 664 333 35 43 -1 -1 -1 0 
4 1 665 334 34 42 -1 -1 -1 0 
5 1 664 334 35 42 -1 -1 -1 0 
6 1 665 334 34 42 -1 -1 -1 0 
7 1 665 334 35 42 -1 -1 -1 0 
8 1 666 333 34 42 -1 -1 -1 0 
9 1 665 333 36 42 -1 -1 -1 0 
9 4 0 328 252 344 -1 -1 -1 0 
10 1 666 332 35 43 -1 -1 -1 0 
10 4 5 330 248 338 -1 -1 -1 0 
11 1 668 332 33 44 -1 -1 -1 0 
11 4 3 320 291 354 -1 -1 -1 0 
12 1 668 332 34 44 -1 -1 -1 0 
12 4 1 318 313 350 -1 -1 -1 0 
13 1 667 332 36 44 -1 -1 -1 0 
13 4 2 321 323 344 -1 -1 -1 0 
14 1 669 332 33 44 -1 -1 -1 0 
14 4 9 320 323 342 -1 -1 -1 0 
15 1 669 332 33 44 -1 -1 -1 0 
16 1 670 332 32 44 -1 -1 -1 0 
17 1 667 332 37 44 -1 -1 -1 0 
18 1 667 332 37 44 -1 -1 -1 0 
19 1 667 332 36 44 -1 -1 -1 0 
20 1 667 332 37 44 -1 -1 -1 0 
21 1 668 332 36 44 -1 -1 -1 0 
22 1 668 332 36 43 -1 -1 -1 0 
23 1 668 332 36 43 -1 -1 -1 0 
23 6 4 330 422 297 -1 -1 -1 0 
24 1 669 332 35 43 -1 -1 -1 0 
24 6 4 324 427 299 -1 -1 -1 0 
25 1 669 332 35 43 -1 -1 -1 0 
25 6 3 321 438 295 -1 -1 -1 0 
26 1 669 332 35 43 -1 -1 -1 0 
26 6 2 323 444 287 -1 -1 -1 0 
27 1 669 332 35 43 -1 -1 -1 0 
27 6 0 325 453 274 -1 -1 -1 0 
28 1 668 331 38 44 -1 -1 -1 0 
28 6 0 325 458 264 -1 -1 -1 0 
29 1 668 332 38 43 -1 -1 -1 0 
29 6 2 323 458 255 -1 -1 -1 0 
30 1 668 332 38 43 -1 -1 -1 0 
30 6 16 326 450 243 -1 -1 -1 0 
31 1 669 332 37 44 -1 -1 -1 0 
31 6 40 337 427 222 -1 -1 -1 0 
32 1 669 332 37 44 -1 -1 -1 0 
32 6 72 336 394 217 -1 -1 -1 0 
33 1 670 332 36 44 -1 -1 -1 0 
33 6 96 338 376 205 -1 -1 -1 0 
34 1 670 332 37 44 -1 -1 -1 0 
34 6 117 344 361 195 -1 -1 -1 0 
35 1 669 333 38 43 -1 -1 -1 0 
35 6 146 335 330 202 -1 -1 -1 0 
36 1 669 333 38 43 -1 -1 -1 0 
36 6 163 330 321 202 -1 -1 -1 0 
37 1 670 333 37 43 -1 -1 -1 0 
37 6 178 325 312 202 -1 -1 -1 0 
38 1 670 333 37 43 -1 -1 -1 0 
38 6 197 317 296 207 -1 -1 -1 0 
39 1 670 333 37 44 -1 -1 -1 0 
39 6 207 313 293 207 -1 -1 -1 0 
40 1 670 333 37 44 -1 -1 -1 0 
40 6 218 319 287 195 -1 -1 -1 0 
