3 1 778 338 66 62 -1 -1 -1 0 
3 2 679 325 58 72 -1 -1 -1 0 
4 1 777 339 67 60 -1 -1 -1 0 
4 2 680 324 56 72 -1 -1 -1 0 
5 1 777 338 67 60 -1 -1 -1 0 
5 2 680 324 55 71 -1 -1 -1 0 
6 1 778 338 66 61 -1 -1 -1 0 
6 2 679 324 56 71 -1 -1 -1 0 
7 1 778 339 66 60 -1 -1 -1 0 
7 2 680 324 55 71 -1 -1 -1 0 
8 1 778 339 66 60 -1 -1 -1 0 
8 2 679 324 56 71 -1 -1 -1 0 
9 1 779 340 65 60 -1 -1 -1 0 
9 2 679 325 57 70 -1 -1 -1 0 
10 1 779 340 65 60 -1 -1 -1 0 
10 2 680 325 55 70 -1 -1 -1 0 
11 1 779 341 66 59 -1 -1 -1 0 
11 2 680 325 55 70 -1 -1 -1 0 
12 1 780 341 65 59 -1 -1 -1 0 
12 2 680 325 56 69 -1 -1 -1 0 
13 1 780 341 65 59 -1 -1 -1 0 
13 2 681 325 54 69 -1 -1 -1 0 
14 1 781 341 64 60 -1 -1 -1 0 
14 2 681 325 54 69 -1 -1 -1 0 
15 1 779 341 67 59 -1 -1 -1 0 
15 2 681 325 53 69 -1 -1 -1 0 
16 1 780 341 66 59 -1 -1 -1 0 
16 2 680 325 54 69 -1 -1 -1 0 
17 1 779 341 67 59 -1 -1 -1 0 
17 2 681 325 52 69 -1 -1 -1 0 
18 1 781 341 64 59 -1 -1 -1 0 
18 2 680 325 54 69 -1 -1 -1 0 
19 1 780 341 66 59 -1 -1 -1 0 
19 2 680 325 53 69 -1 -1 -1 0 
20 1 781 341 65 59 -1 -1 -1 0 
20 2 681 325 51 69 -1 -1 -1 0 
21 1 781 340 65 60 -1 -1 -1 0 
21 2 680 326 53 68 -1 -1 -1 0 
22 1 780 340 67 60 -1 -1 -1 0 
22 2 681 326 51 68 -1 -1 -1 0 
23 1 780 340 67 60 -1 -1 -1 0 
23 2 681 326 50 67 -1 -1 -1 0 
24 1 780 340 67 61 -1 -1 -1 0 
24 2 680 326 51 67 -1 -1 -1 0 
25 1 780 340 67 61 -1 -1 -1 0 
25 2 679 327 52 66 -1 -1 -1 0 
26 1 780 340 68 61 -1 -1 -1 0 
26 2 679 327 51 63 -1 -1 -1 0 
27 1 780 339 68 63 -1 -1 -1 0 
27 2 680 329 47 61 -1 -1 -1 0 
28 1 780 339 68 63 -1 -1 -1 0 
28 2 679 329 48 60 -1 -1 -1 0 
29 1 779 339 72 65 -1 -1 -1 0 
29 2 679 329 47 60 -1 -1 -1 0 
30 1 778 339 74 66 -1 -1 -1 0 
30 2 678 329 48 59 -1 -1 -1 0 
31 1 778 339 75 67 -1 -1 -1 0 
31 2 678 330 48 58 -1 -1 -1 0 
32 1 779 340 75 67 -1 -1 -1 0 
32 2 679 330 46 58 -1 -1 -1 0 
33 1 780 340 74 67 -1 -1 -1 0 
33 2 679 330 46 57 -1 -1 -1 0 
34 1 781 339 75 67 -1 -1 -1 0 
34 2 679 329 46 58 -1 -1 -1 0 
35 1 781 338 76 68 -1 -1 -1 0 
35 2 678 329 47 58 -1 -1 -1 0 
36 1 780 338 79 68 -1 -1 -1 0 
36 2 678 329 47 58 -1 -1 -1 0 
37 1 782 337 77 69 -1 -1 -1 0 
37 2 678 330 47 56 -1 -1 -1 0 
38 1 781 338 79 68 -1 -1 -1 0 
38 2 678 331 47 54 -1 -1 -1 0 
39 1 782 338 78 68 -1 -1 -1 0 
39 2 679 331 45 55 -1 -1 -1 0 
40 1 784 338 76 69 -1 -1 -1 0 
40 2 678 331 47 55 -1 -1 -1 0 
