3 1 823 329 68 54 -1 -1 -1 0 
3 2 637 330 51 56 -1 -1 -1 0 
3 3 733 335 36 38 -1 -1 -1 0 
4 1 822 330 70 53 -1 -1 -1 0 
4 2 638 330 52 56 -1 -1 -1 0 
4 3 733 335 35 38 -1 -1 -1 0 
5 1 823 332 67 51 -1 -1 -1 0 
5 2 638 329 54 57 -1 -1 -1 0 
5 3 732 335 36 38 -1 -1 -1 0 
6 1 824 332 65 52 -1 -1 -1 0 
6 2 640 329 52 56 -1 -1 -1 0 
6 3 733 335 35 38 -1 -1 -1 0 
7 1 823 332 66 52 -1 -1 -1 0 
7 2 640 328 51 57 -1 -1 -1 0 
7 3 733 335 34 38 -1 -1 -1 0 
8 1 823 332 66 54 -1 -1 -1 0 
8 2 640 328 52 56 -1 -1 -1 0 
8 3 732 335 35 38 -1 -1 -1 0 
9 1 825 331 64 56 -1 -1 -1 0 
9 2 640 328 52 56 -1 -1 -1 0 
9 3 732 334 34 39 -1 -1 -1 0 
9 12 599 331 43 41 -1 -1 -1 0 
10 1 824 332 68 55 -1 -1 -1 0 
10 2 640 329 52 55 -1 -1 -1 0 
10 3 731 334 36 39 -1 -1 -1 0 
10 12 599 331 43 41 -1 -1 -1 0 
11 1 825 334 66 52 -1 -1 -1 0 
11 2 641 328 51 57 -1 -1 -1 0 
11 3 731 334 35 40 -1 -1 -1 0 
11 12 599 331 43 41 -1 -1 -1 0 
12 1 825 334 66 50 -1 -1 -1 0 
12 2 640 328 53 56 -1 -1 -1 0 
12 3 731 334 34 39 -1 -1 -1 0 
13 1 826 332 63 52 -1 -1 -1 0 
13 2 640 328 54 55 -1 -1 -1 0 
13 3 730 334 35 39 -1 -1 -1 0 
13 12 601 332 40 39 -1 -1 -1 0 
14 1 824 333 67 51 -1 -1 -1 0 
14 2 641 328 53 55 -1 -1 -1 0 
14 3 730 334 34 39 -1 -1 -1 0 
14 12 602 333 38 38 -1 -1 -1 0 
14 14 5 329 87 84 -1 -1 -1 0 
15 1 824 335 67 48 -1 -1 -1 0 
15 2 641 328 53 55 -1 -1 -1 0 
15 3 729 335 35 38 -1 -1 -1 0 
15 12 601 334 40 37 -1 -1 -1 0 
15 14 0 328 69 87 -1 -1 -1 0 
16 1 824 335 66 48 -1 -1 -1 0 
16 2 641 328 52 55 -1 -1 -1 0 
16 3 728 335 36 37 -1 -1 -1 0 
16 12 601 335 38 36 -1 -1 -1 0 
17 1 825 335 62 49 -1 -1 -1 0 
17 2 642 329 51 54 -1 -1 -1 0 
17 3 730 335 32 38 -1 -1 -1 0 
17 12 600 335 40 36 -1 -1 -1 0 
18 1 824 333 63 51 -1 -1 -1 0 
18 2 640 329 53 53 -1 -1 -1 0 
18 3 728 335 35 38 -1 -1 -1 0 
18 12 601 335 37 36 -1 -1 -1 0 
19 1 821 331 68 53 -1 -1 -1 0 
19 2 639 329 54 53 -1 -1 -1 0 
19 3 726 335 37 37 -1 -1 -1 0 
19 12 601 335 37 36 -1 -1 -1 0 
19 18 243 339 45 45 -1 -1 -1 0 
19 20 286 340 38 37 -1 -1 -1 0 
20 1 820 331 70 53 -1 -1 -1 0 
20 2 639 327 53 54 -1 -1 -1 0 
20 3 726 335 36 36 -1 -1 -1 0 
20 12 600 333 38 38 -1 -1 -1 0 
20 18 225 338 50 46 -1 -1 -1 0 
20 20 297 336 29 34 -1 -1 -1 0 
21 1 820 330 70 54 -1 -1 -1 0 
21 2 639 328 53 53 -1 -1 -1 0 
21 3 725 335 36 36 -1 -1 -1 0 
21 12 601 333 36 38 -1 -1 -1 0 
21 18 183 340 60 49 -1 -1 -1 0 
21 20 301 334 27 33 -1 -1 -1 0 
22 1 822 330 66 54 -1 -1 -1 0 
22 2 640 329 52 52 -1 -1 -1 0 
22 3 724 334 37 37 -1 -1 -1 0 
22 12 600 334 38 37 -1 -1 -1 0 
22 18 163 340 72 49 -1 -1 -1 0 
23 1 823 327 64 57 -1 -1 -1 0 
23 2 640 328 52 53 -1 -1 -1 0 
23 3 724 334 35 37 -1 -1 -1 0 
23 12 600 332 36 39 -1 -1 -1 0 
23 18 151 341 74 49 -1 -1 -1 0 
24 1 823 328 65 57 -1 -1 -1 0 
24 2 640 328 52 52 -1 -1 -1 0 
24 3 723 334 35 37 -1 -1 -1 0 
24 12 599 332 38 39 -1 -1 -1 0 
24 18 143 342 57 53 -1 -1 -1 0 
25 1 824 328 63 56 -1 -1 -1 0 
25 2 639 330 54 50 -1 -1 -1 0 
25 3 724 334 33 38 -1 -1 -1 0 
25 12 599 332 38 39 -1 -1 -1 0 
25 18 130 343 58 54 -1 -1 -1 0 
25 28 1 342 70 66 -1 -1 -1 0 
26 1 824 329 63 55 -1 -1 -1 0 
26 2 640 331 52 48 -1 -1 -1 0 
26 3 723 334 35 38 -1 -1 -1 0 
26 28 0 341 62 67 -1 -1 -1 0 
27 1 824 328 62 56 -1 -1 -1 0 
27 2 642 331 49 49 -1 -1 -1 0 
27 3 723 334 35 38 -1 -1 -1 0 
27 20 130 341 51 44 -1 -1 -1 0 
27 29 16 343 84 64 -1 -1 -1 0 
28 1 823 328 63 56 -1 -1 -1 0 
28 2 640 331 53 49 -1 -1 -1 0 
28 3 723 334 34 39 -1 -1 -1 0 
28 18 35 342 72 50 -1 -1 -1 0 
28 20 113 341 52 45 -1 -1 -1 0 
28 29 3 341 82 63 -1 -1 -1 0 
29 1 821 328 66 56 -1 -1 -1 0 
29 2 641 331 52 48 -1 -1 -1 0 
29 3 722 333 35 40 -1 -1 -1 0 
29 12 600 333 36 38 -1 -1 -1 0 
29 18 14 342 74 51 -1 -1 -1 0 
30 1 821 330 65 56 -1 -1 -1 0 
30 2 642 331 51 48 -1 -1 -1 0 
30 3 722 334 35 39 -1 -1 -1 0 
30 12 600 334 36 38 -1 -1 -1 0 
31 1 822 330 64 54 -1 -1 -1 0 
31 2 642 331 51 47 -1 -1 -1 0 
31 3 722 334 35 39 -1 -1 -1 0 
31 12 599 334 38 37 -1 -1 -1 0 
32 1 821 331 65 53 -1 -1 -1 0 
32 2 647 330 46 47 -1 -1 -1 0 
32 3 722 334 34 38 -1 -1 -1 0 
32 12 601 332 33 38 -1 -1 -1 0 
33 1 823 333 61 51 -1 -1 -1 0 
33 2 646 331 47 47 -1 -1 -1 0 
33 3 722 334 34 38 -1 -1 -1 0 
33 12 600 333 35 37 -1 -1 -1 0 
34 1 823 334 61 49 -1 -1 -1 0 
34 2 646 331 48 47 -1 -1 -1 0 
34 3 722 335 34 37 -1 -1 -1 0 
34 12 601 333 33 37 -1 -1 -1 0 
35 1 823 334 62 49 -1 -1 -1 0 
35 2 646 331 47 45 -1 -1 -1 0 
35 3 722 335 33 36 -1 -1 -1 0 
35 12 600 331 34 38 -1 -1 -1 0 
36 1 822 334 63 49 -1 -1 -1 0 
36 2 650 331 42 46 -1 -1 -1 0 
36 3 722 335 32 36 -1 -1 -1 0 
36 12 599 331 36 38 -1 -1 -1 0 
37 1 823 335 62 48 -1 -1 -1 0 
37 2 651 331 40 46 -1 -1 -1 0 
37 3 721 335 31 35 -1 -1 -1 0 
37 12 601 332 33 37 -1 -1 -1 0 
38 1 823 336 61 47 -1 -1 -1 0 
38 2 651 332 41 45 -1 -1 -1 0 
38 3 720 335 33 36 -1 -1 -1 0 
38 12 601 332 34 38 -1 -1 -1 0 
39 1 824 336 59 48 -1 -1 -1 0 
39 2 652 334 39 42 -1 -1 -1 0 
39 3 721 336 31 35 -1 -1 -1 0 
39 12 601 332 35 38 -1 -1 -1 0 
40 1 826 336 57 48 -1 -1 -1 0 
40 2 653 334 38 42 -1 -1 -1 0 
40 3 720 336 32 35 -1 -1 -1 0 
40 12 601 332 34 38 -1 -1 -1 0 
