3 1 512 333 56 56 -1 -1 -1 0 
3 2 679 335 23 29 -1 -1 -1 0 
4 1 511 333 57 55 -1 -1 -1 0 
4 2 678 335 24 29 -1 -1 -1 0 
5 1 511 334 57 55 -1 -1 -1 0 
5 2 678 334 25 31 -1 -1 -1 0 
6 1 512 334 55 55 -1 -1 -1 0 
6 2 677 334 26 31 -1 -1 -1 0 
7 1 512 334 56 56 -1 -1 -1 0 
7 2 678 334 24 31 -1 -1 -1 0 
8 1 511 334 57 55 -1 -1 -1 0 
8 2 678 333 24 32 -1 -1 -1 0 
9 1 511 334 56 54 -1 -1 -1 0 
9 2 678 335 24 28 -1 -1 -1 0 
10 1 512 334 55 54 -1 -1 -1 0 
10 2 678 335 24 28 -1 -1 -1 0 
11 1 512 334 55 54 -1 -1 -1 0 
12 1 512 332 56 55 -1 -1 -1 0 
13 1 512 332 56 55 -1 -1 -1 0 
13 2 678 334 23 30 -1 -1 -1 0 
14 1 512 332 55 56 -1 -1 -1 0 
14 2 678 334 24 29 -1 -1 -1 0 
15 1 512 332 55 57 -1 -1 -1 0 
15 2 678 334 23 30 -1 -1 -1 0 
16 1 511 332 56 57 -1 -1 -1 0 
16 2 678 334 23 30 -1 -1 -1 0 
17 1 511 333 57 56 -1 -1 -1 0 
17 2 677 334 25 30 -1 -1 -1 0 
18 1 512 333 55 55 -1 -1 -1 0 
18 2 678 334 24 29 -1 -1 -1 0 
19 1 512 333 55 55 -1 -1 -1 0 
19 2 678 334 25 29 -1 -1 -1 0 
20 1 512 333 57 56 -1 -1 -1 0 
20 2 679 334 24 29 -1 -1 -1 0 
21 1 512 333 57 56 -1 -1 -1 0 
21 2 679 334 24 29 -1 -1 -1 0 
22 1 513 334 55 55 -1 -1 -1 0 
22 2 679 334 24 30 -1 -1 -1 0 
23 1 513 332 56 58 -1 -1 -1 0 
23 2 679 334 24 30 -1 -1 -1 0 
24 1 512 332 56 58 -1 -1 -1 0 
24 2 679 334 24 30 -1 -1 -1 0 
25 1 512 332 56 58 -1 -1 -1 0 
25 2 679 332 24 32 -1 -1 -1 0 
26 1 513 334 54 56 -1 -1 -1 0 
26 2 678 333 26 32 -1 -1 -1 0 
27 1 514 334 55 56 -1 -1 -1 0 
27 2 679 334 25 30 -1 -1 -1 0 
28 1 513 334 56 55 -1 -1 -1 0 
28 2 680 334 23 30 -1 -1 -1 0 
29 1 513 334 57 55 -1 -1 -1 0 
29 2 680 334 24 30 -1 -1 -1 0 
30 1 513 334 58 56 -1 -1 -1 0 
31 1 513 334 58 56 -1 -1 -1 0 
31 2 680 335 23 29 -1 -1 -1 0 
32 1 513 334 59 57 -1 -1 -1 0 
32 2 679 335 24 28 -1 -1 -1 0 
33 1 513 333 58 58 -1 -1 -1 0 
33 2 679 336 24 27 -1 -1 -1 0 
34 1 513 332 58 59 -1 -1 -1 0 
35 1 513 332 58 59 -1 -1 -1 0 
36 1 512 331 60 61 -1 -1 -1 0 
37 1 510 331 62 59 -1 -1 -1 0 
37 2 680 335 24 29 -1 -1 -1 0 
38 1 511 332 59 58 -1 -1 -1 0 
38 2 680 334 24 31 -1 -1 -1 0 
39 1 511 332 59 58 -1 -1 -1 0 
39 2 680 334 24 31 -1 -1 -1 0 
40 1 511 332 59 58 -1 -1 -1 0 
40 2 679 334 25 31 -1 -1 -1 0 
