3 1 594 331 49 54 -1 -1 -1 0 
4 1 595 331 46 53 -1 -1 -1 0 
5 1 594 332 47 51 -1 -1 -1 0 
6 1 595 333 44 50 -1 -1 -1 0 
7 1 595 334 43 50 -1 -1 -1 0 
8 1 595 334 43 50 -1 -1 -1 0 
9 1 595 334 43 51 -1 -1 -1 0 
10 1 595 335 43 50 -1 -1 -1 0 
11 1 595 334 44 51 -1 -1 -1 0 
11 2 676 333 22 28 -1 -1 -1 0 
12 1 595 334 44 51 -1 -1 -1 0 
12 2 676 332 21 28 -1 -1 -1 0 
13 1 595 334 45 50 -1 -1 -1 0 
13 2 675 331 21 28 -1 -1 -1 0 
14 1 596 335 43 49 -1 -1 -1 0 
15 1 595 334 44 49 -1 -1 -1 0 
16 1 596 335 43 48 -1 -1 -1 0 
17 1 596 335 42 48 -1 -1 -1 0 
18 1 597 335 41 47 -1 -1 -1 0 
19 1 597 335 42 47 -1 -1 -1 0 
20 1 597 334 42 48 -1 -1 -1 0 
21 1 597 334 42 47 -1 -1 -1 0 
22 1 596 334 44 47 -1 -1 -1 0 
23 1 597 334 42 47 -1 -1 -1 0 
24 1 597 334 42 47 -1 -1 -1 0 
25 1 598 333 41 48 -1 -1 -1 0 
26 1 598 333 41 48 -1 -1 -1 0 
27 1 599 332 39 50 -1 -1 -1 0 
28 1 598 332 41 50 -1 -1 -1 0 
29 1 598 332 41 50 -1 -1 -1 0 
30 1 598 330 40 51 -1 -1 -1 0 
31 1 597 330 41 51 -1 -1 -1 0 
32 1 597 331 40 49 -1 -1 -1 0 
33 1 597 331 40 48 -1 -1 -1 0 
34 1 597 330 39 49 -1 -1 -1 0 
35 1 598 330 38 48 -1 -1 -1 0 
36 1 598 329 38 49 -1 -1 -1 0 
37 1 597 328 39 49 -1 -1 -1 0 
38 1 598 327 38 49 -1 -1 -1 0 
39 1 598 326 38 50 -1 -1 -1 0 
40 1 597 325 39 51 -1 -1 -1 0 
