3 1 474 338 70 62 -1 -1 -1 0 
3 2 675 336 33 40 -1 -1 -1 0 
3 3 781 331 32 43 -1 -1 -1 0 
4 1 473 338 70 62 -1 -1 -1 0 
4 2 675 337 33 39 -1 -1 -1 0 
4 3 781 331 32 43 -1 -1 -1 0 
5 1 472 338 70 60 -1 -1 -1 0 
5 2 675 337 32 39 -1 -1 -1 0 
5 3 780 332 33 42 -1 -1 -1 0 
6 1 471 339 71 59 -1 -1 -1 0 
6 2 674 337 34 39 -1 -1 -1 0 
6 3 781 332 33 43 -1 -1 -1 0 
7 1 472 338 70 60 -1 -1 -1 0 
7 2 675 337 32 39 -1 -1 -1 0 
7 3 779 332 36 43 -1 -1 -1 0 
8 1 472 338 70 61 -1 -1 -1 0 
8 2 676 337 31 39 -1 -1 -1 0 
8 3 779 332 36 43 -1 -1 -1 0 
9 1 471 338 71 62 -1 -1 -1 0 
9 2 677 337 30 41 -1 -1 -1 0 
9 3 778 334 39 43 -1 -1 -1 0 
10 1 471 337 72 62 -1 -1 -1 0 
10 2 676 338 33 39 -1 -1 -1 0 
10 3 781 335 37 42 -1 -1 -1 0 
11 1 471 337 72 62 -1 -1 -1 0 
11 2 676 337 33 40 -1 -1 -1 0 
11 3 781 336 37 42 -1 -1 -1 0 
12 1 471 336 71 62 -1 -1 -1 0 
12 2 676 336 33 40 -1 -1 -1 0 
12 3 783 333 35 42 -1 -1 -1 0 
13 1 471 336 72 61 -1 -1 -1 0 
13 2 676 336 34 40 -1 -1 -1 0 
13 3 782 330 38 45 -1 -1 -1 0 
14 1 471 335 72 61 -1 -1 -1 0 
14 2 677 333 33 41 -1 -1 -1 0 
14 3 783 328 38 47 -1 -1 -1 0 
15 1 471 335 72 60 -1 -1 -1 0 
15 2 676 333 35 41 -1 -1 -1 0 
15 3 783 327 39 47 -1 -1 -1 0 
16 1 471 334 72 60 -1 -1 -1 0 
16 2 676 334 35 40 -1 -1 -1 0 
16 3 783 325 39 48 -1 -1 -1 0 
17 1 472 333 71 60 -1 -1 -1 0 
17 2 677 333 33 41 -1 -1 -1 0 
17 3 783 325 39 47 -1 -1 -1 0 
18 1 472 333 70 59 -1 -1 -1 0 
18 2 678 333 32 41 -1 -1 -1 0 
18 3 783 325 40 47 -1 -1 -1 0 
19 1 471 333 71 59 -1 -1 -1 0 
19 2 677 332 35 42 -1 -1 -1 0 
19 3 783 324 40 49 -1 -1 -1 0 
20 1 471 333 72 60 -1 -1 -1 0 
20 2 677 334 35 41 -1 -1 -1 0 
20 3 782 325 42 49 -1 -1 -1 0 
21 1 472 333 71 61 -1 -1 -1 0 
21 2 678 334 34 43 -1 -1 -1 0 
21 3 783 325 41 50 -1 -1 -1 0 
22 1 472 333 71 61 -1 -1 -1 0 
22 2 678 333 34 43 -1 -1 -1 0 
22 3 783 324 42 51 -1 -1 -1 0 
23 1 472 332 71 61 -1 -1 -1 0 
23 2 678 333 35 43 -1 -1 -1 0 
23 3 783 324 43 51 -1 -1 -1 0 
24 1 471 332 73 61 -1 -1 -1 0 
24 2 678 333 34 43 -1 -1 -1 0 
24 3 783 325 44 51 -1 -1 -1 0 
25 1 473 329 71 64 -1 -1 -1 0 
25 2 679 332 33 44 -1 -1 -1 0 
25 3 784 325 43 51 -1 -1 -1 0 
26 1 473 329 71 65 -1 -1 -1 0 
26 2 678 332 35 43 -1 -1 -1 0 
26 3 785 326 43 48 -1 -1 -1 0 
27 1 472 329 73 65 -1 -1 -1 0 
27 2 679 331 33 44 -1 -1 -1 0 
27 3 785 326 44 48 -1 -1 -1 0 
28 1 471 332 75 62 -1 -1 -1 0 
28 2 680 331 33 45 -1 -1 -1 0 
28 3 787 326 43 48 -1 -1 -1 0 
29 1 472 334 75 60 -1 -1 -1 0 
29 2 680 331 33 45 -1 -1 -1 0 
29 3 788 325 44 50 -1 -1 -1 0 
30 1 472 334 75 61 -1 -1 -1 0 
30 2 680 331 34 45 -1 -1 -1 0 
30 3 788 325 45 50 -1 -1 -1 0 
31 1 472 334 76 61 -1 -1 -1 0 
31 2 680 333 34 45 -1 -1 -1 0 
31 3 789 326 46 51 -1 -1 -1 0 
32 1 472 335 76 60 -1 -1 -1 0 
32 2 681 333 33 45 -1 -1 -1 0 
32 3 789 327 47 51 -1 -1 -1 0 
33 1 473 335 75 59 -1 -1 -1 0 
33 2 680 333 35 44 -1 -1 -1 0 
33 3 790 327 46 51 -1 -1 -1 0 
34 1 474 335 74 59 -1 -1 -1 0 
34 2 680 333 35 44 -1 -1 -1 0 
34 3 791 327 47 52 -1 -1 -1 0 
35 1 476 335 71 59 -1 -1 -1 0 
35 2 680 333 35 45 -1 -1 -1 0 
35 3 791 328 48 51 -1 -1 -1 0 
36 1 476 335 73 59 -1 -1 -1 0 
36 2 681 332 33 45 -1 -1 -1 0 
36 3 791 328 48 50 -1 -1 -1 0 
37 1 476 336 73 58 -1 -1 -1 0 
37 2 681 332 33 45 -1 -1 -1 0 
37 3 792 328 48 50 -1 -1 -1 0 
38 1 477 335 70 58 -1 -1 -1 0 
38 2 681 332 34 45 -1 -1 -1 0 
38 3 794 328 45 50 -1 -1 -1 0 
39 1 477 335 71 58 -1 -1 -1 0 
39 2 681 332 34 45 -1 -1 -1 0 
39 3 794 327 46 52 -1 -1 -1 0 
40 1 477 335 71 58 -1 -1 -1 0 
40 2 682 332 33 45 -1 -1 -1 0 
40 3 794 327 48 52 -1 -1 -1 0 
