3 1 619 332 40 48 -1 -1 -1 0 
3 2 477 323 132 122 -1 -1 -1 0 
3 3 769 333 50 58 -1 -1 -1 0 
4 1 621 332 38 48 -1 -1 -1 0 
4 2 485 325 122 114 -1 -1 -1 0 
4 3 770 332 49 58 -1 -1 -1 0 
5 1 621 333 39 47 -1 -1 -1 0 
5 2 488 322 119 118 -1 -1 -1 0 
5 3 770 332 49 58 -1 -1 -1 0 
6 1 622 334 39 47 -1 -1 -1 0 
6 2 488 324 125 117 -1 -1 -1 0 
6 3 769 332 50 58 -1 -1 -1 0 
6 5 794 321 86 81 -1 -1 -1 0 
7 1 623 334 39 45 -1 -1 -1 0 
7 2 496 328 118 109 -1 -1 -1 0 
7 3 769 331 49 59 -1 -1 -1 0 
7 5 795 320 83 83 -1 -1 -1 0 
8 1 624 334 38 45 -1 -1 -1 0 
8 2 501 334 115 100 -1 -1 -1 0 
8 3 768 330 51 61 -1 -1 -1 0 
8 5 794 323 87 80 -1 -1 -1 0 
9 1 625 333 37 45 -1 -1 -1 0 
9 2 507 336 111 96 -1 -1 -1 0 
9 5 792 323 90 81 -1 -1 -1 0 
10 1 626 333 37 45 -1 -1 -1 0 
10 2 510 339 108 90 -1 -1 -1 0 
10 5 794 326 88 79 -1 -1 -1 0 
11 1 626 333 38 45 -1 -1 -1 0 
11 2 517 338 101 89 -1 -1 -1 0 
11 5 799 326 83 78 -1 -1 -1 0 
12 1 626 334 38 44 -1 -1 -1 0 
12 2 520 338 98 87 -1 -1 -1 0 
12 5 799 325 82 79 -1 -1 -1 0 
13 1 626 334 38 44 -1 -1 -1 0 
13 2 523 338 96 86 -1 -1 -1 0 
13 5 791 319 90 85 -1 -1 -1 0 
14 1 627 335 37 43 -1 -1 -1 0 
14 2 524 341 98 82 -1 -1 -1 0 
14 5 792 319 89 85 -1 -1 -1 0 
15 1 628 335 35 42 -1 -1 -1 0 
15 2 528 341 93 81 -1 -1 -1 0 
15 5 793 318 89 87 -1 -1 -1 0 
16 1 628 336 37 41 -1 -1 -1 0 
16 2 530 340 92 81 -1 -1 -1 0 
16 5 791 317 91 88 -1 -1 -1 0 
17 1 628 336 37 41 -1 -1 -1 0 
17 2 533 339 90 81 -1 -1 -1 0 
17 5 788 316 93 89 -1 -1 -1 0 
18 1 628 335 36 41 -1 -1 -1 0 
18 2 534 338 89 81 -1 -1 -1 0 
18 5 778 318 102 85 -1 -1 -1 0 
19 1 628 335 35 41 -1 -1 -1 0 
19 2 535 337 90 81 -1 -1 -1 0 
19 5 792 318 85 86 -1 -1 -1 0 
20 1 628 334 35 41 -1 -1 -1 0 
20 2 535 335 92 83 -1 -1 -1 0 
20 5 796 320 83 83 -1 -1 -1 0 
21 1 628 334 34 40 -1 -1 -1 0 
21 2 535 334 93 81 -1 -1 -1 0 
21 5 799 321 80 82 -1 -1 -1 0 
22 1 628 334 33 40 -1 -1 -1 0 
22 2 538 334 88 78 -1 -1 -1 0 
22 3 770 333 51 58 -1 -1 -1 0 
22 5 802 323 78 80 -1 -1 -1 0 
23 1 627 333 34 41 -1 -1 -1 0 
23 2 542 336 82 76 -1 -1 -1 0 
23 3 768 333 52 57 -1 -1 -1 0 
23 5 801 324 79 82 -1 -1 -1 0 
24 1 626 332 35 42 -1 -1 -1 0 
24 2 544 336 79 74 -1 -1 -1 0 
24 3 768 333 53 57 -1 -1 -1 0 
24 5 803 325 78 83 -1 -1 -1 0 
25 1 626 332 34 42 -1 -1 -1 0 
25 2 545 336 78 74 -1 -1 -1 0 
25 3 767 333 55 58 -1 -1 -1 0 
25 5 806 326 75 81 -1 -1 -1 0 
26 1 625 333 34 40 -1 -1 -1 0 
26 2 547 336 75 74 -1 -1 -1 0 
26 3 766 333 57 58 -1 -1 -1 0 
26 5 805 324 77 81 -1 -1 -1 0 
27 1 625 333 33 40 -1 -1 -1 0 
27 2 547 336 75 73 -1 -1 -1 0 
27 5 800 324 83 83 -1 -1 -1 0 
28 1 625 332 33 41 -1 -1 -1 0 
28 2 548 335 74 72 -1 -1 -1 0 
28 5 799 323 85 84 -1 -1 -1 0 
29 1 625 332 33 41 -1 -1 -1 0 
29 2 548 336 75 70 -1 -1 -1 0 
29 5 799 323 86 85 -1 -1 -1 0 
30 1 624 333 34 41 -1 -1 -1 0 
30 2 549 337 74 68 -1 -1 -1 0 
31 1 624 333 32 41 -1 -1 -1 0 
31 2 552 337 71 69 -1 -1 -1 0 
31 5 772 324 95 76 -1 -1 -1 0 
32 1 624 333 32 41 -1 -1 -1 0 
32 2 552 337 73 68 -1 -1 -1 0 
32 5 770 322 96 78 -1 -1 -1 0 
33 1 624 333 31 40 -1 -1 -1 0 
33 2 553 337 72 68 -1 -1 -1 0 
33 5 768 323 93 76 -1 -1 -1 0 
34 1 623 334 31 38 -1 -1 -1 0 
34 2 553 338 72 65 -1 -1 -1 0 
34 5 793 320 76 81 -1 -1 -1 0 
35 1 624 334 29 38 -1 -1 -1 0 
35 2 556 338 69 64 -1 -1 -1 0 
35 5 800 321 76 82 -1 -1 -1 0 
36 1 624 335 28 36 -1 -1 -1 0 
36 2 557 338 69 63 -1 -1 -1 0 
36 5 803 320 75 85 -1 -1 -1 0 
37 1 622 333 30 37 -1 -1 -1 0 
37 2 559 334 64 66 -1 -1 -1 0 
37 5 804 320 75 85 -1 -1 -1 0 
38 1 622 333 29 37 -1 -1 -1 0 
38 2 559 332 64 67 -1 -1 -1 0 
38 5 802 319 78 89 -1 -1 -1 0 
39 1 621 333 29 37 -1 -1 -1 0 
39 2 558 329 65 69 -1 -1 -1 0 
39 5 802 322 83 90 -1 -1 -1 0 
40 1 621 332 29 37 -1 -1 -1 0 
40 2 557 328 65 70 -1 -1 -1 0 
40 5 798 322 85 91 -1 -1 -1 0 
