3 1 843 337 87 62 -1 -1 -1 0 
3 2 525 315 94 96 -1 -1 -1 0 
4 1 842 337 85 61 -1 -1 -1 0 
4 2 528 314 93 98 -1 -1 -1 0 
4 4 432 315 30 30 -1 -1 -1 0 
5 1 840 337 85 60 -1 -1 -1 0 
5 2 530 317 95 93 -1 -1 -1 0 
5 4 433 315 27 30 -1 -1 -1 0 
6 1 840 337 83 60 -1 -1 -1 0 
6 2 533 317 92 93 -1 -1 -1 0 
6 4 479 317 21 28 -1 -1 -1 0 
7 1 839 337 81 59 -1 -1 -1 0 
7 2 535 317 90 93 -1 -1 -1 0 
7 4 492 318 21 27 -1 -1 -1 0 
8 1 837 337 82 59 -1 -1 -1 0 
8 2 536 317 90 92 -1 -1 -1 0 
8 4 444 315 29 30 -1 -1 -1 0 
8 9 436 315 24 30 -1 -1 -1 0 
8 10 177 336 79 46 -1 -1 -1 0 
9 1 835 337 83 59 -1 -1 -1 0 
9 2 537 318 91 91 -1 -1 -1 0 
9 4 429 314 30 31 -1 -1 -1 0 
9 9 435 316 24 29 -1 -1 -1 0 
9 10 158 337 70 47 -1 -1 -1 0 
9 12 361 305 29 37 -1 -1 -1 0 
10 1 836 336 79 59 -1 -1 -1 0 
10 2 540 319 89 89 -1 -1 -1 0 
10 4 423 314 29 31 -1 -1 -1 0 
10 9 367 306 28 36 -1 -1 -1 0 
10 10 118 336 77 50 -1 -1 -1 0 
10 12 338 304 33 37 -1 -1 -1 0 
10 13 293 299 42 40 -1 -1 -1 0 
11 1 835 336 78 59 -1 -1 -1 0 
11 2 541 318 90 89 -1 -1 -1 0 
11 4 395 309 26 35 -1 -1 -1 0 
11 9 397 310 34 35 -1 -1 -1 0 
11 10 65 334 89 56 -1 -1 -1 0 
11 12 349 305 28 36 -1 -1 -1 0 
11 13 288 300 42 40 -1 -1 -1 0 
12 1 832 335 79 60 -1 -1 -1 0 
12 2 543 318 90 89 -1 -1 -1 0 
12 4 388 308 27 36 -1 -1 -1 0 
12 9 400 311 38 34 -1 -1 -1 0 
12 10 10 335 97 59 -1 -1 -1 0 
12 12 346 303 32 38 -1 -1 -1 0 
12 13 281 297 47 44 -1 -1 -1 0 
12 14 756 330 27 34 -1 -1 -1 0 
13 1 831 335 78 60 -1 -1 -1 0 
13 2 547 317 85 90 -1 -1 -1 0 
13 9 401 311 34 36 -1 -1 -1 0 
13 10 0 335 49 60 -1 -1 -1 0 
13 12 343 303 33 40 -1 -1 -1 0 
13 13 277 297 47 45 -1 -1 -1 0 
13 14 756 330 27 34 -1 -1 -1 0 
14 1 827 335 81 62 -1 -1 -1 0 
14 2 549 317 84 89 -1 -1 -1 0 
14 9 395 309 34 37 -1 -1 -1 0 
14 10 0 335 12 63 -1 -1 -1 0 
14 12 340 301 33 41 -1 -1 -1 0 
14 13 270 294 49 48 -1 -1 -1 0 
14 14 756 329 28 36 -1 -1 -1 0 
15 1 824 336 82 61 -1 -1 -1 0 
15 2 551 315 82 91 -1 -1 -1 0 
15 9 404 311 29 35 -1 -1 -1 0 
15 12 337 302 32 39 -1 -1 -1 0 
15 13 261 294 54 46 -1 -1 -1 0 
15 14 757 328 28 37 -1 -1 -1 0 
16 1 822 337 81 59 -1 -1 -1 0 
16 2 553 316 82 89 -1 -1 -1 0 
16 4 494 321 25 29 -1 -1 -1 0 
16 9 403 312 30 34 -1 -1 -1 0 
16 12 332 301 31 40 -1 -1 -1 0 
16 13 256 296 50 43 -1 -1 -1 0 
16 14 757 327 29 39 -1 -1 -1 0 
17 1 822 337 78 60 -1 -1 -1 0 
17 2 555 317 80 88 -1 -1 -1 0 
17 4 506 325 23 28 -1 -1 -1 0 
17 9 397 312 32 32 -1 -1 -1 0 
17 12 326 301 35 40 -1 -1 -1 0 
17 13 252 292 49 49 -1 -1 -1 0 
17 14 756 327 31 39 -1 -1 -1 0 
18 1 822 337 77 60 -1 -1 -1 0 
18 2 555 319 81 85 -1 -1 -1 0 
18 4 506 326 24 28 -1 -1 -1 0 
18 9 393 313 29 30 -1 -1 -1 0 
18 12 321 301 37 39 -1 -1 -1 0 
18 13 246 293 50 47 -1 -1 -1 0 
18 14 757 327 30 39 -1 -1 -1 0 
19 1 818 337 79 60 -1 -1 -1 0 
19 2 558 319 78 85 -1 -1 -1 0 
19 4 524 325 26 30 -1 -1 -1 0 
19 9 448 318 28 27 -1 -1 -1 0 
19 12 317 301 33 39 -1 -1 -1 0 
19 13 236 294 54 47 -1 -1 -1 0 
19 14 757 326 30 41 -1 -1 -1 0 
20 1 816 335 78 62 -1 -1 -1 0 
20 2 558 319 78 85 -1 -1 -1 0 
20 4 505 326 29 28 -1 -1 -1 0 
20 9 453 319 28 27 -1 -1 -1 0 
20 12 311 302 36 38 -1 -1 -1 0 
20 13 230 293 55 48 -1 -1 -1 0 
20 14 757 326 30 40 -1 -1 -1 0 
21 1 818 334 74 62 -1 -1 -1 0 
21 2 559 319 78 84 -1 -1 -1 0 
21 4 500 325 27 26 -1 -1 -1 0 
21 12 308 301 34 40 -1 -1 -1 0 
21 13 229 299 44 42 -1 -1 -1 0 
21 14 757 326 30 40 -1 -1 -1 0 
22 1 813 335 79 61 -1 -1 -1 0 
22 2 560 319 77 84 -1 -1 -1 0 
22 4 505 325 27 26 -1 -1 -1 0 
22 12 303 301 34 38 -1 -1 -1 0 
22 13 223 299 45 42 -1 -1 -1 0 
22 14 757 327 31 40 -1 -1 -1 0 
23 1 811 335 78 60 -1 -1 -1 0 
23 2 561 319 76 83 -1 -1 -1 0 
23 4 494 322 26 29 -1 -1 -1 0 
23 9 462 322 29 29 -1 -1 -1 0 
23 12 298 301 35 39 -1 -1 -1 0 
23 14 757 327 31 39 -1 -1 -1 0 
24 1 809 335 77 60 -1 -1 -1 0 
24 2 561 319 77 82 -1 -1 -1 0 
24 4 497 323 27 28 -1 -1 -1 0 
24 9 480 325 30 27 -1 -1 -1 0 
24 12 293 300 35 41 -1 -1 -1 0 
24 14 758 327 30 39 -1 -1 -1 0 
25 1 807 335 78 60 -1 -1 -1 0 
25 2 562 319 76 81 -1 -1 -1 0 
25 9 486 326 30 26 -1 -1 -1 0 
25 12 289 302 33 39 -1 -1 -1 0 
25 14 758 327 30 38 -1 -1 -1 0 
26 1 807 334 75 61 -1 -1 -1 0 
26 2 563 320 75 81 -1 -1 -1 0 
26 12 281 301 35 40 -1 -1 -1 0 
26 14 759 327 29 38 -1 -1 -1 0 
27 1 806 334 75 60 -1 -1 -1 0 
27 2 563 320 75 80 -1 -1 -1 0 
27 9 457 324 29 30 -1 -1 -1 0 
27 12 276 301 36 41 -1 -1 -1 0 
27 14 759 327 29 39 -1 -1 -1 0 
28 1 806 333 73 61 -1 -1 -1 0 
28 2 565 321 73 78 -1 -1 -1 0 
28 9 472 325 27 29 -1 -1 -1 0 
28 12 251 304 35 41 -1 -1 -1 0 
28 14 759 327 30 39 -1 -1 -1 0 
29 1 805 333 72 62 -1 -1 -1 0 
29 2 566 321 72 78 -1 -1 -1 0 
29 4 349 317 46 35 -1 -1 -1 0 
29 9 475 326 27 29 -1 -1 -1 0 
29 12 222 304 51 43 -1 -1 -1 0 
29 14 758 327 31 40 -1 -1 -1 0 
30 1 803 333 74 62 -1 -1 -1 0 
30 2 565 321 73 80 -1 -1 -1 0 
30 4 339 317 48 36 -1 -1 -1 0 
30 12 238 306 45 42 -1 -1 -1 0 
30 14 759 327 30 40 -1 -1 -1 0 
31 1 801 333 74 62 -1 -1 -1 0 
31 2 565 321 74 80 -1 -1 -1 0 
31 12 241 306 43 45 -1 -1 -1 0 
31 14 759 328 31 39 -1 -1 -1 0 
32 1 799 333 74 62 -1 -1 -1 0 
32 2 565 321 74 80 -1 -1 -1 0 
32 12 199 303 55 48 -1 -1 -1 0 
32 14 759 328 32 40 -1 -1 -1 0 
33 1 798 335 73 60 -1 -1 -1 0 
33 2 565 321 73 80 -1 -1 -1 0 
33 4 462 329 34 32 -1 -1 -1 0 
33 12 224 302 41 48 -1 -1 -1 0 
33 13 9 344 68 48 -1 -1 -1 0 
34 1 794 335 77 60 -1 -1 -1 0 
34 2 565 322 74 78 -1 -1 -1 0 
34 4 465 325 30 37 -1 -1 -1 0 
34 12 191 302 54 50 -1 -1 -1 0 
34 13 2 338 30 60 -1 -1 -1 0 
35 1 796 335 72 60 -1 -1 -1 0 
35 2 566 322 73 78 -1 -1 -1 0 
35 4 462 326 33 37 -1 -1 -1 0 
35 12 211 302 41 46 -1 -1 -1 0 
35 13 0 340 14 61 -1 -1 -1 0 
36 1 791 334 78 62 -1 -1 -1 0 
36 2 567 322 73 77 -1 -1 -1 0 
36 4 455 327 36 37 -1 -1 -1 0 
36 12 208 297 50 51 -1 -1 -1 0 
37 1 790 334 78 61 -1 -1 -1 0 
37 2 568 323 72 75 -1 -1 -1 0 
37 4 441 329 36 37 -1 -1 -1 0 
37 12 202 296 53 52 -1 -1 -1 0 
38 1 791 333 75 62 -1 -1 -1 0 
38 2 569 323 71 74 -1 -1 -1 0 
38 4 455 329 29 34 -1 -1 -1 0 
39 1 790 332 74 62 -1 -1 -1 0 
39 2 571 321 70 75 -1 -1 -1 0 
39 4 456 327 28 34 -1 -1 -1 0 
39 12 227 302 42 52 -1 -1 -1 0 
40 1 788 331 74 63 -1 -1 -1 0 
40 2 571 321 71 74 -1 -1 -1 0 
40 4 431 323 34 33 -1 -1 -1 0 
40 12 226 302 43 53 -1 -1 -1 0 
40 14 466 324 26 30 -1 -1 -1 0 
40 22 154 285 79 71 -1 -1 -1 0 
