3 1 671 328 41 50 -1 -1 -1 0 
4 1 671 327 42 51 -1 -1 -1 0 
5 1 670 327 43 50 -1 -1 -1 0 
6 1 670 327 43 49 -1 -1 -1 0 
7 1 670 326 43 49 -1 -1 -1 0 
8 1 671 325 42 51 -1 -1 -1 0 
9 1 671 326 42 51 -1 -1 -1 0 
10 1 671 327 42 51 -1 -1 -1 0 
11 1 670 328 43 52 -1 -1 -1 0 
12 1 670 328 43 52 -1 -1 -1 0 
13 1 671 328 42 52 -1 -1 -1 0 
14 1 671 328 42 51 -1 -1 -1 0 
15 1 671 326 42 53 -1 -1 -1 0 
16 1 670 326 43 52 -1 -1 -1 0 
17 1 670 325 43 52 -1 -1 -1 0 
18 1 670 325 43 52 -1 -1 -1 0 
19 1 669 324 44 52 -1 -1 -1 0 
20 1 669 324 45 52 -1 -1 -1 0 
21 1 669 325 45 51 -1 -1 -1 0 
22 1 670 325 43 51 -1 -1 -1 0 
23 1 669 325 45 51 -1 -1 -1 0 
24 1 669 325 45 51 -1 -1 -1 0 
25 1 669 325 45 51 -1 -1 -1 0 
26 1 669 325 45 51 -1 -1 -1 0 
27 1 670 325 43 50 -1 -1 -1 0 
28 1 669 325 45 50 -1 -1 -1 0 
29 1 670 325 43 50 -1 -1 -1 0 
30 1 670 323 44 51 -1 -1 -1 0 
31 1 669 323 46 50 -1 -1 -1 0 
32 1 669 323 46 51 -1 -1 -1 0 
33 1 669 325 45 50 -1 -1 -1 0 
34 1 669 325 44 52 -1 -1 -1 0 
35 1 669 327 44 51 -1 -1 -1 0 
36 1 670 327 43 53 -1 -1 -1 0 
37 1 670 327 43 52 -1 -1 -1 0 
38 1 669 327 44 51 -1 -1 -1 0 
39 1 670 325 42 52 -1 -1 -1 0 
40 1 669 325 43 52 -1 -1 -1 0 
