7 1 651 290 71 107 -1 -1 -1 0 
8 1 651 289 72 108 -1 -1 -1 0 
9 1 650 287 76 112 -1 -1 -1 0 
10 1 651 292 76 105 -1 -1 -1 0 
11 1 652 295 74 102 -1 -1 -1 0 
12 1 653 301 71 94 -1 -1 -1 0 
12 4 616 315 39 61 -1 -1 -1 0 
13 1 656 305 67 90 -1 -1 -1 0 
13 4 616 319 38 55 -1 -1 -1 0 
13 5 554 321 38 55 -1 -1 -1 0 
14 1 657 308 65 87 -1 -1 -1 0 
14 4 617 322 36 52 -1 -1 -1 0 
14 5 555 324 37 51 -1 -1 -1 0 
15 1 658 309 64 86 -1 -1 -1 0 
15 4 617 323 36 50 -1 -1 -1 0 
15 5 558 324 34 50 -1 -1 -1 0 
16 1 659 311 63 83 -1 -1 -1 0 
16 4 618 324 35 49 -1 -1 -1 0 
16 5 558 327 35 45 -1 -1 -1 0 
17 1 659 312 63 82 -1 -1 -1 0 
17 4 618 324 34 49 -1 -1 -1 0 
17 5 561 326 32 45 -1 -1 -1 0 
18 1 659 315 63 78 -1 -1 -1 0 
18 4 618 326 35 48 -1 -1 -1 0 
18 5 562 327 31 44 -1 -1 -1 0 
19 1 660 319 62 73 -1 -1 -1 0 
19 4 618 327 35 45 -1 -1 -1 0 
19 5 563 327 31 43 -1 -1 -1 0 
20 1 661 321 60 69 -1 -1 -1 0 
20 4 618 328 34 43 -1 -1 -1 0 
20 5 564 328 29 41 -1 -1 -1 0 
21 1 664 323 55 65 -1 -1 -1 0 
21 4 620 329 31 41 -1 -1 -1 0 
21 5 566 329 27 39 -1 -1 -1 0 
22 1 665 324 53 63 -1 -1 -1 0 
22 4 621 330 30 41 -1 -1 -1 0 
22 5 566 329 28 38 -1 -1 -1 0 
23 1 666 324 51 62 -1 -1 -1 0 
23 4 621 331 29 40 -1 -1 -1 0 
23 5 567 329 28 37 -1 -1 -1 0 
24 1 665 324 52 62 -1 -1 -1 0 
24 4 620 331 31 40 -1 -1 -1 0 
24 5 568 330 28 35 -1 -1 -1 0 
25 1 665 325 52 61 -1 -1 -1 0 
25 4 621 332 30 38 -1 -1 -1 0 
26 1 665 325 52 60 -1 -1 -1 0 
26 4 621 332 30 38 -1 -1 -1 0 
27 1 665 325 52 61 -1 -1 -1 0 
27 4 621 332 30 38 -1 -1 -1 0 
27 5 573 328 26 38 -1 -1 -1 0 
28 1 666 326 50 60 -1 -1 -1 0 
28 4 622 334 29 36 -1 -1 -1 0 
28 5 575 329 25 38 -1 -1 -1 0 
29 1 666 326 51 60 -1 -1 -1 0 
29 4 622 333 29 37 -1 -1 -1 0 
29 5 577 329 24 37 -1 -1 -1 0 
30 1 666 327 51 58 -1 -1 -1 0 
30 4 623 334 28 36 -1 -1 -1 0 
30 5 577 329 24 36 -1 -1 -1 0 
31 1 667 327 50 59 -1 -1 -1 0 
31 4 622 333 28 38 -1 -1 -1 0 
31 5 578 329 24 36 -1 -1 -1 0 
32 1 667 327 50 59 -1 -1 -1 0 
32 4 622 334 29 36 -1 -1 -1 0 
32 5 579 330 23 35 -1 -1 -1 0 
33 1 667 327 50 59 -1 -1 -1 0 
33 4 623 333 28 37 -1 -1 -1 0 
34 1 667 326 50 60 -1 -1 -1 0 
34 4 623 333 29 36 -1 -1 -1 0 
34 5 581 329 24 36 -1 -1 -1 0 
35 1 667 326 50 59 -1 -1 -1 0 
35 4 623 334 28 35 -1 -1 -1 0 
35 5 582 329 24 36 -1 -1 -1 0 
36 1 667 326 51 59 -1 -1 -1 0 
36 4 623 334 27 35 -1 -1 -1 0 
37 1 665 326 53 60 -1 -1 -1 0 
37 4 622 333 27 38 -1 -1 -1 0 
38 1 665 327 53 59 -1 -1 -1 0 
38 4 622 332 27 39 -1 -1 -1 0 
39 1 665 327 53 59 -1 -1 -1 0 
39 4 621 332 28 40 -1 -1 -1 0 
40 1 666 327 52 59 -1 -1 -1 0 
40 4 621 333 28 39 -1 -1 -1 0 
