3 1 877 344 187 107 -1 -1 -1 0 
3 2 693 326 45 49 -1 -1 -1 0 
4 1 877 344 186 108 -1 -1 -1 0 
4 2 692 327 46 48 -1 -1 -1 0 
5 1 879 344 184 109 -1 -1 -1 0 
5 2 691 327 46 48 -1 -1 -1 0 
6 1 878 345 184 107 -1 -1 -1 0 
6 2 691 327 45 48 -1 -1 -1 0 
7 1 878 345 186 107 -1 -1 -1 0 
7 2 690 328 44 48 -1 -1 -1 0 
8 1 881 345 180 107 -1 -1 -1 0 
8 2 689 326 45 51 -1 -1 -1 0 
9 1 880 345 181 107 -1 -1 -1 0 
9 2 688 326 45 52 -1 -1 -1 0 
10 1 881 345 179 106 -1 -1 -1 0 
10 2 688 325 45 53 -1 -1 -1 0 
11 1 883 346 174 105 -1 -1 -1 0 
11 2 687 326 46 52 -1 -1 -1 0 
12 1 881 346 176 106 -1 -1 -1 0 
12 2 687 327 45 51 -1 -1 -1 0 
13 1 881 346 176 107 -1 -1 -1 0 
13 2 687 329 44 49 -1 -1 -1 0 
14 1 878 346 180 107 -1 -1 -1 0 
14 2 687 330 43 48 -1 -1 -1 0 
15 1 874 346 185 107 -1 -1 -1 0 
15 2 685 332 45 46 -1 -1 -1 0 
16 1 874 346 184 107 -1 -1 -1 0 
16 2 684 332 44 47 -1 -1 -1 0 
17 1 872 345 187 108 -1 -1 -1 0 
17 2 683 332 45 48 -1 -1 -1 0 
18 1 873 345 186 108 -1 -1 -1 0 
19 1 871 345 188 108 -1 -1 -1 0 
20 1 873 346 183 106 -1 -1 -1 0 
20 2 680 329 45 51 -1 -1 -1 0 
21 1 873 348 182 103 -1 -1 -1 0 
21 2 679 329 46 51 -1 -1 -1 0 
22 1 875 349 174 101 -1 -1 -1 0 
22 2 678 329 45 51 -1 -1 -1 0 
23 1 873 349 173 101 -1 -1 -1 0 
23 2 677 329 45 51 -1 -1 -1 0 
24 1 869 347 175 104 -1 -1 -1 0 
24 2 676 329 45 51 -1 -1 -1 0 
25 1 874 347 166 104 -1 -1 -1 0 
25 2 676 330 43 49 -1 -1 -1 0 
26 1 871 348 169 102 -1 -1 -1 0 
26 2 675 331 43 48 -1 -1 -1 0 
27 1 864 346 177 104 -1 -1 -1 0 
27 2 675 332 42 47 -1 -1 -1 0 
27 4 0 371 463 265 -1 -1 -1 0 
28 1 861 345 180 105 -1 -1 -1 0 
28 2 674 332 42 47 -1 -1 -1 0 
28 4 6 369 407 260 -1 -1 -1 0 
29 1 861 345 179 105 -1 -1 -1 0 
29 2 675 333 41 46 -1 -1 -1 0 
29 4 0 371 490 242 -1 -1 -1 0 
30 1 863 345 175 105 -1 -1 -1 0 
30 2 674 333 42 46 -1 -1 -1 0 
30 4 39 364 456 236 -1 -1 -1 0 
31 1 860 347 175 103 -1 -1 -1 0 
31 2 674 334 41 44 -1 -1 -1 0 
31 4 87 352 419 230 -1 -1 -1 0 
32 1 859 347 175 103 -1 -1 -1 0 
32 2 673 334 41 44 -1 -1 -1 0 
32 4 118 348 395 224 -1 -1 -1 0 
33 1 859 348 171 102 -1 -1 -1 0 
33 2 673 334 41 43 -1 -1 -1 0 
33 4 145 350 362 215 -1 -1 -1 0 
34 1 859 348 168 102 -1 -1 -1 0 
34 2 673 334 41 43 -1 -1 -1 0 
34 4 165 353 346 203 -1 -1 -1 0 
35 1 858 346 169 104 -1 -1 -1 0 
35 2 673 334 40 43 -1 -1 -1 0 
35 4 187 355 334 192 -1 -1 -1 0 
36 1 855 345 173 104 -1 -1 -1 0 
36 2 673 334 40 43 -1 -1 -1 0 
36 4 204 358 323 183 -1 -1 -1 0 
37 1 854 345 172 102 -1 -1 -1 0 
37 2 672 335 40 42 -1 -1 -1 0 
37 4 218 364 307 167 -1 -1 -1 0 
38 1 852 344 174 102 -1 -1 -1 0 
38 4 236 366 287 159 -1 -1 -1 0 
39 1 853 346 169 100 -1 -1 -1 0 
39 2 671 335 41 42 -1 -1 -1 0 
39 4 258 366 263 154 -1 -1 -1 0 
40 1 854 346 166 100 -1 -1 -1 0 
40 2 671 334 41 43 -1 -1 -1 0 
40 4 270 366 253 151 -1 -1 -1 0 
