3 1 556 327 62 75 -1 -1 -1 0 
3 2 665 330 41 54 -1 -1 -1 0 
3 3 934 318 84 57 -1 -1 -1 0 
3 4 736 334 46 51 -1 -1 -1 0 
4 1 559 328 60 73 -1 -1 -1 0 
4 2 665 331 40 50 -1 -1 -1 0 
4 3 934 318 84 57 -1 -1 -1 0 
4 4 736 334 46 50 -1 -1 -1 0 
5 1 560 328 60 72 -1 -1 -1 0 
5 2 665 331 40 49 -1 -1 -1 0 
5 3 934 318 85 56 -1 -1 -1 0 
5 4 736 334 46 49 -1 -1 -1 0 
6 1 561 328 61 71 -1 -1 -1 0 
6 2 666 330 39 49 -1 -1 -1 0 
6 3 941 315 78 59 -1 -1 -1 0 
6 4 736 334 47 48 -1 -1 -1 0 
7 1 564 330 57 67 -1 -1 -1 0 
7 2 666 330 38 49 -1 -1 -1 0 
7 3 953 317 65 57 -1 -1 -1 0 
7 4 737 333 45 48 -1 -1 -1 0 
8 1 566 329 54 67 -1 -1 -1 0 
8 2 665 329 40 49 -1 -1 -1 0 
8 3 954 317 67 56 -1 -1 -1 0 
8 4 738 332 45 49 -1 -1 -1 0 
9 1 567 329 54 66 -1 -1 -1 0 
9 2 666 329 39 49 -1 -1 -1 0 
9 3 953 317 69 56 -1 -1 -1 0 
9 4 738 332 45 50 -1 -1 -1 0 
10 1 568 330 53 64 -1 -1 -1 0 
10 2 667 329 38 49 -1 -1 -1 0 
10 3 944 313 82 61 -1 -1 -1 0 
10 4 738 331 46 51 -1 -1 -1 0 
11 1 569 330 52 63 -1 -1 -1 0 
11 2 666 329 40 49 -1 -1 -1 0 
11 3 944 312 82 63 -1 -1 -1 0 
11 4 738 331 46 51 -1 -1 -1 0 
12 1 570 330 51 64 -1 -1 -1 0 
12 2 666 330 39 48 -1 -1 -1 0 
12 3 942 310 85 66 -1 -1 -1 0 
12 4 738 331 47 50 -1 -1 -1 0 
13 1 570 328 52 66 -1 -1 -1 0 
13 2 666 330 40 48 -1 -1 -1 0 
13 3 939 307 90 70 -1 -1 -1 0 
13 4 738 331 47 50 -1 -1 -1 0 
14 1 570 328 53 66 -1 -1 -1 0 
14 2 666 331 40 47 -1 -1 -1 0 
14 3 939 307 93 70 -1 -1 -1 0 
14 4 739 331 45 50 -1 -1 -1 0 
15 1 570 329 53 64 -1 -1 -1 0 
15 2 667 330 38 48 -1 -1 -1 0 
15 3 940 308 94 69 -1 -1 -1 0 
15 4 738 331 46 50 -1 -1 -1 0 
16 1 570 331 53 61 -1 -1 -1 0 
16 2 667 330 38 48 -1 -1 -1 0 
16 3 942 310 93 67 -1 -1 -1 0 
16 4 738 331 46 49 -1 -1 -1 0 
17 1 572 331 51 61 -1 -1 -1 0 
17 2 666 329 40 49 -1 -1 -1 0 
17 3 942 311 95 65 -1 -1 -1 0 
17 4 739 331 44 48 -1 -1 -1 0 
18 1 573 332 51 59 -1 -1 -1 0 
18 2 666 329 40 48 -1 -1 -1 0 
18 3 944 312 94 64 -1 -1 -1 0 
18 4 739 330 44 49 -1 -1 -1 0 
19 2 665 329 41 48 -1 -1 -1 0 
19 3 949 312 92 63 -1 -1 -1 0 
19 4 738 330 45 48 -1 -1 -1 0 
20 2 666 329 39 48 -1 -1 -1 0 
20 3 956 312 85 63 -1 -1 -1 0 
20 4 738 329 46 50 -1 -1 -1 0 
21 1 574 328 55 62 -1 -1 -1 0 
21 2 666 329 39 48 -1 -1 -1 0 
21 3 964 315 76 60 -1 -1 -1 0 
21 4 737 328 49 52 -1 -1 -1 0 
22 1 575 328 54 62 -1 -1 -1 0 
22 2 666 329 39 48 -1 -1 -1 0 
22 3 967 316 73 59 -1 -1 -1 0 
22 4 738 328 48 52 -1 -1 -1 0 
23 1 575 329 54 60 -1 -1 -1 0 
23 2 667 329 38 48 -1 -1 -1 0 
23 3 965 316 77 59 -1 -1 -1 0 
23 4 738 328 48 52 -1 -1 -1 0 
24 1 577 329 51 59 -1 -1 -1 0 
24 2 667 329 38 48 -1 -1 -1 0 
24 3 961 315 83 60 -1 -1 -1 0 
24 4 738 328 48 52 -1 -1 -1 0 
25 1 576 327 53 62 -1 -1 -1 0 
25 2 666 329 40 48 -1 -1 -1 0 
25 3 966 317 79 57 -1 -1 -1 0 
25 4 738 328 48 52 -1 -1 -1 0 
26 1 576 326 54 63 -1 -1 -1 0 
26 2 666 328 40 49 -1 -1 -1 0 
26 3 968 317 77 57 -1 -1 -1 0 
26 4 738 328 48 51 -1 -1 -1 0 
27 1 576 326 54 62 -1 -1 -1 0 
27 2 665 328 41 49 -1 -1 -1 0 
27 3 965 318 83 55 -1 -1 -1 0 
27 4 739 328 46 51 -1 -1 -1 0 
28 1 576 325 54 63 -1 -1 -1 0 
28 2 665 328 41 48 -1 -1 -1 0 
28 3 972 320 74 53 -1 -1 -1 0 
28 4 738 328 48 51 -1 -1 -1 0 
29 1 577 325 53 62 -1 -1 -1 0 
29 2 666 330 39 46 -1 -1 -1 0 
29 3 968 320 80 53 -1 -1 -1 0 
29 4 738 328 49 51 -1 -1 -1 0 
29 5 1186 345 93 293 -1 -1 -1 0 
30 2 666 330 39 46 -1 -1 -1 0 
30 3 964 319 85 54 -1 -1 -1 0 
30 4 738 328 49 51 -1 -1 -1 0 
30 5 1185 342 94 293 -1 -1 -1 0 
31 2 667 331 37 45 -1 -1 -1 0 
31 3 962 317 87 57 -1 -1 -1 0 
31 4 738 329 49 52 -1 -1 -1 0 
32 2 667 331 37 45 -1 -1 -1 0 
32 3 958 316 94 58 -1 -1 -1 0 
32 4 738 329 49 52 -1 -1 -1 0 
33 2 666 332 39 44 -1 -1 -1 0 
33 3 958 314 95 61 -1 -1 -1 0 
33 4 737 329 51 52 -1 -1 -1 0 
34 2 667 332 37 44 -1 -1 -1 0 
34 3 957 312 98 63 -1 -1 -1 0 
34 4 738 328 49 53 -1 -1 -1 0 
34 5 1136 341 143 287 -1 -1 -1 0 
35 2 667 331 37 44 -1 -1 -1 0 
35 3 957 312 100 63 -1 -1 -1 0 
35 4 738 328 49 53 -1 -1 -1 0 
35 5 1135 338 141 291 -1 -1 -1 0 
36 2 667 331 37 44 -1 -1 -1 0 
36 3 958 310 101 65 -1 -1 -1 0 
36 4 737 327 51 54 -1 -1 -1 0 
36 5 1127 343 152 280 -1 -1 -1 0 
36 6 1 285 40 64 -1 -1 -1 0 
37 2 666 329 38 47 -1 -1 -1 0 
37 3 957 309 101 66 -1 -1 -1 0 
37 4 738 327 50 55 -1 -1 -1 0 
37 5 1125 339 151 284 -1 -1 -1 0 
37 6 0 283 37 66 -1 -1 -1 0 
38 2 665 330 40 46 -1 -1 -1 0 
38 3 958 307 100 69 -1 -1 -1 0 
38 4 736 327 53 55 -1 -1 -1 0 
38 5 1118 342 159 284 -1 -1 -1 0 
39 1 584 325 48 58 -1 -1 -1 0 
39 2 665 328 39 48 -1 -1 -1 0 
39 3 958 308 103 66 -1 -1 -1 0 
39 4 737 327 51 55 -1 -1 -1 0 
39 5 1113 341 162 284 -1 -1 -1 0 
40 1 585 325 47 58 -1 -1 -1 0 
40 2 665 326 38 51 -1 -1 -1 0 
40 3 963 311 99 63 -1 -1 -1 0 
40 4 736 327 52 54 -1 -1 -1 0 
40 5 1103 351 175 271 -1 -1 -1 0 
