3 1 1008 311 262 154 -1 -1 -1 0 
3 2 672 334 21 28 -1 -1 -1 0 
4 1 1013 311 258 156 -1 -1 -1 0 
4 2 672 333 22 29 -1 -1 -1 0 
5 1 1025 314 251 155 -1 -1 -1 0 
5 2 672 333 21 30 -1 -1 -1 0 
6 1 1034 312 241 162 -1 -1 -1 0 
6 2 671 334 22 29 -1 -1 -1 0 
7 1 1039 312 239 164 -1 -1 -1 0 
7 2 671 334 22 30 -1 -1 -1 0 
8 1 1049 312 227 166 -1 -1 -1 0 
8 2 671 334 22 30 -1 -1 -1 0 
9 1 1058 314 220 161 -1 -1 -1 0 
9 2 671 334 21 30 -1 -1 -1 0 
10 1 1068 312 209 164 -1 -1 -1 0 
10 2 671 334 21 30 -1 -1 -1 0 
11 1 1079 310 196 171 -1 -1 -1 0 
11 2 670 333 21 31 -1 -1 -1 0 
12 1 1089 310 188 176 -1 -1 -1 0 
12 2 670 334 22 30 -1 -1 -1 0 
12 8 127 344 98 50 -1 -1 -1 0 
13 1 1099 311 179 179 -1 -1 -1 0 
13 2 670 334 21 30 -1 -1 -1 0 
13 8 64 349 74 53 -1 -1 -1 0 
14 1 1109 316 170 175 -1 -1 -1 0 
14 2 670 335 21 29 -1 -1 -1 0 
14 8 9 341 107 69 -1 -1 -1 0 
15 1 1123 319 155 176 -1 -1 -1 0 
15 2 671 335 19 29 -1 -1 -1 0 
15 8 1 334 47 81 -1 -1 -1 0 
15 9 721 336 25 32 -1 -1 -1 0 
16 1 1135 318 141 180 -1 -1 -1 0 
16 2 670 335 21 29 -1 -1 -1 0 
16 8 0 333 9 86 -1 -1 -1 0 
16 9 722 335 23 33 -1 -1 -1 0 
17 1 1150 327 128 178 -1 -1 -1 0 
17 2 671 335 19 29 -1 -1 -1 0 
17 9 722 335 23 33 -1 -1 -1 0 
18 1 1163 332 116 183 -1 -1 -1 0 
18 2 671 336 20 28 -1 -1 -1 0 
18 9 722 335 23 33 -1 -1 -1 0 
19 1 1184 340 92 187 -1 -1 -1 0 
19 2 671 335 19 29 -1 -1 -1 0 
19 9 721 335 25 33 -1 -1 -1 0 
20 1 1201 340 76 193 -1 -1 -1 0 
20 2 670 335 21 29 -1 -1 -1 0 
20 9 721 336 25 32 -1 -1 -1 0 
21 1 1222 338 55 195 -1 -1 -1 0 
21 2 671 335 19 29 -1 -1 -1 0 
21 9 722 336 23 32 -1 -1 -1 0 
22 1 1243 336 34 199 -1 -1 -1 0 
22 2 670 335 20 29 -1 -1 -1 0 
22 9 722 336 23 32 -1 -1 -1 0 
23 1 1260 338 15 201 -1 -1 -1 0 
23 2 670 335 20 29 -1 -1 -1 0 
23 9 722 336 23 31 -1 -1 -1 0 
24 2 670 335 21 28 -1 -1 -1 0 
24 9 722 336 23 31 -1 -1 -1 0 
25 2 671 335 19 28 -1 -1 -1 0 
25 9 722 336 23 32 -1 -1 -1 0 
26 2 670 335 20 28 -1 -1 -1 0 
26 9 722 336 22 32 -1 -1 -1 0 
27 2 670 335 21 28 -1 -1 -1 0 
27 9 722 336 22 32 -1 -1 -1 0 
28 2 671 335 19 28 -1 -1 -1 0 
28 9 721 336 24 32 -1 -1 -1 0 
29 2 670 335 21 28 -1 -1 -1 0 
29 9 721 336 24 32 -1 -1 -1 0 
30 2 670 335 20 28 -1 -1 -1 0 
30 9 721 336 24 33 -1 -1 -1 0 
30 20 221 354 36 34 -1 -1 -1 0 
31 2 670 335 19 28 -1 -1 -1 0 
31 9 721 336 24 33 -1 -1 -1 0 
31 20 199 353 40 35 -1 -1 -1 0 
31 21 315 342 50 42 -1 -1 -1 0 
32 2 670 335 20 28 -1 -1 -1 0 
32 9 721 336 24 33 -1 -1 -1 0 
32 20 180 353 51 37 -1 -1 -1 0 
32 21 288 343 48 42 -1 -1 -1 0 
33 2 669 335 21 28 -1 -1 -1 0 
33 9 722 337 23 32 -1 -1 -1 0 
33 20 140 352 61 41 -1 -1 -1 0 
33 21 256 344 71 42 -1 -1 -1 0 
34 2 670 335 19 28 -1 -1 -1 0 
34 9 721 337 24 32 -1 -1 -1 0 
34 20 84 353 73 44 -1 -1 -1 0 
34 21 227 344 76 44 -1 -1 -1 0 
35 2 669 335 21 28 -1 -1 -1 0 
35 9 721 337 24 32 -1 -1 -1 0 
35 20 57 353 76 45 -1 -1 -1 0 
35 21 183 346 93 45 -1 -1 -1 0 
36 2 670 335 19 29 -1 -1 -1 0 
36 9 721 337 24 32 -1 -1 -1 0 
36 21 133 349 73 48 -1 -1 -1 0 
37 2 670 335 20 28 -1 -1 -1 0 
37 9 722 336 23 33 -1 -1 -1 0 
37 21 63 349 132 54 -1 -1 -1 0 
38 2 670 335 21 28 -1 -1 -1 0 
38 9 721 337 24 32 -1 -1 -1 0 
38 21 13 350 135 57 -1 -1 -1 0 
39 2 671 335 19 28 -1 -1 -1 0 
39 9 722 337 23 31 -1 -1 -1 0 
39 20 2 346 71 67 -1 -1 -1 0 
39 21 0 351 113 59 -1 -1 -1 0 
40 2 671 335 19 27 -1 -1 -1 0 
40 9 722 337 23 31 -1 -1 -1 0 
40 20 0 346 55 69 -1 -1 -1 0 
