3 1 581 328 49 58 -1 -1 -1 0 
3 2 98 305 93 71 -1 -1 -1 0 
3 3 661 336 34 40 -1 -1 -1 0 
3 4 195 295 74 74 -1 -1 -1 0 
4 1 582 329 48 57 -1 -1 -1 0 
4 2 34 302 118 77 -1 -1 -1 0 
4 3 662 336 33 39 -1 -1 -1 0 
4 4 157 291 81 79 -1 -1 -1 0 
4 6 474 330 24 26 -1 -1 -1 0 
5 1 581 329 49 56 -1 -1 -1 0 
5 2 1 298 62 84 -1 -1 -1 0 
5 3 662 336 32 39 -1 -1 -1 0 
5 4 117 286 80 89 -1 -1 -1 0 
5 6 473 330 23 26 -1 -1 -1 0 
6 1 582 329 48 55 -1 -1 -1 0 
6 2 0 296 17 88 -1 -1 -1 0 
6 3 662 337 31 38 -1 -1 -1 0 
6 4 23 285 136 97 -1 -1 -1 0 
6 6 463 327 26 28 -1 -1 -1 0 
7 1 583 329 48 54 -1 -1 -1 0 
7 3 661 337 32 38 -1 -1 -1 0 
7 4 0 280 92 104 -1 -1 -1 0 
7 6 460 326 26 28 -1 -1 -1 0 
8 1 585 329 46 54 -1 -1 -1 0 
8 3 661 337 34 39 -1 -1 -1 0 
8 4 0 277 53 109 -1 -1 -1 0 
9 1 585 329 47 54 -1 -1 -1 0 
9 3 662 337 33 39 -1 -1 -1 0 
10 1 586 328 48 55 -1 -1 -1 0 
10 3 662 337 34 39 -1 -1 -1 0 
10 12 152 318 78 53 -1 -1 -1 0 
11 1 587 328 48 55 -1 -1 -1 0 
11 3 664 337 32 40 -1 -1 -1 0 
11 6 437 327 29 28 -1 -1 -1 0 
11 12 119 318 78 56 -1 -1 -1 0 
12 1 588 328 49 56 -1 -1 -1 0 
12 3 665 337 32 40 -1 -1 -1 0 
12 6 429 327 32 29 -1 -1 -1 0 
12 12 95 318 81 58 -1 -1 -1 0 
13 1 591 328 47 56 -1 -1 -1 0 
13 3 666 335 32 42 -1 -1 -1 0 
13 6 425 325 30 31 -1 -1 -1 0 
14 1 592 328 47 55 -1 -1 -1 0 
14 3 667 334 33 43 -1 -1 -1 0 
14 6 420 325 31 31 -1 -1 -1 0 
14 12 1 316 64 69 -1 -1 -1 0 
15 1 593 328 47 55 -1 -1 -1 0 
15 3 668 334 34 43 -1 -1 -1 0 
15 12 0 315 30 72 -1 -1 -1 0 
16 1 594 329 47 55 -1 -1 -1 0 
16 3 667 333 38 44 -1 -1 -1 0 
16 6 423 330 40 31 -1 -1 -1 0 
17 1 596 329 46 55 -1 -1 -1 0 
17 3 668 333 37 44 -1 -1 -1 0 
17 6 420 331 41 30 -1 -1 -1 0 
18 1 598 330 45 54 -1 -1 -1 0 
18 3 669 335 36 42 -1 -1 -1 0 
18 6 410 331 41 31 -1 -1 -1 0 
19 1 598 329 46 54 -1 -1 -1 0 
19 3 669 335 37 42 -1 -1 -1 0 
19 6 405 331 36 33 -1 -1 -1 0 
20 1 599 329 45 54 -1 -1 -1 0 
20 3 670 334 36 43 -1 -1 -1 0 
20 6 400 332 37 33 -1 -1 -1 0 
20 16 934 236 164 262 -1 -1 -1 0 
21 1 599 328 46 55 -1 -1 -1 0 
21 3 671 334 35 43 -1 -1 -1 0 
21 6 349 330 48 32 -1 -1 -1 0 
21 16 950 230 171 279 -1 -1 -1 0 
22 1 600 327 45 55 -1 -1 -1 0 
22 3 671 334 36 42 -1 -1 -1 0 
22 6 356 331 42 33 -1 -1 -1 0 
22 16 968 212 146 302 -1 -1 -1 0 
23 1 599 327 48 53 -1 -1 -1 0 
23 3 671 333 37 43 -1 -1 -1 0 
23 6 317 329 50 33 -1 -1 -1 0 
23 16 980 203 162 318 -1 -1 -1 0 
24 1 601 326 46 54 -1 -1 -1 0 
24 3 671 334 37 41 -1 -1 -1 0 
24 6 293 328 51 36 -1 -1 -1 0 
24 16 990 197 169 330 -1 -1 -1 0 
24 20 483 329 34 30 -1 -1 -1 0 
25 1 602 325 46 55 -1 -1 -1 0 
25 3 672 334 36 41 -1 -1 -1 0 
25 6 282 330 64 37 -1 -1 -1 0 
25 16 1014 177 242 383 -1 -1 -1 0 
25 20 475 327 34 33 -1 -1 -1 0 
26 1 603 325 45 56 -1 -1 -1 0 
26 3 673 334 36 41 -1 -1 -1 0 
26 6 258 332 71 38 -1 -1 -1 0 
26 16 1046 175 229 396 -1 -1 -1 0 
26 20 464 329 38 32 -1 -1 -1 0 
26 21 3 313 55 72 -1 -1 -1 0 
27 1 604 326 45 55 -1 -1 -1 0 
27 3 674 334 35 41 -1 -1 -1 0 
27 6 237 333 61 41 -1 -1 -1 0 
27 16 1074 176 205 401 -1 -1 -1 0 
27 20 454 329 39 33 -1 -1 -1 0 
27 21 0 312 35 75 -1 -1 -1 0 
28 1 605 327 44 54 -1 -1 -1 0 
28 3 676 335 33 41 -1 -1 -1 0 
28 6 206 334 61 44 -1 -1 -1 0 
28 16 1095 231 184 324 -1 -1 -1 0 
28 20 446 329 41 34 -1 -1 -1 0 
29 1 605 328 45 53 -1 -1 -1 0 
29 3 676 336 35 40 -1 -1 -1 0 
29 6 187 335 64 44 -1 -1 -1 0 
29 16 1145 268 134 278 -1 -1 -1 0 
30 1 606 328 44 54 -1 -1 -1 0 
30 3 677 336 33 40 -1 -1 -1 0 
30 16 1196 295 82 293 -1 -1 -1 0 
31 1 606 328 44 54 -1 -1 -1 0 
31 3 676 336 35 41 -1 -1 -1 0 
31 16 1220 301 59 297 -1 -1 -1 0 
31 20 373 330 45 36 -1 -1 -1 0 
32 1 607 329 44 53 -1 -1 -1 0 
32 3 676 336 35 41 -1 -1 -1 0 
32 20 359 330 46 37 -1 -1 -1 0 
33 1 608 329 42 52 -1 -1 -1 0 
33 3 676 336 35 40 -1 -1 -1 0 
34 1 608 329 43 51 -1 -1 -1 0 
34 3 676 336 35 40 -1 -1 -1 0 
35 1 609 329 42 50 -1 -1 -1 0 
35 3 677 335 33 41 -1 -1 -1 0 
36 1 610 329 41 50 -1 -1 -1 0 
36 3 676 335 35 40 -1 -1 -1 0 
37 1 609 328 42 50 -1 -1 -1 0 
37 3 675 334 35 41 -1 -1 -1 0 
38 1 609 327 41 51 -1 -1 -1 0 
38 3 674 334 36 41 -1 -1 -1 0 
38 20 430 329 33 32 -1 -1 -1 0 
39 1 609 327 41 50 -1 -1 -1 0 
39 3 674 333 36 41 -1 -1 -1 0 
39 6 216 337 61 33 -1 -1 -1 0 
39 20 378 329 49 35 -1 -1 -1 0 
40 1 609 327 41 49 -1 -1 -1 0 
40 3 673 333 37 41 -1 -1 -1 0 
40 6 203 338 58 34 -1 -1 -1 0 
40 20 347 331 53 36 -1 -1 -1 0 
