12 4 631 322 38 56 -1 -1 -1 0 
13 4 631 321 38 57 -1 -1 -1 0 
14 4 630 321 39 56 -1 -1 -1 0 
15 4 630 321 38 56 -1 -1 -1 0 
16 4 630 322 38 55 -1 -1 -1 0 
17 4 630 322 38 56 -1 -1 -1 0 
18 4 629 323 40 55 -1 -1 -1 0 
19 4 629 323 39 56 -1 -1 -1 0 
20 4 628 324 40 55 -1 -1 -1 0 
21 4 629 324 38 56 -1 -1 -1 0 
22 4 627 324 40 56 -1 -1 -1 0 
23 4 627 325 39 54 -1 -1 -1 0 
24 4 627 325 39 53 -1 -1 -1 0 
25 4 626 325 40 53 -1 -1 -1 0 
26 4 626 324 39 54 -1 -1 -1 0 
27 4 626 324 39 54 -1 -1 -1 0 
28 4 625 323 40 55 -1 -1 -1 0 
29 4 624 323 41 54 -1 -1 -1 0 
30 4 625 322 38 56 -1 -1 -1 0 
31 4 625 322 38 56 -1 -1 -1 0 
32 4 624 322 38 56 -1 -1 -1 0 
33 4 625 322 36 57 -1 -1 -1 0 
34 4 624 322 38 57 -1 -1 -1 0 
35 4 623 322 38 58 -1 -1 -1 0 
35 5 384 335 45 36 -1 -1 -1 0 
36 4 623 322 39 58 -1 -1 -1 0 
36 5 369 335 50 37 -1 -1 -1 0 
37 4 622 322 39 58 -1 -1 -1 0 
37 5 355 335 50 39 -1 -1 -1 0 
38 4 622 322 39 58 -1 -1 -1 0 
38 5 336 335 57 39 -1 -1 -1 0 
39 4 622 322 38 58 -1 -1 -1 0 
39 5 319 335 60 42 -1 -1 -1 0 
40 4 622 322 39 57 -1 -1 -1 0 
40 5 298 335 67 43 -1 -1 -1 0 
