3 1 1198 330 81 65 -1 -1 -1 0 
4 1 1196 330 83 64 -1 -1 -1 0 
5 1 1196 330 82 64 -1 -1 -1 0 
6 1 1194 330 84 65 -1 -1 -1 0 
7 1 1192 327 85 70 -1 -1 -1 0 
8 1 1185 325 93 75 -1 -1 -1 0 
9 1 1201 324 74 77 -1 -1 -1 0 
10 1 1185 324 94 76 -1 -1 -1 0 
11 1 1180 329 99 71 -1 -1 -1 0 
12 1 1180 331 99 69 -1 -1 -1 0 
13 1 1174 331 104 69 -1 -1 -1 0 
14 1 1173 330 104 71 -1 -1 -1 0 
15 1 1171 330 106 72 -1 -1 -1 0 
16 1 1175 328 102 73 -1 -1 -1 0 
17 1 1171 327 107 69 -1 -1 -1 0 
17 2 581 332 36 47 -1 -1 -1 0 
18 1 1172 325 104 69 -1 -1 -1 0 
18 2 583 333 34 46 -1 -1 -1 0 
19 1 1169 325 108 69 -1 -1 -1 0 
19 2 584 334 34 45 -1 -1 -1 0 
20 1 1170 325 105 69 -1 -1 -1 0 
20 2 584 334 34 45 -1 -1 -1 0 
21 1 1169 324 107 71 -1 -1 -1 0 
21 2 585 335 33 44 -1 -1 -1 0 
22 1 1169 324 102 71 -1 -1 -1 0 
22 2 585 335 33 44 -1 -1 -1 0 
23 1 1168 325 100 69 -1 -1 -1 0 
23 2 586 336 32 42 -1 -1 -1 0 
24 1 1160 325 115 67 -1 -1 -1 0 
24 2 586 336 32 40 -1 -1 -1 0 
25 1 1161 327 105 63 -1 -1 -1 0 
25 2 587 337 30 39 -1 -1 -1 0 
26 1 1163 329 93 58 -1 -1 -1 0 
26 2 587 336 30 39 -1 -1 -1 0 
27 1 1160 329 94 56 -1 -1 -1 0 
27 2 586 335 32 41 -1 -1 -1 0 
28 1 1158 328 95 57 -1 -1 -1 0 
28 2 587 335 31 41 -1 -1 -1 0 
29 1 1157 326 111 62 -1 -1 -1 0 
29 2 587 334 32 41 -1 -1 -1 0 
30 1 1159 324 97 62 -1 -1 -1 0 
30 2 587 334 33 41 -1 -1 -1 0 
31 1 1158 328 86 55 -1 -1 -1 0 
31 2 587 334 32 40 -1 -1 -1 0 
32 1 1158 328 76 52 -1 -1 -1 0 
32 2 588 334 31 40 -1 -1 -1 0 
33 1 1155 328 82 54 -1 -1 -1 0 
33 2 588 334 31 40 -1 -1 -1 0 
34 1 1154 328 82 54 -1 -1 -1 0 
34 2 589 336 29 39 -1 -1 -1 0 
35 1 1154 326 82 56 -1 -1 -1 0 
35 2 588 336 31 39 -1 -1 -1 0 
36 1 1154 328 76 52 -1 -1 -1 0 
36 2 589 337 29 38 -1 -1 -1 0 
37 1 1151 329 79 49 -1 -1 -1 0 
37 2 588 335 31 39 -1 -1 -1 0 
38 1 1149 328 83 49 -1 -1 -1 0 
38 2 588 335 31 39 -1 -1 -1 0 
39 1 1147 327 85 52 -1 -1 -1 0 
39 2 589 335 30 38 -1 -1 -1 0 
40 1 1148 327 82 52 -1 -1 -1 0 
40 2 589 335 30 38 -1 -1 -1 0 
