3 1 0 318 103 171 -1 -1 -1 0 
3 2 528 334 52 38 -1 -1 -1 0 
3 3 662 329 49 60 -1 -1 -1 0 
4 1 0 338 128 145 -1 -1 -1 0 
4 2 528 333 52 38 -1 -1 -1 0 
4 3 662 329 50 59 -1 -1 -1 0 
5 1 0 344 137 134 -1 -1 -1 0 
5 2 530 334 51 37 -1 -1 -1 0 
5 3 663 328 49 59 -1 -1 -1 0 
6 1 0 349 151 125 -1 -1 -1 0 
6 2 531 334 50 37 -1 -1 -1 0 
6 3 663 328 50 58 -1 -1 -1 0 
7 1 0 348 164 123 -1 -1 -1 0 
7 2 538 334 45 36 -1 -1 -1 0 
7 3 664 328 49 57 -1 -1 -1 0 
8 1 0 346 180 122 -1 -1 -1 0 
8 2 543 334 41 35 -1 -1 -1 0 
8 3 664 327 50 58 -1 -1 -1 0 
9 1 1 344 193 120 -1 -1 -1 0 
9 2 545 333 41 35 -1 -1 -1 0 
9 3 664 327 50 57 -1 -1 -1 0 
10 1 7 345 195 115 -1 -1 -1 0 
10 2 546 333 41 34 -1 -1 -1 0 
10 3 665 327 48 58 -1 -1 -1 0 
11 1 8 339 204 120 -1 -1 -1 0 
11 2 550 332 37 34 -1 -1 -1 0 
11 3 664 327 51 58 -1 -1 -1 0 
12 1 5 337 222 121 -1 -1 -1 0 
12 2 549 332 39 36 -1 -1 -1 0 
12 3 664 328 53 58 -1 -1 -1 0 
13 1 27 338 203 115 -1 -1 -1 0 
13 2 551 332 38 35 -1 -1 -1 0 
13 3 665 328 53 57 -1 -1 -1 0 
14 1 11 334 239 121 -1 -1 -1 0 
14 2 545 332 46 35 -1 -1 -1 0 
14 3 666 328 51 58 -1 -1 -1 0 
15 1 7 336 254 119 -1 -1 -1 0 
15 2 541 331 52 36 -1 -1 -1 0 
15 3 666 328 52 58 -1 -1 -1 0 
16 1 6 334 261 120 -1 -1 -1 0 
16 2 543 331 49 36 -1 -1 -1 0 
16 3 666 329 52 58 -1 -1 -1 0 
17 1 6 334 281 120 -1 -1 -1 0 
17 2 545 332 47 37 -1 -1 -1 0 
17 3 666 329 52 59 -1 -1 -1 0 
18 1 25 337 259 114 -1 -1 -1 0 
18 2 556 332 36 38 -1 -1 -1 0 
18 3 666 329 53 59 -1 -1 -1 0 
19 1 74 332 207 117 -1 -1 -1 0 
19 2 559 333 36 37 -1 -1 -1 0 
19 3 666 329 53 60 -1 -1 -1 0 
20 1 51 334 260 115 -1 -1 -1 0 
20 2 562 333 33 37 -1 -1 -1 0 
20 3 667 329 52 60 -1 -1 -1 0 
21 1 63 334 252 112 -1 -1 -1 0 
21 2 563 333 34 36 -1 -1 -1 0 
21 3 667 329 52 60 -1 -1 -1 0 
22 1 84 335 233 109 -1 -1 -1 0 
22 2 565 332 33 36 -1 -1 -1 0 
22 3 667 327 53 62 -1 -1 -1 0 
23 1 101 336 221 106 -1 -1 -1 0 
23 2 566 332 33 36 -1 -1 -1 0 
23 3 667 327 53 62 -1 -1 -1 0 
24 1 115 334 215 106 -1 -1 -1 0 
24 2 568 331 32 36 -1 -1 -1 0 
24 3 667 326 53 64 -1 -1 -1 0 
25 1 125 333 216 106 -1 -1 -1 0 
25 3 669 327 52 63 -1 -1 -1 0 
26 1 149 336 192 102 -1 -1 -1 0 
26 2 570 332 32 38 -1 -1 -1 0 
26 3 669 328 53 62 -1 -1 -1 0 
27 1 156 339 196 95 -1 -1 -1 0 
27 2 571 332 32 37 -1 -1 -1 0 
27 3 670 328 53 62 -1 -1 -1 0 
28 1 166 341 195 91 -1 -1 -1 0 
28 2 572 332 32 37 -1 -1 -1 0 
28 3 668 329 56 62 -1 -1 -1 0 
29 1 186 337 175 93 -1 -1 -1 0 
29 2 573 331 31 37 -1 -1 -1 0 
29 3 669 329 55 62 -1 -1 -1 0 
30 1 196 337 179 89 -1 -1 -1 0 
30 2 574 331 30 37 -1 -1 -1 0 
30 3 669 329 55 61 -1 -1 -1 0 
31 1 203 337 183 88 -1 -1 -1 0 
31 2 574 331 31 36 -1 -1 -1 0 
31 3 670 329 54 61 -1 -1 -1 0 
32 1 223 333 160 86 -1 -1 -1 0 
32 2 577 332 28 35 -1 -1 -1 0 
32 3 671 327 53 62 -1 -1 -1 0 
33 1 230 331 156 86 -1 -1 -1 0 
33 2 578 332 28 34 -1 -1 -1 0 
33 3 670 326 55 64 -1 -1 -1 0 
34 1 240 332 150 83 -1 -1 -1 0 
34 2 579 332 27 35 -1 -1 -1 0 
34 3 670 327 55 63 -1 -1 -1 0 
35 1 251 329 139 86 -1 -1 -1 0 
35 2 579 332 29 35 -1 -1 -1 0 
35 3 670 326 55 64 -1 -1 -1 0 
36 1 256 330 142 83 -1 -1 -1 0 
36 2 581 332 28 35 -1 -1 -1 0 
36 3 671 327 55 63 -1 -1 -1 0 
37 1 269 326 138 84 -1 -1 -1 0 
37 2 583 332 27 34 -1 -1 -1 0 
37 3 670 325 57 64 -1 -1 -1 0 
38 1 273 327 138 84 -1 -1 -1 0 
38 3 671 325 55 64 -1 -1 -1 0 
39 1 280 328 134 81 -1 -1 -1 0 
39 2 585 331 26 34 -1 -1 -1 0 
39 3 673 325 54 63 -1 -1 -1 0 
40 1 291 326 121 83 -1 -1 -1 0 
40 2 586 331 25 34 -1 -1 -1 0 
40 3 672 326 55 63 -1 -1 -1 0 
