3 1 520 336 85 82 -1 -1 -1 0 
3 2 608 330 42 51 -1 -1 -1 0 
4 1 520 337 85 81 -1 -1 -1 0 
4 2 608 331 42 50 -1 -1 -1 0 
5 1 521 338 84 80 -1 -1 -1 0 
5 2 609 332 41 49 -1 -1 -1 0 
6 1 522 338 84 80 -1 -1 -1 0 
6 2 608 331 42 50 -1 -1 -1 0 
7 1 522 338 85 79 -1 -1 -1 0 
7 2 608 332 43 49 -1 -1 -1 0 
8 1 522 339 84 78 -1 -1 -1 0 
8 2 608 331 43 50 -1 -1 -1 0 
9 1 521 339 87 78 -1 -1 -1 0 
9 2 608 331 43 50 -1 -1 -1 0 
10 1 522 340 84 78 -1 -1 -1 0 
10 2 608 330 43 52 -1 -1 -1 0 
11 1 522 340 84 78 -1 -1 -1 0 
11 2 608 330 43 53 -1 -1 -1 0 
12 1 523 340 81 78 -1 -1 -1 0 
12 2 607 331 45 52 -1 -1 -1 0 
13 1 522 340 82 79 -1 -1 -1 0 
13 2 608 331 43 52 -1 -1 -1 0 
14 1 522 341 82 78 -1 -1 -1 0 
14 2 608 332 44 52 -1 -1 -1 0 
15 1 522 340 81 79 -1 -1 -1 0 
15 2 608 331 44 53 -1 -1 -1 0 
16 1 522 339 81 79 -1 -1 -1 0 
16 2 608 329 43 55 -1 -1 -1 0 
17 1 521 340 83 78 -1 -1 -1 0 
17 2 607 331 46 53 -1 -1 -1 0 
18 1 522 339 81 79 -1 -1 -1 0 
18 2 607 331 45 53 -1 -1 -1 0 
19 1 522 339 80 80 -1 -1 -1 0 
19 2 607 332 46 52 -1 -1 -1 0 
20 1 522 339 79 80 -1 -1 -1 0 
20 2 608 330 44 54 -1 -1 -1 0 
21 1 521 337 80 82 -1 -1 -1 0 
21 2 607 330 46 54 -1 -1 -1 0 
22 1 521 337 80 82 -1 -1 -1 0 
22 2 608 330 44 54 -1 -1 -1 0 
23 1 520 337 81 82 -1 -1 -1 0 
23 2 607 332 45 52 -1 -1 -1 0 
24 1 519 336 82 83 -1 -1 -1 0 
24 2 608 333 44 51 -1 -1 -1 0 
25 1 519 336 81 84 -1 -1 -1 0 
25 2 607 332 45 52 -1 -1 -1 0 
26 1 518 335 83 86 -1 -1 -1 0 
26 2 607 332 45 52 -1 -1 -1 0 
27 1 518 335 83 86 -1 -1 -1 0 
27 2 607 332 45 53 -1 -1 -1 0 
28 1 518 338 82 83 -1 -1 -1 0 
28 2 607 333 45 52 -1 -1 -1 0 
29 1 517 338 82 82 -1 -1 -1 0 
29 2 607 332 45 53 -1 -1 -1 0 
30 1 517 337 81 82 -1 -1 -1 0 
30 2 607 331 45 54 -1 -1 -1 0 
31 1 516 337 82 82 -1 -1 -1 0 
31 2 607 331 45 54 -1 -1 -1 0 
32 1 516 337 82 83 -1 -1 -1 0 
32 2 607 331 45 54 -1 -1 -1 0 
33 1 514 335 84 84 -1 -1 -1 0 
33 2 607 329 44 56 -1 -1 -1 0 
34 1 513 336 84 82 -1 -1 -1 0 
34 2 606 329 46 56 -1 -1 -1 0 
35 1 513 336 84 82 -1 -1 -1 0 
35 2 607 330 45 55 -1 -1 -1 0 
36 1 513 336 83 81 -1 -1 -1 0 
36 2 607 330 45 55 -1 -1 -1 0 
37 1 513 337 82 80 -1 -1 -1 0 
37 2 607 330 44 55 -1 -1 -1 0 
38 1 513 339 81 78 -1 -1 -1 0 
38 2 608 331 44 54 -1 -1 -1 0 
39 1 513 339 81 78 -1 -1 -1 0 
39 2 608 332 43 53 -1 -1 -1 0 
40 1 514 339 79 78 -1 -1 -1 0 
40 2 609 332 42 53 -1 -1 -1 0 
