3 1 611 328 41 47 -1 -1 -1 0 
3 2 319 335 48 41 -1 -1 -1 0 
4 1 613 328 39 47 -1 -1 -1 0 
4 2 293 337 57 39 -1 -1 -1 0 
5 1 613 328 39 46 -1 -1 -1 0 
5 2 267 337 62 40 -1 -1 -1 0 
6 1 613 329 40 44 -1 -1 -1 0 
6 2 239 337 62 43 -1 -1 -1 0 
7 1 614 329 38 44 -1 -1 -1 0 
7 2 205 337 71 44 -1 -1 -1 0 
7 3 403 331 47 38 -1 -1 -1 0 
8 1 615 330 38 44 -1 -1 -1 0 
8 2 164 338 81 47 -1 -1 -1 0 
8 3 389 331 47 40 -1 -1 -1 0 
9 1 615 331 38 44 -1 -1 -1 0 
9 2 140 343 68 44 -1 -1 -1 0 
9 3 371 331 58 41 -1 -1 -1 0 
10 1 615 331 38 44 -1 -1 -1 0 
10 2 84 341 83 51 -1 -1 -1 0 
10 3 355 332 59 41 -1 -1 -1 0 
11 1 616 331 37 44 -1 -1 -1 0 
11 2 30 344 83 52 -1 -1 -1 0 
11 3 333 333 66 43 -1 -1 -1 0 
12 1 616 331 38 44 -1 -1 -1 0 
12 2 2 345 40 56 -1 -1 -1 0 
12 3 313 333 65 46 -1 -1 -1 0 
13 1 616 329 37 47 -1 -1 -1 0 
13 2 0 346 -1 57 -1 -1 -1 0 
13 3 285 333 77 47 -1 -1 -1 0 
14 1 617 328 36 48 -1 -1 -1 0 
14 3 256 333 78 49 -1 -1 -1 0 
15 1 616 328 38 48 -1 -1 -1 0 
15 3 219 331 92 52 -1 -1 -1 0 
16 1 617 328 37 48 -1 -1 -1 0 
16 3 181 332 98 54 -1 -1 -1 0 
17 1 617 327 37 48 -1 -1 -1 0 
17 3 158 333 90 55 -1 -1 -1 0 
18 1 617 327 38 48 -1 -1 -1 0 
18 3 81 333 129 61 -1 -1 -1 0 
19 1 618 326 38 49 -1 -1 -1 0 
19 3 22 333 134 65 -1 -1 -1 0 
20 1 618 326 39 48 -1 -1 -1 0 
20 3 4 329 85 75 -1 -1 -1 0 
21 1 619 326 38 48 -1 -1 -1 0 
21 3 0 329 50 78 -1 -1 -1 0 
22 1 619 327 39 47 -1 -1 -1 0 
23 1 619 327 39 47 -1 -1 -1 0 
24 1 620 326 39 48 -1 -1 -1 0 
25 1 620 326 39 47 -1 -1 -1 0 
26 1 622 328 36 45 -1 -1 -1 0 
27 1 623 328 35 44 -1 -1 -1 0 
28 1 624 328 34 44 -1 -1 -1 0 
29 1 624 328 36 44 -1 -1 -1 0 
30 1 625 328 35 45 -1 -1 -1 0 
31 1 625 328 36 45 -1 -1 -1 0 
32 1 625 326 35 47 -1 -1 -1 0 
33 1 625 325 36 47 -1 -1 -1 0 
34 1 625 325 37 47 -1 -1 -1 0 
35 1 626 325 36 46 -1 -1 -1 0 
36 1 626 325 37 46 -1 -1 -1 0 
37 1 627 325 37 47 -1 -1 -1 0 
38 1 627 325 38 47 -1 -1 -1 0 
39 1 627 325 38 47 -1 -1 -1 0 
40 1 627 326 39 48 -1 -1 -1 0 
