3 1 629 332 30 39 -1 -1 -1 0 
3 2 683 333 26 33 -1 -1 -1 0 
4 1 629 330 30 41 -1 -1 -1 0 
4 2 683 332 26 35 -1 -1 -1 0 
5 1 628 330 31 41 -1 -1 -1 0 
5 2 683 332 27 35 -1 -1 -1 0 
6 1 628 330 32 41 -1 -1 -1 0 
6 2 684 333 27 34 -1 -1 -1 0 
7 1 628 330 32 41 -1 -1 -1 0 
7 2 684 333 28 34 -1 -1 -1 0 
8 1 629 330 31 41 -1 -1 -1 0 
8 2 686 333 26 35 -1 -1 -1 0 
9 1 629 330 32 41 -1 -1 -1 0 
9 2 686 333 27 36 -1 -1 -1 0 
10 1 630 330 31 41 -1 -1 -1 0 
10 2 685 333 29 36 -1 -1 -1 0 
11 1 630 329 31 42 -1 -1 -1 0 
11 2 686 333 29 36 -1 -1 -1 0 
12 1 631 329 31 41 -1 -1 -1 0 
12 2 686 333 29 35 -1 -1 -1 0 
13 1 632 330 30 40 -1 -1 -1 0 
13 2 687 333 28 35 -1 -1 -1 0 
14 1 633 330 29 39 -1 -1 -1 0 
14 2 687 333 29 35 -1 -1 -1 0 
15 1 634 331 28 38 -1 -1 -1 0 
15 2 688 333 28 35 -1 -1 -1 0 
16 1 634 331 29 38 -1 -1 -1 0 
16 2 690 334 27 34 -1 -1 -1 0 
17 1 635 331 29 37 -1 -1 -1 0 
17 2 691 334 26 32 -1 -1 -1 0 
18 1 635 331 29 37 -1 -1 -1 0 
18 2 693 334 25 32 -1 -1 -1 0 
19 1 637 330 27 37 -1 -1 -1 0 
19 2 693 333 27 33 -1 -1 -1 0 
20 1 638 330 27 37 -1 -1 -1 0 
20 2 694 333 28 34 -1 -1 -1 0 
21 1 638 329 28 38 -1 -1 -1 0 
21 2 695 333 28 34 -1 -1 -1 0 
22 1 639 329 28 39 -1 -1 -1 0 
22 2 697 332 28 35 -1 -1 -1 0 
23 1 639 329 29 39 -1 -1 -1 0 
23 2 698 332 28 35 -1 -1 -1 0 
24 1 640 329 29 39 -1 -1 -1 0 
24 2 700 332 28 36 -1 -1 -1 0 
25 1 640 329 30 40 -1 -1 -1 0 
25 2 700 332 30 36 -1 -1 -1 0 
26 1 641 330 30 39 -1 -1 -1 0 
26 2 700 332 31 36 -1 -1 -1 0 
27 1 643 331 28 38 -1 -1 -1 0 
27 2 701 332 30 37 -1 -1 -1 0 
28 1 643 331 30 38 -1 -1 -1 0 
28 2 702 331 30 38 -1 -1 -1 0 
29 1 646 333 27 36 -1 -1 -1 0 
29 2 703 331 30 39 -1 -1 -1 0 
30 1 647 333 27 36 -1 -1 -1 0 
30 2 703 330 31 39 -1 -1 -1 0 
31 1 648 333 26 35 -1 -1 -1 0 
31 2 704 330 30 39 -1 -1 -1 0 
32 1 649 333 26 35 -1 -1 -1 0 
32 2 705 332 30 37 -1 -1 -1 0 
33 1 649 334 26 34 -1 -1 -1 0 
33 2 706 332 30 37 -1 -1 -1 0 
34 1 649 334 27 35 -1 -1 -1 0 
34 2 707 332 30 37 -1 -1 -1 0 
35 1 649 334 27 35 -1 -1 -1 0 
35 2 709 332 29 38 -1 -1 -1 0 
36 1 649 334 27 34 -1 -1 -1 0 
36 2 709 333 30 37 -1 -1 -1 0 
37 1 650 333 25 35 -1 -1 -1 0 
37 2 710 333 29 37 -1 -1 -1 0 
38 1 650 334 26 34 -1 -1 -1 0 
38 2 710 334 29 36 -1 -1 -1 0 
39 1 651 334 26 34 -1 -1 -1 0 
39 2 711 334 29 36 -1 -1 -1 0 
40 1 651 335 26 33 -1 -1 -1 0 
40 2 711 335 29 36 -1 -1 -1 0 
