3 1 748 332 52 52 -1 -1 -1 0 
3 2 304 313 93 66 -1 -1 -1 0 
4 1 746 332 52 51 -1 -1 -1 0 
4 2 260 305 132 78 -1 -1 -1 0 
5 1 746 331 50 51 -1 -1 -1 0 
5 2 227 308 150 79 -1 -1 -1 0 
6 1 746 330 48 51 -1 -1 -1 0 
6 2 204 305 159 84 -1 -1 -1 0 
7 1 745 329 48 52 -1 -1 -1 0 
7 2 168 308 178 84 -1 -1 -1 0 
8 1 744 329 49 52 -1 -1 -1 0 
8 2 145 307 187 87 -1 -1 -1 0 
9 1 744 329 48 52 -1 -1 -1 0 
10 1 743 330 50 52 -1 -1 -1 0 
11 1 743 330 49 52 -1 -1 -1 0 
12 1 744 330 48 51 -1 -1 -1 0 
13 1 744 330 47 52 -1 -1 -1 0 
14 1 743 330 48 51 -1 -1 -1 0 
15 1 743 329 47 52 -1 -1 -1 0 
16 1 743 329 47 52 -1 -1 -1 0 
17 1 742 328 49 53 -1 -1 -1 0 
17 4 3 289 79 119 -1 -1 -1 0 
18 1 742 329 48 52 -1 -1 -1 0 
18 4 0 286 68 121 -1 -1 -1 0 
19 1 741 329 48 52 -1 -1 -1 0 
20 1 742 329 46 52 -1 -1 -1 0 
21 1 742 329 46 52 -1 -1 -1 0 
22 1 742 329 46 51 -1 -1 -1 0 
23 1 742 329 46 51 -1 -1 -1 0 
24 1 741 329 47 51 -1 -1 -1 0 
25 1 741 329 46 50 -1 -1 -1 0 
26 1 741 330 46 50 -1 -1 -1 0 
27 1 741 330 45 51 -1 -1 -1 0 
28 1 740 330 46 51 -1 -1 -1 0 
29 1 741 330 45 50 -1 -1 -1 0 
30 1 740 330 46 49 -1 -1 -1 0 
31 1 739 329 47 48 -1 -1 -1 0 
32 1 739 329 47 48 -1 -1 -1 0 
33 1 740 328 45 49 -1 -1 -1 0 
34 1 739 328 47 48 -1 -1 -1 0 
35 1 741 328 43 49 -1 -1 -1 0 
36 1 740 328 44 50 -1 -1 -1 0 
37 1 739 328 46 50 -1 -1 -1 0 
38 1 740 329 44 49 -1 -1 -1 0 
39 1 739 329 45 49 -1 -1 -1 0 
40 1 739 329 44 48 -1 -1 -1 0 
