3 1 667 322 65 80 -1 -1 -1 0 
3 2 585 336 49 54 -1 -1 -1 0 
3 3 850 326 75 60 -1 -1 -1 0 
4 1 668 322 63 80 -1 -1 -1 0 
4 2 586 336 49 53 -1 -1 -1 0 
4 3 852 327 72 59 -1 -1 -1 0 
5 1 667 321 65 81 -1 -1 -1 0 
5 2 588 334 49 55 -1 -1 -1 0 
5 3 854 328 69 58 -1 -1 -1 0 
6 1 668 321 63 81 -1 -1 -1 0 
6 2 589 332 51 58 -1 -1 -1 0 
6 3 853 326 70 60 -1 -1 -1 0 
7 1 667 321 64 81 -1 -1 -1 0 
7 2 590 332 50 58 -1 -1 -1 0 
7 3 853 326 69 59 -1 -1 -1 0 
8 1 667 321 64 81 -1 -1 -1 0 
8 2 592 331 49 58 -1 -1 -1 0 
8 3 854 325 68 61 -1 -1 -1 0 
9 1 666 322 66 80 -1 -1 -1 0 
9 2 592 328 51 61 -1 -1 -1 0 
9 3 851 324 70 62 -1 -1 -1 0 
10 1 667 322 64 79 -1 -1 -1 0 
10 2 591 326 55 63 -1 -1 -1 0 
10 3 853 324 66 62 -1 -1 -1 0 
11 1 667 322 64 79 -1 -1 -1 0 
11 2 592 325 55 64 -1 -1 -1 0 
11 3 855 326 63 61 -1 -1 -1 0 
12 1 666 322 66 79 -1 -1 -1 0 
12 2 592 326 55 62 -1 -1 -1 0 
12 3 849 326 69 59 -1 -1 -1 0 
13 1 666 322 65 80 -1 -1 -1 0 
13 2 595 327 53 61 -1 -1 -1 0 
13 3 848 325 70 59 -1 -1 -1 0 
14 1 665 321 66 81 -1 -1 -1 0 
14 2 597 325 50 62 -1 -1 -1 0 
14 3 847 325 70 59 -1 -1 -1 0 
15 1 664 320 66 82 -1 -1 -1 0 
15 2 598 324 50 63 -1 -1 -1 0 
15 3 847 324 68 60 -1 -1 -1 0 
16 1 664 320 65 82 -1 -1 -1 0 
16 2 599 326 49 59 -1 -1 -1 0 
16 3 846 323 68 60 -1 -1 -1 0 
17 1 663 319 66 84 -1 -1 -1 0 
17 2 601 325 47 60 -1 -1 -1 0 
17 3 846 323 65 61 -1 -1 -1 0 
18 1 663 319 66 84 -1 -1 -1 0 
18 2 602 326 47 59 -1 -1 -1 0 
18 3 844 324 68 61 -1 -1 -1 0 
19 1 663 320 66 82 -1 -1 -1 0 
19 2 603 325 47 60 -1 -1 -1 0 
19 3 842 325 69 60 -1 -1 -1 0 
19 11 341 343 41 37 -1 -1 -1 0 
20 1 663 320 66 82 -1 -1 -1 0 
20 2 604 326 45 58 -1 -1 -1 0 
20 3 841 325 70 60 -1 -1 -1 0 
20 11 323 345 36 39 -1 -1 -1 0 
20 12 709 301 46 67 -1 -1 -1 0 
21 1 662 320 67 82 -1 -1 -1 0 
21 2 605 327 45 57 -1 -1 -1 0 
21 3 841 326 69 58 -1 -1 -1 0 
21 11 300 347 36 38 -1 -1 -1 0 
21 12 708 301 47 66 -1 -1 -1 0 
22 1 662 320 66 82 -1 -1 -1 0 
22 2 606 328 45 55 -1 -1 -1 0 
22 3 842 326 66 58 -1 -1 -1 0 
22 11 273 347 45 41 -1 -1 -1 0 
22 12 707 301 47 67 -1 -1 -1 0 
23 1 663 319 65 83 -1 -1 -1 0 
23 2 608 326 43 56 -1 -1 -1 0 
23 3 839 327 68 56 -1 -1 -1 0 
23 11 247 349 47 40 -1 -1 -1 0 
23 12 707 300 47 68 -1 -1 -1 0 
24 1 662 319 66 82 -1 -1 -1 0 
24 2 609 326 43 56 -1 -1 -1 0 
24 3 839 327 68 56 -1 -1 -1 0 
24 11 217 348 52 44 -1 -1 -1 0 
24 12 706 300 47 69 -1 -1 -1 0 
25 1 661 318 67 83 -1 -1 -1 0 
25 2 610 326 43 54 -1 -1 -1 0 
25 3 837 327 69 56 -1 -1 -1 0 
25 11 176 346 89 47 -1 -1 -1 0 
25 12 706 299 47 70 -1 -1 -1 0 
26 1 661 319 66 83 -1 -1 -1 0 
26 2 611 325 43 56 -1 -1 -1 0 
26 3 838 328 66 55 -1 -1 -1 0 
26 11 146 350 61 49 -1 -1 -1 0 
26 12 706 299 47 70 -1 -1 -1 0 
27 1 660 320 67 82 -1 -1 -1 0 
27 2 611 325 44 57 -1 -1 -1 0 
27 3 839 328 66 55 -1 -1 -1 0 
27 11 91 357 54 46 -1 -1 -1 0 
27 12 707 299 46 70 -1 -1 -1 0 
28 1 660 320 66 82 -1 -1 -1 0 
28 2 612 326 42 56 -1 -1 -1 0 
28 3 838 328 66 55 -1 -1 -1 0 
28 11 35 361 55 47 -1 -1 -1 0 
28 12 706 299 48 70 -1 -1 -1 0 
29 1 659 321 66 82 -1 -1 -1 0 
29 2 613 327 42 54 -1 -1 -1 0 
29 3 832 328 73 55 -1 -1 -1 0 
29 11 0 358 23 55 -1 -1 -1 0 
29 12 705 300 50 71 -1 -1 -1 0 
30 1 659 321 66 82 -1 -1 -1 0 
30 2 615 327 39 55 -1 -1 -1 0 
30 3 830 327 74 55 -1 -1 -1 0 
30 11 0 359 -22 57 -1 -1 -1 0 
30 12 706 299 48 70 -1 -1 -1 0 
31 1 658 323 66 81 -1 -1 -1 0 
31 2 615 328 41 55 -1 -1 -1 0 
31 3 831 327 71 55 -1 -1 -1 0 
31 12 706 299 47 70 -1 -1 -1 0 
32 1 659 321 65 83 -1 -1 -1 0 
32 2 616 328 41 55 -1 -1 -1 0 
32 3 830 326 72 56 -1 -1 -1 0 
32 12 706 298 47 72 -1 -1 -1 0 
33 1 658 323 67 81 -1 -1 -1 0 
33 2 617 328 41 55 -1 -1 -1 0 
33 3 832 325 69 57 -1 -1 -1 0 
33 12 705 299 49 71 -1 -1 -1 0 
34 1 657 324 67 80 -1 -1 -1 0 
34 2 617 328 42 54 -1 -1 -1 0 
34 3 833 325 68 57 -1 -1 -1 0 
34 12 704 299 51 72 -1 -1 -1 0 
35 1 657 324 66 80 -1 -1 -1 0 
35 2 619 328 39 53 -1 -1 -1 0 
35 3 838 324 62 58 -1 -1 -1 0 
35 12 705 299 50 72 -1 -1 -1 0 
36 1 657 324 66 80 -1 -1 -1 0 
36 2 620 327 38 53 -1 -1 -1 0 
36 3 838 324 63 58 -1 -1 -1 0 
36 12 705 299 50 72 -1 -1 -1 0 
37 1 657 324 65 81 -1 -1 -1 0 
37 2 620 328 37 51 -1 -1 -1 0 
37 3 838 324 63 58 -1 -1 -1 0 
37 12 705 299 51 72 -1 -1 -1 0 
38 1 656 324 66 81 -1 -1 -1 0 
38 2 621 328 36 49 -1 -1 -1 0 
38 3 833 325 68 58 -1 -1 -1 0 
38 12 705 299 51 73 -1 -1 -1 0 
39 1 656 323 66 82 -1 -1 -1 0 
39 2 621 327 36 50 -1 -1 -1 0 
39 3 830 326 70 57 -1 -1 -1 0 
39 12 705 300 51 72 -1 -1 -1 0 
40 1 656 321 66 84 -1 -1 -1 0 
40 2 622 327 36 50 -1 -1 -1 0 
40 3 828 327 70 56 -1 -1 -1 0 
40 12 707 300 47 71 -1 -1 -1 0 
