3 1 450 344 137 103 -1 -1 -1 0 
3 2 670 333 38 46 -1 -1 -1 0 
4 1 450 344 136 103 -1 -1 -1 0 
4 2 670 333 37 46 -1 -1 -1 0 
5 1 450 345 137 102 -1 -1 -1 0 
5 2 671 334 34 46 -1 -1 -1 0 
6 1 451 344 136 104 -1 -1 -1 0 
6 2 670 334 37 46 -1 -1 -1 0 
7 1 451 344 135 104 -1 -1 -1 0 
7 2 669 332 39 48 -1 -1 -1 0 
8 1 449 346 137 103 -1 -1 -1 0 
8 2 668 332 40 48 -1 -1 -1 0 
9 1 449 346 138 103 -1 -1 -1 0 
9 2 668 332 40 48 -1 -1 -1 0 
10 1 449 346 136 104 -1 -1 -1 0 
10 2 669 332 38 48 -1 -1 -1 0 
11 1 448 345 136 103 -1 -1 -1 0 
11 2 668 331 39 48 -1 -1 -1 0 
12 1 449 345 134 103 -1 -1 -1 0 
12 2 667 331 40 47 -1 -1 -1 0 
13 1 448 344 135 103 -1 -1 -1 0 
13 2 668 330 37 49 -1 -1 -1 0 
14 1 447 344 136 102 -1 -1 -1 0 
14 2 667 330 38 49 -1 -1 -1 0 
15 1 448 344 133 102 -1 -1 -1 0 
15 2 668 331 36 49 -1 -1 -1 0 
16 1 447 344 135 103 -1 -1 -1 0 
16 2 668 332 36 48 -1 -1 -1 0 
17 1 447 344 135 103 -1 -1 -1 0 
17 2 669 332 34 49 -1 -1 -1 0 
18 1 447 344 136 102 -1 -1 -1 0 
18 2 668 331 36 49 -1 -1 -1 0 
19 1 446 345 136 101 -1 -1 -1 0 
19 2 668 331 35 49 -1 -1 -1 0 
20 1 447 345 134 100 -1 -1 -1 0 
20 2 668 331 35 49 -1 -1 -1 0 
21 1 447 346 134 99 -1 -1 -1 0 
21 2 669 331 34 50 -1 -1 -1 0 
22 1 448 345 132 100 -1 -1 -1 0 
22 2 668 331 34 50 -1 -1 -1 0 
23 1 449 344 131 101 -1 -1 -1 0 
23 2 668 331 35 49 -1 -1 -1 0 
24 1 448 344 133 100 -1 -1 -1 0 
24 2 668 332 34 48 -1 -1 -1 0 
25 1 449 343 131 100 -1 -1 -1 0 
25 2 668 332 35 46 -1 -1 -1 0 
26 1 450 343 130 99 -1 -1 -1 0 
26 2 668 332 35 46 -1 -1 -1 0 
27 1 450 342 129 100 -1 -1 -1 0 
27 2 668 333 34 45 -1 -1 -1 0 
28 1 450 342 129 101 -1 -1 -1 0 
28 2 667 333 36 45 -1 -1 -1 0 
29 1 450 340 130 103 -1 -1 -1 0 
29 2 667 333 36 45 -1 -1 -1 0 
30 1 449 340 132 103 -1 -1 -1 0 
31 1 450 339 129 103 -1 -1 -1 0 
32 1 449 341 130 100 -1 -1 -1 0 
33 1 450 341 127 100 -1 -1 -1 0 
34 1 450 340 127 100 -1 -1 -1 0 
35 1 450 340 127 100 -1 -1 -1 0 
36 1 450 341 128 99 -1 -1 -1 0 
37 1 449 343 129 96 -1 -1 -1 0 
38 1 450 344 126 94 -1 -1 -1 0 
38 2 916 338 37 37 -1 -1 -1 0 
39 1 450 344 126 94 -1 -1 -1 0 
39 2 934 341 33 36 -1 -1 -1 0 
40 1 449 344 127 94 -1 -1 -1 0 
40 2 941 340 35 36 -1 -1 -1 0 
