3 1 653 329 53 61 -1 -1 -1 0 
3 2 708 335 30 34 -1 -1 -1 0 
3 3 991 313 179 95 -1 -1 -1 0 
3 4 5 310 79 85 -1 -1 -1 0 
4 1 653 329 53 61 -1 -1 -1 0 
4 2 709 335 28 34 -1 -1 -1 0 
4 3 999 311 181 98 -1 -1 -1 0 
4 4 0 303 61 93 -1 -1 -1 0 
5 1 654 329 52 62 -1 -1 -1 0 
5 2 709 335 28 34 -1 -1 -1 0 
5 3 1003 297 182 113 -1 -1 -1 0 
6 1 654 328 51 62 -1 -1 -1 0 
6 2 709 334 29 35 -1 -1 -1 0 
6 3 995 289 199 122 -1 -1 -1 0 
7 1 653 329 53 61 -1 -1 -1 0 
7 2 710 334 28 36 -1 -1 -1 0 
7 3 1005 290 192 120 -1 -1 -1 0 
8 1 654 328 51 62 -1 -1 -1 0 
8 2 709 334 30 36 -1 -1 -1 0 
8 3 1004 300 200 110 -1 -1 -1 0 
9 1 653 328 52 63 -1 -1 -1 0 
9 2 709 334 31 36 -1 -1 -1 0 
9 3 1002 302 209 108 -1 -1 -1 0 
10 1 653 327 53 64 -1 -1 -1 0 
10 2 710 333 29 37 -1 -1 -1 0 
10 3 1005 307 208 103 -1 -1 -1 0 
11 1 654 327 52 64 -1 -1 -1 0 
11 2 711 333 29 37 -1 -1 -1 0 
11 3 1010 306 203 104 -1 -1 -1 0 
11 5 159 330 91 49 -1 -1 -1 0 
12 1 653 327 54 64 -1 -1 -1 0 
12 2 712 333 28 37 -1 -1 -1 0 
12 3 1014 307 199 103 -1 -1 -1 0 
12 5 122 330 98 51 -1 -1 -1 0 
13 1 653 327 54 65 -1 -1 -1 0 
13 2 712 333 30 37 -1 -1 -1 0 
13 3 1016 306 202 104 -1 -1 -1 0 
13 5 91 330 92 55 -1 -1 -1 0 
14 1 653 328 54 64 -1 -1 -1 0 
14 2 713 333 29 37 -1 -1 -1 0 
14 3 1016 308 201 101 -1 -1 -1 0 
14 5 64 331 94 55 -1 -1 -1 0 
15 1 653 328 54 63 -1 -1 -1 0 
15 2 714 333 28 37 -1 -1 -1 0 
15 3 1019 308 205 101 -1 -1 -1 0 
16 1 653 328 54 63 -1 -1 -1 0 
16 2 714 333 27 37 -1 -1 -1 0 
16 3 1023 308 210 101 -1 -1 -1 0 
17 1 653 328 54 63 -1 -1 -1 0 
17 2 714 333 27 36 -1 -1 -1 0 
17 3 1028 311 203 98 -1 -1 -1 0 
18 1 654 329 52 62 -1 -1 -1 0 
18 2 714 333 27 36 -1 -1 -1 0 
18 3 1032 305 202 107 -1 -1 -1 0 
19 1 654 329 51 62 -1 -1 -1 0 
19 2 713 333 28 37 -1 -1 -1 0 
19 3 1029 307 216 106 -1 -1 -1 0 
20 1 652 328 54 63 -1 -1 -1 0 
20 2 712 333 29 37 -1 -1 -1 0 
20 3 1030 309 215 104 -1 -1 -1 0 
21 1 652 328 53 64 -1 -1 -1 0 
21 2 712 333 29 37 -1 -1 -1 0 
21 3 1030 306 220 108 -1 -1 -1 0 
22 1 650 328 55 63 -1 -1 -1 0 
22 2 711 333 30 38 -1 -1 -1 0 
22 3 1032 307 215 107 -1 -1 -1 0 
23 1 650 328 55 63 -1 -1 -1 0 
23 2 711 333 30 38 -1 -1 -1 0 
23 3 1033 310 224 103 -1 -1 -1 0 
24 1 651 327 53 63 -1 -1 -1 0 
24 2 712 333 29 37 -1 -1 -1 0 
24 3 1042 302 223 112 -1 -1 -1 0 
25 1 650 327 54 62 -1 -1 -1 0 
25 2 711 333 31 37 -1 -1 -1 0 
25 3 1039 306 227 107 -1 -1 -1 0 
26 1 651 327 52 62 -1 -1 -1 0 
26 2 712 333 29 37 -1 -1 -1 0 
26 3 1043 309 217 103 -1 -1 -1 0 
27 1 651 325 52 64 -1 -1 -1 0 
27 2 712 332 29 38 -1 -1 -1 0 
27 3 1054 309 212 104 -1 -1 -1 0 
28 1 650 325 54 64 -1 -1 -1 0 
28 2 711 332 30 39 -1 -1 -1 0 
28 3 1058 311 210 102 -1 -1 -1 0 
29 1 650 324 54 66 -1 -1 -1 0 
29 2 711 332 30 39 -1 -1 -1 0 
29 3 1064 310 207 104 -1 -1 -1 0 
29 9 335 338 49 38 -1 -1 -1 0 
30 1 649 325 56 65 -1 -1 -1 0 
30 2 711 332 30 39 -1 -1 -1 0 
30 3 1070 314 167 99 -1 -1 -1 0 
30 9 309 338 57 38 -1 -1 -1 0 
31 1 650 325 53 65 -1 -1 -1 0 
31 2 711 333 30 38 -1 -1 -1 0 
31 3 1062 315 205 99 -1 -1 -1 0 
31 9 286 339 50 40 -1 -1 -1 0 
32 1 648 325 55 65 -1 -1 -1 0 
32 2 712 333 29 38 -1 -1 -1 0 
32 3 1066 315 203 101 -1 -1 -1 0 
32 9 269 339 51 41 -1 -1 -1 0 
33 1 648 325 55 65 -1 -1 -1 0 
33 2 712 333 29 39 -1 -1 -1 0 
33 3 1069 315 196 102 -1 -1 -1 0 
33 9 221 340 60 41 -1 -1 -1 0 
34 1 648 325 54 65 -1 -1 -1 0 
34 2 712 334 30 38 -1 -1 -1 0 
34 3 1070 313 203 108 -1 -1 -1 0 
34 9 198 341 62 41 -1 -1 -1 0 
35 1 648 325 53 65 -1 -1 -1 0 
35 2 713 334 29 38 -1 -1 -1 0 
35 3 1071 313 205 108 -1 -1 -1 0 
35 11 454 331 23 30 -1 -1 -1 0 
36 1 648 326 54 64 -1 -1 -1 0 
36 2 712 333 30 39 -1 -1 -1 0 
36 3 1074 313 202 108 -1 -1 -1 0 
36 9 92 342 87 52 -1 -1 -1 0 
36 11 448 330 23 31 -1 -1 -1 0 
37 1 647 328 54 62 -1 -1 -1 0 
37 2 713 333 29 39 -1 -1 -1 0 
37 3 1077 313 198 108 -1 -1 -1 0 
37 9 21 342 107 58 -1 -1 -1 0 
37 11 441 331 24 32 -1 -1 -1 0 
38 1 648 328 52 62 -1 -1 -1 0 
38 2 712 333 31 39 -1 -1 -1 0 
38 3 1081 313 194 109 -1 -1 -1 0 
38 9 0 344 46 55 -1 -1 -1 0 
38 11 435 330 25 33 -1 -1 -1 0 
39 1 648 327 52 63 -1 -1 -1 0 
39 2 713 333 30 39 -1 -1 -1 0 
39 3 1084 313 191 108 -1 -1 -1 0 
39 9 0 345 2 57 -1 -1 -1 0 
39 11 429 332 24 31 -1 -1 -1 0 
40 1 648 326 52 65 -1 -1 -1 0 
40 2 713 333 30 39 -1 -1 -1 0 
40 3 1087 315 187 106 -1 -1 -1 0 
40 11 421 332 24 32 -1 -1 -1 0 
