3 1 769 333 75 66 -1 -1 -1 0 
3 2 665 309 42 62 -1 -1 -1 0 
3 3 560 296 75 94 -1 -1 -1 0 
3 4 629 328 24 38 -1 -1 -1 0 
4 1 768 335 77 64 -1 -1 -1 0 
4 2 665 309 42 62 -1 -1 -1 0 
4 3 564 297 70 92 -1 -1 -1 0 
4 4 629 327 24 40 -1 -1 -1 0 
5 1 768 335 76 64 -1 -1 -1 0 
5 2 665 309 41 62 -1 -1 -1 0 
5 3 564 298 71 91 -1 -1 -1 0 
5 4 630 328 23 39 -1 -1 -1 0 
6 1 768 335 76 65 -1 -1 -1 0 
6 2 665 309 42 63 -1 -1 -1 0 
6 3 565 297 70 92 -1 -1 -1 0 
6 4 631 328 22 39 -1 -1 -1 0 
7 1 767 336 77 64 -1 -1 -1 0 
7 2 665 309 42 63 -1 -1 -1 0 
7 3 566 296 69 90 -1 -1 -1 0 
7 4 631 329 23 37 -1 -1 -1 0 
8 1 768 337 75 63 -1 -1 -1 0 
8 2 665 309 42 62 -1 -1 -1 0 
8 3 567 297 68 89 -1 -1 -1 0 
8 4 632 329 22 37 -1 -1 -1 0 
9 1 768 338 74 62 -1 -1 -1 0 
9 2 665 309 42 62 -1 -1 -1 0 
9 3 568 297 67 89 -1 -1 -1 0 
9 4 632 330 22 36 -1 -1 -1 0 
10 1 768 337 74 63 -1 -1 -1 0 
10 2 666 309 41 62 -1 -1 -1 0 
10 3 569 298 66 87 -1 -1 -1 0 
10 4 633 330 20 37 -1 -1 -1 0 
11 1 769 336 72 65 -1 -1 -1 0 
11 2 665 309 42 62 -1 -1 -1 0 
11 3 570 300 66 85 -1 -1 -1 0 
11 4 633 330 21 36 -1 -1 -1 0 
12 1 768 336 73 65 -1 -1 -1 0 
12 2 665 309 43 63 -1 -1 -1 0 
12 3 571 302 66 83 -1 -1 -1 0 
12 4 633 330 21 36 -1 -1 -1 0 
13 1 768 336 72 65 -1 -1 -1 0 
13 2 664 309 45 63 -1 -1 -1 0 
13 3 573 304 65 82 -1 -1 -1 0 
13 4 634 331 19 35 -1 -1 -1 0 
14 1 767 336 74 66 -1 -1 -1 0 
14 2 664 309 45 63 -1 -1 -1 0 
14 3 574 305 64 81 -1 -1 -1 0 
14 4 634 331 19 35 -1 -1 -1 0 
15 1 767 336 74 66 -1 -1 -1 0 
15 2 666 309 41 63 -1 -1 -1 0 
15 3 575 307 63 79 -1 -1 -1 0 
15 4 635 331 18 35 -1 -1 -1 0 
16 1 767 337 74 65 -1 -1 -1 0 
16 2 666 309 41 63 -1 -1 -1 0 
16 3 575 308 63 79 -1 -1 -1 0 
17 1 767 336 73 66 -1 -1 -1 0 
17 2 665 308 43 65 -1 -1 -1 0 
17 3 576 310 63 77 -1 -1 -1 0 
18 1 767 336 73 66 -1 -1 -1 0 
18 2 664 308 44 64 -1 -1 -1 0 
18 3 576 309 64 76 -1 -1 -1 0 
19 1 767 335 72 67 -1 -1 -1 0 
19 2 665 307 42 65 -1 -1 -1 0 
19 3 577 309 62 76 -1 -1 -1 0 
19 11 250 342 60 44 -1 -1 -1 0 
20 1 766 335 74 67 -1 -1 -1 0 
20 2 664 307 44 64 -1 -1 -1 0 
20 3 577 310 63 74 -1 -1 -1 0 
20 11 241 341 63 46 -1 -1 -1 0 
21 1 766 335 73 66 -1 -1 -1 0 
21 2 664 306 43 64 -1 -1 -1 0 
21 3 579 310 62 74 -1 -1 -1 0 
21 11 198 334 101 56 -1 -1 -1 0 
22 1 767 335 73 65 -1 -1 -1 0 
22 2 664 307 44 63 -1 -1 -1 0 
22 3 580 311 61 73 -1 -1 -1 0 
22 11 176 339 66 53 -1 -1 -1 0 
23 1 767 335 73 65 -1 -1 -1 0 
23 2 665 307 42 62 -1 -1 -1 0 
23 3 582 311 60 72 -1 -1 -1 0 
23 11 139 342 71 54 -1 -1 -1 0 
24 1 767 335 73 65 -1 -1 -1 0 
24 2 665 307 42 62 -1 -1 -1 0 
24 3 584 312 59 70 -1 -1 -1 0 
24 11 103 343 72 57 -1 -1 -1 0 
25 1 767 335 73 65 -1 -1 -1 0 
25 2 665 306 43 63 -1 -1 -1 0 
25 3 585 312 58 70 -1 -1 -1 0 
25 11 58 345 77 59 -1 -1 -1 0 
26 1 766 336 74 64 -1 -1 -1 0 
26 2 666 306 41 64 -1 -1 -1 0 
26 3 582 310 62 73 -1 -1 -1 0 
26 11 12 342 86 63 -1 -1 -1 0 
27 1 766 336 74 64 -1 -1 -1 0 
27 2 665 306 43 64 -1 -1 -1 0 
27 3 581 310 63 75 -1 -1 -1 0 
27 11 0 342 66 66 -1 -1 -1 0 
28 1 765 337 75 63 -1 -1 -1 0 
28 2 666 306 41 64 -1 -1 -1 0 
28 3 582 310 62 75 -1 -1 -1 0 
29 1 765 336 74 64 -1 -1 -1 0 
29 2 665 306 43 64 -1 -1 -1 0 
29 3 582 311 63 75 -1 -1 -1 0 
30 1 765 336 74 64 -1 -1 -1 0 
30 2 666 304 41 65 -1 -1 -1 0 
30 3 587 312 57 72 -1 -1 -1 0 
31 1 766 336 73 65 -1 -1 -1 0 
31 2 665 304 43 65 -1 -1 -1 0 
31 3 588 313 57 71 -1 -1 -1 0 
32 1 766 336 73 65 -1 -1 -1 0 
32 2 666 305 42 64 -1 -1 -1 0 
32 3 590 310 57 74 -1 -1 -1 0 
33 1 766 336 74 66 -1 -1 -1 0 
33 2 666 305 43 65 -1 -1 -1 0 
33 3 590 308 57 76 -1 -1 -1 0 
33 17 131 354 65 47 -1 -1 -1 0 
34 1 767 337 72 65 -1 -1 -1 0 
34 2 666 304 44 66 -1 -1 -1 0 
34 3 591 308 57 76 -1 -1 -1 0 
34 17 69 357 86 49 -1 -1 -1 0 
35 1 767 337 72 65 -1 -1 -1 0 
35 2 666 304 45 66 -1 -1 -1 0 
35 17 10 358 83 55 -1 -1 -1 0 
36 1 766 337 73 66 -1 -1 -1 0 
36 2 666 305 45 66 -1 -1 -1 0 
36 3 591 309 58 75 -1 -1 -1 0 
36 17 0 360 53 56 -1 -1 -1 0 
37 1 766 337 73 65 -1 -1 -1 0 
37 2 666 305 44 65 -1 -1 -1 0 
37 3 592 312 57 70 -1 -1 -1 0 
38 1 767 337 72 65 -1 -1 -1 0 
38 2 665 305 46 65 -1 -1 -1 0 
38 3 593 314 56 68 -1 -1 -1 0 
39 1 767 337 72 63 -1 -1 -1 0 
39 2 665 303 48 67 -1 -1 -1 0 
39 3 594 314 55 67 -1 -1 -1 0 
40 1 768 337 70 63 -1 -1 -1 0 
40 2 666 303 46 66 -1 -1 -1 0 
