3 1 729 337 29 37 -1 -1 -1 0 
3 2 671 337 20 30 -1 -1 -1 0 
4 1 728 337 30 37 -1 -1 -1 0 
4 2 671 337 20 31 -1 -1 -1 0 
5 1 727 338 32 37 -1 -1 -1 0 
5 2 671 337 20 31 -1 -1 -1 0 
6 1 727 339 33 36 -1 -1 -1 0 
6 2 671 337 20 32 -1 -1 -1 0 
7 1 729 337 31 37 -1 -1 -1 0 
7 2 670 336 22 32 -1 -1 -1 0 
8 1 728 338 33 37 -1 -1 -1 0 
8 2 670 336 21 33 -1 -1 -1 0 
9 1 728 338 33 36 -1 -1 -1 0 
9 2 670 336 21 32 -1 -1 -1 0 
10 1 730 338 30 37 -1 -1 -1 0 
10 2 670 337 22 32 -1 -1 -1 0 
11 1 729 338 32 37 -1 -1 -1 0 
11 2 670 337 22 32 -1 -1 -1 0 
12 1 729 338 32 36 -1 -1 -1 0 
12 2 670 336 23 32 -1 -1 -1 0 
13 1 729 338 32 36 -1 -1 -1 0 
13 2 670 336 23 32 -1 -1 -1 0 
14 1 730 338 31 35 -1 -1 -1 0 
14 2 671 335 22 33 -1 -1 -1 0 
15 1 730 337 32 37 -1 -1 -1 0 
15 2 671 335 22 33 -1 -1 -1 0 
16 1 732 335 29 39 -1 -1 -1 0 
16 2 671 336 22 32 -1 -1 -1 0 
17 1 731 335 31 39 -1 -1 -1 0 
17 2 671 337 22 32 -1 -1 -1 0 
18 1 731 334 32 41 -1 -1 -1 0 
18 2 671 337 23 32 -1 -1 -1 0 
19 1 732 334 31 41 -1 -1 -1 0 
19 2 672 337 21 32 -1 -1 -1 0 
20 1 732 333 32 43 -1 -1 -1 0 
20 2 672 337 21 32 -1 -1 -1 0 
21 1 732 334 33 41 -1 -1 -1 0 
21 2 672 336 23 33 -1 -1 -1 0 
22 1 732 334 33 41 -1 -1 -1 0 
22 2 673 337 21 31 -1 -1 -1 0 
23 1 733 335 32 40 -1 -1 -1 0 
23 2 673 337 22 31 -1 -1 -1 0 
24 1 733 335 32 41 -1 -1 -1 0 
24 2 673 336 23 33 -1 -1 -1 0 
25 1 732 335 34 41 -1 -1 -1 0 
25 2 674 337 22 31 -1 -1 -1 0 
26 1 733 335 33 42 -1 -1 -1 0 
26 2 674 337 22 31 -1 -1 -1 0 
27 1 732 335 34 42 -1 -1 -1 0 
27 2 673 335 23 34 -1 -1 -1 0 
28 1 733 335 33 42 -1 -1 -1 0 
28 2 673 335 24 34 -1 -1 -1 0 
29 1 733 335 33 42 -1 -1 -1 0 
29 2 673 335 24 33 -1 -1 -1 0 
30 1 732 335 34 42 -1 -1 -1 0 
30 2 674 335 23 33 -1 -1 -1 0 
31 1 733 334 33 43 -1 -1 -1 0 
31 2 673 334 24 33 -1 -1 -1 0 
32 1 732 334 35 42 -1 -1 -1 0 
32 2 673 334 25 33 -1 -1 -1 0 
33 1 733 333 34 42 -1 -1 -1 0 
33 2 674 334 23 32 -1 -1 -1 0 
34 1 733 333 35 43 -1 -1 -1 0 
34 2 675 334 22 33 -1 -1 -1 0 
35 1 733 333 35 41 -1 -1 -1 0 
35 2 674 334 24 33 -1 -1 -1 0 
36 1 733 333 35 41 -1 -1 -1 0 
36 2 674 334 24 33 -1 -1 -1 0 
37 1 734 333 35 41 -1 -1 -1 0 
37 2 675 334 23 32 -1 -1 -1 0 
38 1 734 334 35 40 -1 -1 -1 0 
38 2 675 335 24 32 -1 -1 -1 0 
39 1 734 334 35 40 -1 -1 -1 0 
39 2 676 335 23 33 -1 -1 -1 0 
40 1 735 334 35 40 -1 -1 -1 0 
40 2 676 335 24 33 -1 -1 -1 0 
