3 1 481 336 68 58 -1 -1 -1 0 
3 2 798 325 51 58 -1 -1 -1 0 
3 3 683 334 35 47 -1 -1 -1 0 
4 1 481 335 69 58 -1 -1 -1 0 
4 2 799 325 51 59 -1 -1 -1 0 
4 3 683 335 36 46 -1 -1 -1 0 
5 1 483 336 66 58 -1 -1 -1 0 
5 2 798 325 54 60 -1 -1 -1 0 
5 3 682 334 36 47 -1 -1 -1 0 
6 1 483 336 65 58 -1 -1 -1 0 
6 2 799 325 53 60 -1 -1 -1 0 
6 3 682 333 36 47 -1 -1 -1 0 
7 1 481 337 68 57 -1 -1 -1 0 
7 2 798 325 56 60 -1 -1 -1 0 
7 3 682 334 35 46 -1 -1 -1 0 
8 1 481 337 68 58 -1 -1 -1 0 
8 2 799 327 56 58 -1 -1 -1 0 
8 3 681 334 37 46 -1 -1 -1 0 
9 1 481 338 69 57 -1 -1 -1 0 
9 2 800 328 55 57 -1 -1 -1 0 
9 3 682 335 36 45 -1 -1 -1 0 
10 1 482 338 67 57 -1 -1 -1 0 
10 2 801 328 55 58 -1 -1 -1 0 
10 3 682 335 37 46 -1 -1 -1 0 
11 1 481 338 69 57 -1 -1 -1 0 
11 2 801 328 55 60 -1 -1 -1 0 
11 3 683 336 36 46 -1 -1 -1 0 
12 1 481 338 69 57 -1 -1 -1 0 
12 2 801 328 56 61 -1 -1 -1 0 
12 3 682 336 38 46 -1 -1 -1 0 
13 1 482 338 68 57 -1 -1 -1 0 
13 2 800 328 59 60 -1 -1 -1 0 
13 3 683 336 36 47 -1 -1 -1 0 
14 1 482 338 69 57 -1 -1 -1 0 
14 2 801 327 56 63 -1 -1 -1 0 
14 3 682 336 37 47 -1 -1 -1 0 
15 1 481 338 71 57 -1 -1 -1 0 
15 2 801 328 57 62 -1 -1 -1 0 
15 3 683 336 36 48 -1 -1 -1 0 
16 1 482 338 70 58 -1 -1 -1 0 
16 2 801 328 58 63 -1 -1 -1 0 
16 3 682 336 37 47 -1 -1 -1 0 
17 1 481 339 72 58 -1 -1 -1 0 
17 2 800 329 61 62 -1 -1 -1 0 
17 3 682 336 37 47 -1 -1 -1 0 
18 1 481 339 72 58 -1 -1 -1 0 
18 2 801 329 61 61 -1 -1 -1 0 
18 3 682 334 36 49 -1 -1 -1 0 
19 1 481 339 71 57 -1 -1 -1 0 
19 2 801 329 62 60 -1 -1 -1 0 
19 3 682 334 36 48 -1 -1 -1 0 
20 1 483 337 68 58 -1 -1 -1 0 
20 2 802 328 61 59 -1 -1 -1 0 
20 3 682 332 36 49 -1 -1 -1 0 
21 1 483 337 69 58 -1 -1 -1 0 
21 2 803 327 60 60 -1 -1 -1 0 
21 3 682 331 36 50 -1 -1 -1 0 
22 1 484 335 66 59 -1 -1 -1 0 
22 2 804 327 59 60 -1 -1 -1 0 
22 3 682 330 35 49 -1 -1 -1 0 
23 1 484 335 66 58 -1 -1 -1 0 
23 2 803 325 59 62 -1 -1 -1 0 
23 3 681 329 36 48 -1 -1 -1 0 
24 1 484 334 66 59 -1 -1 -1 0 
24 2 802 325 60 62 -1 -1 -1 0 
24 3 682 329 34 47 -1 -1 -1 0 
25 1 482 333 70 59 -1 -1 -1 0 
25 2 802 325 60 63 -1 -1 -1 0 
25 3 681 329 36 47 -1 -1 -1 0 
26 1 483 333 69 59 -1 -1 -1 0 
26 2 803 324 60 64 -1 -1 -1 0 
26 3 682 328 35 48 -1 -1 -1 0 
27 1 482 332 70 58 -1 -1 -1 0 
27 2 802 326 63 60 -1 -1 -1 0 
27 3 683 328 34 48 -1 -1 -1 0 
28 1 482 329 69 60 -1 -1 -1 0 
28 2 803 326 61 60 -1 -1 -1 0 
28 3 682 328 36 48 -1 -1 -1 0 
29 1 482 327 69 61 -1 -1 -1 0 
29 2 804 325 61 61 -1 -1 -1 0 
29 3 681 326 38 50 -1 -1 -1 0 
30 1 480 326 72 62 -1 -1 -1 0 
30 2 804 325 60 61 -1 -1 -1 0 
30 3 681 325 39 51 -1 -1 -1 0 
31 1 480 325 72 61 -1 -1 -1 0 
31 2 804 325 60 61 -1 -1 -1 0 
31 3 680 323 41 52 -1 -1 -1 0 
32 1 481 324 71 59 -1 -1 -1 0 
32 2 805 323 60 62 -1 -1 -1 0 
32 3 680 322 40 53 -1 -1 -1 0 
33 1 481 324 71 58 -1 -1 -1 0 
33 2 804 323 65 60 -1 -1 -1 0 
33 3 679 321 42 53 -1 -1 -1 0 
34 1 481 325 72 58 -1 -1 -1 0 
34 2 805 323 62 60 -1 -1 -1 0 
34 3 679 321 42 53 -1 -1 -1 0 
35 1 482 325 69 59 -1 -1 -1 0 
35 2 805 322 63 61 -1 -1 -1 0 
35 3 680 321 40 55 -1 -1 -1 0 
36 1 482 326 69 59 -1 -1 -1 0 
36 2 805 321 64 61 -1 -1 -1 0 
36 3 680 323 41 53 -1 -1 -1 0 
37 1 484 327 66 59 -1 -1 -1 0 
37 2 805 322 65 60 -1 -1 -1 0 
37 3 681 325 39 51 -1 -1 -1 0 
38 1 482 327 70 60 -1 -1 -1 0 
38 2 805 322 65 59 -1 -1 -1 0 
38 3 681 325 39 51 -1 -1 -1 0 
39 1 482 324 69 65 -1 -1 -1 0 
39 2 806 322 64 59 -1 -1 -1 0 
39 3 682 325 38 50 -1 -1 -1 0 
40 1 481 324 72 64 -1 -1 -1 0 
40 2 806 320 64 62 -1 -1 -1 0 
40 3 681 325 39 50 -1 -1 -1 0 
