3 1 753 338 62 60 -1 -1 -1 0 
3 3 808 333 37 51 -1 -1 -1 0 
3 4 619 328 32 47 -1 -1 -1 0 
4 1 754 339 62 58 -1 -1 -1 0 
4 3 806 332 41 53 -1 -1 -1 0 
4 4 619 329 32 47 -1 -1 -1 0 
5 1 755 338 61 59 -1 -1 -1 0 
5 3 807 333 41 51 -1 -1 -1 0 
5 4 618 328 32 47 -1 -1 -1 0 
6 1 755 336 61 60 -1 -1 -1 0 
6 3 807 332 42 51 -1 -1 -1 0 
6 4 617 325 33 49 -1 -1 -1 0 
7 1 755 335 62 59 -1 -1 -1 0 
7 3 807 330 43 50 -1 -1 -1 0 
7 4 616 323 35 49 -1 -1 -1 0 
8 1 755 332 62 60 -1 -1 -1 0 
8 3 809 330 42 47 -1 -1 -1 0 
8 4 616 322 34 49 -1 -1 -1 0 
9 1 755 331 62 60 -1 -1 -1 0 
9 3 810 329 41 48 -1 -1 -1 0 
9 4 616 321 34 49 -1 -1 -1 0 
10 1 756 330 62 62 -1 -1 -1 0 
10 3 810 330 42 46 -1 -1 -1 0 
10 4 616 320 34 50 -1 -1 -1 0 
11 1 755 333 64 61 -1 -1 -1 0 
11 3 811 331 41 47 -1 -1 -1 0 
11 4 617 322 33 50 -1 -1 -1 0 
12 1 755 336 64 59 -1 -1 -1 0 
12 3 812 333 41 46 -1 -1 -1 0 
12 4 617 324 33 49 -1 -1 -1 0 
13 1 756 338 63 57 -1 -1 -1 0 
13 3 813 334 40 47 -1 -1 -1 0 
13 4 618 325 32 48 -1 -1 -1 0 
14 1 757 338 61 57 -1 -1 -1 0 
14 3 812 334 43 49 -1 -1 -1 0 
14 4 618 327 33 46 -1 -1 -1 0 
15 1 758 339 61 58 -1 -1 -1 0 
15 3 812 335 45 50 -1 -1 -1 0 
15 4 619 329 31 45 -1 -1 -1 0 
16 1 758 339 61 58 -1 -1 -1 0 
16 3 812 336 47 49 -1 -1 -1 0 
16 4 619 329 31 45 -1 -1 -1 0 
17 1 757 339 64 59 -1 -1 -1 0 
17 3 813 337 46 48 -1 -1 -1 0 
17 4 619 328 31 46 -1 -1 -1 0 
18 1 756 340 65 58 -1 -1 -1 0 
18 3 813 336 46 50 -1 -1 -1 0 
18 4 619 327 31 47 -1 -1 -1 0 
19 1 757 339 64 58 -1 -1 -1 0 
19 3 812 335 49 50 -1 -1 -1 0 
19 4 619 325 31 48 -1 -1 -1 0 
20 1 757 338 64 59 -1 -1 -1 0 
20 3 813 335 49 49 -1 -1 -1 0 
20 4 618 324 33 49 -1 -1 -1 0 
21 1 755 338 67 57 -1 -1 -1 0 
21 3 814 334 48 49 -1 -1 -1 0 
21 4 618 323 32 49 -1 -1 -1 0 
21 10 417 338 38 34 -1 -1 -1 0 
22 1 756 337 66 58 -1 -1 -1 0 
22 3 815 334 48 48 -1 -1 -1 0 
22 4 618 323 33 49 -1 -1 -1 0 
22 10 400 338 45 36 -1 -1 -1 0 
23 1 757 337 65 58 -1 -1 -1 0 
23 3 815 333 50 49 -1 -1 -1 0 
23 4 618 322 33 49 -1 -1 -1 0 
23 10 387 338 46 38 -1 -1 -1 0 
24 1 758 336 65 58 -1 -1 -1 0 
24 3 816 333 51 49 -1 -1 -1 0 
24 4 618 322 32 49 -1 -1 -1 0 
24 10 369 338 50 41 -1 -1 -1 0 
25 1 760 336 63 58 -1 -1 -1 0 
25 3 817 333 51 49 -1 -1 -1 0 
25 4 618 321 32 50 -1 -1 -1 0 
25 10 348 338 59 43 -1 -1 -1 0 
25 13 512 338 23 30 -1 -1 -1 0 
26 1 759 336 65 59 -1 -1 -1 0 
26 3 818 333 51 49 -1 -1 -1 0 
26 4 618 322 33 50 -1 -1 -1 0 
26 10 329 340 59 43 -1 -1 -1 0 
26 13 506 338 24 31 -1 -1 -1 0 
27 1 758 337 67 59 -1 -1 -1 0 
27 3 819 333 50 50 -1 -1 -1 0 
27 4 617 322 34 50 -1 -1 -1 0 
27 10 305 344 70 42 -1 -1 -1 0 
27 13 499 337 27 33 -1 -1 -1 0 
28 1 759 337 66 59 -1 -1 -1 0 
28 3 820 334 50 50 -1 -1 -1 0 
28 4 617 322 34 50 -1 -1 -1 0 
28 10 285 346 66 44 -1 -1 -1 0 
28 13 493 339 25 32 -1 -1 -1 0 
29 1 758 337 67 59 -1 -1 -1 0 
29 3 821 334 50 51 -1 -1 -1 0 
29 4 618 322 33 51 -1 -1 -1 0 
29 10 253 348 76 46 -1 -1 -1 0 
29 13 486 340 28 30 -1 -1 -1 0 
30 1 759 337 66 60 -1 -1 -1 0 
30 3 822 335 50 51 -1 -1 -1 0 
30 4 617 325 35 50 -1 -1 -1 0 
30 10 217 351 87 47 -1 -1 -1 0 
30 13 478 341 27 32 -1 -1 -1 0 
31 1 760 338 64 60 -1 -1 -1 0 
31 3 821 337 52 50 -1 -1 -1 0 
31 4 617 325 35 50 -1 -1 -1 0 
31 10 186 351 83 52 -1 -1 -1 0 
31 13 466 344 33 30 -1 -1 -1 0 
32 1 760 338 65 60 -1 -1 -1 0 
32 3 822 337 51 51 -1 -1 -1 0 
32 4 617 326 34 49 -1 -1 -1 0 
32 10 147 353 81 53 -1 -1 -1 0 
32 13 456 345 34 29 -1 -1 -1 0 
33 1 759 339 66 59 -1 -1 -1 0 
33 3 822 337 52 51 -1 -1 -1 0 
33 4 616 325 35 50 -1 -1 -1 0 
33 10 80 356 112 55 -1 -1 -1 0 
33 13 458 344 27 30 -1 -1 -1 0 
34 1 759 337 67 59 -1 -1 -1 0 
34 3 823 335 52 51 -1 -1 -1 0 
34 4 617 323 33 51 -1 -1 -1 0 
34 10 14 351 113 65 -1 -1 -1 0 
34 13 434 342 35 33 -1 -1 -1 0 
35 1 759 335 68 61 -1 -1 -1 0 
35 3 823 334 55 51 -1 -1 -1 0 
35 4 616 322 35 51 -1 -1 -1 0 
35 10 0 349 53 71 -1 -1 -1 0 
35 13 418 338 38 37 -1 -1 -1 0 
36 1 760 333 68 63 -1 -1 -1 0 
36 3 824 331 56 53 -1 -1 -1 0 
36 4 617 320 33 52 -1 -1 -1 0 
36 10 0 349 10 75 -1 -1 -1 0 
36 13 401 338 46 37 -1 -1 -1 0 
37 1 759 334 69 61 -1 -1 -1 0 
37 3 822 332 60 52 -1 -1 -1 0 
37 4 616 320 35 52 -1 -1 -1 0 
37 13 386 337 49 40 -1 -1 -1 0 
38 1 759 334 69 61 -1 -1 -1 0 
38 3 820 332 65 52 -1 -1 -1 0 
38 4 616 321 35 51 -1 -1 -1 0 
38 13 358 339 59 40 -1 -1 -1 0 
38 17 432 345 27 25 -1 -1 -1 0 
39 1 760 334 67 61 -1 -1 -1 0 
39 3 821 332 64 52 -1 -1 -1 0 
39 4 616 321 35 51 -1 -1 -1 0 
39 13 333 340 70 42 -1 -1 -1 0 
39 17 422 345 30 26 -1 -1 -1 0 
39 18 241 352 64 37 -1 -1 -1 0 
40 1 760 334 67 60 -1 -1 -1 0 
40 3 823 331 63 53 -1 -1 -1 0 
40 4 617 321 33 52 -1 -1 -1 0 
40 13 318 340 74 43 -1 -1 -1 0 
40 17 410 345 34 27 -1 -1 -1 0 
40 18 201 353 76 40 -1 -1 -1 0 
