3 1 752 317 63 69 -1 -1 -1 0 
3 2 4 283 333 336 -1 -1 -1 0 
3 3 866 322 48 50 -1 -1 -1 0 
3 4 675 320 50 68 -1 -1 -1 0 
3 5 809 325 31 40 -1 -1 -1 0 
4 1 753 317 62 69 -1 -1 -1 0 
4 2 0 278 357 337 -1 -1 -1 0 
4 3 865 322 48 50 -1 -1 -1 0 
4 4 674 321 51 66 -1 -1 -1 0 
4 5 810 325 29 40 -1 -1 -1 0 
5 1 752 318 64 67 -1 -1 -1 0 
5 2 21 283 343 321 -1 -1 -1 0 
5 3 864 321 49 50 -1 -1 -1 0 
5 4 675 320 50 65 -1 -1 -1 0 
5 5 809 323 30 41 -1 -1 -1 0 
6 1 753 317 62 68 -1 -1 -1 0 
6 2 18 271 357 343 -1 -1 -1 0 
6 3 862 318 50 53 -1 -1 -1 0 
6 4 674 319 51 65 -1 -1 -1 0 
6 5 809 323 30 41 -1 -1 -1 0 
7 1 753 317 62 67 -1 -1 -1 0 
7 2 3 271 390 330 -1 -1 -1 0 
7 3 861 317 51 53 -1 -1 -1 0 
7 4 675 318 51 66 -1 -1 -1 0 
7 5 810 322 30 40 -1 -1 -1 0 
8 1 752 317 63 66 -1 -1 -1 0 
8 2 4 271 393 322 -1 -1 -1 0 
8 3 859 317 53 52 -1 -1 -1 0 
8 4 675 318 51 65 -1 -1 -1 0 
8 5 810 321 31 41 -1 -1 -1 0 
9 1 753 316 61 67 -1 -1 -1 0 
9 2 3 269 404 319 -1 -1 -1 0 
9 3 861 317 49 52 -1 -1 -1 0 
9 4 676 317 50 65 -1 -1 -1 0 
10 1 753 316 62 67 -1 -1 -1 0 
10 2 6 262 410 327 -1 -1 -1 0 
10 3 861 318 49 51 -1 -1 -1 0 
10 4 676 317 51 65 -1 -1 -1 0 
11 1 753 315 61 68 -1 -1 -1 0 
11 2 9 259 415 326 -1 -1 -1 0 
11 3 861 318 49 51 -1 -1 -1 0 
11 4 676 318 51 64 -1 -1 -1 0 
12 1 754 316 60 69 -1 -1 -1 0 
12 3 860 320 49 50 -1 -1 -1 0 
12 4 676 320 51 64 -1 -1 -1 0 
13 1 753 318 62 68 -1 -1 -1 0 
13 2 107 274 322 276 -1 -1 -1 0 
13 3 859 321 49 49 -1 -1 -1 0 
13 4 676 322 50 61 -1 -1 -1 0 
13 5 808 326 30 35 -1 -1 -1 0 
14 1 753 318 62 68 -1 -1 -1 0 
14 2 120 273 316 270 -1 -1 -1 0 
14 3 858 323 49 48 -1 -1 -1 0 
14 4 676 325 48 59 -1 -1 -1 0 
14 5 809 327 28 35 -1 -1 -1 0 
15 1 753 319 62 67 -1 -1 -1 0 
15 2 185 280 257 254 -1 -1 -1 0 
15 3 857 323 50 48 -1 -1 -1 0 
15 4 676 326 47 59 -1 -1 -1 0 
15 5 810 328 26 35 -1 -1 -1 0 
16 1 753 320 61 67 -1 -1 -1 0 
16 2 202 280 246 247 -1 -1 -1 0 
16 3 856 324 51 48 -1 -1 -1 0 
16 4 676 326 47 60 -1 -1 -1 0 
16 5 810 328 25 35 -1 -1 -1 0 
17 1 753 320 60 68 -1 -1 -1 0 
17 3 855 325 51 48 -1 -1 -1 0 
17 4 676 327 47 59 -1 -1 -1 0 
18 1 752 320 62 68 -1 -1 -1 0 
18 3 855 324 51 49 -1 -1 -1 0 
18 4 676 326 46 59 -1 -1 -1 0 
18 5 809 329 26 34 -1 -1 -1 0 
19 1 753 319 61 69 -1 -1 -1 0 
19 3 856 324 49 49 -1 -1 -1 0 
19 4 675 327 48 58 -1 -1 -1 0 
19 5 809 328 25 35 -1 -1 -1 0 
20 1 753 319 62 69 -1 -1 -1 0 
20 2 166 277 327 249 -1 -1 -1 0 
20 3 855 323 51 49 -1 -1 -1 0 
20 4 676 326 46 58 -1 -1 -1 0 
20 5 808 328 26 35 -1 -1 -1 0 
21 1 754 319 62 67 -1 -1 -1 0 
21 2 175 277 326 244 -1 -1 -1 0 
21 3 855 321 52 51 -1 -1 -1 0 
21 4 676 325 47 59 -1 -1 -1 0 
21 5 808 327 28 35 -1 -1 -1 0 
22 1 755 319 62 66 -1 -1 -1 0 
22 3 854 320 53 51 -1 -1 -1 0 
22 4 677 323 47 60 -1 -1 -1 0 
22 5 808 327 28 35 -1 -1 -1 0 
23 1 755 318 62 66 -1 -1 -1 0 
23 2 246 282 253 229 -1 -1 -1 0 
23 3 854 319 54 52 -1 -1 -1 0 
23 4 676 322 50 62 -1 -1 -1 0 
24 1 756 318 62 66 -1 -1 -1 0 
24 2 259 282 248 224 -1 -1 -1 0 
24 3 854 318 55 53 -1 -1 -1 0 
24 4 677 322 50 62 -1 -1 -1 0 
25 1 757 318 62 66 -1 -1 -1 0 
25 2 280 283 236 213 -1 -1 -1 0 
25 3 855 317 54 53 -1 -1 -1 0 
25 4 677 322 51 62 -1 -1 -1 0 
26 1 758 318 62 65 -1 -1 -1 0 
26 2 293 284 231 207 -1 -1 -1 0 
26 3 856 318 54 52 -1 -1 -1 0 
26 4 677 322 51 62 -1 -1 -1 0 
27 1 759 318 63 66 -1 -1 -1 0 
27 2 325 287 195 201 -1 -1 -1 0 
27 3 856 318 55 52 -1 -1 -1 0 
27 7 76 277 362 258 -1 -1 -1 0 
28 1 758 318 66 66 -1 -1 -1 0 
28 2 345 287 182 198 -1 -1 -1 0 
28 3 857 319 55 51 -1 -1 -1 0 
28 7 108 276 342 247 -1 -1 -1 0 
29 1 759 318 65 66 -1 -1 -1 0 
29 2 362 288 169 193 -1 -1 -1 0 
29 3 857 321 57 49 -1 -1 -1 0 
29 7 125 278 350 239 -1 -1 -1 0 
30 1 759 318 67 66 -1 -1 -1 0 
30 2 377 289 161 188 -1 -1 -1 0 
30 3 856 321 59 49 -1 -1 -1 0 
30 7 159 276 327 231 -1 -1 -1 0 
31 1 760 319 66 65 -1 -1 -1 0 
31 3 857 321 58 49 -1 -1 -1 0 
31 7 188 276 294 226 -1 -1 -1 0 
32 1 762 319 64 65 -1 -1 -1 0 
32 3 858 321 56 49 -1 -1 -1 0 
32 7 200 279 324 215 -1 -1 -1 0 
33 1 762 319 65 65 -1 -1 -1 0 
33 3 860 321 52 49 -1 -1 -1 0 
33 7 220 282 325 204 -1 -1 -1 0 
33 9 1179 304 88 56 -1 -1 -1 0 
34 1 763 319 64 66 -1 -1 -1 0 
34 3 859 321 53 50 -1 -1 -1 0 
34 7 244 285 307 196 -1 -1 -1 0 
34 9 1212 304 63 57 -1 -1 -1 0 
35 1 763 320 64 66 -1 -1 -1 0 
35 3 859 321 53 50 -1 -1 -1 0 
35 7 263 287 295 189 -1 -1 -1 0 
35 9 1247 304 31 55 -1 -1 -1 0 
36 1 763 321 64 65 -1 -1 -1 0 
36 3 858 321 53 50 -1 -1 -1 0 
36 7 282 288 278 186 -1 -1 -1 0 
36 9 1264 305 15 53 -1 -1 -1 0 
37 1 764 321 63 65 -1 -1 -1 0 
37 3 858 321 53 50 -1 -1 -1 0 
37 7 296 291 269 179 -1 -1 -1 0 
38 1 764 321 63 65 -1 -1 -1 0 
38 3 857 322 53 50 -1 -1 -1 0 
38 7 310 296 262 170 -1 -1 -1 0 
39 1 764 321 63 65 -1 -1 -1 0 
39 3 857 323 53 49 -1 -1 -1 0 
39 7 326 297 248 167 -1 -1 -1 0 
39 10 0 319 141 197 -1 -1 -1 0 
40 1 764 321 63 66 -1 -1 -1 0 
40 3 856 324 54 49 -1 -1 -1 0 
40 7 337 300 239 163 -1 -1 -1 0 
40 10 0 326 176 179 -1 -1 -1 0 
