3 1 443 341 142 109 -1 -1 -1 0 
3 2 892 351 254 129 -1 -1 -1 0 
3 3 626 303 32 57 -1 -1 -1 0 
4 1 447 341 140 108 -1 -1 -1 0 
4 2 894 351 250 128 -1 -1 -1 0 
4 3 625 303 34 56 -1 -1 -1 0 
5 1 452 339 136 108 -1 -1 -1 0 
5 2 893 351 248 127 -1 -1 -1 0 
5 3 625 303 33 55 -1 -1 -1 0 
6 1 457 339 131 107 -1 -1 -1 0 
6 2 894 349 244 128 -1 -1 -1 0 
6 3 626 303 32 55 -1 -1 -1 0 
7 1 461 338 128 107 -1 -1 -1 0 
7 2 894 348 243 129 -1 -1 -1 0 
7 3 626 303 32 55 -1 -1 -1 0 
8 1 463 336 131 107 -1 -1 -1 0 
8 2 889 348 247 128 -1 -1 -1 0 
8 3 625 302 34 54 -1 -1 -1 0 
9 1 467 335 128 105 -1 -1 -1 0 
9 2 886 347 245 131 -1 -1 -1 0 
9 3 625 302 34 54 -1 -1 -1 0 
10 1 472 335 124 103 -1 -1 -1 0 
10 2 881 347 249 131 -1 -1 -1 0 
10 3 625 304 33 53 -1 -1 -1 0 
11 1 476 334 120 100 -1 -1 -1 0 
11 2 879 349 249 129 -1 -1 -1 0 
11 3 625 304 34 52 -1 -1 -1 0 
12 1 481 334 113 96 -1 -1 -1 0 
12 2 879 350 248 128 -1 -1 -1 0 
12 3 625 304 34 52 -1 -1 -1 0 
13 1 484 333 112 94 -1 -1 -1 0 
13 2 880 351 242 125 -1 -1 -1 0 
13 3 626 304 33 50 -1 -1 -1 0 
14 1 486 334 112 91 -1 -1 -1 0 
14 2 880 349 238 125 -1 -1 -1 0 
14 3 627 304 31 50 -1 -1 -1 0 
15 1 491 333 106 91 -1 -1 -1 0 
15 2 879 349 236 124 -1 -1 -1 0 
15 3 627 304 31 49 -1 -1 -1 0 
16 1 494 335 105 89 -1 -1 -1 0 
16 2 880 347 233 123 -1 -1 -1 0 
16 3 627 304 31 50 -1 -1 -1 0 
17 1 497 334 101 90 -1 -1 -1 0 
17 2 880 345 230 124 -1 -1 -1 0 
17 3 626 304 32 52 -1 -1 -1 0 
18 1 499 334 101 88 -1 -1 -1 0 
18 2 878 342 234 126 -1 -1 -1 0 
18 3 626 305 32 51 -1 -1 -1 0 
19 1 501 333 100 89 -1 -1 -1 0 
19 2 876 341 236 128 -1 -1 -1 0 
20 1 504 333 98 87 -1 -1 -1 0 
20 2 879 344 233 124 -1 -1 -1 0 
21 1 508 335 95 85 -1 -1 -1 0 
21 2 881 343 226 125 -1 -1 -1 0 
22 1 511 335 92 84 -1 -1 -1 0 
22 2 879 342 226 127 -1 -1 -1 0 
22 3 626 306 32 51 -1 -1 -1 0 
23 1 511 335 93 82 -1 -1 -1 0 
23 2 876 343 230 125 -1 -1 -1 0 
23 3 627 307 31 50 -1 -1 -1 0 
24 1 513 333 91 83 -1 -1 -1 0 
24 2 878 341 225 127 -1 -1 -1 0 
25 1 515 333 91 82 -1 -1 -1 0 
25 2 877 342 225 124 -1 -1 -1 0 
26 1 518 333 89 83 -1 -1 -1 0 
26 2 875 344 228 120 -1 -1 -1 0 
27 1 520 334 89 81 -1 -1 -1 0 
27 2 876 345 224 120 -1 -1 -1 0 
28 1 524 334 84 80 -1 -1 -1 0 
28 2 879 348 219 115 -1 -1 -1 0 
29 1 526 333 82 80 -1 -1 -1 0 
29 2 880 348 214 116 -1 -1 -1 0 
29 3 628 308 29 51 -1 -1 -1 0 
30 1 528 333 80 81 -1 -1 -1 0 
30 2 880 349 211 117 -1 -1 -1 0 
30 3 627 309 31 51 -1 -1 -1 0 
31 1 529 334 81 80 -1 -1 -1 0 
31 2 873 349 218 118 -1 -1 -1 0 
31 3 627 309 31 51 -1 -1 -1 0 
32 1 531 336 79 78 -1 -1 -1 0 
32 2 871 354 216 114 -1 -1 -1 0 
32 3 628 310 30 50 -1 -1 -1 0 
33 1 533 336 78 78 -1 -1 -1 0 
33 2 872 356 211 112 -1 -1 -1 0 
34 1 535 336 76 77 -1 -1 -1 0 
34 2 871 356 210 110 -1 -1 -1 0 
35 1 536 335 76 78 -1 -1 -1 0 
35 2 869 349 207 119 -1 -1 -1 0 
36 1 537 334 76 78 -1 -1 -1 0 
36 2 865 347 212 121 -1 -1 -1 0 
37 1 538 332 76 79 -1 -1 -1 0 
37 2 863 347 213 119 -1 -1 -1 0 
38 1 538 332 77 78 -1 -1 -1 0 
38 2 862 344 211 120 -1 -1 -1 0 
39 1 539 333 76 75 -1 -1 -1 0 
39 2 861 342 211 120 -1 -1 -1 0 
40 1 541 333 73 74 -1 -1 -1 0 
40 2 860 343 212 117 -1 -1 -1 0 
