3 1 671 333 30 39 -1 -1 -1 0 
3 2 606 328 39 40 -1 -1 -1 0 
4 1 671 332 30 40 -1 -1 -1 0 
4 2 605 327 41 41 -1 -1 -1 0 
5 1 670 332 33 40 -1 -1 -1 0 
5 2 606 328 40 40 -1 -1 -1 0 
6 1 670 331 34 41 -1 -1 -1 0 
6 2 606 328 40 40 -1 -1 -1 0 
7 1 669 332 35 40 -1 -1 -1 0 
7 2 607 330 38 39 -1 -1 -1 0 
8 1 670 332 32 41 -1 -1 -1 0 
8 2 606 330 40 40 -1 -1 -1 0 
9 1 670 332 31 42 -1 -1 -1 0 
9 2 607 330 39 40 -1 -1 -1 0 
10 1 670 333 32 42 -1 -1 -1 0 
10 2 608 330 39 40 -1 -1 -1 0 
11 1 669 333 33 42 -1 -1 -1 0 
11 2 608 330 40 41 -1 -1 -1 0 
12 1 669 333 34 43 -1 -1 -1 0 
12 2 608 330 40 40 -1 -1 -1 0 
13 1 670 333 33 42 -1 -1 -1 0 
13 2 609 330 39 39 -1 -1 -1 0 
14 1 670 333 34 41 -1 -1 -1 0 
14 2 610 330 38 38 -1 -1 -1 0 
15 1 672 334 31 40 -1 -1 -1 0 
15 2 612 330 36 38 -1 -1 -1 0 
16 1 672 334 32 40 -1 -1 -1 0 
16 2 613 330 35 38 -1 -1 -1 0 
17 1 673 334 30 40 -1 -1 -1 0 
17 2 613 331 35 36 -1 -1 -1 0 
18 1 673 334 31 40 -1 -1 -1 0 
19 1 672 335 33 38 -1 -1 -1 0 
20 1 672 335 33 38 -1 -1 -1 0 
20 2 617 331 33 36 -1 -1 -1 0 
21 1 672 334 32 38 -1 -1 -1 0 
21 2 619 331 31 37 -1 -1 -1 0 
22 1 671 334 34 38 -1 -1 -1 0 
22 2 619 331 32 37 -1 -1 -1 0 
23 1 672 334 34 38 -1 -1 -1 0 
23 2 620 331 32 37 -1 -1 -1 0 
24 1 672 334 33 38 -1 -1 -1 0 
24 2 619 331 34 37 -1 -1 -1 0 
25 1 672 334 33 38 -1 -1 -1 0 
25 2 621 331 32 37 -1 -1 -1 0 
26 1 672 334 33 38 -1 -1 -1 0 
26 2 621 330 33 37 -1 -1 -1 0 
27 1 672 335 33 37 -1 -1 -1 0 
27 2 622 330 32 37 -1 -1 -1 0 
28 1 673 335 32 37 -1 -1 -1 0 
28 2 622 330 32 37 -1 -1 -1 0 
29 1 673 334 33 39 -1 -1 -1 0 
29 2 622 331 32 36 -1 -1 -1 0 
30 1 672 334 35 39 -1 -1 -1 0 
30 2 624 333 30 34 -1 -1 -1 0 
31 1 673 333 34 40 -1 -1 -1 0 
31 2 624 333 31 34 -1 -1 -1 0 
32 1 672 333 36 40 -1 -1 -1 0 
32 2 626 334 28 34 -1 -1 -1 0 
33 1 673 332 36 42 -1 -1 -1 0 
33 2 627 333 27 35 -1 -1 -1 0 
34 1 673 332 36 42 -1 -1 -1 0 
34 2 627 333 28 35 -1 -1 -1 0 
35 1 674 332 35 43 -1 -1 -1 0 
35 2 627 334 29 35 -1 -1 -1 0 
36 1 673 331 37 44 -1 -1 -1 0 
36 2 628 334 28 35 -1 -1 -1 0 
37 1 673 332 37 43 -1 -1 -1 0 
37 2 629 335 27 33 -1 -1 -1 0 
38 1 674 332 36 44 -1 -1 -1 0 
38 2 630 334 25 34 -1 -1 -1 0 
39 1 674 332 35 44 -1 -1 -1 0 
39 2 630 335 25 33 -1 -1 -1 0 
40 1 674 332 36 43 -1 -1 -1 0 
40 2 630 335 25 33 -1 -1 -1 0 
