3 1 641 325 54 59 -1 -1 -1 0 
3 2 597 325 38 51 -1 -1 -1 0 
4 1 641 325 54 60 -1 -1 -1 0 
4 2 597 326 39 49 -1 -1 -1 0 
5 1 642 326 54 58 -1 -1 -1 0 
5 2 598 327 37 49 -1 -1 -1 0 
6 1 642 326 55 58 -1 -1 -1 0 
6 2 598 327 38 48 -1 -1 -1 0 
7 1 643 326 54 58 -1 -1 -1 0 
7 2 599 327 38 48 -1 -1 -1 0 
8 1 643 325 54 58 -1 -1 -1 0 
8 2 599 327 38 48 -1 -1 -1 0 
9 1 644 325 53 58 -1 -1 -1 0 
9 2 600 326 37 49 -1 -1 -1 0 
10 1 644 325 54 58 -1 -1 -1 0 
10 2 600 326 38 50 -1 -1 -1 0 
11 1 645 324 51 59 -1 -1 -1 0 
11 2 600 326 38 50 -1 -1 -1 0 
12 1 645 324 51 59 -1 -1 -1 0 
12 2 601 325 37 51 -1 -1 -1 0 
13 1 647 325 49 59 -1 -1 -1 0 
13 2 601 325 38 51 -1 -1 -1 0 
14 1 647 325 50 59 -1 -1 -1 0 
14 2 601 325 38 51 -1 -1 -1 0 
15 1 647 325 51 59 -1 -1 -1 0 
15 2 602 328 38 48 -1 -1 -1 0 
16 1 648 325 49 60 -1 -1 -1 0 
16 2 603 331 37 45 -1 -1 -1 0 
17 1 648 325 50 60 -1 -1 -1 0 
17 2 604 332 35 44 -1 -1 -1 0 
17 6 982 321 66 45 -1 -1 -1 0 
18 2 605 333 34 42 -1 -1 -1 0 
18 6 983 322 65 44 -1 -1 -1 0 
19 2 605 333 35 42 -1 -1 -1 0 
19 6 983 323 67 43 -1 -1 -1 0 
20 2 605 334 35 41 -1 -1 -1 0 
20 6 982 324 69 42 -1 -1 -1 0 
21 2 606 334 34 40 -1 -1 -1 0 
21 6 985 327 64 40 -1 -1 -1 0 
22 2 605 334 36 41 -1 -1 -1 0 
22 6 985 327 63 41 -1 -1 -1 0 
23 2 606 333 35 42 -1 -1 -1 0 
23 6 989 327 57 40 -1 -1 -1 0 
24 2 606 333 36 42 -1 -1 -1 0 
24 6 983 328 66 39 -1 -1 -1 0 
25 2 605 334 38 39 -1 -1 -1 0 
25 6 985 327 64 40 -1 -1 -1 0 
26 1 446 341 26 27 -1 -1 -1 0 
26 2 606 334 37 39 -1 -1 -1 0 
26 6 987 325 62 42 -1 -1 -1 0 
27 1 435 341 24 27 -1 -1 -1 0 
27 2 606 333 38 39 -1 -1 -1 0 
27 6 988 323 63 42 -1 -1 -1 0 
30 1 406 340 29 30 -1 -1 -1 0 
30 2 607 332 39 40 -1 -1 -1 0 
30 6 987 319 63 44 -1 -1 -1 0 
31 1 389 340 29 29 -1 -1 -1 0 
31 2 606 333 41 40 -1 -1 -1 0 
31 6 989 321 60 43 -1 -1 -1 0 
32 2 606 333 41 40 -1 -1 -1 0 
32 6 986 321 65 45 -1 -1 -1 0 
33 1 365 340 32 34 -1 -1 -1 0 
33 2 607 333 40 40 -1 -1 -1 0 
33 6 993 320 58 48 -1 -1 -1 0 
34 1 349 341 33 33 -1 -1 -1 0 
34 2 606 333 42 40 -1 -1 -1 0 
34 6 994 320 58 48 -1 -1 -1 0 
35 1 335 343 36 32 -1 -1 -1 0 
35 2 607 332 42 41 -1 -1 -1 0 
36 1 317 341 40 35 -1 -1 -1 0 
36 2 607 332 42 41 -1 -1 -1 0 
37 1 299 343 39 34 -1 -1 -1 0 
37 2 609 330 40 43 -1 -1 -1 0 
37 6 990 322 62 46 -1 -1 -1 0 
38 1 282 344 41 34 -1 -1 -1 0 
38 2 608 330 42 43 -1 -1 -1 0 
38 6 989 323 64 45 -1 -1 -1 0 
39 2 608 330 43 42 -1 -1 -1 0 
39 6 991 323 61 45 -1 -1 -1 0 
40 2 610 330 40 42 -1 -1 -1 0 
40 6 991 324 62 44 -1 -1 -1 0 
