3 1 649 330 41 46 -1 -1 -1 0 
3 2 792 324 42 43 -1 -1 -1 0 
3 3 594 332 22 26 -1 -1 -1 0 
4 1 649 331 41 45 -1 -1 -1 0 
4 2 791 323 44 44 -1 -1 -1 0 
4 3 593 332 23 26 -1 -1 -1 0 
5 1 650 331 39 45 -1 -1 -1 0 
5 2 792 324 43 43 -1 -1 -1 0 
5 3 594 332 21 25 -1 -1 -1 0 
6 1 649 331 41 45 -1 -1 -1 0 
6 2 792 325 41 42 -1 -1 -1 0 
6 3 594 333 21 24 -1 -1 -1 0 
7 1 649 331 41 45 -1 -1 -1 0 
7 2 792 325 41 42 -1 -1 -1 0 
7 3 595 333 20 25 -1 -1 -1 0 
8 1 648 332 41 45 -1 -1 -1 0 
8 2 792 325 40 42 -1 -1 -1 0 
8 3 594 333 21 25 -1 -1 -1 0 
8 4 131 309 37 29 -1 -1 -1 0 
9 1 648 332 41 45 -1 -1 -1 0 
9 2 790 327 40 40 -1 -1 -1 0 
9 3 594 334 20 24 -1 -1 -1 0 
9 4 131 309 37 30 -1 -1 -1 0 
10 1 648 332 41 45 -1 -1 -1 0 
10 2 788 327 40 39 -1 -1 -1 0 
10 3 593 334 21 24 -1 -1 -1 0 
10 4 131 309 38 31 -1 -1 -1 0 
11 1 649 331 40 46 -1 -1 -1 0 
11 2 788 325 39 39 -1 -1 -1 0 
11 3 593 334 20 24 -1 -1 -1 0 
11 4 119 308 46 31 -1 -1 -1 0 
12 1 648 332 42 45 -1 -1 -1 0 
12 2 786 325 41 40 -1 -1 -1 0 
12 4 115 309 44 29 -1 -1 -1 0 
13 1 647 332 42 43 -1 -1 -1 0 
13 2 783 326 45 38 -1 -1 -1 0 
13 4 111 308 44 28 -1 -1 -1 0 
14 1 647 332 41 43 -1 -1 -1 0 
14 2 783 327 44 37 -1 -1 -1 0 
14 4 110 309 40 28 -1 -1 -1 0 
15 1 646 331 42 44 -1 -1 -1 0 
15 2 783 327 42 37 -1 -1 -1 0 
15 4 109 308 40 28 -1 -1 -1 0 
16 1 646 331 41 44 -1 -1 -1 0 
16 2 782 327 43 39 -1 -1 -1 0 
16 4 108 310 39 26 -1 -1 -1 0 
17 1 645 330 42 44 -1 -1 -1 0 
17 2 781 326 42 40 -1 -1 -1 0 
17 4 106 310 38 26 -1 -1 -1 0 
18 1 645 329 40 45 -1 -1 -1 0 
18 2 779 326 44 40 -1 -1 -1 0 
18 6 4 293 46 45 -1 -1 -1 0 
19 1 644 329 42 44 -1 -1 -1 0 
19 2 777 325 44 42 -1 -1 -1 0 
19 3 589 332 20 24 -1 -1 -1 0 
19 6 4 292 40 47 -1 -1 -1 0 
20 1 645 328 40 45 -1 -1 -1 0 
20 2 775 325 45 42 -1 -1 -1 0 
20 3 588 332 20 24 -1 -1 -1 0 
20 6 0 291 41 49 -1 -1 -1 0 
21 1 643 329 42 45 -1 -1 -1 0 
21 2 774 324 45 45 -1 -1 -1 0 
21 3 587 332 21 25 -1 -1 -1 0 
21 4 74 308 44 28 -1 -1 -1 0 
21 6 3 295 32 42 -1 -1 -1 0 
22 1 642 329 43 45 -1 -1 -1 0 
22 2 773 323 46 46 -1 -1 -1 0 
22 3 586 332 20 25 -1 -1 -1 0 
22 4 69 308 45 29 -1 -1 -1 0 
22 6 0 295 32 42 -1 -1 -1 0 
23 1 640 330 45 44 -1 -1 -1 0 
23 2 773 323 45 47 -1 -1 -1 0 
23 3 585 332 21 25 -1 -1 -1 0 
24 1 641 330 42 45 -1 -1 -1 0 
24 2 774 324 43 47 -1 -1 -1 0 
24 3 584 332 21 25 -1 -1 -1 0 
25 1 640 331 44 45 -1 -1 -1 0 
25 2 774 324 43 47 -1 -1 -1 0 
25 3 586 333 18 25 -1 -1 -1 0 
26 1 639 331 44 45 -1 -1 -1 0 
26 2 775 326 42 46 -1 -1 -1 0 
26 3 586 333 18 25 -1 -1 -1 0 
27 1 639 331 44 44 -1 -1 -1 0 
27 2 774 326 43 45 -1 -1 -1 0 
27 3 586 334 18 24 -1 -1 -1 0 
27 4 5 305 34 32 -1 -1 -1 0 
28 1 639 331 44 45 -1 -1 -1 0 
28 2 772 327 45 43 -1 -1 -1 0 
28 3 587 334 17 24 -1 -1 -1 0 
28 4 0 304 29 34 -1 -1 -1 0 
29 1 640 331 42 43 -1 -1 -1 0 
29 2 768 327 47 43 -1 -1 -1 0 
29 3 587 334 17 24 -1 -1 -1 0 
30 1 639 331 43 45 -1 -1 -1 0 
30 2 767 327 47 43 -1 -1 -1 0 
30 3 587 334 17 24 -1 -1 -1 0 
31 1 639 331 42 45 -1 -1 -1 0 
31 2 766 327 47 43 -1 -1 -1 0 
31 3 587 334 18 24 -1 -1 -1 0 
31 6 0 307 25 31 -1 -1 -1 0 
32 1 638 332 43 45 -1 -1 -1 0 
32 2 765 326 46 44 -1 -1 -1 0 
32 3 588 334 17 24 -1 -1 -1 0 
32 6 0 308 23 31 -1 -1 -1 0 
32 12 197 333 54 40 -1 -1 -1 0 
33 1 638 332 43 45 -1 -1 -1 0 
33 2 765 326 47 45 -1 -1 -1 0 
33 3 587 334 17 24 -1 -1 -1 0 
33 12 163 334 60 42 -1 -1 -1 0 
34 1 639 331 42 44 -1 -1 -1 0 
34 2 764 325 48 46 -1 -1 -1 0 
34 3 587 333 17 25 -1 -1 -1 0 
34 12 122 333 66 45 -1 -1 -1 0 
35 1 639 331 43 44 -1 -1 -1 0 
35 2 765 325 47 46 -1 -1 -1 0 
35 3 587 334 18 24 -1 -1 -1 0 
35 12 71 331 77 51 -1 -1 -1 0 
36 1 639 331 42 43 -1 -1 -1 0 
36 2 766 326 45 44 -1 -1 -1 0 
36 3 588 333 16 25 -1 -1 -1 0 
36 12 9 322 84 70 -1 -1 -1 0 
37 1 639 331 42 43 -1 -1 -1 0 
37 2 766 326 44 43 -1 -1 -1 0 
37 3 587 333 18 25 -1 -1 -1 0 
37 12 0 324 34 71 -1 -1 -1 0 
38 1 638 331 44 43 -1 -1 -1 0 
38 2 765 326 46 42 -1 -1 -1 0 
38 3 587 333 19 24 -1 -1 -1 0 
38 12 0 323 -4 76 -1 -1 -1 0 
39 1 639 331 42 43 -1 -1 -1 0 
39 2 765 327 45 40 -1 -1 -1 0 
39 3 588 332 17 25 -1 -1 -1 0 
40 1 640 331 41 43 -1 -1 -1 0 
40 2 765 328 44 39 -1 -1 -1 0 
40 3 588 332 17 25 -1 -1 -1 0 
