3 1 748 333 62 61 -1 -1 -1 0 
3 2 671 333 35 43 -1 -1 -1 0 
4 1 748 334 63 60 -1 -1 -1 0 
4 2 672 334 33 42 -1 -1 -1 0 
5 1 749 335 62 59 -1 -1 -1 0 
5 2 672 334 32 42 -1 -1 -1 0 
6 1 749 335 62 60 -1 -1 -1 0 
6 2 672 334 33 42 -1 -1 -1 0 
7 1 749 333 63 62 -1 -1 -1 0 
7 2 671 333 34 43 -1 -1 -1 0 
8 1 749 332 64 63 -1 -1 -1 0 
8 2 671 333 34 43 -1 -1 -1 0 
9 1 748 332 66 63 -1 -1 -1 0 
9 2 671 333 35 42 -1 -1 -1 0 
10 1 749 332 66 64 -1 -1 -1 0 
10 2 672 334 33 41 -1 -1 -1 0 
11 1 749 332 67 64 -1 -1 -1 0 
11 2 673 334 32 41 -1 -1 -1 0 
12 1 749 332 68 64 -1 -1 -1 0 
12 2 673 334 32 41 -1 -1 -1 0 
13 1 749 331 69 66 -1 -1 -1 0 
13 2 672 332 33 43 -1 -1 -1 0 
14 1 749 333 71 64 -1 -1 -1 0 
14 2 672 334 33 41 -1 -1 -1 0 
15 1 749 333 71 65 -1 -1 -1 0 
15 2 673 334 31 40 -1 -1 -1 0 
16 1 750 333 71 66 -1 -1 -1 0 
16 2 673 334 31 41 -1 -1 -1 0 
17 1 751 333 71 66 -1 -1 -1 0 
17 2 673 334 31 41 -1 -1 -1 0 
18 1 752 333 71 67 -1 -1 -1 0 
18 2 673 334 31 41 -1 -1 -1 0 
19 1 753 333 71 68 -1 -1 -1 0 
19 2 672 334 32 40 -1 -1 -1 0 
20 1 753 332 72 69 -1 -1 -1 0 
20 2 672 333 31 41 -1 -1 -1 0 
21 1 754 332 72 69 -1 -1 -1 0 
21 2 672 333 32 41 -1 -1 -1 0 
22 1 754 331 74 71 -1 -1 -1 0 
22 2 673 333 30 41 -1 -1 -1 0 
23 1 755 331 73 72 -1 -1 -1 0 
23 2 672 333 31 41 -1 -1 -1 0 
24 1 754 331 76 72 -1 -1 -1 0 
24 2 672 333 31 41 -1 -1 -1 0 
25 1 755 331 76 72 -1 -1 -1 0 
25 2 672 333 32 41 -1 -1 -1 0 
26 1 755 331 78 73 -1 -1 -1 0 
26 2 673 332 30 42 -1 -1 -1 0 
27 1 756 331 78 73 -1 -1 -1 0 
27 2 672 332 31 42 -1 -1 -1 0 
28 1 757 329 79 75 -1 -1 -1 0 
28 2 672 331 32 43 -1 -1 -1 0 
29 1 758 329 79 76 -1 -1 -1 0 
29 2 672 331 32 43 -1 -1 -1 0 
30 1 758 327 80 79 -1 -1 -1 0 
30 2 672 331 31 43 -1 -1 -1 0 
31 1 759 326 80 81 -1 -1 -1 0 
31 2 671 330 33 44 -1 -1 -1 0 
32 1 759 326 83 81 -1 -1 -1 0 
32 2 671 330 33 45 -1 -1 -1 0 
33 1 759 326 85 80 -1 -1 -1 0 
33 2 671 329 33 45 -1 -1 -1 0 
34 1 760 327 85 79 -1 -1 -1 0 
34 2 671 329 33 45 -1 -1 -1 0 
35 1 761 327 85 80 -1 -1 -1 0 
35 2 671 328 33 46 -1 -1 -1 0 
36 1 761 328 88 80 -1 -1 -1 0 
36 2 671 329 33 44 -1 -1 -1 0 
36 7 715 333 26 36 -1 -1 -1 0 
37 1 761 328 90 80 -1 -1 -1 0 
37 2 671 331 32 42 -1 -1 -1 0 
37 7 715 334 26 34 -1 -1 -1 0 
38 1 762 329 90 79 -1 -1 -1 0 
38 2 672 331 31 42 -1 -1 -1 0 
38 7 716 335 25 32 -1 -1 -1 0 
39 1 763 329 92 80 -1 -1 -1 0 
39 2 670 329 33 44 -1 -1 -1 0 
39 7 715 335 26 32 -1 -1 -1 0 
40 1 764 328 93 82 -1 -1 -1 0 
40 2 670 329 32 44 -1 -1 -1 0 
40 7 714 334 28 33 -1 -1 -1 0 
