3 1 664 333 33 44 -1 -1 -1 0 
3 2 599 332 45 52 -1 -1 -1 0 
4 1 663 332 35 46 -1 -1 -1 0 
4 2 599 332 45 52 -1 -1 -1 0 
5 1 664 335 33 42 -1 -1 -1 0 
5 2 600 333 44 50 -1 -1 -1 0 
6 1 664 333 33 44 -1 -1 -1 0 
6 2 601 332 43 51 -1 -1 -1 0 
7 1 664 333 33 43 -1 -1 -1 0 
7 2 601 332 43 51 -1 -1 -1 0 
8 1 664 332 33 44 -1 -1 -1 0 
8 2 601 332 44 51 -1 -1 -1 0 
9 1 664 331 33 45 -1 -1 -1 0 
9 2 602 332 43 50 -1 -1 -1 0 
10 1 664 331 33 45 -1 -1 -1 0 
10 2 602 332 42 50 -1 -1 -1 0 
11 1 663 331 35 45 -1 -1 -1 0 
11 2 603 332 42 50 -1 -1 -1 0 
12 1 663 331 35 45 -1 -1 -1 0 
12 2 602 333 43 49 -1 -1 -1 0 
13 1 663 331 35 45 -1 -1 -1 0 
13 2 604 333 41 49 -1 -1 -1 0 
14 1 663 331 35 45 -1 -1 -1 0 
14 2 604 332 40 50 -1 -1 -1 0 
15 1 664 332 33 44 -1 -1 -1 0 
15 2 604 332 41 50 -1 -1 -1 0 
16 1 664 334 33 42 -1 -1 -1 0 
16 2 605 332 39 50 -1 -1 -1 0 
17 1 664 332 33 44 -1 -1 -1 0 
17 2 604 332 42 50 -1 -1 -1 0 
18 1 665 333 32 43 -1 -1 -1 0 
18 2 605 332 40 50 -1 -1 -1 0 
19 1 664 332 33 44 -1 -1 -1 0 
19 2 605 333 41 48 -1 -1 -1 0 
20 1 665 332 33 43 -1 -1 -1 0 
20 2 606 333 41 48 -1 -1 -1 0 
21 1 665 332 33 43 -1 -1 -1 0 
21 2 606 333 41 47 -1 -1 -1 0 
22 1 666 331 33 43 -1 -1 -1 0 
22 2 606 333 41 47 -1 -1 -1 0 
23 1 666 331 32 44 -1 -1 -1 0 
23 2 606 333 41 47 -1 -1 -1 0 
24 1 665 333 34 42 -1 -1 -1 0 
24 2 606 334 41 46 -1 -1 -1 0 
25 1 666 333 32 42 -1 -1 -1 0 
25 2 607 334 40 45 -1 -1 -1 0 
26 1 666 333 32 42 -1 -1 -1 0 
26 2 608 335 39 44 -1 -1 -1 0 
27 1 666 333 32 42 -1 -1 -1 0 
27 2 608 335 39 44 -1 -1 -1 0 
28 1 665 333 33 42 -1 -1 -1 0 
28 2 608 335 40 43 -1 -1 -1 0 
29 1 666 333 32 42 -1 -1 -1 0 
29 2 609 335 38 43 -1 -1 -1 0 
30 1 666 333 32 42 -1 -1 -1 0 
30 2 610 335 37 43 -1 -1 -1 0 
31 1 667 333 31 42 -1 -1 -1 0 
31 2 609 335 39 43 -1 -1 -1 0 
32 1 666 333 33 43 -1 -1 -1 0 
32 2 610 335 39 43 -1 -1 -1 0 
33 1 666 333 33 43 -1 -1 -1 0 
33 2 610 334 38 44 -1 -1 -1 0 
34 1 667 334 32 43 -1 -1 -1 0 
34 2 610 335 39 44 -1 -1 -1 0 
35 1 666 334 33 43 -1 -1 -1 0 
35 2 610 334 39 45 -1 -1 -1 0 
36 1 666 334 33 44 -1 -1 -1 0 
36 2 609 334 42 45 -1 -1 -1 0 
37 1 666 334 33 44 -1 -1 -1 0 
37 2 611 333 39 46 -1 -1 -1 0 
38 1 666 334 34 43 -1 -1 -1 0 
38 2 611 333 40 46 -1 -1 -1 0 
39 1 667 334 32 43 -1 -1 -1 0 
39 2 611 333 40 46 -1 -1 -1 0 
40 1 667 334 32 42 -1 -1 -1 0 
40 2 612 333 39 46 -1 -1 -1 0 
