3 1 901 310 96 81 -1 -1 -1 0 
3 2 802 323 54 58 -1 -1 -1 0 
3 3 413 343 62 42 -1 -1 -1 0 
4 1 900 309 99 82 -1 -1 -1 0 
4 2 803 323 54 58 -1 -1 -1 0 
4 3 390 343 64 46 -1 -1 -1 0 
4 4 492 341 30 31 -1 -1 -1 0 
5 1 901 308 100 84 -1 -1 -1 0 
5 2 801 322 57 58 -1 -1 -1 0 
5 3 361 342 76 52 -1 -1 -1 0 
5 4 485 342 31 31 -1 -1 -1 0 
6 1 902 308 100 84 -1 -1 -1 0 
6 2 803 321 55 58 -1 -1 -1 0 
6 3 324 343 89 57 -1 -1 -1 0 
6 4 477 342 33 31 -1 -1 -1 0 
7 1 903 309 99 84 -1 -1 -1 0 
7 2 804 321 54 58 -1 -1 -1 0 
7 3 271 346 114 61 -1 -1 -1 0 
7 4 469 344 34 31 -1 -1 -1 0 
8 1 902 310 100 84 -1 -1 -1 0 
8 2 805 322 54 56 -1 -1 -1 0 
8 3 226 346 124 70 -1 -1 -1 0 
8 4 463 344 32 32 -1 -1 -1 0 
8 9 508 342 33 30 -1 -1 -1 0 
9 1 903 310 100 84 -1 -1 -1 0 
9 2 805 322 52 56 -1 -1 -1 0 
9 3 154 349 155 77 -1 -1 -1 0 
9 4 452 344 38 34 -1 -1 -1 0 
9 9 499 343 36 31 -1 -1 -1 0 
10 1 903 312 102 83 -1 -1 -1 0 
10 2 807 324 50 54 -1 -1 -1 0 
10 3 45 351 204 87 -1 -1 -1 0 
10 4 445 344 35 34 -1 -1 -1 0 
10 9 491 343 34 32 -1 -1 -1 0 
10 12 268 344 79 50 -1 -1 -1 0 
11 1 905 313 101 82 -1 -1 -1 0 
11 2 807 323 49 55 -1 -1 -1 0 
11 3 4 356 149 94 -1 -1 -1 0 
11 4 434 346 38 33 -1 -1 -1 0 
11 9 479 344 38 34 -1 -1 -1 0 
11 12 217 347 99 51 -1 -1 -1 0 
11 13 580 336 25 33 -1 -1 -1 0 
12 1 905 313 103 82 -1 -1 -1 0 
12 2 807 323 50 55 -1 -1 -1 0 
12 3 0 357 79 93 -1 -1 -1 0 
12 4 422 345 39 35 -1 -1 -1 0 
12 9 467 345 41 34 -1 -1 -1 0 
12 12 169 348 120 54 -1 -1 -1 0 
12 13 575 335 26 34 -1 -1 -1 0 
13 1 906 312 103 84 -1 -1 -1 0 
13 2 806 325 50 53 -1 -1 -1 0 
13 3 0 359 31 98 -1 -1 -1 0 
13 4 411 345 39 36 -1 -1 -1 0 
13 9 500 344 40 34 -1 -1 -1 0 
13 12 128 349 124 60 -1 -1 -1 0 
13 13 480 341 44 39 -1 -1 -1 0 
14 1 906 312 106 83 -1 -1 -1 0 
14 2 805 327 50 50 -1 -1 -1 0 
14 4 398 345 37 37 -1 -1 -1 0 
14 9 504 342 41 38 -1 -1 -1 0 
14 12 70 349 137 64 -1 -1 -1 0 
14 13 540 339 30 35 -1 -1 -1 0 
15 1 908 310 105 85 -1 -1 -1 0 
15 2 805 328 50 49 -1 -1 -1 0 
15 4 388 345 38 38 -1 -1 -1 0 
15 9 494 342 47 39 -1 -1 -1 0 
15 12 28 350 145 67 -1 -1 -1 0 
15 13 551 338 30 34 -1 -1 -1 0 
16 1 909 308 105 87 -1 -1 -1 0 
16 2 805 329 50 48 -1 -1 -1 0 
16 9 481 343 46 41 -1 -1 -1 0 
16 13 550 339 35 32 -1 -1 -1 0 
16 16 386 345 63 44 -1 -1 -1 0 
17 1 909 306 106 90 -1 -1 -1 0 
17 2 805 328 49 48 -1 -1 -1 0 
17 9 456 345 58 42 -1 -1 -1 0 
17 13 544 339 33 33 -1 -1 -1 0 
17 16 350 347 78 46 -1 -1 -1 0 
18 1 909 306 108 91 -1 -1 -1 0 
18 2 803 327 51 51 -1 -1 -1 0 
18 9 433 345 63 46 -1 -1 -1 0 
18 13 536 339 38 35 -1 -1 -1 0 
18 16 321 351 75 48 -1 -1 -1 0 
19 1 909 306 110 92 -1 -1 -1 0 
19 2 802 324 51 53 -1 -1 -1 0 
19 4 467 345 41 33 -1 -1 -1 0 
19 9 404 347 73 50 -1 -1 -1 0 
19 13 529 341 39 34 -1 -1 -1 0 
19 16 277 354 95 53 -1 -1 -1 0 
20 1 908 308 112 91 -1 -1 -1 0 
20 2 802 322 51 56 -1 -1 -1 0 
20 4 462 346 47 33 -1 -1 -1 0 
20 9 368 350 83 57 -1 -1 -1 0 
20 13 517 340 42 37 -1 -1 -1 0 
20 16 227 355 114 59 -1 -1 -1 0 
21 1 909 309 113 91 -1 -1 -1 0 
21 2 802 322 51 56 -1 -1 -1 0 
21 4 452 347 46 34 -1 -1 -1 0 
21 9 315 353 106 62 -1 -1 -1 0 
21 13 506 341 41 39 -1 -1 -1 0 
21 16 195 357 120 62 -1 -1 -1 0 
22 1 909 310 114 90 -1 -1 -1 0 
22 2 805 322 49 56 -1 -1 -1 0 
22 4 436 348 52 35 -1 -1 -1 0 
22 9 295 355 113 64 -1 -1 -1 0 
22 13 488 341 52 42 -1 -1 -1 0 
23 1 909 310 115 91 -1 -1 -1 0 
23 2 806 322 48 55 -1 -1 -1 0 
23 4 417 348 55 37 -1 -1 -1 0 
23 13 470 342 56 43 -1 -1 -1 0 
23 18 610 337 20 25 -1 -1 -1 0 
24 1 910 310 116 91 -1 -1 -1 0 
24 2 806 321 48 55 -1 -1 -1 0 
24 4 390 349 65 38 -1 -1 -1 0 
24 13 447 343 61 46 -1 -1 -1 0 
24 18 608 336 22 26 -1 -1 -1 0 
24 20 310 350 59 40 -1 -1 -1 0 
25 1 911 310 116 92 -1 -1 -1 0 
25 2 807 321 48 55 -1 -1 -1 0 
25 4 364 350 61 41 -1 -1 -1 0 
25 13 421 343 69 51 -1 -1 -1 0 
25 16 32 363 117 59 -1 -1 -1 0 
25 18 604 337 22 24 -1 -1 -1 0 
25 20 283 352 64 41 -1 -1 -1 0 
26 1 912 310 117 92 -1 -1 -1 0 
26 2 807 321 48 54 -1 -1 -1 0 
26 4 333 351 56 45 -1 -1 -1 0 
26 13 382 344 83 58 -1 -1 -1 0 
26 16 3 367 68 62 -1 -1 -1 0 
26 18 603 337 22 25 -1 -1 -1 0 
26 20 250 353 49 44 -1 -1 -1 0 
27 1 913 310 119 92 -1 -1 -1 0 
27 2 808 321 47 54 -1 -1 -1 0 
27 4 291 354 58 49 -1 -1 -1 0 
27 13 333 347 105 64 -1 -1 -1 0 
27 16 0 369 29 64 -1 -1 -1 0 
27 18 601 337 23 25 -1 -1 -1 0 
27 20 205 356 84 43 -1 -1 -1 0 
28 1 913 311 120 92 -1 -1 -1 0 
28 2 807 323 49 53 -1 -1 -1 0 
28 4 275 355 60 50 -1 -1 -1 0 
28 13 251 348 152 72 -1 -1 -1 0 
28 20 178 357 89 45 -1 -1 -1 0 
29 1 915 310 122 93 -1 -1 -1 0 
29 2 807 325 49 51 -1 -1 -1 0 
29 13 222 349 163 75 -1 -1 -1 0 
29 18 596 337 21 25 -1 -1 -1 0 
30 1 924 314 115 87 -1 -1 -1 0 
30 2 807 325 49 51 -1 -1 -1 0 
30 18 593 338 22 25 -1 -1 -1 0 
31 1 921 313 122 89 -1 -1 -1 0 
31 18 584 336 28 28 -1 -1 -1 0 
32 1 921 312 123 91 -1 -1 -1 0 
32 18 579 335 30 30 -1 -1 -1 0 
33 1 922 310 123 95 -1 -1 -1 0 
33 18 577 336 28 30 -1 -1 -1 0 
34 1 923 308 124 96 -1 -1 -1 0 
34 2 535 335 34 39 -1 -1 -1 0 
34 18 569 334 30 34 -1 -1 -1 0 
35 1 925 307 124 98 -1 -1 -1 0 
35 2 500 335 39 38 -1 -1 -1 0 
35 18 549 334 28 33 -1 -1 -1 0 
36 1 927 307 123 99 -1 -1 -1 0 
36 2 484 336 40 38 -1 -1 -1 0 
36 18 554 333 30 36 -1 -1 -1 0 
37 1 925 309 130 98 -1 -1 -1 0 
37 2 526 335 37 37 -1 -1 -1 0 
37 18 498 337 39 37 -1 -1 -1 0 
38 1 930 309 126 99 -1 -1 -1 0 
38 2 535 336 36 36 -1 -1 -1 0 
38 4 343 347 59 40 -1 -1 -1 0 
38 18 468 337 45 42 -1 -1 -1 0 
39 1 931 309 127 99 -1 -1 -1 0 
39 2 531 337 39 35 -1 -1 -1 0 
39 4 330 348 65 40 -1 -1 -1 0 
39 18 443 337 55 45 -1 -1 -1 0 
40 1 932 309 129 99 -1 -1 -1 0 
40 2 524 337 39 36 -1 -1 -1 0 
40 4 310 349 68 41 -1 -1 -1 0 
40 18 421 339 63 46 -1 -1 -1 0 
