3 1 825 329 133 99 -1 -1 -1 0 
3 2 515 331 56 55 -1 -1 -1 0 
3 3 676 327 60 66 -1 -1 -1 0 
3 4 12 347 409 269 -1 -1 -1 0 
3 5 722 323 27 45 -1 -1 -1 0 
4 1 827 328 132 101 -1 -1 -1 0 
4 2 515 330 57 56 -1 -1 -1 0 
4 3 676 327 61 66 -1 -1 -1 0 
4 4 6 348 417 270 -1 -1 -1 0 
4 5 722 324 27 45 -1 -1 -1 0 
5 1 828 329 134 101 -1 -1 -1 0 
5 2 515 330 59 54 -1 -1 -1 0 
5 3 675 327 62 66 -1 -1 -1 0 
5 4 0 348 432 265 -1 -1 -1 0 
5 5 721 324 28 45 -1 -1 -1 0 
6 1 828 330 135 101 -1 -1 -1 0 
6 2 515 330 60 54 -1 -1 -1 0 
6 3 676 327 60 66 -1 -1 -1 0 
6 4 0 349 430 265 -1 -1 -1 0 
6 5 722 325 27 44 -1 -1 -1 0 
7 1 828 331 136 102 -1 -1 -1 0 
7 2 517 332 56 53 -1 -1 -1 0 
7 3 676 328 60 65 -1 -1 -1 0 
7 4 0 349 434 265 -1 -1 -1 0 
7 5 722 326 26 44 -1 -1 -1 0 
8 1 829 331 138 102 -1 -1 -1 0 
8 2 516 332 58 52 -1 -1 -1 0 
8 3 676 328 61 66 -1 -1 -1 0 
8 4 0 350 438 264 -1 -1 -1 0 
8 5 722 325 25 45 -1 -1 -1 0 
9 1 830 331 138 103 -1 -1 -1 0 
9 2 518 331 55 53 -1 -1 -1 0 
9 3 675 328 63 65 -1 -1 -1 0 
9 4 6 349 432 265 -1 -1 -1 0 
9 5 722 325 25 45 -1 -1 -1 0 
10 1 830 331 140 103 -1 -1 -1 0 
10 2 518 331 56 53 -1 -1 -1 0 
10 3 675 327 63 65 -1 -1 -1 0 
10 4 2 347 440 271 -1 -1 -1 0 
11 1 832 330 139 103 -1 -1 -1 0 
11 2 517 330 58 53 -1 -1 -1 0 
11 3 676 327 62 65 -1 -1 -1 0 
11 4 0 346 449 274 -1 -1 -1 0 
12 1 834 332 142 101 -1 -1 -1 0 
12 2 517 330 58 54 -1 -1 -1 0 
12 3 675 328 62 63 -1 -1 -1 0 
12 4 0 345 452 278 -1 -1 -1 0 
13 1 837 333 142 100 -1 -1 -1 0 
13 2 517 330 59 54 -1 -1 -1 0 
13 3 676 328 60 63 -1 -1 -1 0 
13 4 0 345 454 277 -1 -1 -1 0 
14 1 838 333 144 101 -1 -1 -1 0 
14 2 518 331 57 53 -1 -1 -1 0 
14 3 676 328 61 64 -1 -1 -1 0 
14 4 0 345 454 278 -1 -1 -1 0 
15 1 839 332 147 103 -1 -1 -1 0 
15 2 519 331 55 52 -1 -1 -1 0 
15 3 676 327 61 65 -1 -1 -1 0 
15 4 9 348 460 270 -1 -1 -1 0 
16 1 840 332 148 103 -1 -1 -1 0 
16 2 518 332 56 51 -1 -1 -1 0 
16 3 674 329 64 63 -1 -1 -1 0 
16 4 7 349 462 267 -1 -1 -1 0 
17 1 841 331 149 105 -1 -1 -1 0 
17 2 517 332 58 51 -1 -1 -1 0 
17 3 675 329 63 63 -1 -1 -1 0 
17 4 11 350 459 261 -1 -1 -1 0 
18 1 841 331 153 105 -1 -1 -1 0 
18 2 520 334 53 51 -1 -1 -1 0 
18 3 675 329 62 64 -1 -1 -1 0 
18 4 14 350 461 259 -1 -1 -1 0 
19 1 841 332 156 105 -1 -1 -1 0 
19 2 519 335 54 50 -1 -1 -1 0 
19 3 675 329 62 64 -1 -1 -1 0 
19 4 27 351 453 257 -1 -1 -1 0 
20 1 841 332 158 105 -1 -1 -1 0 
20 2 520 336 53 49 -1 -1 -1 0 
20 3 674 330 61 64 -1 -1 -1 0 
20 4 17 351 474 257 -1 -1 -1 0 
21 1 844 334 157 103 -1 -1 -1 0 
21 2 520 337 52 49 -1 -1 -1 0 
21 3 674 330 61 64 -1 -1 -1 0 
21 4 6 351 488 254 -1 -1 -1 0 
22 1 845 335 156 103 -1 -1 -1 0 
22 2 520 337 52 49 -1 -1 -1 0 
22 3 674 330 59 65 -1 -1 -1 0 
22 4 4 348 485 257 -1 -1 -1 0 
23 1 845 335 157 107 -1 -1 -1 0 
23 2 520 337 52 50 -1 -1 -1 0 
23 3 674 330 59 65 -1 -1 -1 0 
23 4 3 347 478 257 -1 -1 -1 0 
24 1 842 334 168 110 -1 -1 -1 0 
24 2 520 337 52 50 -1 -1 -1 0 
24 3 672 331 62 64 -1 -1 -1 0 
24 4 0 348 482 256 -1 -1 -1 0 
25 1 843 334 171 112 -1 -1 -1 0 
25 2 521 337 50 50 -1 -1 -1 0 
25 3 672 331 61 64 -1 -1 -1 0 
25 4 2 348 473 255 -1 -1 -1 0 
26 1 845 334 173 114 -1 -1 -1 0 
26 2 520 337 51 50 -1 -1 -1 0 
26 3 672 331 62 65 -1 -1 -1 0 
26 4 0 347 476 253 -1 -1 -1 0 
27 1 851 334 170 116 -1 -1 -1 0 
27 2 521 338 50 49 -1 -1 -1 0 
27 3 672 331 62 65 -1 -1 -1 0 
27 4 1 347 468 253 -1 -1 -1 0 
28 1 852 334 174 116 -1 -1 -1 0 
28 2 521 338 50 49 -1 -1 -1 0 
28 3 671 331 64 66 -1 -1 -1 0 
28 4 0 344 465 252 -1 -1 -1 0 
29 1 853 335 175 115 -1 -1 -1 0 
29 2 521 338 51 48 -1 -1 -1 0 
29 3 672 330 63 67 -1 -1 -1 0 
29 4 0 347 471 246 -1 -1 -1 0 
30 1 854 335 177 116 -1 -1 -1 0 
30 2 522 338 49 48 -1 -1 -1 0 
30 3 671 330 64 68 -1 -1 -1 0 
30 4 0 346 471 242 -1 -1 -1 0 
31 1 854 334 180 118 -1 -1 -1 0 
31 2 521 336 52 48 -1 -1 -1 0 
31 3 671 328 64 69 -1 -1 -1 0 
31 4 5 337 467 247 -1 -1 -1 0 
32 1 855 332 182 120 -1 -1 -1 0 
32 2 522 335 50 48 -1 -1 -1 0 
32 3 671 326 64 71 -1 -1 -1 0 
32 4 13 330 461 252 -1 -1 -1 0 
33 1 856 332 184 120 -1 -1 -1 0 
33 2 521 335 52 47 -1 -1 -1 0 
33 3 672 324 64 72 -1 -1 -1 0 
33 4 19 331 458 247 -1 -1 -1 0 
34 1 855 331 191 122 -1 -1 -1 0 
34 2 521 333 52 48 -1 -1 -1 0 
34 3 671 323 65 73 -1 -1 -1 0 
34 4 24 340 453 233 -1 -1 -1 0 
35 1 856 330 195 123 -1 -1 -1 0 
35 2 522 333 51 48 -1 -1 -1 0 
35 3 671 323 64 72 -1 -1 -1 0 
35 4 37 342 436 226 -1 -1 -1 0 
36 1 859 330 197 126 -1 -1 -1 0 
36 2 522 333 52 48 -1 -1 -1 0 
36 3 672 322 62 73 -1 -1 -1 0 
36 4 44 344 429 219 -1 -1 -1 0 
37 1 861 329 200 128 -1 -1 -1 0 
37 2 524 333 49 47 -1 -1 -1 0 
37 3 671 323 62 73 -1 -1 -1 0 
37 4 52 347 421 215 -1 -1 -1 0 
38 1 863 329 202 129 -1 -1 -1 0 
38 2 524 332 50 48 -1 -1 -1 0 
38 3 670 322 64 74 -1 -1 -1 0 
38 4 65 346 409 215 -1 -1 -1 0 
39 1 864 331 204 128 -1 -1 -1 0 
39 2 522 331 52 50 -1 -1 -1 0 
39 3 669 321 65 77 -1 -1 -1 0 
39 4 71 349 409 207 -1 -1 -1 0 
40 1 866 331 206 131 -1 -1 -1 0 
40 2 522 329 52 52 -1 -1 -1 0 
40 3 668 320 67 78 -1 -1 -1 0 
40 4 84 345 396 209 -1 -1 -1 0 
