3 1 669 317 57 73 -1 -1 -1 0 
3 2 731 324 42 52 -1 -1 -1 0 
4 1 669 316 59 75 -1 -1 -1 0 
4 2 731 324 43 52 -1 -1 -1 0 
5 1 670 316 59 75 -1 -1 -1 0 
5 2 732 325 42 51 -1 -1 -1 0 
6 1 670 316 60 75 -1 -1 -1 0 
6 2 734 326 40 49 -1 -1 -1 0 
7 1 672 317 57 73 -1 -1 -1 0 
7 2 735 327 40 47 -1 -1 -1 0 
8 1 673 317 57 73 -1 -1 -1 0 
8 2 735 327 40 47 -1 -1 -1 0 
9 1 674 317 56 73 -1 -1 -1 0 
9 2 736 327 40 47 -1 -1 -1 0 
10 1 674 318 57 69 -1 -1 -1 0 
10 2 736 327 40 46 -1 -1 -1 0 
11 1 676 318 55 68 -1 -1 -1 0 
11 2 738 325 37 48 -1 -1 -1 0 
12 1 677 318 55 68 -1 -1 -1 0 
12 2 739 325 37 48 -1 -1 -1 0 
13 1 679 319 54 68 -1 -1 -1 0 
13 2 739 325 38 47 -1 -1 -1 0 
14 1 681 320 52 66 -1 -1 -1 0 
14 2 740 325 37 47 -1 -1 -1 0 
15 1 683 320 51 66 -1 -1 -1 0 
15 2 741 325 37 47 -1 -1 -1 0 
16 1 684 321 50 63 -1 -1 -1 0 
16 2 741 325 37 46 -1 -1 -1 0 
17 1 686 322 47 61 -1 -1 -1 0 
17 2 742 326 36 45 -1 -1 -1 0 
17 7 169 320 62 51 -1 -1 -1 0 
18 1 686 322 48 60 -1 -1 -1 0 
18 2 742 326 37 45 -1 -1 -1 0 
18 7 137 320 62 53 -1 -1 -1 0 
19 1 686 322 47 60 -1 -1 -1 0 
19 2 742 326 38 45 -1 -1 -1 0 
19 7 97 323 69 51 -1 -1 -1 0 
20 1 684 322 50 60 -1 -1 -1 0 
20 2 743 326 36 45 -1 -1 -1 0 
20 7 57 320 70 57 -1 -1 -1 0 
21 1 685 322 49 62 -1 -1 -1 0 
21 2 744 326 35 45 -1 -1 -1 0 
21 7 7 316 81 66 -1 -1 -1 0 
22 1 683 322 52 63 -1 -1 -1 0 
22 2 743 326 37 45 -1 -1 -1 0 
22 7 1 307 41 78 -1 -1 -1 0 
23 1 684 322 52 63 -1 -1 -1 0 
23 2 744 326 36 45 -1 -1 -1 0 
23 7 0 305 11 82 -1 -1 -1 0 
23 9 601 320 20 28 -1 -1 -1 0 
24 1 685 322 51 64 -1 -1 -1 0 
24 2 744 326 36 45 -1 -1 -1 0 
24 9 599 320 20 28 -1 -1 -1 0 
25 1 686 322 50 64 -1 -1 -1 0 
25 2 744 326 37 45 -1 -1 -1 0 
26 1 686 322 50 64 -1 -1 -1 0 
26 2 746 326 35 45 -1 -1 -1 0 
27 1 687 322 49 64 -1 -1 -1 0 
27 2 747 326 35 44 -1 -1 -1 0 
27 9 581 322 23 27 -1 -1 -1 0 
28 1 686 322 51 64 -1 -1 -1 0 
28 2 747 326 36 44 -1 -1 -1 0 
28 9 575 323 23 29 -1 -1 -1 0 
29 1 687 322 51 65 -1 -1 -1 0 
29 2 748 326 36 44 -1 -1 -1 0 
29 9 567 323 25 29 -1 -1 -1 0 
30 1 686 321 52 67 -1 -1 -1 0 
30 2 748 326 36 45 -1 -1 -1 0 
30 9 562 324 26 29 -1 -1 -1 0 
31 1 686 321 52 67 -1 -1 -1 0 
31 2 749 326 35 45 -1 -1 -1 0 
32 1 686 321 52 68 -1 -1 -1 0 
32 2 748 326 36 45 -1 -1 -1 0 
33 1 687 321 50 68 -1 -1 -1 0 
33 2 748 326 35 45 -1 -1 -1 0 
34 1 686 322 51 67 -1 -1 -1 0 
34 2 747 325 36 46 -1 -1 -1 0 
35 1 686 322 51 67 -1 -1 -1 0 
35 2 747 325 36 46 -1 -1 -1 0 
36 1 686 322 51 67 -1 -1 -1 0 
36 2 747 326 36 46 -1 -1 -1 0 
36 13 0 356 102 328 -1 -1 -1 0 
37 1 686 322 52 68 -1 -1 -1 0 
37 2 748 327 34 45 -1 -1 -1 0 
37 13 3 367 99 318 -1 -1 -1 0 
38 1 686 324 52 66 -1 -1 -1 0 
38 2 747 327 35 45 -1 -1 -1 0 
38 15 1224 249 49 57 -1 -1 -1 0 
39 1 687 324 51 66 -1 -1 -1 0 
39 2 747 328 35 45 -1 -1 -1 0 
39 15 1156 256 47 51 -1 -1 -1 0 
39 17 227 341 67 43 -1 -1 -1 0 
40 1 687 324 50 66 -1 -1 -1 0 
40 2 747 328 35 45 -1 -1 -1 0 
40 13 0 348 159 303 -1 -1 -1 0 
40 15 1139 258 45 50 -1 -1 -1 0 
40 17 200 342 67 45 -1 -1 -1 0 
