3 1 512 325 105 96 -1 -1 -1 0 
3 2 692 329 44 51 -1 -1 -1 0 
4 1 513 324 105 99 -1 -1 -1 0 
4 2 692 329 43 52 -1 -1 -1 0 
5 1 515 326 103 97 -1 -1 -1 0 
5 2 690 331 44 50 -1 -1 -1 0 
6 1 517 326 100 96 -1 -1 -1 0 
6 2 690 330 44 51 -1 -1 -1 0 
7 1 518 327 100 93 -1 -1 -1 0 
7 2 689 329 46 52 -1 -1 -1 0 
8 1 520 328 98 91 -1 -1 -1 0 
8 2 689 328 46 54 -1 -1 -1 0 
9 1 522 328 96 89 -1 -1 -1 0 
9 2 688 328 46 54 -1 -1 -1 0 
10 1 524 328 94 87 -1 -1 -1 0 
10 2 687 329 46 53 -1 -1 -1 0 
11 1 525 329 94 84 -1 -1 -1 0 
11 2 688 329 45 51 -1 -1 -1 0 
12 1 526 330 93 82 -1 -1 -1 0 
12 2 688 329 44 51 -1 -1 -1 0 
13 1 528 329 90 83 -1 -1 -1 0 
13 2 687 328 45 52 -1 -1 -1 0 
14 1 528 328 91 83 -1 -1 -1 0 
14 2 687 327 44 51 -1 -1 -1 0 
15 1 529 327 92 83 -1 -1 -1 0 
15 2 685 327 46 51 -1 -1 -1 0 
16 1 534 326 85 82 -1 -1 -1 0 
16 2 684 326 46 52 -1 -1 -1 0 
17 1 534 325 87 82 -1 -1 -1 0 
17 2 683 325 47 53 -1 -1 -1 0 
18 1 534 325 87 81 -1 -1 -1 0 
18 2 682 325 47 53 -1 -1 -1 0 
19 1 535 324 86 81 -1 -1 -1 0 
19 2 681 325 47 53 -1 -1 -1 0 
20 1 536 323 84 80 -1 -1 -1 0 
20 2 680 324 48 54 -1 -1 -1 0 
21 1 536 323 85 79 -1 -1 -1 0 
21 2 679 323 49 55 -1 -1 -1 0 
22 1 536 323 84 78 -1 -1 -1 0 
22 2 677 323 51 55 -1 -1 -1 0 
23 1 538 323 81 77 -1 -1 -1 0 
23 2 677 323 49 55 -1 -1 -1 0 
24 1 539 324 80 77 -1 -1 -1 0 
24 2 677 324 48 53 -1 -1 -1 0 
25 1 539 324 80 76 -1 -1 -1 0 
25 2 676 324 49 53 -1 -1 -1 0 
26 1 540 324 79 77 -1 -1 -1 0 
26 2 677 324 48 53 -1 -1 -1 0 
27 1 541 324 78 77 -1 -1 -1 0 
27 2 676 325 49 54 -1 -1 -1 0 
28 1 541 325 79 77 -1 -1 -1 0 
28 2 675 325 50 54 -1 -1 -1 0 
28 9 1090 294 107 71 -1 -1 -1 0 
28 10 660 331 23 36 -1 -1 -1 0 
29 1 542 325 77 77 -1 -1 -1 0 
29 2 675 326 50 54 -1 -1 -1 0 
29 9 1080 302 69 60 -1 -1 -1 0 
29 10 660 331 24 37 -1 -1 -1 0 
30 1 542 325 77 77 -1 -1 -1 0 
30 2 673 327 53 54 -1 -1 -1 0 
30 9 1078 305 64 56 -1 -1 -1 0 
31 1 541 326 79 75 -1 -1 -1 0 
31 2 673 327 51 55 -1 -1 -1 0 
32 1 543 326 76 74 -1 -1 -1 0 
32 2 672 327 51 55 -1 -1 -1 0 
33 1 544 326 75 74 -1 -1 -1 0 
33 2 671 328 52 55 -1 -1 -1 0 
33 9 1086 310 92 51 -1 -1 -1 0 
34 1 545 326 73 72 -1 -1 -1 0 
34 2 670 327 53 57 -1 -1 -1 0 
34 9 1102 312 86 51 -1 -1 -1 0 
35 1 546 327 72 69 -1 -1 -1 0 
35 2 671 325 52 59 -1 -1 -1 0 
35 9 1106 314 84 49 -1 -1 -1 0 
36 1 548 327 70 69 -1 -1 -1 0 
36 2 670 326 53 59 -1 -1 -1 0 
37 1 548 327 71 68 -1 -1 -1 0 
37 2 669 326 53 60 -1 -1 -1 0 
38 1 549 327 71 69 -1 -1 -1 0 
38 2 668 327 55 59 -1 -1 -1 0 
39 1 551 328 70 67 -1 -1 -1 0 
39 2 668 327 55 59 -1 -1 -1 0 
40 1 553 329 68 67 -1 -1 -1 0 
40 2 669 326 53 60 -1 -1 -1 0 
40 9 1061 293 85 62 -1 -1 -1 0 
