3 1 556 345 65 59 -1 -1 -1 0 
3 2 318 343 252 172 -1 -1 -1 0 
3 3 742 333 58 59 -1 -1 -1 0 
3 4 251 340 77 51 -1 -1 -1 0 
3 5 983 324 141 87 -1 -1 -1 0 
3 6 645 337 34 39 -1 -1 -1 0 
3 7 701 333 29 37 -1 -1 -1 0 
4 1 555 345 66 62 -1 -1 -1 0 
4 2 319 344 246 170 -1 -1 -1 0 
4 3 742 333 58 59 -1 -1 -1 0 
4 4 214 338 89 57 -1 -1 -1 0 
4 5 981 322 145 90 -1 -1 -1 0 
4 6 646 337 33 39 -1 -1 -1 0 
4 7 702 333 27 37 -1 -1 -1 0 
5 1 557 344 65 60 -1 -1 -1 0 
5 2 321 343 258 169 -1 -1 -1 0 
5 3 743 332 56 60 -1 -1 -1 0 
5 4 172 336 104 63 -1 -1 -1 0 
5 5 980 328 147 83 -1 -1 -1 0 
5 7 702 333 27 36 -1 -1 -1 0 
6 1 559 343 63 60 -1 -1 -1 0 
6 2 332 349 251 162 -1 -1 -1 0 
6 3 742 332 58 60 -1 -1 -1 0 
6 4 116 336 130 68 -1 -1 -1 0 
6 5 983 330 141 81 -1 -1 -1 0 
6 6 647 336 32 40 -1 -1 -1 0 
6 7 701 333 28 35 -1 -1 -1 0 
7 1 557 343 65 59 -1 -1 -1 0 
7 2 339 351 245 161 -1 -1 -1 0 
7 3 742 332 58 61 -1 -1 -1 0 
7 4 81 336 138 71 -1 -1 -1 0 
7 5 984 329 140 81 -1 -1 -1 0 
7 6 646 335 35 41 -1 -1 -1 0 
7 7 701 334 28 34 -1 -1 -1 0 
8 1 565 344 56 58 -1 -1 -1 0 
8 2 345 351 235 160 -1 -1 -1 0 
8 3 741 333 59 60 -1 -1 -1 0 
8 5 982 335 140 75 -1 -1 -1 0 
8 6 648 333 34 44 -1 -1 -1 0 
8 7 701 334 27 33 -1 -1 -1 0 
9 1 572 345 48 60 -1 -1 -1 0 
9 2 352 351 226 159 -1 -1 -1 0 
9 3 741 333 59 60 -1 -1 -1 0 
9 5 983 339 131 69 -1 -1 -1 0 
9 6 648 330 35 47 -1 -1 -1 0 
9 7 702 334 25 32 -1 -1 -1 0 
10 1 574 345 47 60 -1 -1 -1 0 
10 2 354 352 228 158 -1 -1 -1 0 
10 3 741 334 58 59 -1 -1 -1 0 
10 5 983 338 134 70 -1 -1 -1 0 
10 6 647 327 40 51 -1 -1 -1 0 
10 7 702 335 26 31 -1 -1 -1 0 
11 2 366 351 204 156 -1 -1 -1 0 
11 3 742 334 58 60 -1 -1 -1 0 
11 5 983 339 137 69 -1 -1 -1 0 
11 6 647 327 41 53 -1 -1 -1 0 
11 7 703 335 25 32 -1 -1 -1 0 
12 2 371 351 208 152 -1 -1 -1 0 
12 3 741 334 59 60 -1 -1 -1 0 
12 5 988 342 121 64 -1 -1 -1 0 
12 6 647 328 43 53 -1 -1 -1 0 
12 7 702 334 26 32 -1 -1 -1 0 
13 2 380 351 207 152 -1 -1 -1 0 
13 3 742 334 59 60 -1 -1 -1 0 
13 5 994 346 85 57 -1 -1 -1 0 
13 6 647 329 45 53 -1 -1 -1 0 
13 7 702 334 26 33 -1 -1 -1 0 
13 10 543 348 77 128 -1 -1 -1 0 
14 2 385 352 204 150 -1 -1 -1 0 
14 3 741 334 60 60 -1 -1 -1 0 
14 5 992 348 79 54 -1 -1 -1 0 
14 6 647 328 46 54 -1 -1 -1 0 
14 7 702 333 26 34 -1 -1 -1 0 
14 10 548 350 73 124 -1 -1 -1 0 
15 2 393 354 195 150 -1 -1 -1 0 
15 3 742 334 60 62 -1 -1 -1 0 
15 5 993 347 73 55 -1 -1 -1 0 
15 7 702 333 26 35 -1 -1 -1 0 
15 10 561 351 57 125 -1 -1 -1 0 
16 2 401 353 187 152 -1 -1 -1 0 
16 3 740 334 63 63 -1 -1 -1 0 
16 5 992 345 73 56 -1 -1 -1 0 
16 7 701 333 28 34 -1 -1 -1 0 
16 10 567 349 54 126 -1 -1 -1 0 
17 2 406 349 188 157 -1 -1 -1 0 
17 3 740 334 63 63 -1 -1 -1 0 
17 5 990 345 79 56 -1 -1 -1 0 
17 7 702 333 26 34 -1 -1 -1 0 
17 10 576 347 48 128 -1 -1 -1 0 
17 15 211 347 115 58 -1 -1 -1 0 
18 2 410 350 198 155 -1 -1 -1 0 
18 3 739 333 64 65 -1 -1 -1 0 
18 5 992 344 76 57 -1 -1 -1 0 
18 7 702 333 26 33 -1 -1 -1 0 
18 10 580 346 48 128 -1 -1 -1 0 
18 15 199 351 81 58 -1 -1 -1 0 
19 2 414 352 204 150 -1 -1 -1 0 
19 3 738 332 65 66 -1 -1 -1 0 
19 5 994 343 73 58 -1 -1 -1 0 
19 7 702 334 27 32 -1 -1 -1 0 
19 15 176 351 85 61 -1 -1 -1 0 
20 2 427 353 193 149 -1 -1 -1 0 
20 3 738 332 66 68 -1 -1 -1 0 
20 5 994 344 70 57 -1 -1 -1 0 
20 7 702 335 28 31 -1 -1 -1 0 
20 10 592 344 50 133 -1 -1 -1 0 
21 2 434 352 195 149 -1 -1 -1 0 
21 3 738 332 66 68 -1 -1 -1 0 
21 6 651 330 42 48 -1 -1 -1 0 
21 7 702 335 28 31 -1 -1 -1 0 
21 10 597 343 49 134 -1 -1 -1 0 
22 2 442 353 196 151 -1 -1 -1 0 
22 3 739 334 65 67 -1 -1 -1 0 
22 5 987 340 84 64 -1 -1 -1 0 
22 6 652 331 41 47 -1 -1 -1 0 
22 7 703 336 26 30 -1 -1 -1 0 
23 2 450 351 194 153 -1 -1 -1 0 
23 3 739 334 65 67 -1 -1 -1 0 
23 5 986 340 84 64 -1 -1 -1 0 
23 6 653 332 40 47 -1 -1 -1 0 
23 7 704 336 25 30 -1 -1 -1 0 
23 15 158 364 70 62 -1 -1 -1 0 
24 2 456 349 195 152 -1 -1 -1 0 
24 3 739 334 65 67 -1 -1 -1 0 
24 6 653 334 43 45 -1 -1 -1 0 
24 7 704 337 24 29 -1 -1 -1 0 
24 15 112 364 114 66 -1 -1 -1 0 
25 2 463 348 191 150 -1 -1 -1 0 
25 3 740 335 63 64 -1 -1 -1 0 
25 6 655 334 41 43 -1 -1 -1 0 
25 7 704 337 25 29 -1 -1 -1 0 
25 15 95 366 121 68 -1 -1 -1 0 
26 2 467 348 190 146 -1 -1 -1 0 
26 3 741 333 61 65 -1 -1 -1 0 
26 6 657 333 39 44 -1 -1 -1 0 
26 7 705 335 23 31 -1 -1 -1 0 
27 2 477 348 184 143 -1 -1 -1 0 
27 3 740 331 62 64 -1 -1 -1 0 
27 6 657 334 40 40 -1 -1 -1 0 
27 7 705 333 23 31 -1 -1 -1 0 
27 18 319 341 79 55 -1 -1 -1 0 
28 2 486 348 177 141 -1 -1 -1 0 
28 3 740 331 62 60 -1 -1 -1 0 
28 6 657 334 41 39 -1 -1 -1 0 
28 7 705 333 23 31 -1 -1 -1 0 
28 18 284 342 89 54 -1 -1 -1 0 
29 2 493 347 175 139 -1 -1 -1 0 
29 3 742 332 60 55 -1 -1 -1 0 
29 5 995 332 131 73 -1 -1 -1 0 
29 18 265 343 90 54 -1 -1 -1 0 
30 2 498 347 176 138 -1 -1 -1 0 
30 3 744 332 58 53 -1 -1 -1 0 
30 5 1000 329 126 76 -1 -1 -1 0 
30 18 224 344 74 60 -1 -1 -1 0 
31 2 507 346 172 139 -1 -1 -1 0 
31 3 744 332 58 52 -1 -1 -1 0 
31 5 996 324 133 81 -1 -1 -1 0 
31 18 169 349 81 63 -1 -1 -1 0 
32 2 516 342 160 143 -1 -1 -1 0 
32 3 745 331 56 54 -1 -1 -1 0 
32 5 998 323 127 82 -1 -1 -1 0 
32 18 136 351 83 64 -1 -1 -1 0 
33 2 521 341 158 144 -1 -1 -1 0 
33 3 743 331 60 55 -1 -1 -1 0 
33 5 995 324 128 81 -1 -1 -1 0 
34 2 530 341 155 145 -1 -1 -1 0 
34 3 745 330 58 56 -1 -1 -1 0 
34 5 997 324 124 81 -1 -1 -1 0 
35 2 537 342 152 141 -1 -1 -1 0 
35 3 744 330 60 57 -1 -1 -1 0 
35 5 996 326 125 79 -1 -1 -1 0 
36 2 544 344 142 137 -1 -1 -1 0 
36 3 742 330 62 60 -1 -1 -1 0 
36 5 992 329 133 74 -1 -1 -1 0 
37 2 548 344 145 138 -1 -1 -1 0 
37 3 744 331 59 60 -1 -1 -1 0 
37 5 989 329 139 74 -1 -1 -1 0 
38 2 553 343 146 139 -1 -1 -1 0 
38 3 743 331 60 61 -1 -1 -1 0 
38 5 989 328 139 76 -1 -1 -1 0 
39 2 558 342 145 137 -1 -1 -1 0 
39 3 743 330 60 62 -1 -1 -1 0 
39 5 995 328 129 74 -1 -1 -1 0 
40 2 562 339 143 138 -1 -1 -1 0 
40 3 742 331 61 62 -1 -1 -1 0 
40 5 997 328 126 76 -1 -1 -1 0 
