3 1 648 339 29 39 -1 -1 -1 0 
3 2 574 336 41 49 -1 -1 -1 0 
4 1 647 339 30 40 -1 -1 -1 0 
4 2 573 333 44 52 -1 -1 -1 0 
5 1 647 339 31 39 -1 -1 -1 0 
5 2 573 334 44 52 -1 -1 -1 0 
6 1 647 339 31 39 -1 -1 -1 0 
6 2 573 333 44 52 -1 -1 -1 0 
7 1 648 339 29 39 -1 -1 -1 0 
7 2 573 335 42 50 -1 -1 -1 0 
8 1 646 338 33 40 -1 -1 -1 0 
8 2 573 334 44 50 -1 -1 -1 0 
9 1 646 337 32 40 -1 -1 -1 0 
9 2 573 334 45 49 -1 -1 -1 0 
10 1 645 337 34 40 -1 -1 -1 0 
10 2 574 334 43 48 -1 -1 -1 0 
11 1 645 336 33 41 -1 -1 -1 0 
11 2 574 334 42 48 -1 -1 -1 0 
12 1 644 335 33 42 -1 -1 -1 0 
12 2 573 334 43 48 -1 -1 -1 0 
13 1 644 335 33 42 -1 -1 -1 0 
13 2 573 334 42 48 -1 -1 -1 0 
14 1 644 335 33 41 -1 -1 -1 0 
14 2 573 334 43 48 -1 -1 -1 0 
15 1 644 335 33 41 -1 -1 -1 0 
15 2 573 335 43 46 -1 -1 -1 0 
16 1 644 335 33 41 -1 -1 -1 0 
16 2 574 335 41 45 -1 -1 -1 0 
17 1 644 336 32 40 -1 -1 -1 0 
17 2 573 336 42 44 -1 -1 -1 0 
18 1 643 336 32 40 -1 -1 -1 0 
18 2 574 336 40 44 -1 -1 -1 0 
19 1 643 336 32 40 -1 -1 -1 0 
19 2 575 336 39 44 -1 -1 -1 0 
20 1 643 337 32 40 -1 -1 -1 0 
20 2 575 336 39 44 -1 -1 -1 0 
21 1 643 337 32 40 -1 -1 -1 0 
21 2 575 336 39 44 -1 -1 -1 0 
22 1 643 338 32 39 -1 -1 -1 0 
22 2 576 336 37 44 -1 -1 -1 0 
23 1 644 340 30 39 -1 -1 -1 0 
23 2 576 336 37 44 -1 -1 -1 0 
24 1 643 340 30 39 -1 -1 -1 0 
24 2 576 336 37 44 -1 -1 -1 0 
25 1 643 341 31 38 -1 -1 -1 0 
25 2 576 337 37 44 -1 -1 -1 0 
26 1 644 341 28 38 -1 -1 -1 0 
26 2 577 337 36 43 -1 -1 -1 0 
27 1 644 341 29 37 -1 -1 -1 0 
27 2 577 338 36 42 -1 -1 -1 0 
28 1 644 340 28 38 -1 -1 -1 0 
28 2 578 338 34 41 -1 -1 -1 0 
29 1 643 340 30 38 -1 -1 -1 0 
29 2 577 339 35 40 -1 -1 -1 0 
30 1 643 340 29 39 -1 -1 -1 0 
30 2 578 339 34 40 -1 -1 -1 0 
31 1 643 340 30 38 -1 -1 -1 0 
31 2 578 339 35 40 -1 -1 -1 0 
32 1 643 341 29 36 -1 -1 -1 0 
32 2 579 339 34 40 -1 -1 -1 0 
33 1 643 341 29 36 -1 -1 -1 0 
33 2 580 339 33 39 -1 -1 -1 0 
34 1 642 340 29 37 -1 -1 -1 0 
34 2 580 339 33 40 -1 -1 -1 0 
35 1 642 340 29 37 -1 -1 -1 0 
35 2 580 339 33 40 -1 -1 -1 0 
36 1 641 339 30 38 -1 -1 -1 0 
36 2 579 339 35 40 -1 -1 -1 0 
37 1 642 340 29 37 -1 -1 -1 0 
37 2 580 338 33 41 -1 -1 -1 0 
38 1 642 340 29 37 -1 -1 -1 0 
38 2 579 337 35 41 -1 -1 -1 0 
39 1 642 340 29 37 -1 -1 -1 0 
39 2 579 336 35 42 -1 -1 -1 0 
40 1 642 339 29 38 -1 -1 -1 0 
40 2 579 335 34 43 -1 -1 -1 0 
