3 1 486 334 114 97 -1 -1 -1 0 
3 2 628 326 26 38 -1 -1 -1 0 
3 3 671 331 35 43 -1 -1 -1 0 
4 1 486 333 114 97 -1 -1 -1 0 
4 2 627 325 27 38 -1 -1 -1 0 
4 3 671 331 35 41 -1 -1 -1 0 
5 1 486 332 114 97 -1 -1 -1 0 
5 2 628 325 26 38 -1 -1 -1 0 
5 3 672 331 33 41 -1 -1 -1 0 
6 1 487 333 114 95 -1 -1 -1 0 
6 2 628 325 26 38 -1 -1 -1 0 
6 3 672 331 33 41 -1 -1 -1 0 
7 1 488 332 113 96 -1 -1 -1 0 
7 2 628 325 26 39 -1 -1 -1 0 
7 3 672 332 35 42 -1 -1 -1 0 
8 1 489 331 112 97 -1 -1 -1 0 
8 2 628 325 26 39 -1 -1 -1 0 
8 3 672 332 35 42 -1 -1 -1 0 
9 1 490 332 111 96 -1 -1 -1 0 
9 2 628 325 27 39 -1 -1 -1 0 
9 3 674 333 33 41 -1 -1 -1 0 
10 1 491 332 110 96 -1 -1 -1 0 
10 2 628 325 27 40 -1 -1 -1 0 
10 3 674 334 33 39 -1 -1 -1 0 
11 1 493 330 109 99 -1 -1 -1 0 
11 2 629 326 26 40 -1 -1 -1 0 
11 3 674 334 33 40 -1 -1 -1 0 
12 1 492 332 111 97 -1 -1 -1 0 
12 2 629 326 27 40 -1 -1 -1 0 
12 3 674 334 33 40 -1 -1 -1 0 
12 6 292 341 47 30 -1 -1 -1 0 
13 1 493 332 111 97 -1 -1 -1 0 
13 2 628 326 28 40 -1 -1 -1 0 
13 3 674 334 34 41 -1 -1 -1 0 
13 6 270 342 53 31 -1 -1 -1 0 
14 1 494 332 111 99 -1 -1 -1 0 
14 2 628 327 28 39 -1 -1 -1 0 
14 3 674 335 33 40 -1 -1 -1 0 
14 6 246 343 55 34 -1 -1 -1 0 
15 1 495 334 111 96 -1 -1 -1 0 
15 2 629 327 27 39 -1 -1 -1 0 
15 3 675 336 32 38 -1 -1 -1 0 
15 6 221 343 56 39 -1 -1 -1 0 
16 1 497 334 108 97 -1 -1 -1 0 
16 2 629 328 27 39 -1 -1 -1 0 
16 3 674 336 33 39 -1 -1 -1 0 
16 6 205 344 54 38 -1 -1 -1 0 
17 1 498 334 106 95 -1 -1 -1 0 
17 2 630 328 26 38 -1 -1 -1 0 
17 3 675 336 32 39 -1 -1 -1 0 
17 6 161 344 49 42 -1 -1 -1 0 
18 1 499 335 105 93 -1 -1 -1 0 
18 2 630 327 26 39 -1 -1 -1 0 
18 3 675 335 32 40 -1 -1 -1 0 
18 6 117 347 50 40 -1 -1 -1 0 
19 1 499 334 106 92 -1 -1 -1 0 
19 2 629 327 27 38 -1 -1 -1 0 
19 3 675 335 33 40 -1 -1 -1 0 
19 6 57 351 56 39 -1 -1 -1 0 
20 1 500 334 105 92 -1 -1 -1 0 
20 2 630 327 26 38 -1 -1 -1 0 
20 3 675 334 32 41 -1 -1 -1 0 
20 6 1 354 45 38 -1 -1 -1 0 
21 1 500 334 105 92 -1 -1 -1 0 
21 2 630 327 26 38 -1 -1 -1 0 
21 3 674 334 34 41 -1 -1 -1 0 
21 6 0 356 1 38 -1 -1 -1 0 
22 1 502 334 102 91 -1 -1 -1 0 
22 2 630 327 26 36 -1 -1 -1 0 
22 3 675 334 32 39 -1 -1 -1 0 
23 1 501 333 104 91 -1 -1 -1 0 
23 2 630 327 26 36 -1 -1 -1 0 
23 3 676 334 31 39 -1 -1 -1 0 
24 1 502 329 104 94 -1 -1 -1 0 
24 2 631 326 25 37 -1 -1 -1 0 
24 3 674 333 33 40 -1 -1 -1 0 
25 1 501 330 105 93 -1 -1 -1 0 
25 2 630 327 27 36 -1 -1 -1 0 
25 3 674 334 33 39 -1 -1 -1 0 
26 1 503 326 104 98 -1 -1 -1 0 
26 2 631 327 26 36 -1 -1 -1 0 
26 3 675 334 32 39 -1 -1 -1 0 
27 1 504 325 103 99 -1 -1 -1 0 
27 2 632 327 24 35 -1 -1 -1 0 
27 3 675 334 32 39 -1 -1 -1 0 
28 1 505 324 103 99 -1 -1 -1 0 
28 2 632 327 24 36 -1 -1 -1 0 
28 3 674 334 33 39 -1 -1 -1 0 
28 18 333 335 45 33 -1 -1 -1 0 
29 1 505 323 104 101 -1 -1 -1 0 
29 2 632 327 23 37 -1 -1 -1 0 
29 3 675 334 31 39 -1 -1 -1 0 
29 18 318 338 43 32 -1 -1 -1 0 
30 1 505 323 105 101 -1 -1 -1 0 
30 2 632 327 24 37 -1 -1 -1 0 
30 3 675 334 32 39 -1 -1 -1 0 
30 18 302 339 45 34 -1 -1 -1 0 
31 1 505 324 105 99 -1 -1 -1 0 
31 2 631 327 26 36 -1 -1 -1 0 
31 3 674 335 32 38 -1 -1 -1 0 
31 18 290 340 45 34 -1 -1 -1 0 
32 1 506 327 104 96 -1 -1 -1 0 
32 2 632 328 24 37 -1 -1 -1 0 
32 3 674 335 32 39 -1 -1 -1 0 
32 18 262 339 52 36 -1 -1 -1 0 
33 1 507 325 104 98 -1 -1 -1 0 
33 2 632 328 24 37 -1 -1 -1 0 
33 3 672 335 35 39 -1 -1 -1 0 
33 18 233 340 64 36 -1 -1 -1 0 
34 1 507 327 104 97 -1 -1 -1 0 
34 2 631 329 26 37 -1 -1 -1 0 
34 3 672 336 34 39 -1 -1 -1 0 
34 18 211 340 63 40 -1 -1 -1 0 
35 1 507 327 104 97 -1 -1 -1 0 
35 2 631 329 27 36 -1 -1 -1 0 
35 3 674 336 31 39 -1 -1 -1 0 
35 18 201 342 53 38 -1 -1 -1 0 
36 1 508 329 103 95 -1 -1 -1 0 
36 2 633 330 24 36 -1 -1 -1 0 
36 3 673 337 33 38 -1 -1 -1 0 
36 18 174 344 55 38 -1 -1 -1 0 
37 1 510 329 101 94 -1 -1 -1 0 
37 2 632 331 26 34 -1 -1 -1 0 
37 3 674 337 31 38 -1 -1 -1 0 
37 18 133 343 64 44 -1 -1 -1 0 
38 1 511 329 100 94 -1 -1 -1 0 
38 2 632 330 26 35 -1 -1 -1 0 
38 3 674 337 32 38 -1 -1 -1 0 
38 18 72 343 87 50 -1 -1 -1 0 
39 1 511 327 100 96 -1 -1 -1 0 
39 2 632 329 25 36 -1 -1 -1 0 
39 3 672 335 34 40 -1 -1 -1 0 
39 18 23 343 90 53 -1 -1 -1 0 
40 1 512 327 99 96 -1 -1 -1 0 
40 2 632 329 25 36 -1 -1 -1 0 
40 3 671 335 36 40 -1 -1 -1 0 
40 18 0 344 53 56 -1 -1 -1 0 
