3 1 810 333 97 85 -1 -1 -1 0 
3 2 371 341 74 51 -1 -1 -1 0 
3 3 469 338 27 35 -1 -1 -1 0 
4 1 810 337 97 81 -1 -1 -1 0 
4 2 331 345 91 51 -1 -1 -1 0 
4 3 467 338 26 35 -1 -1 -1 0 
5 1 810 337 96 81 -1 -1 -1 0 
5 2 312 344 80 53 -1 -1 -1 0 
5 4 101 324 158 95 -1 -1 -1 0 
6 1 810 336 97 82 -1 -1 -1 0 
6 2 291 345 82 55 -1 -1 -1 0 
6 4 14 311 198 112 -1 -1 -1 0 
7 1 809 334 98 84 -1 -1 -1 0 
7 2 217 343 98 62 -1 -1 -1 0 
7 4 0 306 178 122 -1 -1 -1 0 
8 1 810 336 97 83 -1 -1 -1 0 
8 2 134 345 121 67 -1 -1 -1 0 
9 1 811 335 96 84 -1 -1 -1 0 
9 2 90 346 128 70 -1 -1 -1 0 
9 3 418 334 38 41 -1 -1 -1 0 
10 1 812 336 95 84 -1 -1 -1 0 
10 3 411 333 39 43 -1 -1 -1 0 
11 1 812 334 96 85 -1 -1 -1 0 
11 3 399 336 40 41 -1 -1 -1 0 
12 1 812 335 96 84 -1 -1 -1 0 
12 3 389 335 41 43 -1 -1 -1 0 
13 1 812 336 97 83 -1 -1 -1 0 
13 3 373 336 48 43 -1 -1 -1 0 
14 1 811 337 99 82 -1 -1 -1 0 
14 3 360 338 49 42 -1 -1 -1 0 
15 1 811 338 99 82 -1 -1 -1 0 
15 3 347 338 48 43 -1 -1 -1 0 
16 1 810 339 101 81 -1 -1 -1 0 
16 3 333 339 47 43 -1 -1 -1 0 
17 1 809 338 101 82 -1 -1 -1 0 
17 3 311 339 55 45 -1 -1 -1 0 
18 1 809 338 100 83 -1 -1 -1 0 
18 3 291 339 59 46 -1 -1 -1 0 
19 1 809 338 101 83 -1 -1 -1 0 
19 3 270 339 62 47 -1 -1 -1 0 
20 1 809 339 102 82 -1 -1 -1 0 
20 3 246 341 68 46 -1 -1 -1 0 
21 1 809 341 103 80 -1 -1 -1 0 
21 3 214 342 75 48 -1 -1 -1 0 
22 1 811 342 100 79 -1 -1 -1 0 
22 3 184 343 79 49 -1 -1 -1 0 
23 1 811 342 100 79 -1 -1 -1 0 
23 3 154 345 78 50 -1 -1 -1 0 
24 1 811 340 99 81 -1 -1 -1 0 
24 3 96 343 106 56 -1 -1 -1 0 
25 1 810 340 102 81 -1 -1 -1 0 
25 3 51 344 115 60 -1 -1 -1 0 
26 1 810 340 102 81 -1 -1 -1 0 
26 3 9 341 100 65 -1 -1 -1 0 
27 1 810 339 101 82 -1 -1 -1 0 
27 3 2 331 45 81 -1 -1 -1 0 
28 1 810 340 102 81 -1 -1 -1 0 
28 3 0 331 11 83 -1 -1 -1 0 
29 1 810 340 102 82 -1 -1 -1 0 
30 1 812 341 99 81 -1 -1 -1 0 
31 1 813 341 98 81 -1 -1 -1 0 
32 1 813 343 99 79 -1 -1 -1 0 
33 1 813 343 100 79 -1 -1 -1 0 
34 1 813 344 99 79 -1 -1 -1 0 
35 1 813 344 98 79 -1 -1 -1 0 
36 1 812 343 99 81 -1 -1 -1 0 
37 1 813 343 98 81 -1 -1 -1 0 
38 1 815 344 96 79 -1 -1 -1 0 
38 6 460 342 36 33 -1 -1 -1 0 
39 1 814 345 98 77 -1 -1 -1 0 
39 6 447 341 42 34 -1 -1 -1 0 
40 1 815 344 97 78 -1 -1 -1 0 
40 6 435 341 41 36 -1 -1 -1 0 
