3 1 756 337 48 52 -1 -1 -1 0 
4 1 756 338 49 50 -1 -1 -1 0 
5 1 756 339 48 49 -1 -1 -1 0 
6 1 756 338 48 49 -1 -1 -1 0 
7 1 756 338 48 49 -1 -1 -1 0 
8 1 756 338 47 48 -1 -1 -1 0 
9 1 756 338 48 48 -1 -1 -1 0 
10 1 757 337 47 49 -1 -1 -1 0 
11 1 757 337 46 49 -1 -1 -1 0 
12 1 757 337 46 49 -1 -1 -1 0 
13 1 758 337 45 50 -1 -1 -1 0 
14 1 758 337 45 50 -1 -1 -1 0 
15 1 758 337 45 50 -1 -1 -1 0 
16 1 757 338 47 49 -1 -1 -1 0 
17 1 756 338 48 49 -1 -1 -1 0 
18 1 757 338 46 49 -1 -1 -1 0 
19 1 757 339 46 48 -1 -1 -1 0 
20 1 757 338 46 49 -1 -1 -1 0 
21 1 756 338 47 50 -1 -1 -1 0 
22 1 755 338 49 50 -1 -1 -1 0 
23 1 755 339 51 50 -1 -1 -1 0 
24 1 755 339 51 50 -1 -1 -1 0 
25 1 755 339 51 49 -1 -1 -1 0 
26 1 756 339 51 49 -1 -1 -1 0 
27 1 757 339 47 50 -1 -1 -1 0 
28 1 757 339 47 50 -1 -1 -1 0 
29 1 757 338 47 52 -1 -1 -1 0 
30 1 755 338 50 51 -1 -1 -1 0 
31 1 756 337 48 52 -1 -1 -1 0 
32 1 755 337 50 51 -1 -1 -1 0 
33 1 755 336 51 51 -1 -1 -1 0 
34 1 756 336 49 51 -1 -1 -1 0 
35 1 757 336 49 50 -1 -1 -1 0 
36 1 758 336 48 50 -1 -1 -1 0 
37 1 759 336 47 50 -1 -1 -1 0 
37 13 372 348 39 30 -1 -1 -1 0 
38 1 759 337 48 50 -1 -1 -1 0 
38 13 355 350 35 31 -1 -1 -1 0 
39 1 759 338 48 50 -1 -1 -1 0 
39 13 325 351 48 33 -1 -1 -1 0 
40 1 758 338 50 50 -1 -1 -1 0 
40 13 301 351 52 37 -1 -1 -1 0 
