3 1 806 320 102 92 -1 -1 -1 0 
3 2 668 322 25 38 -1 -1 -1 0 
3 3 710 313 46 56 -1 -1 -1 0 
3 4 644 326 16 23 -1 -1 -1 0 
4 1 808 323 99 90 -1 -1 -1 0 
4 2 668 321 25 40 -1 -1 -1 0 
4 3 710 313 45 56 -1 -1 -1 0 
4 4 644 326 16 23 -1 -1 -1 0 
5 1 808 322 101 92 -1 -1 -1 0 
5 2 667 322 27 40 -1 -1 -1 0 
5 3 711 313 45 56 -1 -1 -1 0 
6 1 808 317 102 98 -1 -1 -1 0 
6 2 668 321 26 40 -1 -1 -1 0 
6 3 711 312 45 56 -1 -1 -1 0 
7 1 808 319 105 95 -1 -1 -1 0 
7 2 668 321 26 40 -1 -1 -1 0 
7 3 711 311 45 57 -1 -1 -1 0 
8 1 809 319 105 94 -1 -1 -1 0 
8 2 668 320 26 41 -1 -1 -1 0 
8 3 711 309 45 58 -1 -1 -1 0 
9 1 811 315 104 97 -1 -1 -1 0 
9 2 668 320 26 40 -1 -1 -1 0 
9 3 711 308 43 57 -1 -1 -1 0 
10 1 811 315 106 98 -1 -1 -1 0 
10 2 668 319 27 41 -1 -1 -1 0 
10 3 711 308 44 58 -1 -1 -1 0 
11 1 811 316 107 97 -1 -1 -1 0 
11 2 669 319 25 41 -1 -1 -1 0 
11 3 710 308 46 58 -1 -1 -1 0 
11 4 538 321 20 27 -1 -1 -1 0 
12 1 811 318 108 96 -1 -1 -1 0 
12 2 668 320 26 40 -1 -1 -1 0 
12 3 710 309 48 59 -1 -1 -1 0 
12 4 527 320 20 29 -1 -1 -1 0 
13 1 812 323 108 91 -1 -1 -1 0 
13 2 668 320 26 40 -1 -1 -1 0 
13 3 710 310 47 58 -1 -1 -1 0 
14 1 813 325 107 90 -1 -1 -1 0 
14 2 668 321 27 39 -1 -1 -1 0 
14 3 710 311 48 58 -1 -1 -1 0 
15 1 813 326 108 90 -1 -1 -1 0 
15 2 669 322 25 37 -1 -1 -1 0 
15 3 710 312 49 57 -1 -1 -1 0 
16 1 813 326 109 90 -1 -1 -1 0 
16 2 668 322 26 38 -1 -1 -1 0 
16 3 711 312 48 58 -1 -1 -1 0 
17 1 813 325 110 91 -1 -1 -1 0 
17 2 669 321 25 39 -1 -1 -1 0 
17 3 711 311 46 58 -1 -1 -1 0 
18 1 812 327 112 89 -1 -1 -1 0 
18 2 668 321 27 39 -1 -1 -1 0 
18 3 710 311 48 58 -1 -1 -1 0 
19 1 811 330 113 85 -1 -1 -1 0 
19 2 669 321 26 39 -1 -1 -1 0 
19 3 710 311 48 59 -1 -1 -1 0 
20 1 812 331 112 84 -1 -1 -1 0 
20 2 669 321 26 39 -1 -1 -1 0 
20 3 710 312 49 58 -1 -1 -1 0 
21 1 813 331 112 85 -1 -1 -1 0 
21 2 669 321 26 39 -1 -1 -1 0 
21 3 711 312 47 58 -1 -1 -1 0 
22 1 814 332 114 86 -1 -1 -1 0 
22 2 668 321 28 39 -1 -1 -1 0 
22 3 711 311 44 57 -1 -1 -1 0 
23 1 814 330 115 90 -1 -1 -1 0 
23 2 668 321 28 40 -1 -1 -1 0 
23 3 712 311 41 56 -1 -1 -1 0 
24 1 814 330 117 91 -1 -1 -1 0 
24 2 669 321 27 40 -1 -1 -1 0 
24 3 712 311 40 56 -1 -1 -1 0 
25 1 814 331 120 90 -1 -1 -1 0 
25 2 669 321 26 40 -1 -1 -1 0 
25 3 711 310 43 57 -1 -1 -1 0 
26 1 815 332 120 89 -1 -1 -1 0 
26 2 668 322 28 39 -1 -1 -1 0 
26 3 711 310 45 57 -1 -1 -1 0 
27 1 815 333 121 88 -1 -1 -1 0 
27 2 668 322 28 39 -1 -1 -1 0 
27 3 711 310 45 57 -1 -1 -1 0 
28 1 815 333 122 88 -1 -1 -1 0 
28 2 669 322 26 39 -1 -1 -1 0 
28 3 712 311 44 56 -1 -1 -1 0 
29 1 816 333 121 88 -1 -1 -1 0 
29 2 669 322 27 38 -1 -1 -1 0 
29 3 711 312 48 57 -1 -1 -1 0 
30 1 815 332 125 89 -1 -1 -1 0 
30 2 669 321 27 39 -1 -1 -1 0 
30 3 713 311 42 56 -1 -1 -1 0 
31 1 815 332 126 89 -1 -1 -1 0 
31 2 670 321 26 39 -1 -1 -1 0 
31 3 713 311 43 56 -1 -1 -1 0 
32 1 815 334 130 88 -1 -1 -1 0 
32 2 669 322 27 37 -1 -1 -1 0 
32 3 712 311 46 56 -1 -1 -1 0 
33 1 816 334 130 89 -1 -1 -1 0 
33 2 669 323 27 36 -1 -1 -1 0 
33 3 713 310 45 57 -1 -1 -1 0 
34 1 817 334 131 90 -1 -1 -1 0 
34 2 670 323 26 36 -1 -1 -1 0 
34 3 712 310 46 57 -1 -1 -1 0 
35 1 818 334 132 92 -1 -1 -1 0 
35 2 670 324 25 36 -1 -1 -1 0 
35 3 713 311 46 57 -1 -1 -1 0 
36 1 820 334 134 91 -1 -1 -1 0 
36 2 669 324 27 35 -1 -1 -1 0 
36 3 713 311 45 57 -1 -1 -1 0 
37 1 825 335 131 91 -1 -1 -1 0 
37 2 670 322 27 37 -1 -1 -1 0 
37 3 712 313 50 57 -1 -1 -1 0 
38 1 829 336 128 90 -1 -1 -1 0 
38 2 670 322 27 37 -1 -1 -1 0 
38 3 713 311 46 57 -1 -1 -1 0 
39 1 828 336 132 91 -1 -1 -1 0 
39 2 670 321 27 38 -1 -1 -1 0 
39 3 713 312 50 58 -1 -1 -1 0 
40 1 830 337 131 91 -1 -1 -1 0 
40 2 670 321 27 38 -1 -1 -1 0 
40 3 713 313 51 58 -1 -1 -1 0 
