3 1 754 324 69 68 -1 -1 -1 0 
3 2 854 331 72 58 -1 -1 -1 0 
4 1 754 323 69 69 -1 -1 -1 0 
4 2 852 330 77 60 -1 -1 -1 0 
5 1 752 323 71 69 -1 -1 -1 0 
5 2 852 329 79 60 -1 -1 -1 0 
5 7 1137 330 140 286 -1 -1 -1 0 
6 1 750 322 73 70 -1 -1 -1 0 
6 2 858 328 75 59 -1 -1 -1 0 
6 7 1138 332 140 286 -1 -1 -1 0 
6 8 151 354 103 60 -1 -1 -1 0 
6 9 557 323 29 36 -1 -1 -1 0 
7 1 750 322 73 70 -1 -1 -1 0 
7 2 861 329 74 58 -1 -1 -1 0 
7 7 1136 332 143 277 -1 -1 -1 0 
7 8 93 356 112 62 -1 -1 -1 0 
7 9 556 323 29 36 -1 -1 -1 0 
8 1 751 323 72 69 -1 -1 -1 0 
8 2 862 331 76 58 -1 -1 -1 0 
8 7 1146 333 131 288 -1 -1 -1 0 
8 8 21 358 125 66 -1 -1 -1 0 
8 9 553 322 27 37 -1 -1 -1 0 
8 10 470 322 43 56 -1 -1 -1 0 
9 1 751 323 72 69 -1 -1 -1 0 
9 2 866 331 75 58 -1 -1 -1 0 
9 7 1143 336 136 277 -1 -1 -1 0 
9 8 0 363 61 66 -1 -1 -1 0 
9 9 549 320 29 39 -1 -1 -1 0 
9 10 451 322 51 59 -1 -1 -1 0 
10 1 752 322 71 70 -1 -1 -1 0 
10 2 868 331 75 59 -1 -1 -1 0 
10 7 1148 341 130 277 -1 -1 -1 0 
10 8 0 366 11 67 -1 -1 -1 0 
10 9 543 322 32 39 -1 -1 -1 0 
10 10 436 315 50 68 -1 -1 -1 0 
11 1 752 322 72 71 -1 -1 -1 0 
11 2 870 332 75 58 -1 -1 -1 0 
11 7 1153 340 126 278 -1 -1 -1 0 
11 9 539 321 32 41 -1 -1 -1 0 
11 10 423 313 53 72 -1 -1 -1 0 
12 1 754 324 70 69 -1 -1 -1 0 
12 2 870 334 79 59 -1 -1 -1 0 
12 7 1155 342 124 277 -1 -1 -1 0 
12 9 534 321 34 42 -1 -1 -1 0 
13 1 755 326 70 68 -1 -1 -1 0 
13 2 868 335 85 61 -1 -1 -1 0 
13 9 531 321 34 42 -1 -1 -1 0 
14 1 755 326 71 68 -1 -1 -1 0 
14 2 869 335 87 61 -1 -1 -1 0 
14 9 525 316 39 48 -1 -1 -1 0 
14 11 325 314 90 88 -1 -1 -1 0 
15 1 756 326 71 68 -1 -1 -1 0 
15 2 871 335 90 62 -1 -1 -1 0 
15 9 521 316 41 50 -1 -1 -1 0 
15 11 278 316 108 94 -1 -1 -1 0 
16 1 756 326 73 69 -1 -1 -1 0 
16 2 877 336 88 60 -1 -1 -1 0 
16 9 515 315 43 51 -1 -1 -1 0 
16 11 216 318 133 104 -1 -1 -1 0 
17 1 757 325 72 69 -1 -1 -1 0 
17 2 883 334 85 61 -1 -1 -1 0 
17 9 510 312 45 55 -1 -1 -1 0 
17 11 126 330 180 102 -1 -1 -1 0 
17 13 571 320 32 37 -1 -1 -1 0 
18 1 757 325 72 68 -1 -1 -1 0 
18 2 887 333 85 62 -1 -1 -1 0 
18 9 504 311 46 56 -1 -1 -1 0 
18 11 80 334 187 105 -1 -1 -1 0 
18 13 570 319 32 37 -1 -1 -1 0 
19 1 758 325 71 68 -1 -1 -1 0 
19 2 889 333 88 62 -1 -1 -1 0 
19 9 498 310 47 57 -1 -1 -1 0 
20 1 757 324 72 70 -1 -1 -1 0 
20 2 891 333 89 63 -1 -1 -1 0 
20 9 490 310 50 59 -1 -1 -1 0 
21 1 757 324 72 71 -1 -1 -1 0 
21 2 891 333 94 64 -1 -1 -1 0 
21 9 481 313 53 58 -1 -1 -1 0 
21 13 806 331 28 39 -1 -1 -1 0 
22 1 757 324 72 72 -1 -1 -1 0 
22 2 893 333 95 65 -1 -1 -1 0 
22 9 472 312 55 62 -1 -1 -1 0 
22 13 829 334 28 36 -1 -1 -1 0 
23 1 758 326 70 72 -1 -1 -1 0 
23 2 898 334 94 68 -1 -1 -1 0 
23 9 462 313 59 62 -1 -1 -1 0 
23 13 836 334 29 37 -1 -1 -1 0 
24 1 758 327 70 71 -1 -1 -1 0 
24 2 907 334 87 67 -1 -1 -1 0 
24 9 453 312 62 63 -1 -1 -1 0 
24 13 837 334 30 39 -1 -1 -1 0 
25 1 758 328 70 71 -1 -1 -1 0 
25 2 911 334 89 68 -1 -1 -1 0 
25 9 444 297 62 78 -1 -1 -1 0 
25 13 837 336 32 37 -1 -1 -1 0 
25 16 271 268 84 125 -1 -1 -1 0 
26 1 759 329 69 70 -1 -1 -1 0 
26 2 903 332 104 72 -1 -1 -1 0 
26 9 437 295 64 81 -1 -1 -1 0 
26 13 837 336 31 38 -1 -1 -1 0 
26 16 238 246 93 153 -1 -1 -1 0 
27 1 759 329 70 70 -1 -1 -1 0 
27 2 915 330 92 75 -1 -1 -1 0 
27 9 417 304 71 77 -1 -1 -1 0 
27 10 530 329 27 35 -1 -1 -1 0 
27 13 836 336 32 37 -1 -1 -1 0 
27 16 217 236 100 165 -1 -1 -1 0 
28 1 759 328 70 72 -1 -1 -1 0 
28 2 909 330 108 75 -1 -1 -1 0 
28 9 402 307 75 78 -1 -1 -1 0 
28 10 531 330 25 34 -1 -1 -1 0 
28 13 836 335 31 38 -1 -1 -1 0 
29 1 758 327 72 73 -1 -1 -1 0 
29 2 922 331 92 75 -1 -1 -1 0 
29 9 386 294 79 92 -1 -1 -1 0 
29 10 527 329 25 35 -1 -1 -1 0 
29 13 836 335 30 37 -1 -1 -1 0 
30 1 758 327 73 73 -1 -1 -1 0 
30 2 912 333 115 72 -1 -1 -1 0 
30 9 361 300 102 88 -1 -1 -1 0 
30 10 523 329 23 34 -1 -1 -1 0 
30 13 835 335 31 37 -1 -1 -1 0 
31 1 758 327 73 73 -1 -1 -1 0 
31 2 912 333 118 73 -1 -1 -1 0 
31 9 337 294 115 94 -1 -1 -1 0 
31 10 516 329 26 36 -1 -1 -1 0 
31 13 834 334 31 38 -1 -1 -1 0 
32 1 758 327 72 73 -1 -1 -1 0 
32 2 909 334 123 72 -1 -1 -1 0 
32 9 311 299 127 91 -1 -1 -1 0 
32 10 551 332 26 32 -1 -1 -1 0 
32 13 834 334 30 38 -1 -1 -1 0 
33 1 758 327 72 73 -1 -1 -1 0 
33 2 910 332 127 75 -1 -1 -1 0 
33 9 285 295 132 101 -1 -1 -1 0 
33 10 562 332 25 33 -1 -1 -1 0 
33 13 833 334 32 38 -1 -1 -1 0 
33 23 514 337 35 37 -1 -1 -1 0 
34 1 758 327 71 73 -1 -1 -1 0 
34 2 916 333 128 76 -1 -1 -1 0 
34 9 252 294 142 107 -1 -1 -1 0 
34 10 561 329 29 38 -1 -1 -1 0 
34 13 832 335 33 38 -1 -1 -1 0 
34 23 496 337 41 41 -1 -1 -1 0 
35 1 758 326 72 73 -1 -1 -1 0 
35 2 918 331 130 80 -1 -1 -1 0 
35 9 204 290 170 114 -1 -1 -1 0 
35 10 557 328 33 39 -1 -1 -1 0 
35 13 833 334 32 39 -1 -1 -1 0 
35 23 486 336 44 44 -1 -1 -1 0 
36 1 758 326 72 72 -1 -1 -1 0 
36 2 917 329 138 83 -1 -1 -1 0 
36 9 150 287 207 120 -1 -1 -1 0 
36 10 552 329 35 39 -1 -1 -1 0 
36 13 833 332 33 41 -1 -1 -1 0 
37 1 759 326 71 71 -1 -1 -1 0 
37 2 920 327 138 84 -1 -1 -1 0 
37 9 68 288 258 128 -1 -1 -1 0 
37 10 555 329 36 40 -1 -1 -1 0 
37 13 831 332 36 41 -1 -1 -1 0 
38 1 758 325 72 72 -1 -1 -1 0 
38 2 923 325 141 86 -1 -1 -1 0 
38 9 15 284 263 138 -1 -1 -1 0 
38 13 831 330 36 42 -1 -1 -1 0 
38 23 411 335 72 58 -1 -1 -1 0 
39 1 757 324 73 72 -1 -1 -1 0 
39 2 922 325 148 87 -1 -1 -1 0 
39 9 14 281 214 138 -1 -1 -1 0 
39 10 474 328 35 41 -1 -1 -1 0 
39 13 831 329 37 43 -1 -1 -1 0 
39 23 382 330 78 67 -1 -1 -1 0 
39 27 298 312 66 72 -1 -1 -1 0 
40 1 756 324 74 71 -1 -1 -1 0 
40 2 923 325 154 87 -1 -1 -1 0 
40 9 3 279 139 142 -1 -1 -1 0 
40 10 450 324 41 44 -1 -1 -1 0 
40 13 830 328 39 44 -1 -1 -1 0 
40 23 363 330 83 70 -1 -1 -1 0 
40 27 286 311 67 73 -1 -1 -1 0 
40 28 877 338 27 29 -1 -1 -1 0 
