3 1 497 328 91 85 -1 -1 -1 0 
3 2 591 324 50 53 -1 -1 -1 0 
3 3 943 332 85 55 -1 -1 -1 0 
3 4 719 335 36 38 -1 -1 -1 0 
4 1 500 326 91 86 -1 -1 -1 0 
4 2 593 324 47 52 -1 -1 -1 0 
4 3 944 332 82 55 -1 -1 -1 0 
4 4 719 334 37 40 -1 -1 -1 0 
5 1 501 325 92 86 -1 -1 -1 0 
5 2 595 324 45 52 -1 -1 -1 0 
5 3 944 332 82 55 -1 -1 -1 0 
5 4 719 334 39 40 -1 -1 -1 0 
6 1 501 325 94 86 -1 -1 -1 0 
6 2 596 324 45 53 -1 -1 -1 0 
6 3 948 333 78 54 -1 -1 -1 0 
6 4 719 334 40 40 -1 -1 -1 0 
7 1 504 328 92 83 -1 -1 -1 0 
7 2 596 325 46 52 -1 -1 -1 0 
7 3 944 333 84 54 -1 -1 -1 0 
7 4 720 333 40 41 -1 -1 -1 0 
8 1 504 329 92 81 -1 -1 -1 0 
8 2 597 325 45 51 -1 -1 -1 0 
8 3 942 331 85 56 -1 -1 -1 0 
8 4 721 333 39 41 -1 -1 -1 0 
9 1 508 333 88 78 -1 -1 -1 0 
9 2 599 325 44 51 -1 -1 -1 0 
9 3 950 331 76 56 -1 -1 -1 0 
9 4 721 332 40 42 -1 -1 -1 0 
10 1 511 334 86 76 -1 -1 -1 0 
10 2 600 327 44 49 -1 -1 -1 0 
10 3 955 331 71 55 -1 -1 -1 0 
10 4 721 333 40 41 -1 -1 -1 0 
11 1 513 333 83 76 -1 -1 -1 0 
11 2 600 328 44 47 -1 -1 -1 0 
11 3 949 330 81 57 -1 -1 -1 0 
11 4 720 333 42 40 -1 -1 -1 0 
12 1 515 333 82 75 -1 -1 -1 0 
12 2 601 328 43 47 -1 -1 -1 0 
12 3 962 330 65 60 -1 -1 -1 0 
12 4 722 333 40 40 -1 -1 -1 0 
13 1 517 333 81 75 -1 -1 -1 0 
13 2 602 327 41 48 -1 -1 -1 0 
13 3 962 331 70 59 -1 -1 -1 0 
13 4 722 333 40 40 -1 -1 -1 0 
14 1 520 333 77 74 -1 -1 -1 0 
14 2 602 327 42 47 -1 -1 -1 0 
14 3 962 331 72 60 -1 -1 -1 0 
14 4 720 335 44 38 -1 -1 -1 0 
15 1 522 333 77 75 -1 -1 -1 0 
15 2 603 327 41 48 -1 -1 -1 0 
15 3 961 330 75 61 -1 -1 -1 0 
15 4 723 336 39 37 -1 -1 -1 0 
16 1 523 333 77 75 -1 -1 -1 0 
16 2 602 325 43 50 -1 -1 -1 0 
16 3 963 331 74 60 -1 -1 -1 0 
16 4 725 336 37 38 -1 -1 -1 0 
17 1 524 333 77 74 -1 -1 -1 0 
17 2 602 326 44 48 -1 -1 -1 0 
17 3 965 330 71 60 -1 -1 -1 0 
17 4 725 334 38 40 -1 -1 -1 0 
18 1 525 331 75 75 -1 -1 -1 0 
18 2 603 326 43 48 -1 -1 -1 0 
18 3 958 330 83 58 -1 -1 -1 0 
18 4 725 334 38 40 -1 -1 -1 0 
19 1 526 330 75 74 -1 -1 -1 0 
19 2 603 327 43 47 -1 -1 -1 0 
19 3 958 329 77 59 -1 -1 -1 0 
19 4 726 334 37 40 -1 -1 -1 0 
19 14 220 344 57 42 -1 -1 -1 0 
20 1 527 328 75 74 -1 -1 -1 0 
20 2 605 325 41 48 -1 -1 -1 0 
20 3 965 329 70 61 -1 -1 -1 0 
20 4 726 333 38 41 -1 -1 -1 0 
20 14 220 345 59 43 -1 -1 -1 0 
21 1 528 327 76 74 -1 -1 -1 0 
21 2 605 325 41 47 -1 -1 -1 0 
21 3 962 330 77 62 -1 -1 -1 0 
21 4 728 333 35 41 -1 -1 -1 0 
22 1 529 329 76 73 -1 -1 -1 0 
22 2 605 325 42 47 -1 -1 -1 0 
22 3 961 332 81 61 -1 -1 -1 0 
22 4 728 334 36 40 -1 -1 -1 0 
23 1 530 329 75 72 -1 -1 -1 0 
23 2 605 325 43 47 -1 -1 -1 0 
23 3 958 332 87 60 -1 -1 -1 0 
23 4 728 334 37 41 -1 -1 -1 0 
23 19 329 330 45 39 -1 -1 -1 0 
24 1 533 328 72 73 -1 -1 -1 0 
24 2 605 325 43 48 -1 -1 -1 0 
24 3 957 332 88 60 -1 -1 -1 0 
24 4 729 335 35 40 -1 -1 -1 0 
24 19 306 328 53 42 -1 -1 -1 0 
25 1 534 326 71 74 -1 -1 -1 0 
25 2 606 324 41 47 -1 -1 -1 0 
25 3 960 331 83 61 -1 -1 -1 0 
25 4 728 334 37 41 -1 -1 -1 0 
25 19 282 328 60 42 -1 -1 -1 0 
26 1 535 325 71 74 -1 -1 -1 0 
26 2 606 324 42 47 -1 -1 -1 0 
26 3 960 331 84 61 -1 -1 -1 0 
26 4 729 334 36 42 -1 -1 -1 0 
26 19 258 328 60 44 -1 -1 -1 0 
27 1 537 323 71 75 -1 -1 -1 0 
27 2 607 323 42 47 -1 -1 -1 0 
27 4 728 332 38 42 -1 -1 -1 0 
27 19 228 330 55 44 -1 -1 -1 0 
28 1 539 320 70 74 -1 -1 -1 0 
28 2 608 322 41 46 -1 -1 -1 0 
28 3 963 331 80 60 -1 -1 -1 0 
28 4 729 331 36 41 -1 -1 -1 0 
28 19 193 332 56 43 -1 -1 -1 0 
29 1 541 320 68 72 -1 -1 -1 0 
29 2 609 322 41 46 -1 -1 -1 0 
29 3 964 331 79 60 -1 -1 -1 0 
29 4 729 331 37 41 -1 -1 -1 0 
29 19 150 332 62 46 -1 -1 -1 0 
30 1 543 319 67 74 -1 -1 -1 0 
30 2 609 321 41 46 -1 -1 -1 0 
30 3 953 330 95 61 -1 -1 -1 0 
30 4 730 331 36 41 -1 -1 -1 0 
30 19 98 334 72 46 -1 -1 -1 0 
30 23 450 331 32 31 -1 -1 -1 0 
31 1 544 321 67 73 -1 -1 -1 0 
31 2 610 321 40 47 -1 -1 -1 0 
31 3 953 330 96 61 -1 -1 -1 0 
31 4 730 333 36 41 -1 -1 -1 0 
31 19 40 336 73 49 -1 -1 -1 0 
31 23 446 331 31 31 -1 -1 -1 0 
32 1 545 320 67 73 -1 -1 -1 0 
32 2 609 323 43 46 -1 -1 -1 0 
32 3 960 332 88 61 -1 -1 -1 0 
32 4 731 334 35 42 -1 -1 -1 0 
32 19 0 337 74 50 -1 -1 -1 0 
33 1 544 323 70 71 -1 -1 -1 0 
33 2 609 323 43 46 -1 -1 -1 0 
33 3 955 334 100 60 -1 -1 -1 0 
33 4 731 336 36 40 -1 -1 -1 0 
33 14 184 336 68 49 -1 -1 -1 0 
34 1 545 324 70 70 -1 -1 -1 0 
34 2 608 323 45 46 -1 -1 -1 0 
34 3 956 335 99 61 -1 -1 -1 0 
34 4 732 336 35 42 -1 -1 -1 0 
34 14 204 338 43 40 -1 -1 -1 0 
34 23 417 336 22 30 -1 -1 -1 0 
35 1 545 324 71 71 -1 -1 -1 0 
35 2 610 324 43 46 -1 -1 -1 0 
35 3 955 334 95 64 -1 -1 -1 0 
35 4 732 336 36 42 -1 -1 -1 0 
35 14 181 340 47 37 -1 -1 -1 0 
35 23 402 337 24 30 -1 -1 -1 0 
36 1 546 324 71 71 -1 -1 -1 0 
36 2 612 324 41 46 -1 -1 -1 0 
36 3 949 336 101 61 -1 -1 -1 0 
36 4 733 336 35 42 -1 -1 -1 0 
36 14 178 341 46 36 -1 -1 -1 0 
36 23 393 338 23 29 -1 -1 -1 0 
36 29 275 332 63 40 -1 -1 -1 0 
37 1 550 325 67 69 -1 -1 -1 0 
37 2 613 323 40 46 -1 -1 -1 0 
37 3 949 340 105 55 -1 -1 -1 0 
37 4 732 334 39 42 -1 -1 -1 0 
37 29 248 334 50 42 -1 -1 -1 0 
37 30 318 333 56 45 -1 -1 -1 0 
38 1 551 325 66 68 -1 -1 -1 0 
38 2 613 323 42 46 -1 -1 -1 0 
38 3 952 340 103 55 -1 -1 -1 0 
38 4 732 334 38 41 -1 -1 -1 0 
38 14 226 336 51 40 -1 -1 -1 0 
38 23 329 338 39 37 -1 -1 -1 0 
38 29 213 337 52 41 -1 -1 -1 0 
38 30 286 338 50 42 -1 -1 -1 0 
39 1 551 325 67 68 -1 -1 -1 0 
39 2 612 321 43 48 -1 -1 -1 0 
39 3 951 341 105 54 -1 -1 -1 0 
39 4 733 334 38 40 -1 -1 -1 0 
39 14 234 337 57 45 -1 -1 -1 0 
39 23 296 340 42 37 -1 -1 -1 0 
39 29 176 338 53 44 -1 -1 -1 0 
39 30 338 341 38 39 -1 -1 -1 0 
40 1 551 324 67 69 -1 -1 -1 0 
40 2 614 321 41 47 -1 -1 -1 0 
40 3 952 334 99 59 -1 -1 -1 0 
40 4 734 334 37 40 -1 -1 -1 0 
40 14 204 339 61 47 -1 -1 -1 0 
40 23 261 339 47 42 -1 -1 -1 0 
40 29 131 339 58 48 -1 -1 -1 0 
40 30 353 342 31 39 -1 -1 -1 0 
