3 1 898 326 53 50 -1 -1 -1 0 
3 2 878 326 45 49 -1 -1 -1 0 
4 1 894 326 56 52 -1 -1 -1 0 
4 2 878 327 45 48 -1 -1 -1 0 
5 1 891 325 61 53 -1 -1 -1 0 
5 2 878 327 46 48 -1 -1 -1 0 
6 1 892 325 61 53 -1 -1 -1 0 
6 4 674 332 30 40 -1 -1 -1 0 
7 1 894 325 60 54 -1 -1 -1 0 
7 4 674 331 30 42 -1 -1 -1 0 
8 1 893 325 62 54 -1 -1 -1 0 
8 4 672 331 35 43 -1 -1 -1 0 
9 1 897 325 58 54 -1 -1 -1 0 
9 2 879 326 41 51 -1 -1 -1 0 
9 4 672 330 35 45 -1 -1 -1 0 
10 1 897 325 58 54 -1 -1 -1 0 
10 2 878 325 43 53 -1 -1 -1 0 
10 4 672 330 36 45 -1 -1 -1 0 
11 1 898 325 58 56 -1 -1 -1 0 
11 2 879 325 39 53 -1 -1 -1 0 
11 4 672 330 36 45 -1 -1 -1 0 
12 1 898 324 58 57 -1 -1 -1 0 
12 2 878 325 43 53 -1 -1 -1 0 
13 1 900 326 56 54 -1 -1 -1 0 
13 2 879 326 41 52 -1 -1 -1 0 
13 4 673 331 34 44 -1 -1 -1 0 
14 1 902 328 54 52 -1 -1 -1 0 
14 2 880 327 40 50 -1 -1 -1 0 
14 4 673 331 34 44 -1 -1 -1 0 
15 1 902 328 55 53 -1 -1 -1 0 
15 2 882 329 34 50 -1 -1 -1 0 
16 1 904 329 53 52 -1 -1 -1 0 
16 2 881 329 37 50 -1 -1 -1 0 
17 1 904 329 54 53 -1 -1 -1 0 
17 2 882 328 37 49 -1 -1 -1 0 
17 6 450 337 26 27 -1 -1 -1 0 
18 1 904 329 54 52 -1 -1 -1 0 
18 2 882 328 39 49 -1 -1 -1 0 
18 6 437 338 31 26 -1 -1 -1 0 
19 1 905 328 53 53 -1 -1 -1 0 
19 2 882 328 40 49 -1 -1 -1 0 
19 6 430 338 31 27 -1 -1 -1 0 
20 1 904 326 55 56 -1 -1 -1 0 
20 2 882 327 42 50 -1 -1 -1 0 
21 1 901 324 59 58 -1 -1 -1 0 
21 2 882 327 42 50 -1 -1 -1 0 
21 4 672 330 33 41 -1 -1 -1 0 
21 6 394 338 33 29 -1 -1 -1 0 
22 1 900 324 61 58 -1 -1 -1 0 
22 2 883 327 43 50 -1 -1 -1 0 
22 4 673 330 32 41 -1 -1 -1 0 
22 6 376 340 33 29 -1 -1 -1 0 
23 1 901 324 60 58 -1 -1 -1 0 
23 2 883 326 43 52 -1 -1 -1 0 
23 4 673 330 34 42 -1 -1 -1 0 
23 6 357 340 34 32 -1 -1 -1 0 
24 1 903 323 59 58 -1 -1 -1 0 
24 2 883 326 44 51 -1 -1 -1 0 
24 4 673 330 34 42 -1 -1 -1 0 
24 6 333 341 35 34 -1 -1 -1 0 
25 1 901 322 62 60 -1 -1 -1 0 
25 2 883 326 46 52 -1 -1 -1 0 
25 4 674 331 33 41 -1 -1 -1 0 
25 6 313 343 32 33 -1 -1 -1 0 
26 1 903 322 59 60 -1 -1 -1 0 
26 2 884 326 43 52 -1 -1 -1 0 
26 4 675 331 31 40 -1 -1 -1 0 
26 6 284 342 35 37 -1 -1 -1 0 
27 1 904 322 60 59 -1 -1 -1 0 
27 2 883 326 46 52 -1 -1 -1 0 
27 4 675 332 31 39 -1 -1 -1 0 
27 6 258 346 29 36 -1 -1 -1 0 
28 1 905 323 58 58 -1 -1 -1 0 
28 2 884 326 44 51 -1 -1 -1 0 
28 4 675 332 30 39 -1 -1 -1 0 
28 6 217 347 33 39 -1 -1 -1 0 
29 1 902 323 61 58 -1 -1 -1 0 
29 2 884 326 45 51 -1 -1 -1 0 
29 4 675 331 31 41 -1 -1 -1 0 
29 6 220 350 25 38 -1 -1 -1 0 
30 1 901 322 64 59 -1 -1 -1 0 
30 2 884 325 45 52 -1 -1 -1 0 
30 4 674 331 33 41 -1 -1 -1 0 
30 6 201 351 25 40 -1 -1 -1 0 
31 1 903 323 63 57 -1 -1 -1 0 
31 2 885 325 46 52 -1 -1 -1 0 
31 4 674 331 33 41 -1 -1 -1 0 
31 6 244 346 28 38 -1 -1 -1 0 
32 1 895 323 71 58 -1 -1 -1 0 
32 2 884 325 49 52 -1 -1 -1 0 
32 4 674 332 33 40 -1 -1 -1 0 
32 6 236 347 28 38 -1 -1 -1 0 
33 1 903 324 63 56 -1 -1 -1 0 
33 2 885 325 49 52 -1 -1 -1 0 
33 4 675 332 32 40 -1 -1 -1 0 
34 1 896 323 70 59 -1 -1 -1 0 
34 4 675 333 32 39 -1 -1 -1 0 
35 1 902 324 66 58 -1 -1 -1 0 
36 1 907 324 63 57 -1 -1 -1 0 
36 2 887 325 47 53 -1 -1 -1 0 
37 1 910 325 61 56 -1 -1 -1 0 
37 2 889 325 39 53 -1 -1 -1 0 
37 4 676 331 31 42 -1 -1 -1 0 
38 1 911 326 60 55 -1 -1 -1 0 
38 2 889 325 39 53 -1 -1 -1 0 
38 4 676 331 31 42 -1 -1 -1 0 
39 1 912 327 59 55 -1 -1 -1 0 
39 4 675 331 33 42 -1 -1 -1 0 
40 1 899 327 51 52 -1 -1 -1 0 
40 2 903 327 62 52 -1 -1 -1 0 
40 4 675 331 33 42 -1 -1 -1 0 
