3 1 985 321 118 64 -1 -1 -1 0 
3 2 928 318 57 43 -1 -1 -1 0 
3 3 705 323 31 40 -1 -1 -1 0 
3 4 774 320 44 46 -1 -1 -1 0 
3 5 663 328 25 31 -1 -1 -1 0 
4 1 986 320 117 66 -1 -1 -1 0 
4 2 928 318 58 43 -1 -1 -1 0 
4 3 704 322 32 42 -1 -1 -1 0 
4 4 773 319 46 47 -1 -1 -1 0 
4 5 663 327 24 32 -1 -1 -1 0 
5 1 986 321 120 65 -1 -1 -1 0 
5 2 928 317 63 44 -1 -1 -1 0 
5 3 703 322 33 43 -1 -1 -1 0 
5 4 774 321 45 45 -1 -1 -1 0 
5 5 662 327 25 33 -1 -1 -1 0 
6 1 985 321 124 66 -1 -1 -1 0 
6 2 929 317 69 44 -1 -1 -1 0 
6 3 703 322 32 43 -1 -1 -1 0 
6 4 774 321 45 44 -1 -1 -1 0 
6 5 661 327 26 34 -1 -1 -1 0 
6 9 371 349 25 32 -1 -1 -1 0 
7 1 987 322 121 65 -1 -1 -1 0 
7 2 930 316 71 45 -1 -1 -1 0 
7 3 703 322 33 43 -1 -1 -1 0 
7 4 775 321 44 44 -1 -1 -1 0 
7 5 661 326 26 35 -1 -1 -1 0 
7 9 359 350 25 32 -1 -1 -1 0 
8 1 989 322 121 65 -1 -1 -1 0 
8 2 932 315 68 47 -1 -1 -1 0 
8 3 702 322 34 42 -1 -1 -1 0 
8 4 777 321 42 46 -1 -1 -1 0 
8 5 661 326 27 34 -1 -1 -1 0 
8 9 343 351 24 31 -1 -1 -1 0 
9 1 990 322 121 65 -1 -1 -1 0 
9 2 934 315 66 47 -1 -1 -1 0 
9 3 702 321 34 43 -1 -1 -1 0 
9 4 776 322 45 44 -1 -1 -1 0 
9 5 661 326 26 34 -1 -1 -1 0 
9 9 334 351 25 31 -1 -1 -1 0 
10 1 988 320 126 69 -1 -1 -1 0 
10 2 934 315 67 47 -1 -1 -1 0 
10 3 703 321 32 43 -1 -1 -1 0 
10 4 778 322 42 45 -1 -1 -1 0 
10 5 660 326 29 34 -1 -1 -1 0 
10 9 295 352 34 32 -1 -1 -1 0 
11 1 988 320 126 69 -1 -1 -1 0 
11 2 936 316 67 47 -1 -1 -1 0 
11 3 702 321 32 43 -1 -1 -1 0 
11 4 778 322 42 45 -1 -1 -1 0 
11 5 660 326 28 34 -1 -1 -1 0 
11 9 272 352 30 35 -1 -1 -1 0 
12 1 988 320 127 68 -1 -1 -1 0 
12 2 937 316 68 47 -1 -1 -1 0 
12 3 702 321 33 43 -1 -1 -1 0 
12 5 659 326 30 34 -1 -1 -1 0 
12 9 234 352 46 36 -1 -1 -1 0 
13 1 991 322 121 66 -1 -1 -1 0 
13 2 940 316 63 49 -1 -1 -1 0 
13 3 702 323 33 41 -1 -1 -1 0 
13 4 778 322 44 46 -1 -1 -1 0 
13 5 659 326 30 34 -1 -1 -1 0 
13 9 197 351 55 40 -1 -1 -1 0 
14 1 990 322 124 66 -1 -1 -1 0 
14 2 941 316 63 50 -1 -1 -1 0 
14 3 702 323 33 41 -1 -1 -1 0 
14 4 778 323 44 46 -1 -1 -1 0 
14 9 160 352 48 41 -1 -1 -1 0 
15 1 992 322 119 66 -1 -1 -1 0 
15 2 941 316 64 50 -1 -1 -1 0 
15 3 703 324 31 40 -1 -1 -1 0 
15 4 777 323 46 46 -1 -1 -1 0 
15 9 114 356 41 43 -1 -1 -1 0 
16 1 994 323 118 65 -1 -1 -1 0 
16 2 942 315 64 52 -1 -1 -1 0 
16 3 703 324 30 40 -1 -1 -1 0 
16 4 778 323 45 46 -1 -1 -1 0 
16 9 69 357 46 46 -1 -1 -1 0 
17 1 995 323 116 65 -1 -1 -1 0 
17 2 942 315 66 52 -1 -1 -1 0 
17 3 703 325 31 40 -1 -1 -1 0 
17 4 778 323 45 46 -1 -1 -1 0 
17 9 34 358 48 47 -1 -1 -1 0 
18 1 996 323 116 65 -1 -1 -1 0 
18 2 941 314 70 53 -1 -1 -1 0 
18 3 703 325 31 40 -1 -1 -1 0 
18 4 779 324 44 45 -1 -1 -1 0 
19 1 998 323 115 64 -1 -1 -1 0 
19 2 942 315 67 50 -1 -1 -1 0 
19 3 703 325 31 39 -1 -1 -1 0 
19 4 779 324 45 45 -1 -1 -1 0 
20 1 997 324 117 62 -1 -1 -1 0 
20 2 946 315 65 51 -1 -1 -1 0 
20 3 703 325 31 39 -1 -1 -1 0 
20 4 780 325 44 44 -1 -1 -1 0 
20 5 473 343 24 26 -1 -1 -1 0 
20 26 266 349 49 35 -1 -1 -1 0 
21 1 996 324 121 62 -1 -1 -1 0 
21 2 948 315 66 51 -1 -1 -1 0 
21 3 704 326 30 38 -1 -1 -1 0 
21 5 398 349 28 27 -1 -1 -1 0 
21 26 254 348 50 36 -1 -1 -1 0 
22 1 1000 323 115 63 -1 -1 -1 0 
22 2 949 315 66 51 -1 -1 -1 0 
22 3 703 325 31 39 -1 -1 -1 0 
22 5 437 347 22 25 -1 -1 -1 0 
23 1 999 322 117 64 -1 -1 -1 0 
23 2 950 315 65 49 -1 -1 -1 0 
23 3 702 323 32 42 -1 -1 -1 0 
23 4 779 324 49 45 -1 -1 -1 0 
23 5 444 344 20 27 -1 -1 -1 0 
24 1 995 322 123 64 -1 -1 -1 0 
24 2 952 316 61 47 -1 -1 -1 0 
24 3 702 322 32 42 -1 -1 -1 0 
24 4 780 322 49 47 -1 -1 -1 0 
24 5 442 344 21 27 -1 -1 -1 0 
24 26 125 349 73 47 -1 -1 -1 0 
25 1 998 322 119 64 -1 -1 -1 0 
25 2 955 315 58 48 -1 -1 -1 0 
25 3 671 326 26 37 -1 -1 -1 0 
25 4 782 318 48 51 -1 -1 -1 0 
25 5 438 345 22 26 -1 -1 -1 0 
25 26 74 354 86 45 -1 -1 -1 0 
26 1 998 322 120 64 -1 -1 -1 0 
26 2 955 314 58 49 -1 -1 -1 0 
26 3 688 324 32 39 -1 -1 -1 0 
26 4 782 316 50 53 -1 -1 -1 0 
26 5 416 348 21 25 -1 -1 -1 0 
26 26 23 356 88 46 -1 -1 -1 0 
26 28 0 353 128 221 -1 -1 -1 0 
27 1 998 322 119 63 -1 -1 -1 0 
27 2 957 314 56 48 -1 -1 -1 0 
27 3 695 324 32 40 -1 -1 -1 0 
27 4 783 316 49 54 -1 -1 -1 0 
27 5 407 349 21 24 -1 -1 -1 0 
27 26 0 357 75 47 -1 -1 -1 0 
27 28 0 343 162 222 -1 -1 -1 0 
28 1 997 322 121 64 -1 -1 -1 0 
28 3 697 323 33 42 -1 -1 -1 0 
28 4 783 315 50 56 -1 -1 -1 0 
28 5 461 345 20 23 -1 -1 -1 0 
28 28 9 333 160 213 -1 -1 -1 0 
28 32 653 329 25 34 -1 -1 -1 0 
29 1 994 322 126 64 -1 -1 -1 0 
29 3 698 323 32 42 -1 -1 -1 0 
29 4 783 315 51 56 -1 -1 -1 0 
29 5 446 345 23 25 -1 -1 -1 0 
29 32 652 329 25 35 -1 -1 -1 0 
30 1 993 322 126 64 -1 -1 -1 0 
30 3 699 323 31 44 -1 -1 -1 0 
30 4 783 315 52 57 -1 -1 -1 0 
30 5 444 345 23 26 -1 -1 -1 0 
30 32 651 330 25 34 -1 -1 -1 0 
31 1 995 321 123 66 -1 -1 -1 0 
31 3 698 323 33 44 -1 -1 -1 0 
31 4 783 316 52 56 -1 -1 -1 0 
31 5 436 344 20 25 -1 -1 -1 0 
31 32 649 330 26 35 -1 -1 -1 0 
32 1 993 321 125 66 -1 -1 -1 0 
32 3 697 325 34 42 -1 -1 -1 0 
32 4 784 316 51 56 -1 -1 -1 0 
32 5 419 345 21 26 -1 -1 -1 0 
32 32 648 330 26 35 -1 -1 -1 0 
32 34 1 325 298 348 -1 -1 -1 0 
33 1 991 320 128 67 -1 -1 -1 0 
33 3 698 325 32 42 -1 -1 -1 0 
33 4 783 318 53 53 -1 -1 -1 0 
33 5 395 345 24 27 -1 -1 -1 0 
33 32 646 329 27 35 -1 -1 -1 0 
33 34 0 325 324 341 -1 -1 -1 0 
34 1 990 322 129 65 -1 -1 -1 0 
34 3 697 326 33 41 -1 -1 -1 0 
34 4 784 319 53 52 -1 -1 -1 0 
34 5 364 346 32 30 -1 -1 -1 0 
34 32 646 329 27 35 -1 -1 -1 0 
34 34 1 324 335 343 -1 -1 -1 0 
35 1 989 321 130 66 -1 -1 -1 0 
35 3 696 325 32 41 -1 -1 -1 0 
35 4 783 319 55 52 -1 -1 -1 0 
35 5 352 347 24 30 -1 -1 -1 0 
35 32 645 329 27 34 -1 -1 -1 0 
35 34 11 324 331 338 -1 -1 -1 0 
36 1 988 321 131 67 -1 -1 -1 0 
36 3 696 325 32 41 -1 -1 -1 0 
36 4 783 320 55 53 -1 -1 -1 0 
36 5 342 347 24 31 -1 -1 -1 0 
36 32 644 329 27 34 -1 -1 -1 0 
37 1 989 320 131 68 -1 -1 -1 0 
37 3 694 325 33 41 -1 -1 -1 0 
37 4 783 321 55 52 -1 -1 -1 0 
37 32 643 330 27 33 -1 -1 -1 0 
38 1 988 320 132 68 -1 -1 -1 0 
38 3 693 325 33 41 -1 -1 -1 0 
38 4 783 322 56 51 -1 -1 -1 0 
38 5 391 341 26 29 -1 -1 -1 0 
38 32 642 330 26 33 -1 -1 -1 0 
39 1 988 321 132 67 -1 -1 -1 0 
39 3 693 325 32 42 -1 -1 -1 0 
39 4 784 323 55 51 -1 -1 -1 0 
39 5 424 341 20 25 -1 -1 -1 0 
39 32 641 330 25 33 -1 -1 -1 0 
39 34 8 320 390 320 -1 -1 -1 0 
40 1 988 320 132 68 -1 -1 -1 0 
40 3 692 325 33 42 -1 -1 -1 0 
40 4 785 324 54 50 -1 -1 -1 0 
40 5 433 341 21 25 -1 -1 -1 0 
40 32 641 330 24 34 -1 -1 -1 0 
40 34 3 320 423 312 -1 -1 -1 0 
