3 1 628 335 35 43 -1 -1 -1 0 
3 2 742 329 38 49 -1 -1 -1 0 
3 3 676 334 49 53 -1 -1 -1 0 
3 4 1059 322 217 145 -1 -1 -1 0 
3 5 973 342 98 60 -1 -1 -1 0 
3 6 850 331 23 31 -1 -1 -1 0 
4 1 629 335 35 43 -1 -1 -1 0 
4 2 742 331 38 47 -1 -1 -1 0 
4 3 678 335 45 52 -1 -1 -1 0 
4 4 1058 322 221 148 -1 -1 -1 0 
4 5 973 342 97 61 -1 -1 -1 0 
4 6 851 331 22 31 -1 -1 -1 0 
5 1 630 334 35 44 -1 -1 -1 0 
5 2 742 330 38 47 -1 -1 -1 0 
5 3 678 335 44 50 -1 -1 -1 0 
5 4 1056 327 219 141 -1 -1 -1 0 
5 5 971 341 99 61 -1 -1 -1 0 
5 6 852 331 21 31 -1 -1 -1 0 
6 1 630 334 36 44 -1 -1 -1 0 
6 2 743 331 37 46 -1 -1 -1 0 
6 3 678 335 45 52 -1 -1 -1 0 
6 4 1058 329 216 138 -1 -1 -1 0 
6 5 971 340 98 62 -1 -1 -1 0 
6 6 851 331 23 31 -1 -1 -1 0 
7 1 632 334 35 45 -1 -1 -1 0 
7 2 744 330 37 47 -1 -1 -1 0 
7 3 679 335 44 52 -1 -1 -1 0 
7 4 1055 328 223 136 -1 -1 -1 0 
7 5 970 340 101 60 -1 -1 -1 0 
7 6 852 330 21 32 -1 -1 -1 0 
8 1 633 334 35 45 -1 -1 -1 0 
8 2 744 330 38 48 -1 -1 -1 0 
8 3 682 336 43 51 -1 -1 -1 0 
8 4 1056 328 222 135 -1 -1 -1 0 
8 5 972 338 95 61 -1 -1 -1 0 
8 6 852 330 22 32 -1 -1 -1 0 
9 1 635 335 34 44 -1 -1 -1 0 
9 2 744 329 39 49 -1 -1 -1 0 
9 3 684 336 42 50 -1 -1 -1 0 
9 4 1056 325 222 137 -1 -1 -1 0 
9 5 972 338 95 60 -1 -1 -1 0 
10 1 636 333 36 45 -1 -1 -1 0 
10 2 746 328 37 50 -1 -1 -1 0 
10 3 684 335 43 51 -1 -1 -1 0 
10 4 1056 325 223 138 -1 -1 -1 0 
10 5 972 339 93 58 -1 -1 -1 0 
11 1 637 333 36 45 -1 -1 -1 0 
11 2 747 328 38 50 -1 -1 -1 0 
11 3 684 335 44 51 -1 -1 -1 0 
11 4 1054 327 225 133 -1 -1 -1 0 
11 5 973 338 93 59 -1 -1 -1 0 
12 1 637 333 39 45 -1 -1 -1 0 
12 2 748 328 38 50 -1 -1 -1 0 
12 3 684 335 45 51 -1 -1 -1 0 
12 4 1056 328 223 132 -1 -1 -1 0 
12 5 974 339 94 59 -1 -1 -1 0 
13 1 638 333 38 44 -1 -1 -1 0 
13 2 748 328 40 50 -1 -1 -1 0 
13 3 684 335 45 50 -1 -1 -1 0 
13 4 1058 327 214 131 -1 -1 -1 0 
13 5 976 339 93 60 -1 -1 -1 0 
14 1 639 334 36 43 -1 -1 -1 0 
14 2 748 327 40 51 -1 -1 -1 0 
14 3 686 335 42 49 -1 -1 -1 0 
14 4 1058 326 216 134 -1 -1 -1 0 
14 5 975 340 95 59 -1 -1 -1 0 
15 1 641 334 34 43 -1 -1 -1 0 
15 2 748 327 40 50 -1 -1 -1 0 
15 3 687 335 41 48 -1 -1 -1 0 
15 4 1058 326 218 135 -1 -1 -1 0 
15 5 975 341 92 58 -1 -1 -1 0 
16 1 641 334 35 42 -1 -1 -1 0 
16 2 748 327 40 50 -1 -1 -1 0 
16 3 687 334 40 48 -1 -1 -1 0 
16 4 1061 324 212 137 -1 -1 -1 0 
16 5 977 342 82 56 -1 -1 -1 0 
16 6 245 259 29 33 -1 -1 -1 0 
17 1 641 334 34 42 -1 -1 -1 0 
17 2 748 327 40 49 -1 -1 -1 0 
17 3 688 334 39 47 -1 -1 -1 0 
17 4 1064 316 203 144 -1 -1 -1 0 
17 5 978 342 80 56 -1 -1 -1 0 
17 6 195 254 29 33 -1 -1 -1 0 
18 1 642 334 34 41 -1 -1 -1 0 
18 2 748 328 40 48 -1 -1 -1 0 
18 3 689 334 37 47 -1 -1 -1 0 
18 4 1059 319 211 139 -1 -1 -1 0 
18 5 976 342 89 57 -1 -1 -1 0 
18 6 210 256 31 31 -1 -1 -1 0 
19 1 643 334 33 41 -1 -1 -1 0 
19 2 748 329 40 47 -1 -1 -1 0 
19 3 689 334 38 47 -1 -1 -1 0 
19 4 1071 315 143 137 -1 -1 -1 0 
19 5 978 341 91 59 -1 -1 -1 0 
19 6 201 257 27 29 -1 -1 -1 0 
20 1 644 335 32 39 -1 -1 -1 0 
20 2 749 330 39 47 -1 -1 -1 0 
20 3 688 335 41 47 -1 -1 -1 0 
20 4 1053 320 208 137 -1 -1 -1 0 
20 5 980 341 91 59 -1 -1 -1 0 
20 6 190 254 30 32 -1 -1 -1 0 
21 1 644 336 32 39 -1 -1 -1 0 
21 2 750 330 37 48 -1 -1 -1 0 
21 3 688 335 42 49 -1 -1 -1 0 
21 4 1058 323 206 136 -1 -1 -1 0 
21 5 982 340 91 61 -1 -1 -1 0 
21 6 188 253 26 31 -1 -1 -1 0 
22 1 645 337 31 38 -1 -1 -1 0 
22 2 749 331 39 47 -1 -1 -1 0 
22 3 688 335 43 49 -1 -1 -1 0 
22 4 1058 332 215 128 -1 -1 -1 0 
22 5 984 342 91 60 -1 -1 -1 0 
22 6 183 251 33 31 -1 -1 -1 0 
23 1 645 337 32 38 -1 -1 -1 0 
23 2 750 331 37 47 -1 -1 -1 0 
23 3 689 336 40 46 -1 -1 -1 0 
23 4 1064 331 211 132 -1 -1 -1 0 
23 5 985 342 89 60 -1 -1 -1 0 
23 6 172 251 29 29 -1 -1 -1 0 
24 1 646 337 30 38 -1 -1 -1 0 
24 2 751 332 36 46 -1 -1 -1 0 
24 3 690 336 39 45 -1 -1 -1 0 
24 4 1068 328 207 138 -1 -1 -1 0 
24 5 985 343 89 60 -1 -1 -1 0 
24 6 144 247 31 31 -1 -1 -1 0 
25 1 646 340 31 35 -1 -1 -1 0 
25 2 752 332 35 46 -1 -1 -1 0 
25 3 691 336 38 45 -1 -1 -1 0 
25 4 1069 324 206 144 -1 -1 -1 0 
25 5 987 345 83 58 -1 -1 -1 0 
25 6 131 247 39 30 -1 -1 -1 0 
26 1 647 339 30 36 -1 -1 -1 0 
26 2 751 332 37 46 -1 -1 -1 0 
26 3 691 335 39 46 -1 -1 -1 0 
26 4 1068 325 203 141 -1 -1 -1 0 
26 5 986 345 82 56 -1 -1 -1 0 
26 6 117 244 40 31 -1 -1 -1 0 
27 1 648 339 30 36 -1 -1 -1 0 
27 2 751 331 37 48 -1 -1 -1 0 
27 3 691 333 40 48 -1 -1 -1 0 
27 4 1069 325 184 135 -1 -1 -1 0 
27 5 986 345 82 56 -1 -1 -1 0 
28 1 648 338 31 37 -1 -1 -1 0 
28 2 752 330 36 48 -1 -1 -1 0 
28 3 691 332 40 49 -1 -1 -1 0 
28 4 1065 328 195 132 -1 -1 -1 0 
28 5 986 344 80 56 -1 -1 -1 0 
28 6 133 246 29 29 -1 -1 -1 0 
29 1 649 338 30 37 -1 -1 -1 0 
29 2 751 330 38 48 -1 -1 -1 0 
29 3 690 332 42 50 -1 -1 -1 0 
29 4 1069 328 201 136 -1 -1 -1 0 
29 5 985 344 83 56 -1 -1 -1 0 
29 6 125 244 29 29 -1 -1 -1 0 
30 1 647 337 33 38 -1 -1 -1 0 
30 2 751 328 37 50 -1 -1 -1 0 
30 3 691 331 40 51 -1 -1 -1 0 
30 4 1070 328 205 138 -1 -1 -1 0 
30 5 985 343 88 56 -1 -1 -1 0 
30 6 122 245 27 30 -1 -1 -1 0 
30 14 46 236 25 31 -1 -1 -1 0 
31 1 649 339 29 36 -1 -1 -1 0 
31 2 751 328 37 50 -1 -1 -1 0 
31 3 690 331 42 51 -1 -1 -1 0 
31 4 1071 329 207 136 -1 -1 -1 0 
31 5 985 343 89 57 -1 -1 -1 0 
31 6 108 245 31 29 -1 -1 -1 0 
31 14 30 231 28 34 -1 -1 -1 0 
32 1 648 339 31 36 -1 -1 -1 0 
32 2 751 328 37 50 -1 -1 -1 0 
32 3 691 331 40 50 -1 -1 -1 0 
32 4 1070 332 200 131 -1 -1 -1 0 
32 5 986 344 88 56 -1 -1 -1 0 
32 6 98 243 26 30 -1 -1 -1 0 
32 14 20 228 28 36 -1 -1 -1 0 
33 1 647 337 31 38 -1 -1 -1 0 
33 2 750 327 38 51 -1 -1 -1 0 
33 3 691 332 40 49 -1 -1 -1 0 
33 4 1067 334 210 130 -1 -1 -1 0 
33 5 986 344 86 56 -1 -1 -1 0 
33 6 83 242 28 30 -1 -1 -1 0 
33 14 0 222 28 44 -1 -1 -1 0 
34 1 648 337 30 39 -1 -1 -1 0 
34 2 750 327 37 52 -1 -1 -1 0 
34 3 691 333 40 48 -1 -1 -1 0 
34 4 1069 335 209 129 -1 -1 -1 0 
34 5 988 345 79 56 -1 -1 -1 0 
34 6 73 241 29 29 -1 -1 -1 0 
34 14 0 219 16 46 -1 -1 -1 0 
35 1 647 337 32 39 -1 -1 -1 0 
35 2 750 328 35 51 -1 -1 -1 0 
35 3 692 334 38 47 -1 -1 -1 0 
35 4 1071 335 207 132 -1 -1 -1 0 
35 5 987 345 81 56 -1 -1 -1 0 
35 18 855 329 26 35 -1 -1 -1 0 
36 1 648 336 32 40 -1 -1 -1 0 
36 2 750 329 34 50 -1 -1 -1 0 
36 3 690 334 41 47 -1 -1 -1 0 
36 4 1066 336 212 127 -1 -1 -1 0 
36 5 987 345 85 57 -1 -1 -1 0 
36 18 854 331 26 33 -1 -1 -1 0 
37 1 647 336 32 40 -1 -1 -1 0 
37 2 749 331 34 47 -1 -1 -1 0 
37 3 690 333 40 48 -1 -1 -1 0 
37 4 1070 336 184 125 -1 -1 -1 0 
37 5 987 345 85 57 -1 -1 -1 0 
37 6 35 235 30 34 -1 -1 -1 0 
37 18 854 331 25 34 -1 -1 -1 0 
38 1 646 335 31 40 -1 -1 -1 0 
38 2 749 331 34 47 -1 -1 -1 0 
38 3 690 333 40 48 -1 -1 -1 0 
38 4 1065 336 183 123 -1 -1 -1 0 
38 5 986 345 88 58 -1 -1 -1 0 
38 6 15 229 38 38 -1 -1 -1 0 
38 18 854 331 24 34 -1 -1 -1 0 
39 1 645 335 33 40 -1 -1 -1 0 
39 2 748 331 35 47 -1 -1 -1 0 
39 3 689 333 40 47 -1 -1 -1 0 
39 4 1069 336 158 119 -1 -1 -1 0 
39 5 986 345 88 58 -1 -1 -1 0 
39 6 3 227 38 39 -1 -1 -1 0 
39 18 854 330 24 35 -1 -1 -1 0 
40 1 645 334 33 40 -1 -1 -1 0 
40 2 747 331 35 46 -1 -1 -1 0 
40 3 689 334 39 45 -1 -1 -1 0 
40 4 1066 337 149 116 -1 -1 -1 0 
40 5 987 344 86 58 -1 -1 -1 0 
40 18 852 330 27 34 -1 -1 -1 0 
