3 1 520 320 99 93 -1 -1 -1 0 
3 2 669 333 31 43 -1 -1 -1 0 
4 1 522 322 97 90 -1 -1 -1 0 
4 2 668 333 32 44 -1 -1 -1 0 
5 1 525 320 94 91 -1 -1 -1 0 
5 2 668 333 33 44 -1 -1 -1 0 
6 1 527 321 93 89 -1 -1 -1 0 
6 2 669 333 33 44 -1 -1 -1 0 
7 1 530 321 90 89 -1 -1 -1 0 
7 2 669 333 33 43 -1 -1 -1 0 
8 1 532 320 89 90 -1 -1 -1 0 
8 2 670 334 32 42 -1 -1 -1 0 
9 1 533 319 89 90 -1 -1 -1 0 
9 2 670 334 32 41 -1 -1 -1 0 
10 1 536 318 87 91 -1 -1 -1 0 
10 2 671 333 31 42 -1 -1 -1 0 
11 1 537 320 86 87 -1 -1 -1 0 
11 2 671 332 31 43 -1 -1 -1 0 
12 1 537 323 86 83 -1 -1 -1 0 
12 2 671 332 32 43 -1 -1 -1 0 
13 1 540 324 82 83 -1 -1 -1 0 
13 2 670 332 34 43 -1 -1 -1 0 
14 1 543 323 80 83 -1 -1 -1 0 
14 2 671 332 33 44 -1 -1 -1 0 
15 1 544 323 80 82 -1 -1 -1 0 
15 2 670 332 34 44 -1 -1 -1 0 
16 1 546 324 78 78 -1 -1 -1 0 
16 2 671 332 33 43 -1 -1 -1 0 
17 1 547 324 77 77 -1 -1 -1 0 
17 2 671 332 33 43 -1 -1 -1 0 
18 1 548 323 75 77 -1 -1 -1 0 
18 2 671 331 33 43 -1 -1 -1 0 
19 1 549 323 74 75 -1 -1 -1 0 
19 2 671 332 33 41 -1 -1 -1 0 
20 1 552 323 71 74 -1 -1 -1 0 
20 2 671 332 33 41 -1 -1 -1 0 
21 1 556 324 67 72 -1 -1 -1 0 
21 2 672 332 32 40 -1 -1 -1 0 
22 1 559 324 64 71 -1 -1 -1 0 
22 2 672 331 33 42 -1 -1 -1 0 
23 1 559 325 65 70 -1 -1 -1 0 
23 2 672 332 34 41 -1 -1 -1 0 
24 1 559 325 66 71 -1 -1 -1 0 
24 2 673 332 33 41 -1 -1 -1 0 
25 1 560 325 66 70 -1 -1 -1 0 
25 2 673 332 33 41 -1 -1 -1 0 
26 1 560 325 69 70 -1 -1 -1 0 
26 2 673 332 32 41 -1 -1 -1 0 
27 1 562 325 66 68 -1 -1 -1 0 
27 2 672 332 33 41 -1 -1 -1 0 
28 1 564 326 64 66 -1 -1 -1 0 
28 2 672 332 32 41 -1 -1 -1 0 
29 1 565 326 65 67 -1 -1 -1 0 
29 2 672 332 32 41 -1 -1 -1 0 
30 1 567 327 61 64 -1 -1 -1 0 
30 2 672 332 32 41 -1 -1 -1 0 
31 1 568 328 59 62 -1 -1 -1 0 
31 2 673 332 31 41 -1 -1 -1 0 
32 1 567 328 61 64 -1 -1 -1 0 
32 2 672 332 32 40 -1 -1 -1 0 
33 1 567 328 63 65 -1 -1 -1 0 
33 2 673 333 31 40 -1 -1 -1 0 
34 1 569 328 61 64 -1 -1 -1 0 
34 2 673 333 31 40 -1 -1 -1 0 
35 1 570 329 59 62 -1 -1 -1 0 
35 2 672 333 33 41 -1 -1 -1 0 
36 1 571 328 57 62 -1 -1 -1 0 
36 2 672 333 32 41 -1 -1 -1 0 
37 1 570 328 61 62 -1 -1 -1 0 
37 2 672 333 31 41 -1 -1 -1 0 
38 1 571 329 59 60 -1 -1 -1 0 
38 2 671 333 32 42 -1 -1 -1 0 
39 1 573 329 56 60 -1 -1 -1 0 
39 2 671 334 31 41 -1 -1 -1 0 
40 1 573 329 57 60 -1 -1 -1 0 
40 2 671 333 30 42 -1 -1 -1 0 
