3 1 667 327 48 53 -1 -1 -1 0 
4 1 668 327 46 52 -1 -1 -1 0 
5 1 669 327 45 52 -1 -1 -1 0 
5 2 778 331 29 39 -1 -1 -1 0 
6 1 670 326 44 53 -1 -1 -1 0 
6 2 779 331 29 39 -1 -1 -1 0 
7 1 672 326 41 53 -1 -1 -1 0 
7 2 778 331 31 39 -1 -1 -1 0 
8 1 672 325 41 54 -1 -1 -1 0 
8 2 778 330 30 40 -1 -1 -1 0 
9 1 672 325 42 53 -1 -1 -1 0 
9 2 778 330 31 40 -1 -1 -1 0 
10 1 674 324 39 53 -1 -1 -1 0 
10 2 778 329 31 41 -1 -1 -1 0 
11 1 673 324 41 53 -1 -1 -1 0 
25 3 9 341 354 318 -1 -1 -1 0 
26 3 11 329 355 328 -1 -1 -1 0 
27 3 7 323 375 332 -1 -1 -1 0 
28 1 775 330 31 40 -1 -1 -1 0 
28 3 6 326 389 322 -1 -1 -1 0 
29 1 783 330 30 40 -1 -1 -1 0 
29 3 29 328 374 307 -1 -1 -1 0 
30 1 792 330 30 39 -1 -1 -1 0 
30 3 43 327 378 295 -1 -1 -1 0 
31 3 10 326 439 285 -1 -1 -1 0 
32 3 14 326 438 294 -1 -1 -1 0 
33 3 10 324 446 309 -1 -1 -1 0 
34 3 4 327 454 306 -1 -1 -1 0 
35 3 5 327 446 307 -1 -1 -1 0 
36 3 59 328 402 301 -1 -1 -1 0 
37 1 790 331 29 38 -1 -1 -1 0 
37 3 102 328 366 288 -1 -1 -1 0 
38 1 788 332 30 38 -1 -1 -1 0 
38 3 76 327 423 276 -1 -1 -1 0 
39 1 792 332 29 38 -1 -1 -1 0 
39 3 166 326 311 273 -1 -1 -1 0 
40 3 195 322 296 261 -1 -1 -1 0 
