3 1 664 332 54 61 -1 -1 -1 0 
4 1 663 333 55 61 -1 -1 -1 0 
5 1 664 334 53 60 -1 -1 -1 0 
6 1 663 334 54 61 -1 -1 -1 0 
7 1 664 333 53 62 -1 -1 -1 0 
8 1 663 332 54 62 -1 -1 -1 0 
9 1 663 332 54 62 -1 -1 -1 0 
10 1 664 331 53 63 -1 -1 -1 0 
11 1 663 331 54 63 -1 -1 -1 0 
12 1 663 331 55 63 -1 -1 -1 0 
13 1 663 331 54 63 -1 -1 -1 0 
14 1 662 332 55 62 -1 -1 -1 0 
15 1 662 332 55 62 -1 -1 -1 0 
16 1 663 332 54 62 -1 -1 -1 0 
17 1 662 332 55 61 -1 -1 -1 0 
18 1 662 332 54 61 -1 -1 -1 0 
19 1 662 333 54 59 -1 -1 -1 0 
20 1 661 334 55 58 -1 -1 -1 0 
21 1 661 334 53 58 -1 -1 -1 0 
22 1 660 335 54 57 -1 -1 -1 0 
23 1 661 335 51 57 -1 -1 -1 0 
24 1 661 335 52 56 -1 -1 -1 0 
25 1 662 334 51 57 -1 -1 -1 0 
26 1 662 334 52 56 -1 -1 -1 0 
27 1 663 333 51 57 -1 -1 -1 0 
28 1 662 333 53 57 -1 -1 -1 0 
29 1 662 333 53 57 -1 -1 -1 0 
30 1 662 334 52 56 -1 -1 -1 0 
31 1 663 334 50 56 -1 -1 -1 0 
32 1 662 335 52 55 -1 -1 -1 0 
33 1 663 333 51 57 -1 -1 -1 0 
34 1 662 334 53 56 -1 -1 -1 0 
35 1 663 333 51 57 -1 -1 -1 0 
37 1 663 335 52 56 -1 -1 -1 0 
40 1 663 335 52 56 -1 -1 -1 0 
