5 2 558 321 77 78 -1 -1 -1 0 
5 3 724 327 39 47 -1 -1 -1 0 
6 2 559 321 76 77 -1 -1 -1 0 
6 3 725 327 39 48 -1 -1 -1 0 
7 2 559 322 78 75 -1 -1 -1 0 
13 3 726 325 42 49 -1 -1 -1 0 
14 3 728 324 38 50 -1 -1 -1 0 
15 3 727 324 41 50 -1 -1 -1 0 
16 3 727 324 41 50 -1 -1 -1 0 
17 3 726 324 42 50 -1 -1 -1 0 
18 3 726 324 43 50 -1 -1 -1 0 
19 3 726 325 43 49 -1 -1 -1 0 
20 3 726 325 43 49 -1 -1 -1 0 
21 3 726 325 43 49 -1 -1 -1 0 
22 3 727 325 42 50 -1 -1 -1 0 
23 3 727 326 43 49 -1 -1 -1 0 
24 3 728 326 42 50 -1 -1 -1 0 
25 3 727 326 43 50 -1 -1 -1 0 
26 3 727 326 43 49 -1 -1 -1 0 
27 3 727 326 44 49 -1 -1 -1 0 
28 3 728 326 43 49 -1 -1 -1 0 
29 3 728 326 43 49 -1 -1 -1 0 
30 2 570 305 72 90 -1 -1 -1 0 
30 3 727 326 45 49 -1 -1 -1 0 
31 2 570 305 73 90 -1 -1 -1 0 
31 3 728 326 44 50 -1 -1 -1 0 
32 2 571 304 72 91 -1 -1 -1 0 
32 3 728 327 45 49 -1 -1 -1 0 
33 3 729 327 44 48 -1 -1 -1 0 
34 3 730 329 44 46 -1 -1 -1 0 
35 3 731 329 43 45 -1 -1 -1 0 
36 3 731 328 43 46 -1 -1 -1 0 
37 3 731 328 44 46 -1 -1 -1 0 
38 3 730 329 47 45 -1 -1 -1 0 
39 3 731 329 46 45 -1 -1 -1 0 
40 3 732 329 44 45 -1 -1 -1 0 
