3 1 526 322 89 83 -1 -1 -1 0 
4 1 527 321 88 83 -1 -1 -1 0 
5 1 529 321 87 83 -1 -1 -1 0 
6 1 529 322 87 82 -1 -1 -1 0 
7 1 530 323 87 80 -1 -1 -1 0 
8 1 531 324 86 79 -1 -1 -1 0 
9 1 532 324 86 79 -1 -1 -1 0 
10 1 536 325 79 77 -1 -1 -1 0 
11 1 537 325 79 76 -1 -1 -1 0 
12 1 537 323 82 77 -1 -1 -1 0 
13 1 539 324 78 76 -1 -1 -1 0 
14 1 539 323 81 77 -1 -1 -1 0 
15 1 541 323 79 76 -1 -1 -1 0 
16 1 542 323 78 76 -1 -1 -1 0 
17 1 543 322 77 76 -1 -1 -1 0 
18 1 543 322 78 77 -1 -1 -1 0 
19 1 544 322 77 77 -1 -1 -1 0 
20 1 544 323 77 75 -1 -1 -1 0 
21 1 546 323 74 74 -1 -1 -1 0 
22 1 546 324 76 73 -1 -1 -1 0 
23 1 548 324 74 73 -1 -1 -1 0 
24 1 549 325 73 71 -1 -1 -1 0 
25 1 550 323 73 72 -1 -1 -1 0 
26 1 551 323 73 72 -1 -1 -1 0 
27 1 551 323 74 72 -1 -1 -1 0 
28 1 552 324 73 70 -1 -1 -1 0 
29 1 554 324 71 70 -1 -1 -1 0 
30 1 555 324 70 70 -1 -1 -1 0 
31 1 556 323 69 71 -1 -1 -1 0 
32 1 557 323 69 71 -1 -1 -1 0 
33 1 557 322 70 72 -1 -1 -1 0 
34 1 558 322 70 71 -1 -1 -1 0 
35 1 558 321 70 72 -1 -1 -1 0 
36 1 558 321 71 72 -1 -1 -1 0 
37 1 558 321 72 72 -1 -1 -1 0 
38 1 559 321 71 73 -1 -1 -1 0 
39 1 560 321 70 73 -1 -1 -1 0 
40 1 560 322 70 72 -1 -1 -1 0 
