3 1 852 338 55 53 -1 -1 -1 0 
3 2 627 284 82 118 -1 -1 -1 0 
3 3 840 342 22 41 -1 -1 -1 0 
3 4 786 340 25 31 -1 -1 -1 0 
4 1 852 338 56 52 -1 -1 -1 0 
4 2 627 285 82 117 -1 -1 -1 0 
4 3 839 343 24 41 -1 -1 -1 0 
4 4 787 340 22 31 -1 -1 -1 0 
5 1 853 338 55 53 -1 -1 -1 0 
5 2 627 284 82 119 -1 -1 -1 0 
5 3 840 343 24 41 -1 -1 -1 0 
5 4 786 340 23 31 -1 -1 -1 0 
6 1 853 339 56 52 -1 -1 -1 0 
6 2 627 284 83 119 -1 -1 -1 0 
6 3 840 343 23 41 -1 -1 -1 0 
6 4 786 341 23 30 -1 -1 -1 0 
6 7 725 340 32 34 -1 -1 -1 0 
7 1 853 340 54 54 -1 -1 -1 0 
7 2 626 284 84 120 -1 -1 -1 0 
7 3 840 343 25 43 -1 -1 -1 0 
7 4 787 341 21 32 -1 -1 -1 0 
7 7 726 340 32 35 -1 -1 -1 0 
8 1 853 340 54 55 -1 -1 -1 0 
8 2 626 283 85 123 -1 -1 -1 0 
8 3 841 344 24 42 -1 -1 -1 0 
8 4 786 341 23 32 -1 -1 -1 0 
9 1 853 340 54 56 -1 -1 -1 0 
9 2 626 284 85 123 -1 -1 -1 0 
9 3 841 344 24 43 -1 -1 -1 0 
9 4 786 340 22 34 -1 -1 -1 0 
9 7 726 341 32 35 -1 -1 -1 0 
10 1 854 340 52 56 -1 -1 -1 0 
10 2 627 284 84 123 -1 -1 -1 0 
10 3 840 344 26 44 -1 -1 -1 0 
10 4 785 339 23 34 -1 -1 -1 0 
10 7 726 342 31 35 -1 -1 -1 0 
11 1 854 338 54 56 -1 -1 -1 0 
11 2 625 283 86 123 -1 -1 -1 0 
11 3 842 344 23 40 -1 -1 -1 0 
11 4 785 337 24 34 -1 -1 -1 0 
11 7 728 340 29 35 -1 -1 -1 0 
12 1 854 338 55 54 -1 -1 -1 0 
12 2 625 282 86 123 -1 -1 -1 0 
12 3 842 344 24 39 -1 -1 -1 0 
12 4 785 336 24 33 -1 -1 -1 0 
12 7 728 338 31 37 -1 -1 -1 0 
13 1 853 338 57 54 -1 -1 -1 0 
13 2 625 282 87 122 -1 -1 -1 0 
13 3 843 344 23 39 -1 -1 -1 0 
13 4 785 335 25 33 -1 -1 -1 0 
13 7 728 338 32 36 -1 -1 -1 0 
14 1 853 337 59 54 -1 -1 -1 0 
14 2 625 282 87 120 -1 -1 -1 0 
14 3 843 342 22 40 -1 -1 -1 0 
14 4 786 333 24 34 -1 -1 -1 0 
14 7 728 337 33 37 -1 -1 -1 0 
15 1 853 337 60 54 -1 -1 -1 0 
15 2 626 282 86 120 -1 -1 -1 0 
15 3 844 342 20 40 -1 -1 -1 0 
15 4 786 332 24 35 -1 -1 -1 0 
15 7 730 337 31 34 -1 -1 -1 0 
16 1 856 336 58 54 -1 -1 -1 0 
16 2 626 281 87 119 -1 -1 -1 0 
16 3 843 341 21 40 -1 -1 -1 0 
16 4 785 332 26 34 -1 -1 -1 0 
16 7 731 335 31 36 -1 -1 -1 0 
17 1 855 334 60 55 -1 -1 -1 0 
17 2 626 281 89 118 -1 -1 -1 0 
17 3 844 341 21 40 -1 -1 -1 0 
17 4 785 331 26 33 -1 -1 -1 0 
17 7 731 335 31 34 -1 -1 -1 0 
18 1 854 332 62 56 -1 -1 -1 0 
18 2 627 279 88 119 -1 -1 -1 0 
18 4 785 330 26 33 -1 -1 -1 0 
18 7 731 334 31 35 -1 -1 -1 0 
19 1 854 331 62 57 -1 -1 -1 0 
19 2 627 279 89 118 -1 -1 -1 0 
20 1 854 330 64 58 -1 -1 -1 0 
20 2 628 277 87 119 -1 -1 -1 0 
21 1 856 331 63 58 -1 -1 -1 0 
21 2 628 277 87 118 -1 -1 -1 0 
22 1 858 330 61 59 -1 -1 -1 0 
22 2 628 276 89 119 -1 -1 -1 0 
23 1 859 330 61 58 -1 -1 -1 0 
23 2 627 275 90 119 -1 -1 -1 0 
24 1 860 330 60 58 -1 -1 -1 0 
24 2 628 275 89 118 -1 -1 -1 0 
25 1 860 330 62 58 -1 -1 -1 0 
25 2 629 275 87 119 -1 -1 -1 0 
25 7 733 329 30 35 -1 -1 -1 0 
26 1 860 331 60 57 -1 -1 -1 0 
26 2 628 276 89 119 -1 -1 -1 0 
26 3 845 337 25 42 -1 -1 -1 0 
26 7 733 328 30 35 -1 -1 -1 0 
27 1 861 332 57 55 -1 -1 -1 0 
27 2 629 278 89 117 -1 -1 -1 0 
27 3 845 338 24 41 -1 -1 -1 0 
28 1 861 333 57 54 -1 -1 -1 0 
28 2 629 275 90 122 -1 -1 -1 0 
28 3 845 340 24 41 -1 -1 -1 0 
29 1 862 333 55 55 -1 -1 -1 0 
29 2 628 274 92 124 -1 -1 -1 0 
29 3 846 341 23 40 -1 -1 -1 0 
30 1 861 333 57 55 -1 -1 -1 0 
30 2 629 275 91 125 -1 -1 -1 0 
30 3 846 341 23 40 -1 -1 -1 0 
31 1 861 334 57 54 -1 -1 -1 0 
31 2 629 275 91 126 -1 -1 -1 0 
31 3 846 342 23 40 -1 -1 -1 0 
31 7 732 336 31 32 -1 -1 -1 0 
32 1 859 332 59 56 -1 -1 -1 0 
32 2 629 276 91 124 -1 -1 -1 0 
32 7 732 336 31 32 -1 -1 -1 0 
33 1 858 331 60 56 -1 -1 -1 0 
33 2 628 275 92 125 -1 -1 -1 0 
34 1 859 331 60 58 -1 -1 -1 0 
34 2 627 275 94 126 -1 -1 -1 0 
35 1 857 332 64 58 -1 -1 -1 0 
35 2 629 276 91 126 -1 -1 -1 0 
36 1 857 332 63 58 -1 -1 -1 0 
36 2 630 276 89 126 -1 -1 -1 0 
37 1 857 334 60 55 -1 -1 -1 0 
37 2 629 275 91 126 -1 -1 -1 0 
38 1 856 333 61 56 -1 -1 -1 0 
38 2 627 275 93 126 -1 -1 -1 0 
38 7 776 334 25 32 -1 -1 -1 0 
38 10 164 294 78 58 -1 -1 -1 0 
39 1 856 331 62 58 -1 -1 -1 0 
39 2 628 276 93 123 -1 -1 -1 0 
39 7 776 332 28 33 -1 -1 -1 0 
39 10 125 290 76 62 -1 -1 -1 0 
40 1 857 330 61 59 -1 -1 -1 0 
40 2 629 273 90 126 -1 -1 -1 0 
40 7 774 332 31 33 -1 -1 -1 0 
40 10 76 290 65 60 -1 -1 -1 0 
