3 1 654 326 54 62 -1 -1 -1 0 
3 2 612 326 39 49 -1 -1 -1 0 
4 1 655 325 54 63 -1 -1 -1 0 
4 2 612 325 40 51 -1 -1 -1 0 
5 1 654 325 56 62 -1 -1 -1 0 
5 2 613 325 39 50 -1 -1 -1 0 
6 1 655 327 55 59 -1 -1 -1 0 
6 2 614 327 38 47 -1 -1 -1 0 
7 1 655 327 55 58 -1 -1 -1 0 
7 2 614 329 38 44 -1 -1 -1 0 
7 5 973 326 81 42 -1 -1 -1 0 
8 1 656 326 55 60 -1 -1 -1 0 
8 2 615 329 37 44 -1 -1 -1 0 
8 5 974 325 81 43 -1 -1 -1 0 
9 1 656 326 55 60 -1 -1 -1 0 
9 2 615 329 37 43 -1 -1 -1 0 
9 5 974 324 80 45 -1 -1 -1 0 
10 1 656 326 56 60 -1 -1 -1 0 
10 2 614 327 37 45 -1 -1 -1 0 
10 5 971 325 84 44 -1 -1 -1 0 
11 1 657 326 53 59 -1 -1 -1 0 
11 2 614 326 36 47 -1 -1 -1 0 
11 5 976 326 78 42 -1 -1 -1 0 
12 1 657 326 53 59 -1 -1 -1 0 
12 2 614 326 36 47 -1 -1 -1 0 
12 5 915 322 50 42 -1 -1 -1 0 
13 1 657 327 53 58 -1 -1 -1 0 
13 2 614 325 36 48 -1 -1 -1 0 
13 5 953 326 78 40 -1 -1 -1 0 
14 1 656 327 53 60 -1 -1 -1 0 
14 2 613 326 37 47 -1 -1 -1 0 
14 5 969 328 81 39 -1 -1 -1 0 
14 11 413 339 27 27 -1 -1 -1 0 
15 1 656 327 53 60 -1 -1 -1 0 
15 2 613 326 37 47 -1 -1 -1 0 
15 5 975 327 81 40 -1 -1 -1 0 
15 11 405 338 27 30 -1 -1 -1 0 
16 1 656 327 54 60 -1 -1 -1 0 
16 2 613 327 37 46 -1 -1 -1 0 
16 5 978 326 81 41 -1 -1 -1 0 
16 11 393 338 30 32 -1 -1 -1 0 
17 1 656 328 53 59 -1 -1 -1 0 
17 2 612 328 38 45 -1 -1 -1 0 
17 5 973 326 93 41 -1 -1 -1 0 
17 11 381 340 28 33 -1 -1 -1 0 
18 1 656 328 53 59 -1 -1 -1 0 
18 2 612 328 37 46 -1 -1 -1 0 
18 5 975 324 101 42 -1 -1 -1 0 
18 11 366 338 33 37 -1 -1 -1 0 
19 1 656 327 53 60 -1 -1 -1 0 
19 2 611 326 39 48 -1 -1 -1 0 
19 5 917 322 49 44 -1 -1 -1 0 
19 11 351 338 41 37 -1 -1 -1 0 
20 1 656 327 54 59 -1 -1 -1 0 
20 2 611 325 39 49 -1 -1 -1 0 
20 5 950 324 73 44 -1 -1 -1 0 
20 11 335 337 42 38 -1 -1 -1 0 
21 1 657 325 52 61 -1 -1 -1 0 
21 2 611 323 39 50 -1 -1 -1 0 
21 5 903 324 48 40 -1 -1 -1 0 
21 11 319 336 44 40 -1 -1 -1 0 
22 1 657 324 52 61 -1 -1 -1 0 
22 2 610 321 40 51 -1 -1 -1 0 
22 5 881 323 45 39 -1 -1 -1 0 
22 11 301 337 47 38 -1 -1 -1 0 
23 1 656 324 53 61 -1 -1 -1 0 
23 2 610 320 40 52 -1 -1 -1 0 
23 5 872 322 45 41 -1 -1 -1 0 
23 11 282 338 50 38 -1 -1 -1 0 
23 22 985 324 56 42 -1 -1 -1 0 
24 1 656 324 53 60 -1 -1 -1 0 
24 2 609 319 41 52 -1 -1 -1 0 
24 5 869 322 44 41 -1 -1 -1 0 
24 11 260 340 50 38 -1 -1 -1 0 
24 22 990 324 54 42 -1 -1 -1 0 
25 1 654 323 55 62 -1 -1 -1 0 
25 2 610 320 40 52 -1 -1 -1 0 
25 5 867 322 45 43 -1 -1 -1 0 
25 11 232 342 57 38 -1 -1 -1 0 
25 22 984 326 59 43 -1 -1 -1 0 
25 26 1053 325 60 41 -1 -1 -1 0 
26 1 654 322 56 63 -1 -1 -1 0 
26 2 610 319 40 53 -1 -1 -1 0 
26 5 868 321 45 43 -1 -1 -1 0 
26 11 220 342 43 39 -1 -1 -1 0 
26 22 983 326 60 44 -1 -1 -1 0 
26 26 1055 324 67 43 -1 -1 -1 0 
27 1 654 323 56 64 -1 -1 -1 0 
27 2 609 320 42 52 -1 -1 -1 0 
27 5 867 321 46 44 -1 -1 -1 0 
27 11 190 343 46 42 -1 -1 -1 0 
27 22 979 326 63 45 -1 -1 -1 0 
27 26 1060 324 68 45 -1 -1 -1 0 
28 1 655 322 55 65 -1 -1 -1 0 
28 2 610 320 40 52 -1 -1 -1 0 
28 5 866 320 47 45 -1 -1 -1 0 
28 11 154 346 48 40 -1 -1 -1 0 
28 22 979 325 62 47 -1 -1 -1 0 
28 26 1064 324 71 44 -1 -1 -1 0 
28 28 944 324 32 46 -1 -1 -1 0 
29 1 655 322 55 65 -1 -1 -1 0 
29 2 609 321 42 52 -1 -1 -1 0 
29 5 866 321 45 44 -1 -1 -1 0 
29 11 91 346 73 45 -1 -1 -1 0 
29 22 978 325 61 46 -1 -1 -1 0 
29 26 1068 323 74 46 -1 -1 -1 0 
29 28 943 323 32 47 -1 -1 -1 0 
30 1 655 322 56 64 -1 -1 -1 0 
30 2 609 321 42 52 -1 -1 -1 0 
30 5 864 322 48 42 -1 -1 -1 0 
30 11 35 348 79 47 -1 -1 -1 0 
30 22 979 326 61 45 -1 -1 -1 0 
30 26 1074 324 74 45 -1 -1 -1 0 
31 1 655 322 56 64 -1 -1 -1 0 
31 2 609 320 42 53 -1 -1 -1 0 
31 5 860 322 48 42 -1 -1 -1 0 
31 11 0 353 50 45 -1 -1 -1 0 
31 22 981 326 57 45 -1 -1 -1 0 
31 26 1081 323 74 47 -1 -1 -1 0 
32 1 656 322 54 64 -1 -1 -1 0 
32 2 610 320 40 53 -1 -1 -1 0 
32 11 0 355 11 45 -1 -1 -1 0 
32 22 980 325 58 47 -1 -1 -1 0 
32 26 1086 324 79 46 -1 -1 -1 0 
33 1 655 323 57 61 -1 -1 -1 0 
33 2 611 320 40 53 -1 -1 -1 0 
33 22 975 324 64 47 -1 -1 -1 0 
33 26 1096 324 75 44 -1 -1 -1 0 
34 1 656 323 55 61 -1 -1 -1 0 
34 2 611 320 40 52 -1 -1 -1 0 
34 22 973 323 65 47 -1 -1 -1 0 
34 26 1108 323 69 44 -1 -1 -1 0 
35 1 656 323 55 60 -1 -1 -1 0 
35 2 611 319 41 53 -1 -1 -1 0 
35 22 973 322 64 48 -1 -1 -1 0 
35 26 1110 322 77 45 -1 -1 -1 0 
36 1 657 323 54 60 -1 -1 -1 0 
36 2 611 319 40 53 -1 -1 -1 0 
36 5 468 332 24 31 -1 -1 -1 0 
36 22 972 322 66 47 -1 -1 -1 0 
36 26 1118 321 77 46 -1 -1 -1 0 
37 1 657 321 53 61 -1 -1 -1 0 
37 2 611 318 41 54 -1 -1 -1 0 
37 5 430 333 24 30 -1 -1 -1 0 
37 22 973 323 63 45 -1 -1 -1 0 
37 26 1124 321 80 46 -1 -1 -1 0 
38 1 656 323 54 59 -1 -1 -1 0 
38 2 611 320 40 52 -1 -1 -1 0 
38 22 979 323 55 45 -1 -1 -1 0 
38 26 1140 321 71 46 -1 -1 -1 0 
39 1 656 324 54 58 -1 -1 -1 0 
39 2 611 320 40 52 -1 -1 -1 0 
39 5 399 333 26 33 -1 -1 -1 0 
39 22 979 322 54 46 -1 -1 -1 0 
39 26 1143 322 80 46 -1 -1 -1 0 
40 1 657 325 52 57 -1 -1 -1 0 
40 2 611 321 40 51 -1 -1 -1 0 
40 5 385 334 27 33 -1 -1 -1 0 
40 22 976 323 59 45 -1 -1 -1 0 
40 26 1154 322 79 46 -1 -1 -1 0 
