3 1 578 329 52 58 -1 -1 -1 0 
3 2 668 333 31 44 -1 -1 -1 0 
4 1 581 330 47 54 -1 -1 -1 0 
4 2 668 334 30 42 -1 -1 -1 0 
5 1 583 331 44 52 -1 -1 -1 0 
5 2 667 334 31 42 -1 -1 -1 0 
6 1 582 330 47 54 -1 -1 -1 0 
6 2 667 334 30 42 -1 -1 -1 0 
7 1 584 330 44 52 -1 -1 -1 0 
7 2 667 334 30 42 -1 -1 -1 0 
8 1 586 330 42 51 -1 -1 -1 0 
8 2 667 334 29 42 -1 -1 -1 0 
9 1 587 331 41 47 -1 -1 -1 0 
9 2 666 334 31 43 -1 -1 -1 0 
10 1 588 332 39 45 -1 -1 -1 0 
10 2 665 335 32 42 -1 -1 -1 0 
11 1 586 332 41 46 -1 -1 -1 0 
11 2 665 336 31 41 -1 -1 -1 0 
12 1 585 333 42 47 -1 -1 -1 0 
12 2 665 337 31 40 -1 -1 -1 0 
13 1 584 333 44 49 -1 -1 -1 0 
13 2 665 338 30 39 -1 -1 -1 0 
14 1 584 333 44 49 -1 -1 -1 0 
14 2 665 336 30 41 -1 -1 -1 0 
15 1 584 333 44 48 -1 -1 -1 0 
15 2 665 336 30 41 -1 -1 -1 0 
16 1 585 333 43 48 -1 -1 -1 0 
16 2 664 336 31 41 -1 -1 -1 0 
17 1 584 332 45 51 -1 -1 -1 0 
17 2 663 334 33 43 -1 -1 -1 0 
18 1 584 332 45 51 -1 -1 -1 0 
18 2 663 334 33 43 -1 -1 -1 0 
19 1 585 332 42 49 -1 -1 -1 0 
19 2 664 334 32 43 -1 -1 -1 0 
20 1 586 332 41 48 -1 -1 -1 0 
20 2 664 334 32 42 -1 -1 -1 0 
21 1 587 332 40 47 -1 -1 -1 0 
21 2 663 334 33 42 -1 -1 -1 0 
22 1 588 331 39 48 -1 -1 -1 0 
22 2 663 333 32 43 -1 -1 -1 0 
23 1 586 332 42 48 -1 -1 -1 0 
23 2 662 334 33 43 -1 -1 -1 0 
24 1 586 332 41 48 -1 -1 -1 0 
24 2 662 334 33 43 -1 -1 -1 0 
25 1 587 331 41 50 -1 -1 -1 0 
25 2 662 335 32 42 -1 -1 -1 0 
26 1 588 331 40 50 -1 -1 -1 0 
26 2 662 336 32 41 -1 -1 -1 0 
27 1 588 331 40 49 -1 -1 -1 0 
27 2 662 336 31 41 -1 -1 -1 0 
28 1 590 331 38 48 -1 -1 -1 0 
28 2 661 336 32 41 -1 -1 -1 0 
28 3 0 410 98 308 -1 -1 -1 0 
29 1 591 332 37 46 -1 -1 -1 0 
29 2 661 336 32 41 -1 -1 -1 0 
29 3 0 401 104 318 -1 -1 -1 0 
30 1 592 331 36 47 -1 -1 -1 0 
30 2 662 336 31 41 -1 -1 -1 0 
31 1 590 331 39 47 -1 -1 -1 0 
31 2 662 335 31 42 -1 -1 -1 0 
32 1 591 331 37 46 -1 -1 -1 0 
32 2 661 335 32 42 -1 -1 -1 0 
33 1 591 331 37 46 -1 -1 -1 0 
33 2 662 335 30 43 -1 -1 -1 0 
34 1 592 331 37 46 -1 -1 -1 0 
34 2 662 335 30 43 -1 -1 -1 0 
34 3 1 307 189 412 -1 -1 -1 0 
35 2 661 335 32 42 -1 -1 -1 0 
35 3 0 294 205 413 -1 -1 -1 0 
36 1 593 328 35 49 -1 -1 -1 0 
36 2 661 335 32 42 -1 -1 -1 0 
36 3 0 278 216 428 -1 -1 -1 0 
37 1 593 328 35 46 -1 -1 -1 0 
37 2 661 333 31 44 -1 -1 -1 0 
38 1 593 327 35 46 -1 -1 -1 0 
38 2 660 333 33 43 -1 -1 -1 0 
38 3 0 331 265 329 -1 -1 -1 0 
39 1 595 328 33 43 -1 -1 -1 0 
39 2 660 333 32 43 -1 -1 -1 0 
39 3 0 324 276 332 -1 -1 -1 0 
40 1 595 329 33 42 -1 -1 -1 0 
40 2 661 335 32 41 -1 -1 -1 0 
