3 1 771 317 94 81 -1 -1 -1 0 
3 2 520 325 25 31 -1 -1 -1 0 
3 3 653 335 23 32 -1 -1 -1 0 
4 1 772 314 95 83 -1 -1 -1 0 
4 2 517 325 26 31 -1 -1 -1 0 
4 3 654 334 24 32 -1 -1 -1 0 
5 1 773 314 95 83 -1 -1 -1 0 
5 2 513 324 25 33 -1 -1 -1 0 
5 3 655 334 24 32 -1 -1 -1 0 
6 1 774 316 94 80 -1 -1 -1 0 
6 2 504 326 28 32 -1 -1 -1 0 
6 3 655 334 26 32 -1 -1 -1 0 
7 1 774 316 97 81 -1 -1 -1 0 
7 2 442 330 34 29 -1 -1 -1 0 
7 3 656 335 25 32 -1 -1 -1 0 
8 1 775 316 100 81 -1 -1 -1 0 
8 2 427 331 34 29 -1 -1 -1 0 
8 3 564 327 21 30 -1 -1 -1 0 
9 1 776 316 101 82 -1 -1 -1 0 
9 3 527 325 22 28 -1 -1 -1 0 
9 5 485 325 34 39 -1 -1 -1 0 
10 1 777 317 101 82 -1 -1 -1 0 
10 3 515 325 22 27 -1 -1 -1 0 
10 5 475 322 38 42 -1 -1 -1 0 
11 1 777 318 101 83 -1 -1 -1 0 
11 3 509 325 22 27 -1 -1 -1 0 
11 5 458 326 49 37 -1 -1 -1 0 
12 1 777 319 101 82 -1 -1 -1 0 
12 3 506 324 22 28 -1 -1 -1 0 
12 5 448 323 43 42 -1 -1 -1 0 
13 1 776 318 103 84 -1 -1 -1 0 
13 2 352 331 44 30 -1 -1 -1 0 
13 3 502 324 24 29 -1 -1 -1 0 
13 5 431 327 51 40 -1 -1 -1 0 
14 1 776 317 103 85 -1 -1 -1 0 
14 2 336 330 46 31 -1 -1 -1 0 
14 3 499 323 25 29 -1 -1 -1 0 
14 5 414 327 56 40 -1 -1 -1 0 
15 1 775 319 106 84 -1 -1 -1 0 
15 2 318 330 51 33 -1 -1 -1 0 
15 3 497 323 25 29 -1 -1 -1 0 
15 5 393 327 60 41 -1 -1 -1 0 
16 1 776 320 106 83 -1 -1 -1 0 
16 2 299 329 54 35 -1 -1 -1 0 
16 3 494 323 25 29 -1 -1 -1 0 
16 5 368 327 70 42 -1 -1 -1 0 
17 1 777 320 106 83 -1 -1 -1 0 
17 2 275 329 59 36 -1 -1 -1 0 
17 3 492 322 24 30 -1 -1 -1 0 
17 5 338 325 75 47 -1 -1 -1 0 
17 6 465 323 26 28 -1 -1 -1 0 
18 1 780 320 104 84 -1 -1 -1 0 
18 2 258 330 61 36 -1 -1 -1 0 
18 3 487 321 27 32 -1 -1 -1 0 
18 5 320 324 79 49 -1 -1 -1 0 
18 6 463 322 26 30 -1 -1 -1 0 
19 1 781 319 105 86 -1 -1 -1 0 
19 3 483 321 27 31 -1 -1 -1 0 
19 6 514 327 26 27 -1 -1 -1 0 
20 1 781 319 106 86 -1 -1 -1 0 
20 3 478 321 29 33 -1 -1 -1 0 
20 6 472 325 27 30 -1 -1 -1 0 
21 1 781 319 107 86 -1 -1 -1 0 
21 3 500 324 27 31 -1 -1 -1 0 
21 6 450 323 31 32 -1 -1 -1 0 
22 1 782 319 106 87 -1 -1 -1 0 
22 3 505 325 27 30 -1 -1 -1 0 
22 6 438 323 31 32 -1 -1 -1 0 
23 1 782 319 109 88 -1 -1 -1 0 
23 3 504 326 29 30 -1 -1 -1 0 
23 6 454 321 31 35 -1 -1 -1 0 
24 1 784 319 108 87 -1 -1 -1 0 
24 3 471 323 32 33 -1 -1 -1 0 
24 6 484 325 31 32 -1 -1 -1 0 
25 1 785 321 109 85 -1 -1 -1 0 
25 3 484 325 32 32 -1 -1 -1 0 
25 6 461 322 35 36 -1 -1 -1 0 
26 1 784 319 113 89 -1 -1 -1 0 
26 3 484 326 34 32 -1 -1 -1 0 
26 6 447 321 35 37 -1 -1 -1 0 
27 1 786 318 114 90 -1 -1 -1 0 
27 3 480 326 36 32 -1 -1 -1 0 
27 5 239 327 65 43 -1 -1 -1 0 
27 6 433 322 41 37 -1 -1 -1 0 
28 1 787 318 113 92 -1 -1 -1 0 
28 3 471 324 39 37 -1 -1 -1 0 
28 5 214 328 69 43 -1 -1 -1 0 
28 6 422 320 41 39 -1 -1 -1 0 
29 1 788 318 114 93 -1 -1 -1 0 
29 3 462 321 42 39 -1 -1 -1 0 
29 5 182 326 74 47 -1 -1 -1 0 
29 6 409 314 44 45 -1 -1 -1 0 
30 1 788 318 116 94 -1 -1 -1 0 
30 3 452 322 43 40 -1 -1 -1 0 
30 5 166 326 76 47 -1 -1 -1 0 
30 6 396 310 48 50 -1 -1 -1 0 
31 1 789 318 116 94 -1 -1 -1 0 
31 3 441 322 44 41 -1 -1 -1 0 
31 6 375 313 61 47 -1 -1 -1 0 
32 1 790 319 116 93 -1 -1 -1 0 
32 3 428 322 47 42 -1 -1 -1 0 
32 6 360 312 61 49 -1 -1 -1 0 
33 1 791 319 117 93 -1 -1 -1 0 
33 3 413 322 49 43 -1 -1 -1 0 
33 6 339 312 68 50 -1 -1 -1 0 
34 1 791 318 119 94 -1 -1 -1 0 
34 3 406 322 50 44 -1 -1 -1 0 
34 6 370 320 60 45 -1 -1 -1 0 
35 1 793 318 117 94 -1 -1 -1 0 
35 6 364 323 65 44 -1 -1 -1 0 
36 1 792 320 119 93 -1 -1 -1 0 
36 6 349 325 66 45 -1 -1 -1 0 
36 17 530 326 29 29 -1 -1 -1 0 
37 1 792 321 120 91 -1 -1 -1 0 
37 6 321 325 73 48 -1 -1 -1 0 
37 17 526 327 28 28 -1 -1 -1 0 
38 1 793 321 120 90 -1 -1 -1 0 
38 3 478 327 31 30 -1 -1 -1 0 
38 6 285 327 82 48 -1 -1 -1 0 
38 17 521 328 29 26 -1 -1 -1 0 
39 1 794 321 120 91 -1 -1 -1 0 
39 3 480 326 31 29 -1 -1 -1 0 
39 6 242 326 90 54 -1 -1 -1 0 
39 17 518 328 28 26 -1 -1 -1 0 
40 1 794 321 122 91 -1 -1 -1 0 
40 3 479 326 28 29 -1 -1 -1 0 
40 6 187 325 109 59 -1 -1 -1 0 
40 17 513 327 29 27 -1 -1 -1 0 
