3 1 354 335 118 85 -1 -1 -1 0 
3 2 743 332 66 65 -1 -1 -1 0 
3 3 587 341 43 45 -1 -1 -1 0 
4 1 358 335 109 85 -1 -1 -1 0 
4 2 743 332 66 65 -1 -1 -1 0 
4 3 589 340 40 46 -1 -1 -1 0 
5 1 365 334 97 86 -1 -1 -1 0 
5 2 742 332 66 65 -1 -1 -1 0 
5 3 587 339 43 47 -1 -1 -1 0 
6 1 369 335 100 84 -1 -1 -1 0 
6 2 743 332 63 65 -1 -1 -1 0 
6 3 586 339 46 47 -1 -1 -1 0 
7 1 374 335 93 85 -1 -1 -1 0 
7 2 742 332 65 64 -1 -1 -1 0 
7 3 586 339 47 47 -1 -1 -1 0 
8 1 376 334 101 85 -1 -1 -1 0 
8 2 742 332 64 65 -1 -1 -1 0 
8 3 588 339 44 47 -1 -1 -1 0 
9 1 375 332 111 86 -1 -1 -1 0 
9 2 741 332 65 65 -1 -1 -1 0 
9 3 590 340 41 45 -1 -1 -1 0 
10 1 379 330 115 87 -1 -1 -1 0 
10 2 740 332 65 66 -1 -1 -1 0 
10 3 590 340 41 45 -1 -1 -1 0 
11 1 385 331 112 85 -1 -1 -1 0 
11 2 739 332 67 66 -1 -1 -1 0 
11 3 591 340 41 44 -1 -1 -1 0 
12 1 389 331 108 84 -1 -1 -1 0 
12 2 739 332 68 66 -1 -1 -1 0 
12 3 592 339 41 45 -1 -1 -1 0 
13 1 392 331 107 84 -1 -1 -1 0 
13 2 738 330 67 69 -1 -1 -1 0 
13 3 593 339 40 45 -1 -1 -1 0 
14 1 397 330 101 85 -1 -1 -1 0 
14 2 738 330 67 68 -1 -1 -1 0 
14 3 595 338 39 46 -1 -1 -1 0 
15 1 401 332 95 83 -1 -1 -1 0 
15 2 736 331 69 67 -1 -1 -1 0 
15 3 596 338 39 46 -1 -1 -1 0 
16 1 402 333 97 81 -1 -1 -1 0 
16 2 736 331 68 67 -1 -1 -1 0 
16 3 597 338 39 46 -1 -1 -1 0 
17 1 405 333 97 80 -1 -1 -1 0 
17 2 736 332 66 65 -1 -1 -1 0 
17 3 598 338 38 46 -1 -1 -1 0 
18 1 408 333 97 80 -1 -1 -1 0 
18 2 736 332 65 65 -1 -1 -1 0 
18 3 599 338 38 46 -1 -1 -1 0 
19 1 412 332 93 81 -1 -1 -1 0 
19 2 736 331 64 65 -1 -1 -1 0 
19 3 599 337 39 46 -1 -1 -1 0 
20 1 415 332 91 79 -1 -1 -1 0 
20 2 735 330 65 66 -1 -1 -1 0 
20 3 600 337 37 46 -1 -1 -1 0 
21 1 418 332 89 76 -1 -1 -1 0 
21 2 735 330 64 64 -1 -1 -1 0 
21 3 600 337 38 46 -1 -1 -1 0 
22 1 421 332 92 75 -1 -1 -1 0 
22 2 735 330 63 65 -1 -1 -1 0 
22 3 601 339 37 44 -1 -1 -1 0 
23 1 424 332 92 74 -1 -1 -1 0 
23 2 735 330 61 65 -1 -1 -1 0 
23 3 602 339 36 44 -1 -1 -1 0 
24 1 426 331 92 75 -1 -1 -1 0 
24 2 735 331 60 63 -1 -1 -1 0 
24 3 603 339 36 43 -1 -1 -1 0 
25 1 429 330 89 75 -1 -1 -1 0 
25 2 736 331 57 62 -1 -1 -1 0 
25 3 604 339 35 43 -1 -1 -1 0 
26 1 432 330 88 75 -1 -1 -1 0 
26 2 736 332 57 60 -1 -1 -1 0 
26 3 605 339 35 42 -1 -1 -1 0 
27 1 434 330 87 75 -1 -1 -1 0 
27 2 736 332 57 60 -1 -1 -1 0 
27 3 607 339 33 41 -1 -1 -1 0 
28 1 435 332 88 74 -1 -1 -1 0 
28 2 737 333 55 59 -1 -1 -1 0 
28 3 607 338 34 42 -1 -1 -1 0 
29 1 437 333 88 73 -1 -1 -1 0 
29 2 735 333 58 59 -1 -1 -1 0 
29 3 607 337 35 43 -1 -1 -1 0 
30 1 441 333 85 73 -1 -1 -1 0 
30 2 735 333 58 59 -1 -1 -1 0 
30 3 608 337 35 43 -1 -1 -1 0 
31 1 441 332 87 73 -1 -1 -1 0 
31 2 736 333 56 59 -1 -1 -1 0 
31 3 609 336 34 44 -1 -1 -1 0 
32 1 443 332 86 72 -1 -1 -1 0 
32 2 733 333 61 59 -1 -1 -1 0 
32 3 608 336 36 44 -1 -1 -1 0 
33 1 445 332 86 72 -1 -1 -1 0 
33 2 734 333 58 59 -1 -1 -1 0 
33 3 610 336 34 43 -1 -1 -1 0 
34 1 448 332 84 72 -1 -1 -1 0 
34 2 734 333 57 59 -1 -1 -1 0 
34 3 610 336 34 43 -1 -1 -1 0 
35 1 450 331 82 73 -1 -1 -1 0 
35 2 734 333 56 59 -1 -1 -1 0 
35 3 610 336 34 42 -1 -1 -1 0 
36 1 451 331 82 73 -1 -1 -1 0 
36 2 734 333 55 59 -1 -1 -1 0 
36 3 610 337 36 41 -1 -1 -1 0 
37 1 454 331 79 72 -1 -1 -1 0 
37 2 733 334 56 58 -1 -1 -1 0 
37 3 611 337 35 40 -1 -1 -1 0 
38 1 456 331 77 70 -1 -1 -1 0 
38 2 733 334 55 57 -1 -1 -1 0 
38 3 612 337 34 40 -1 -1 -1 0 
39 1 459 332 73 68 -1 -1 -1 0 
39 2 731 335 55 55 -1 -1 -1 0 
39 3 612 337 35 41 -1 -1 -1 0 
40 1 461 332 71 66 -1 -1 -1 0 
40 2 732 335 52 55 -1 -1 -1 0 
40 3 613 337 35 41 -1 -1 -1 0 
