8 3 663 332 34 40 -1 -1 -1 0 
9 3 664 331 33 42 -1 -1 -1 0 
10 3 663 330 35 43 -1 -1 -1 0 
11 3 663 330 34 42 -1 -1 -1 0 
11 5 607 331 33 44 -1 -1 -1 0 
12 3 662 329 35 43 -1 -1 -1 0 
12 5 607 328 32 45 -1 -1 -1 0 
13 5 606 328 33 44 -1 -1 -1 0 
14 3 663 325 36 43 -1 -1 -1 0 
14 5 607 327 31 44 -1 -1 -1 0 
19 3 664 327 36 43 -1 -1 -1 0 
19 5 606 329 34 43 -1 -1 -1 0 
20 3 664 327 36 42 -1 -1 -1 0 
20 5 606 329 34 42 -1 -1 -1 0 
22 5 607 330 33 42 -1 -1 -1 0 
23 5 608 330 33 42 -1 -1 -1 0 
24 5 609 331 32 41 -1 -1 -1 0 
25 3 666 330 33 40 -1 -1 -1 0 
25 5 609 333 34 39 -1 -1 -1 0 
26 3 667 330 31 40 -1 -1 -1 0 
26 5 610 333 33 39 -1 -1 -1 0 
27 3 667 331 32 39 -1 -1 -1 0 
27 5 611 334 32 38 -1 -1 -1 0 
28 3 667 332 32 38 -1 -1 -1 0 
28 5 610 333 32 40 -1 -1 -1 0 
29 3 668 332 30 39 -1 -1 -1 0 
29 5 611 333 31 40 -1 -1 -1 0 
30 3 668 332 31 39 -1 -1 -1 0 
30 5 611 333 31 40 -1 -1 -1 0 
31 3 669 332 30 40 -1 -1 -1 0 
31 5 610 334 33 39 -1 -1 -1 0 
32 3 668 331 32 41 -1 -1 -1 0 
32 5 611 334 31 40 -1 -1 -1 0 
33 3 668 331 32 42 -1 -1 -1 0 
33 5 611 334 31 40 -1 -1 -1 0 
34 3 668 331 32 41 -1 -1 -1 0 
34 5 612 334 30 39 -1 -1 -1 0 
35 3 668 331 32 41 -1 -1 -1 0 
35 5 611 334 31 39 -1 -1 -1 0 
36 3 669 331 30 39 -1 -1 -1 0 
36 5 613 332 29 39 -1 -1 -1 0 
37 3 668 330 32 41 -1 -1 -1 0 
37 5 612 332 30 40 -1 -1 -1 0 
38 3 668 330 32 41 -1 -1 -1 0 
38 5 612 332 30 40 -1 -1 -1 0 
39 3 667 331 33 40 -1 -1 -1 0 
39 5 612 333 31 40 -1 -1 -1 0 
40 3 667 332 32 39 -1 -1 -1 0 
40 5 611 334 32 38 -1 -1 -1 0 
