3 1 558 334 71 65 -1 -1 -1 0 
3 2 676 325 47 59 -1 -1 -1 0 
4 1 560 334 68 63 -1 -1 -1 0 
4 2 676 323 46 61 -1 -1 -1 0 
4 3 181 342 226 108 -1 -1 -1 0 
5 1 561 334 67 62 -1 -1 -1 0 
5 2 675 323 48 60 -1 -1 -1 0 
5 3 189 343 216 106 -1 -1 -1 0 
6 1 562 334 67 62 -1 -1 -1 0 
6 2 675 323 48 60 -1 -1 -1 0 
6 3 192 347 216 104 -1 -1 -1 0 
7 1 564 333 67 62 -1 -1 -1 0 
7 2 676 321 47 61 -1 -1 -1 0 
7 3 200 347 207 103 -1 -1 -1 0 
8 1 565 333 69 62 -1 -1 -1 0 
8 2 676 322 48 59 -1 -1 -1 0 
8 3 202 346 207 103 -1 -1 -1 0 
8 4 21 306 135 90 -1 -1 -1 0 
9 1 566 333 69 62 -1 -1 -1 0 
9 2 676 322 48 59 -1 -1 -1 0 
9 3 206 344 208 105 -1 -1 -1 0 
9 4 2 302 92 98 -1 -1 -1 0 
10 1 567 333 69 62 -1 -1 -1 0 
10 2 676 324 48 58 -1 -1 -1 0 
10 3 214 346 202 103 -1 -1 -1 0 
10 4 0 299 62 103 -1 -1 -1 0 
11 1 567 333 70 62 -1 -1 -1 0 
11 2 677 325 47 57 -1 -1 -1 0 
11 3 220 345 197 102 -1 -1 -1 0 
12 1 568 332 69 63 -1 -1 -1 0 
12 2 678 326 46 56 -1 -1 -1 0 
12 3 223 347 198 98 -1 -1 -1 0 
13 1 569 331 68 63 -1 -1 -1 0 
13 2 679 328 45 54 -1 -1 -1 0 
13 3 231 345 190 99 -1 -1 -1 0 
14 1 571 331 66 63 -1 -1 -1 0 
14 2 679 329 45 52 -1 -1 -1 0 
14 3 234 344 189 101 -1 -1 -1 0 
15 1 572 331 67 64 -1 -1 -1 0 
15 2 680 328 44 52 -1 -1 -1 0 
15 3 237 342 188 103 -1 -1 -1 0 
16 1 573 332 68 63 -1 -1 -1 0 
16 2 681 331 42 51 -1 -1 -1 0 
16 3 237 345 193 100 -1 -1 -1 0 
17 1 574 332 68 62 -1 -1 -1 0 
17 2 681 329 42 52 -1 -1 -1 0 
17 3 242 346 189 97 -1 -1 -1 0 
18 1 576 333 65 60 -1 -1 -1 0 
18 2 681 329 43 52 -1 -1 -1 0 
18 3 247 348 186 93 -1 -1 -1 0 
19 1 578 333 63 59 -1 -1 -1 0 
19 2 682 328 43 53 -1 -1 -1 0 
19 3 252 349 183 91 -1 -1 -1 0 
20 1 579 333 62 58 -1 -1 -1 0 
20 2 682 328 44 53 -1 -1 -1 0 
20 3 256 348 179 92 -1 -1 -1 0 
21 1 579 333 63 58 -1 -1 -1 0 
21 2 680 331 45 50 -1 -1 -1 0 
21 3 260 349 176 89 -1 -1 -1 0 
22 1 579 333 62 59 -1 -1 -1 0 
22 2 679 332 43 50 -1 -1 -1 0 
22 3 264 350 174 87 -1 -1 -1 0 
23 1 580 333 60 59 -1 -1 -1 0 
23 2 679 332 42 50 -1 -1 -1 0 
23 3 270 350 169 86 -1 -1 -1 0 
24 1 580 332 60 59 -1 -1 -1 0 
24 2 678 333 43 49 -1 -1 -1 0 
24 3 272 348 169 87 -1 -1 -1 0 
25 1 580 331 60 60 -1 -1 -1 0 
25 2 678 332 44 49 -1 -1 -1 0 
25 3 275 345 166 90 -1 -1 -1 0 
25 6 175 339 62 42 -1 -1 -1 0 
26 1 581 330 58 62 -1 -1 -1 0 
26 2 679 331 43 50 -1 -1 -1 0 
26 3 275 345 169 87 -1 -1 -1 0 
26 6 135 340 67 45 -1 -1 -1 0 
27 1 581 329 60 62 -1 -1 -1 0 
27 2 679 331 43 50 -1 -1 -1 0 
27 3 277 346 168 84 -1 -1 -1 0 
27 6 88 340 75 48 -1 -1 -1 0 
28 1 580 329 62 61 -1 -1 -1 0 
28 2 679 332 41 49 -1 -1 -1 0 
28 3 278 348 172 82 -1 -1 -1 0 
28 6 35 343 86 48 -1 -1 -1 0 
29 1 581 329 60 59 -1 -1 -1 0 
29 2 679 332 40 49 -1 -1 -1 0 
29 3 282 348 164 82 -1 -1 -1 0 
29 6 0 346 65 47 -1 -1 -1 0 
30 1 582 329 59 59 -1 -1 -1 0 
30 2 679 332 42 49 -1 -1 -1 0 
30 3 285 344 161 86 -1 -1 -1 0 
30 6 0 347 25 48 -1 -1 -1 0 
31 1 582 328 59 59 -1 -1 -1 0 
31 2 679 331 43 49 -1 -1 -1 0 
31 3 285 341 163 89 -1 -1 -1 0 
32 1 583 328 57 59 -1 -1 -1 0 
32 2 681 331 41 51 -1 -1 -1 0 
32 3 285 340 166 90 -1 -1 -1 0 
33 1 584 328 57 59 -1 -1 -1 0 
33 2 680 331 43 51 -1 -1 -1 0 
33 3 287 341 166 89 -1 -1 -1 0 
34 1 584 329 59 58 -1 -1 -1 0 
34 2 679 332 43 50 -1 -1 -1 0 
34 3 293 343 159 88 -1 -1 -1 0 
35 1 584 329 60 58 -1 -1 -1 0 
35 2 679 332 43 50 -1 -1 -1 0 
35 3 296 342 156 89 -1 -1 -1 0 
36 1 586 328 58 60 -1 -1 -1 0 
36 2 680 331 42 52 -1 -1 -1 0 
36 3 300 342 155 89 -1 -1 -1 0 
37 1 587 326 58 62 -1 -1 -1 0 
37 2 680 332 43 51 -1 -1 -1 0 
37 3 302 337 154 95 -1 -1 -1 0 
38 1 587 325 61 63 -1 -1 -1 0 
38 2 681 332 42 50 -1 -1 -1 0 
38 3 303 337 154 94 -1 -1 -1 0 
39 1 588 324 60 64 -1 -1 -1 0 
39 2 681 332 42 50 -1 -1 -1 0 
39 3 307 339 150 91 -1 -1 -1 0 
40 1 589 323 60 64 -1 -1 -1 0 
40 2 683 329 43 53 -1 -1 -1 0 
40 3 309 341 151 86 -1 -1 -1 0 
