3 1 551 325 63 72 -1 -1 -1 0 
3 2 673 332 35 46 -1 -1 -1 0 
4 1 551 324 63 73 -1 -1 -1 0 
4 2 672 331 37 47 -1 -1 -1 0 
5 1 552 324 62 72 -1 -1 -1 0 
5 2 672 330 37 47 -1 -1 -1 0 
6 1 552 323 63 73 -1 -1 -1 0 
6 2 673 330 35 47 -1 -1 -1 0 
7 1 553 322 63 74 -1 -1 -1 0 
7 2 672 329 37 47 -1 -1 -1 0 
8 1 553 322 63 74 -1 -1 -1 0 
8 2 672 327 36 49 -1 -1 -1 0 
9 1 554 321 63 74 -1 -1 -1 0 
9 2 671 327 38 49 -1 -1 -1 0 
10 1 554 322 61 72 -1 -1 -1 0 
10 2 671 327 38 49 -1 -1 -1 0 
11 1 553 322 64 73 -1 -1 -1 0 
11 2 672 328 37 48 -1 -1 -1 0 
12 1 554 321 64 75 -1 -1 -1 0 
12 2 672 328 37 47 -1 -1 -1 0 
13 1 554 321 65 75 -1 -1 -1 0 
13 2 672 329 37 47 -1 -1 -1 0 
14 1 555 322 65 74 -1 -1 -1 0 
14 2 672 329 37 47 -1 -1 -1 0 
15 1 556 322 63 74 -1 -1 -1 0 
15 2 672 329 37 47 -1 -1 -1 0 
16 1 555 323 65 73 -1 -1 -1 0 
16 2 672 329 37 47 -1 -1 -1 0 
17 1 556 323 64 73 -1 -1 -1 0 
17 2 672 329 37 47 -1 -1 -1 0 
18 1 557 323 64 73 -1 -1 -1 0 
18 2 672 329 37 47 -1 -1 -1 0 
19 1 558 323 63 73 -1 -1 -1 0 
19 2 673 331 37 45 -1 -1 -1 0 
20 1 558 322 64 74 -1 -1 -1 0 
20 2 673 332 37 44 -1 -1 -1 0 
21 1 559 323 64 73 -1 -1 -1 0 
21 2 674 332 35 44 -1 -1 -1 0 
22 1 560 323 63 73 -1 -1 -1 0 
22 2 674 333 35 44 -1 -1 -1 0 
23 1 560 323 63 73 -1 -1 -1 0 
23 2 674 333 36 44 -1 -1 -1 0 
24 1 560 323 63 73 -1 -1 -1 0 
24 2 674 333 35 44 -1 -1 -1 0 
25 1 561 323 63 74 -1 -1 -1 0 
25 2 673 333 37 44 -1 -1 -1 0 
26 1 561 323 63 74 -1 -1 -1 0 
26 2 673 333 38 44 -1 -1 -1 0 
27 1 562 323 61 74 -1 -1 -1 0 
27 2 673 331 36 47 -1 -1 -1 0 
28 1 561 323 63 73 -1 -1 -1 0 
28 2 672 331 39 47 -1 -1 -1 0 
29 1 562 323 62 73 -1 -1 -1 0 
29 2 672 330 38 48 -1 -1 -1 0 
30 1 563 324 60 72 -1 -1 -1 0 
30 2 671 330 39 48 -1 -1 -1 0 
31 1 564 324 60 71 -1 -1 -1 0 
31 2 671 329 39 49 -1 -1 -1 0 
32 1 564 324 60 71 -1 -1 -1 0 
32 2 670 329 40 49 -1 -1 -1 0 
33 1 564 324 60 71 -1 -1 -1 0 
33 2 671 329 39 49 -1 -1 -1 0 
34 1 565 324 59 71 -1 -1 -1 0 
34 2 671 328 39 51 -1 -1 -1 0 
35 1 565 323 59 71 -1 -1 -1 0 
35 2 672 329 38 50 -1 -1 -1 0 
36 1 565 323 59 72 -1 -1 -1 0 
36 2 672 328 38 51 -1 -1 -1 0 
37 1 564 323 61 72 -1 -1 -1 0 
37 2 672 329 39 50 -1 -1 -1 0 
38 1 566 323 58 72 -1 -1 -1 0 
38 2 672 328 38 50 -1 -1 -1 0 
39 1 565 323 61 72 -1 -1 -1 0 
39 2 672 328 38 50 -1 -1 -1 0 
40 1 566 323 59 72 -1 -1 -1 0 
40 2 672 328 38 50 -1 -1 -1 0 
