3 1 663 307 99 108 -1 -1 -1 0 
4 1 668 306 96 106 -1 -1 -1 0 
5 1 670 305 95 107 -1 -1 -1 0 
6 1 672 305 92 106 -1 -1 -1 0 
7 1 673 304 92 107 -1 -1 -1 0 
8 1 675 305 92 106 -1 -1 -1 0 
8 7 397 317 46 45 -1 -1 -1 0 
9 1 677 305 89 107 -1 -1 -1 0 
9 7 380 318 49 48 -1 -1 -1 0 
10 1 678 307 88 104 -1 -1 -1 0 
10 7 355 319 57 49 -1 -1 -1 0 
11 1 678 311 88 101 -1 -1 -1 0 
11 7 337 322 53 48 -1 -1 -1 0 
12 1 677 313 89 99 -1 -1 -1 0 
12 7 306 321 69 52 -1 -1 -1 0 
12 13 8 335 57 60 -1 -1 -1 0 
13 1 678 316 88 95 -1 -1 -1 0 
13 7 279 321 74 53 -1 -1 -1 0 
13 13 8 338 53 56 -1 -1 -1 0 
14 1 678 315 87 95 -1 -1 -1 0 
14 7 259 322 77 54 -1 -1 -1 0 
15 1 678 313 86 97 -1 -1 -1 0 
16 1 677 316 86 94 -1 -1 -1 0 
17 1 679 314 82 96 -1 -1 -1 0 
18 1 678 317 82 94 -1 -1 -1 0 
19 1 679 319 80 93 -1 -1 -1 0 
20 1 677 324 83 87 -1 -1 -1 0 
21 1 678 324 79 87 -1 -1 -1 0 
22 1 676 323 82 88 -1 -1 -1 0 
23 1 675 322 81 89 -1 -1 -1 0 
24 1 674 321 80 91 -1 -1 -1 0 
25 1 673 321 81 91 -1 -1 -1 0 
25 7 116 340 82 54 -1 -1 -1 0 
26 1 673 322 80 91 -1 -1 -1 0 
26 7 71 342 92 60 -1 -1 -1 0 
27 1 672 319 81 94 -1 -1 -1 0 
27 7 52 343 94 61 -1 -1 -1 0 
28 1 671 319 83 92 -1 -1 -1 0 
29 1 672 316 81 95 -1 -1 -1 0 
30 1 672 317 81 93 -1 -1 -1 0 
31 1 672 317 80 92 -1 -1 -1 0 
32 1 672 317 80 91 -1 -1 -1 0 
33 1 673 317 78 90 -1 -1 -1 0 
34 1 672 315 78 92 -1 -1 -1 0 
35 1 672 312 79 94 -1 -1 -1 0 
36 1 672 310 78 95 -1 -1 -1 0 
37 1 671 311 78 95 -1 -1 -1 0 
38 1 670 312 78 94 -1 -1 -1 0 
39 1 670 315 77 92 -1 -1 -1 0 
40 1 672 317 74 90 -1 -1 -1 0 
