3 1 613 321 35 50 -1 -1 -1 0 
3 2 665 319 61 73 -1 -1 -1 0 
4 1 614 322 34 48 -1 -1 -1 0 
4 2 665 321 60 70 -1 -1 -1 0 
5 1 614 323 34 47 -1 -1 -1 0 
5 2 666 320 58 71 -1 -1 -1 0 
6 1 614 323 34 47 -1 -1 -1 0 
6 2 665 319 60 71 -1 -1 -1 0 
7 1 614 322 34 47 -1 -1 -1 0 
7 2 665 319 60 70 -1 -1 -1 0 
8 1 615 320 33 48 -1 -1 -1 0 
8 2 666 317 59 71 -1 -1 -1 0 
9 1 614 320 35 47 -1 -1 -1 0 
9 2 665 317 60 71 -1 -1 -1 0 
10 1 615 320 33 46 -1 -1 -1 0 
10 2 666 318 58 70 -1 -1 -1 0 
11 1 616 321 32 47 -1 -1 -1 0 
11 2 666 320 58 68 -1 -1 -1 0 
12 1 615 322 34 47 -1 -1 -1 0 
12 2 667 320 56 69 -1 -1 -1 0 
13 1 616 324 33 47 -1 -1 -1 0 
13 2 666 322 58 69 -1 -1 -1 0 
14 1 617 325 31 47 -1 -1 -1 0 
14 2 665 323 59 68 -1 -1 -1 0 
15 1 617 326 32 46 -1 -1 -1 0 
15 2 665 323 58 70 -1 -1 -1 0 
16 1 618 326 31 46 -1 -1 -1 0 
16 2 665 323 58 70 -1 -1 -1 0 
17 1 618 326 32 46 -1 -1 -1 0 
17 2 664 322 59 70 -1 -1 -1 0 
18 1 619 325 31 45 -1 -1 -1 0 
18 2 664 322 59 70 -1 -1 -1 0 
19 1 619 325 31 44 -1 -1 -1 0 
19 2 665 321 58 70 -1 -1 -1 0 
20 1 619 323 31 45 -1 -1 -1 0 
20 2 665 321 58 68 -1 -1 -1 0 
22 1 619 323 31 45 -1 -1 -1 0 
22 2 665 321 57 68 -1 -1 -1 0 
23 1 620 323 30 45 -1 -1 -1 0 
23 2 665 321 58 68 -1 -1 -1 0 
24 1 620 322 31 46 -1 -1 -1 0 
24 2 665 320 58 69 -1 -1 -1 0 
25 1 620 321 31 46 -1 -1 -1 0 
25 2 665 320 58 68 -1 -1 -1 0 
26 1 620 321 31 46 -1 -1 -1 0 
26 2 665 320 58 68 -1 -1 -1 0 
27 2 666 319 57 69 -1 -1 -1 0 
28 2 665 320 59 68 -1 -1 -1 0 
30 1 621 323 29 46 -1 -1 -1 0 
30 2 666 321 57 67 -1 -1 -1 0 
32 1 622 323 29 46 -1 -1 -1 0 
32 2 666 321 57 67 -1 -1 -1 0 
33 1 622 323 30 46 -1 -1 -1 0 
33 2 665 320 58 68 -1 -1 -1 0 
34 1 622 320 30 50 -1 -1 -1 0 
34 2 665 318 59 70 -1 -1 -1 0 
35 1 621 320 32 49 -1 -1 -1 0 
35 2 664 318 60 69 -1 -1 -1 0 
36 1 622 319 31 50 -1 -1 -1 0 
36 2 665 319 60 68 -1 -1 -1 0 
37 1 621 320 32 49 -1 -1 -1 0 
37 2 667 319 57 67 -1 -1 -1 0 
38 1 622 321 30 47 -1 -1 -1 0 
38 2 667 319 57 67 -1 -1 -1 0 
39 1 623 322 29 47 -1 -1 -1 0 
39 2 666 319 58 67 -1 -1 -1 0 
40 1 623 322 29 47 -1 -1 -1 0 
40 2 666 319 58 67 -1 -1 -1 0 
