3 1 528 331 87 82 -1 -1 -1 0 
3 2 802 333 70 58 -1 -1 -1 0 
3 3 911 351 368 186 -1 -1 -1 0 
3 4 635 326 31 43 -1 -1 -1 0 
3 5 671 318 37 47 -1 -1 -1 0 
4 1 530 330 85 82 -1 -1 -1 0 
4 2 800 333 70 58 -1 -1 -1 0 
4 3 910 350 369 186 -1 -1 -1 0 
4 4 635 327 32 42 -1 -1 -1 0 
4 5 670 318 39 46 -1 -1 -1 0 
5 1 533 330 85 79 -1 -1 -1 0 
5 2 797 328 74 59 -1 -1 -1 0 
5 3 910 348 369 187 -1 -1 -1 0 
5 4 636 326 30 42 -1 -1 -1 0 
5 5 671 318 38 46 -1 -1 -1 0 
6 1 535 330 84 78 -1 -1 -1 0 
6 2 793 328 75 60 -1 -1 -1 0 
6 3 910 345 369 188 -1 -1 -1 0 
6 4 636 328 31 40 -1 -1 -1 0 
6 5 672 318 37 46 -1 -1 -1 0 
7 1 538 329 81 79 -1 -1 -1 0 
7 2 793 329 71 58 -1 -1 -1 0 
7 3 907 346 372 183 -1 -1 -1 0 
7 4 637 328 29 40 -1 -1 -1 0 
7 5 672 318 38 46 -1 -1 -1 0 
8 1 540 329 81 79 -1 -1 -1 0 
8 2 792 331 70 57 -1 -1 -1 0 
8 3 907 347 372 178 -1 -1 -1 0 
8 4 638 329 28 39 -1 -1 -1 0 
8 5 673 318 38 46 -1 -1 -1 0 
9 1 542 328 80 79 -1 -1 -1 0 
9 2 792 329 65 59 -1 -1 -1 0 
9 3 910 344 369 178 -1 -1 -1 0 
9 4 638 328 29 40 -1 -1 -1 0 
9 5 673 318 38 45 -1 -1 -1 0 
10 1 544 328 80 79 -1 -1 -1 0 
10 2 791 329 64 59 -1 -1 -1 0 
10 3 911 344 368 176 -1 -1 -1 0 
10 4 638 328 29 40 -1 -1 -1 0 
10 5 674 318 37 45 -1 -1 -1 0 
11 1 547 328 77 78 -1 -1 -1 0 
11 2 790 329 62 58 -1 -1 -1 0 
11 3 909 343 368 177 -1 -1 -1 0 
11 4 639 328 29 41 -1 -1 -1 0 
11 5 674 318 37 45 -1 -1 -1 0 
12 1 548 329 77 77 -1 -1 -1 0 
12 2 789 329 61 58 -1 -1 -1 0 
12 3 908 335 361 186 -1 -1 -1 0 
12 4 639 328 29 41 -1 -1 -1 0 
12 5 673 318 39 45 -1 -1 -1 0 
13 1 551 329 75 76 -1 -1 -1 0 
13 2 788 331 60 56 -1 -1 -1 0 
13 3 901 333 361 186 -1 -1 -1 0 
13 4 640 328 29 41 -1 -1 -1 0 
13 5 675 318 36 45 -1 -1 -1 0 
14 1 554 330 73 75 -1 -1 -1 0 
14 2 787 331 59 56 -1 -1 -1 0 
14 3 894 336 364 176 -1 -1 -1 0 
14 4 640 328 30 40 -1 -1 -1 0 
14 5 675 318 37 45 -1 -1 -1 0 
15 1 557 331 70 73 -1 -1 -1 0 
15 2 784 332 60 55 -1 -1 -1 0 
15 3 895 337 347 172 -1 -1 -1 0 
15 4 641 328 29 40 -1 -1 -1 0 
15 5 675 318 36 46 -1 -1 -1 0 
16 1 559 331 69 72 -1 -1 -1 0 
16 2 784 332 57 56 -1 -1 -1 0 
16 3 894 339 339 167 -1 -1 -1 0 
16 4 641 327 29 40 -1 -1 -1 0 
16 5 675 318 37 46 -1 -1 -1 0 
17 1 561 330 68 72 -1 -1 -1 0 
17 2 783 333 58 55 -1 -1 -1 0 
17 3 895 340 323 163 -1 -1 -1 0 
17 4 642 327 29 40 -1 -1 -1 0 
17 5 675 318 37 46 -1 -1 -1 0 
18 1 562 330 69 71 -1 -1 -1 0 
18 2 781 333 58 55 -1 -1 -1 0 
18 3 896 337 309 166 -1 -1 -1 0 
18 4 643 327 27 39 -1 -1 -1 0 
18 5 675 317 36 47 -1 -1 -1 0 
19 1 564 329 68 71 -1 -1 -1 0 
19 2 781 333 56 54 -1 -1 -1 0 
19 3 894 336 307 165 -1 -1 -1 0 
19 4 642 326 30 40 -1 -1 -1 0 
19 5 676 316 35 47 -1 -1 -1 0 
20 1 565 329 68 72 -1 -1 -1 0 
20 2 781 332 54 55 -1 -1 -1 0 
20 3 889 339 307 157 -1 -1 -1 0 
20 4 643 326 28 40 -1 -1 -1 0 
20 5 675 316 37 47 -1 -1 -1 0 
21 1 566 329 68 71 -1 -1 -1 0 
21 2 780 331 54 55 -1 -1 -1 0 
21 3 888 336 303 158 -1 -1 -1 0 
21 4 643 325 28 40 -1 -1 -1 0 
21 5 676 316 36 47 -1 -1 -1 0 
21 6 2 283 83 120 -1 -1 -1 0 
22 1 568 329 67 72 -1 -1 -1 0 
22 2 779 330 54 56 -1 -1 -1 0 
22 3 886 338 302 155 -1 -1 -1 0 
22 4 644 325 28 40 -1 -1 -1 0 
22 5 675 317 37 46 -1 -1 -1 0 
22 6 0 283 75 101 -1 -1 -1 0 
23 1 569 329 68 70 -1 -1 -1 0 
23 2 776 331 56 54 -1 -1 -1 0 
23 3 889 336 288 157 -1 -1 -1 0 
23 4 645 325 27 40 -1 -1 -1 0 
23 5 676 317 35 46 -1 -1 -1 0 
23 6 0 281 70 104 -1 -1 -1 0 
24 1 571 329 67 69 -1 -1 -1 0 
24 2 774 333 57 52 -1 -1 -1 0 
24 3 884 334 286 158 -1 -1 -1 0 
24 4 645 325 27 41 -1 -1 -1 0 
24 5 676 318 36 46 -1 -1 -1 0 
25 1 572 328 67 69 -1 -1 -1 0 
25 2 773 334 56 51 -1 -1 -1 0 
25 3 875 337 297 150 -1 -1 -1 0 
25 4 646 325 25 41 -1 -1 -1 0 
25 5 677 318 35 46 -1 -1 -1 0 
26 1 573 328 67 69 -1 -1 -1 0 
26 2 773 335 54 51 -1 -1 -1 0 
26 3 875 341 291 143 -1 -1 -1 0 
26 4 645 325 27 41 -1 -1 -1 0 
26 5 677 318 34 47 -1 -1 -1 0 
27 1 574 328 65 68 -1 -1 -1 0 
27 2 772 336 54 50 -1 -1 -1 0 
27 3 878 339 278 144 -1 -1 -1 0 
27 4 645 325 28 41 -1 -1 -1 0 
27 5 677 317 34 48 -1 -1 -1 0 
28 1 575 329 64 66 -1 -1 -1 0 
28 3 881 340 268 141 -1 -1 -1 0 
28 4 646 326 26 40 -1 -1 -1 0 
28 5 677 317 34 48 -1 -1 -1 0 
29 1 577 331 64 63 -1 -1 -1 0 
29 3 880 337 263 141 -1 -1 -1 0 
29 4 646 326 26 39 -1 -1 -1 0 
29 5 677 317 35 47 -1 -1 -1 0 
30 1 580 329 60 63 -1 -1 -1 0 
30 2 772 335 50 47 -1 -1 -1 0 
30 3 880 335 252 141 -1 -1 -1 0 
30 4 646 326 26 38 -1 -1 -1 0 
30 5 677 315 34 49 -1 -1 -1 0 
31 1 581 329 60 63 -1 -1 -1 0 
31 2 771 335 51 46 -1 -1 -1 0 
31 3 878 337 251 137 -1 -1 -1 0 
31 4 646 325 26 39 -1 -1 -1 0 
31 5 677 315 34 49 -1 -1 -1 0 
32 1 582 327 59 65 -1 -1 -1 0 
32 2 771 336 49 44 -1 -1 -1 0 
32 3 877 337 247 135 -1 -1 -1 0 
32 4 646 325 26 38 -1 -1 -1 0 
32 5 676 314 35 49 -1 -1 -1 0 
33 1 583 325 58 68 -1 -1 -1 0 
33 2 770 336 49 44 -1 -1 -1 0 
33 3 875 338 244 131 -1 -1 -1 0 
33 4 647 324 25 38 -1 -1 -1 0 
33 5 676 314 36 49 -1 -1 -1 0 
34 1 584 325 59 67 -1 -1 -1 0 
34 2 769 334 49 45 -1 -1 -1 0 
34 3 873 338 241 129 -1 -1 -1 0 
34 4 647 324 25 38 -1 -1 -1 0 
34 5 677 314 36 49 -1 -1 -1 0 
35 1 585 324 58 69 -1 -1 -1 0 
35 2 768 334 49 45 -1 -1 -1 0 
35 3 872 340 236 123 -1 -1 -1 0 
35 4 648 324 23 39 -1 -1 -1 0 
35 5 677 314 36 49 -1 -1 -1 0 
36 1 586 324 57 69 -1 -1 -1 0 
36 2 767 334 48 45 -1 -1 -1 0 
36 3 869 342 233 116 -1 -1 -1 0 
36 4 647 325 25 38 -1 -1 -1 0 
36 5 678 314 35 49 -1 -1 -1 0 
37 1 588 323 55 70 -1 -1 -1 0 
37 2 766 334 47 45 -1 -1 -1 0 
37 3 870 343 221 114 -1 -1 -1 0 
37 4 647 325 25 38 -1 -1 -1 0 
37 5 678 314 36 49 -1 -1 -1 0 
38 1 589 324 54 69 -1 -1 -1 0 
38 2 765 334 46 46 -1 -1 -1 0 
38 3 868 343 220 113 -1 -1 -1 0 
38 4 648 324 24 40 -1 -1 -1 0 
38 5 679 314 34 50 -1 -1 -1 0 
39 1 590 325 54 67 -1 -1 -1 0 
39 2 763 334 48 46 -1 -1 -1 0 
39 3 868 343 218 113 -1 -1 -1 0 
39 4 648 324 24 40 -1 -1 -1 0 
39 5 679 314 35 50 -1 -1 -1 0 
40 1 591 325 54 67 -1 -1 -1 0 
40 2 762 334 47 46 -1 -1 -1 0 
40 3 870 344 209 112 -1 -1 -1 0 
40 4 648 323 24 41 -1 -1 -1 0 
40 5 678 315 36 49 -1 -1 -1 0 
