3 1 720 329 37 46 -1 -1 -1 0 
4 1 720 329 38 46 -1 -1 -1 0 
5 1 720 331 38 45 -1 -1 -1 0 
6 1 722 332 36 43 -1 -1 -1 0 
7 1 722 333 36 42 -1 -1 -1 0 
8 1 723 333 35 41 -1 -1 -1 0 
8 2 676 332 19 26 -1 -1 -1 0 
9 1 723 333 35 41 -1 -1 -1 0 
9 2 675 332 20 26 -1 -1 -1 0 
10 1 724 331 36 43 -1 -1 -1 0 
10 2 676 333 19 24 -1 -1 -1 0 
10 3 354 344 49 39 -1 -1 -1 0 
11 1 725 330 34 43 -1 -1 -1 0 
11 3 348 344 51 40 -1 -1 -1 0 
12 1 725 330 35 43 -1 -1 -1 0 
12 3 318 346 58 45 -1 -1 -1 0 
13 1 727 330 33 43 -1 -1 -1 0 
13 2 364 347 24 32 -1 -1 -1 0 
13 3 295 346 65 48 -1 -1 -1 0 
14 1 727 329 33 44 -1 -1 -1 0 
14 2 324 350 31 34 -1 -1 -1 0 
14 3 280 346 68 51 -1 -1 -1 0 
15 1 728 329 33 43 -1 -1 -1 0 
15 2 302 353 35 35 -1 -1 -1 0 
15 3 234 349 77 47 -1 -1 -1 0 
16 1 729 329 32 43 -1 -1 -1 0 
16 2 262 355 38 37 -1 -1 -1 0 
16 3 191 351 91 50 -1 -1 -1 0 
17 1 728 328 34 44 -1 -1 -1 0 
17 3 167 352 95 52 -1 -1 -1 0 
18 1 729 328 34 44 -1 -1 -1 0 
19 1 730 328 33 44 -1 -1 -1 0 
20 1 730 328 34 45 -1 -1 -1 0 
21 1 730 326 35 47 -1 -1 -1 0 
22 1 730 327 35 46 -1 -1 -1 0 
22 4 419 339 35 34 -1 -1 -1 0 
23 1 730 327 35 46 -1 -1 -1 0 
23 4 405 338 34 38 -1 -1 -1 0 
24 1 730 327 34 45 -1 -1 -1 0 
24 4 390 337 39 42 -1 -1 -1 0 
25 1 731 327 32 45 -1 -1 -1 0 
25 4 370 337 48 46 -1 -1 -1 0 
26 1 730 327 32 45 -1 -1 -1 0 
26 4 353 337 51 49 -1 -1 -1 0 
27 1 731 328 32 43 -1 -1 -1 0 
27 4 330 337 60 50 -1 -1 -1 0 
28 1 731 328 31 43 -1 -1 -1 0 
28 4 309 339 64 50 -1 -1 -1 0 
29 1 731 328 30 43 -1 -1 -1 0 
29 4 282 338 67 55 -1 -1 -1 0 
29 6 839 327 34 39 -1 -1 -1 0 
30 1 730 328 33 42 -1 -1 -1 0 
30 4 248 338 78 59 -1 -1 -1 0 
30 6 836 326 39 38 -1 -1 -1 0 
31 1 731 328 31 42 -1 -1 -1 0 
31 4 214 340 84 57 -1 -1 -1 0 
31 6 835 326 41 39 -1 -1 -1 0 
32 1 730 327 32 43 -1 -1 -1 0 
32 4 178 341 82 59 -1 -1 -1 0 
32 6 833 326 45 39 -1 -1 -1 0 
32 8 964 323 84 60 -1 -1 -1 0 
33 1 730 327 32 43 -1 -1 -1 0 
33 4 124 342 106 63 -1 -1 -1 0 
33 6 833 325 46 39 -1 -1 -1 0 
33 8 966 324 85 58 -1 -1 -1 0 
34 1 729 326 34 44 -1 -1 -1 0 
34 4 72 344 125 64 -1 -1 -1 0 
34 6 835 324 42 40 -1 -1 -1 0 
34 8 968 324 86 58 -1 -1 -1 0 
35 1 729 326 35 42 -1 -1 -1 0 
35 4 10 347 121 63 -1 -1 -1 0 
35 6 835 325 41 38 -1 -1 -1 0 
35 8 970 323 88 61 -1 -1 -1 0 
36 1 729 326 34 42 -1 -1 -1 0 
36 4 0 347 94 66 -1 -1 -1 0 
36 6 833 326 45 36 -1 -1 -1 0 
36 8 971 325 95 60 -1 -1 -1 0 
37 1 728 326 34 43 -1 -1 -1 0 
37 6 833 326 44 37 -1 -1 -1 0 
37 8 977 329 90 54 -1 -1 -1 0 
38 1 729 327 33 42 -1 -1 -1 0 
38 6 832 327 45 36 -1 -1 -1 0 
38 8 988 327 80 58 -1 -1 -1 0 
39 1 729 328 33 41 -1 -1 -1 0 
39 6 834 327 44 38 -1 -1 -1 0 
39 8 976 327 97 57 -1 -1 -1 0 
40 1 729 328 32 43 -1 -1 -1 0 
40 6 835 327 43 39 -1 -1 -1 0 
40 8 978 327 98 57 -1 -1 -1 0 
