3 1 668 330 55 63 -1 -1 -1 0 
4 1 667 330 57 62 -1 -1 -1 0 
5 1 668 330 56 62 -1 -1 -1 0 
6 1 668 330 56 62 -1 -1 -1 0 
7 1 668 330 56 62 -1 -1 -1 0 
8 1 668 330 55 62 -1 -1 -1 0 
9 1 668 330 55 62 -1 -1 -1 0 
10 1 668 329 55 62 -1 -1 -1 0 
11 1 667 329 56 61 -1 -1 -1 0 
12 1 668 328 54 62 -1 -1 -1 0 
13 1 668 330 54 61 -1 -1 -1 0 
14 1 667 330 54 61 -1 -1 -1 0 
15 1 667 330 54 61 -1 -1 -1 0 
16 1 668 330 53 61 -1 -1 -1 0 
17 1 667 329 54 62 -1 -1 -1 0 
18 1 666 330 55 61 -1 -1 -1 0 
19 1 666 330 55 61 -1 -1 -1 0 
20 1 666 330 55 61 -1 -1 -1 0 
21 1 667 330 54 60 -1 -1 -1 0 
22 1 666 330 54 61 -1 -1 -1 0 
23 1 665 331 55 61 -1 -1 -1 0 
24 1 665 331 55 61 -1 -1 -1 0 
25 1 665 331 55 61 -1 -1 -1 0 
26 1 665 331 55 61 -1 -1 -1 0 
27 1 666 330 53 62 -1 -1 -1 0 
27 2 214 340 57 40 -1 -1 -1 0 
28 1 666 330 53 62 -1 -1 -1 0 
28 2 198 342 50 39 -1 -1 -1 0 
29 1 665 330 55 60 -1 -1 -1 0 
29 2 167 342 53 43 -1 -1 -1 0 
30 1 666 329 53 61 -1 -1 -1 0 
30 2 129 343 58 45 -1 -1 -1 0 
31 1 665 330 54 61 -1 -1 -1 0 
31 2 89 346 63 45 -1 -1 -1 0 
32 1 665 330 54 61 -1 -1 -1 0 
32 2 24 345 85 52 -1 -1 -1 0 
33 1 665 330 54 61 -1 -1 -1 0 
33 2 0 348 52 53 -1 -1 -1 0 
34 1 665 330 54 61 -1 -1 -1 0 
34 2 0 349 15 55 -1 -1 -1 0 
35 1 665 328 54 61 -1 -1 -1 0 
36 1 666 328 53 61 -1 -1 -1 0 
37 1 664 328 57 61 -1 -1 -1 0 
38 1 664 329 57 60 -1 -1 -1 0 
39 1 666 329 52 60 -1 -1 -1 0 
40 1 663 330 57 60 -1 -1 -1 0 
