3 1 475 339 99 85 -1 -1 -1 0 
3 2 1159 324 120 142 -1 -1 -1 0 
3 3 753 328 63 63 -1 -1 -1 0 
4 1 478 340 97 83 -1 -1 -1 0 
4 2 1153 323 126 140 -1 -1 -1 0 
4 3 751 330 64 60 -1 -1 -1 0 
5 1 483 340 92 81 -1 -1 -1 0 
5 2 1147 325 132 136 -1 -1 -1 0 
5 3 752 330 61 60 -1 -1 -1 0 
6 1 486 342 90 78 -1 -1 -1 0 
6 2 1139 329 140 130 -1 -1 -1 0 
6 3 751 331 61 58 -1 -1 -1 0 
7 1 489 342 87 76 -1 -1 -1 0 
7 2 1135 330 144 127 -1 -1 -1 0 
7 3 751 329 59 61 -1 -1 -1 0 
8 1 492 342 86 75 -1 -1 -1 0 
8 2 1133 333 146 122 -1 -1 -1 0 
8 3 751 328 58 62 -1 -1 -1 0 
9 1 493 343 86 72 -1 -1 -1 0 
9 2 1128 332 150 122 -1 -1 -1 0 
9 3 750 329 59 60 -1 -1 -1 0 
10 1 495 344 87 69 -1 -1 -1 0 
10 2 1123 330 155 124 -1 -1 -1 0 
10 3 750 328 57 61 -1 -1 -1 0 
11 1 499 345 84 69 -1 -1 -1 0 
11 2 1116 328 162 124 -1 -1 -1 0 
11 3 749 328 58 61 -1 -1 -1 0 
12 1 502 344 83 69 -1 -1 -1 0 
12 2 1111 326 167 125 -1 -1 -1 0 
12 3 749 328 57 61 -1 -1 -1 0 
13 1 503 343 83 69 -1 -1 -1 0 
13 2 1107 325 172 125 -1 -1 -1 0 
13 3 748 328 58 60 -1 -1 -1 0 
14 1 505 345 83 65 -1 -1 -1 0 
14 2 1103 323 176 126 -1 -1 -1 0 
14 3 747 329 58 59 -1 -1 -1 0 
15 1 507 345 84 63 -1 -1 -1 0 
15 2 1096 323 183 129 -1 -1 -1 0 
15 3 746 330 58 58 -1 -1 -1 0 
16 1 512 344 78 65 -1 -1 -1 0 
16 2 1090 325 189 130 -1 -1 -1 0 
16 3 744 331 60 57 -1 -1 -1 0 
17 1 513 344 79 64 -1 -1 -1 0 
17 2 1085 325 194 129 -1 -1 -1 0 
17 3 744 331 58 57 -1 -1 -1 0 
18 1 515 344 78 63 -1 -1 -1 0 
18 2 1081 325 198 130 -1 -1 -1 0 
18 3 743 332 58 56 -1 -1 -1 0 
19 1 516 344 79 63 -1 -1 -1 0 
19 2 1075 325 203 132 -1 -1 -1 0 
19 3 742 333 58 55 -1 -1 -1 0 
20 1 518 344 78 62 -1 -1 -1 0 
20 2 1071 325 207 133 -1 -1 -1 0 
20 3 743 333 56 55 -1 -1 -1 0 
21 1 521 344 78 62 -1 -1 -1 0 
21 2 1067 326 210 133 -1 -1 -1 0 
21 3 743 333 56 56 -1 -1 -1 0 
22 1 523 342 76 63 -1 -1 -1 0 
22 2 1061 328 218 128 -1 -1 -1 0 
22 3 743 333 56 56 -1 -1 -1 0 
23 1 526 342 73 63 -1 -1 -1 0 
23 2 1060 331 216 125 -1 -1 -1 0 
23 3 743 333 55 56 -1 -1 -1 0 
24 1 527 340 75 64 -1 -1 -1 0 
24 2 1057 332 218 124 -1 -1 -1 0 
24 3 743 333 54 55 -1 -1 -1 0 
25 1 529 340 74 65 -1 -1 -1 0 
25 2 1050 330 228 124 -1 -1 -1 0 
25 3 741 334 55 54 -1 -1 -1 0 
26 1 531 338 72 67 -1 -1 -1 0 
26 2 1046 329 232 123 -1 -1 -1 0 
26 3 743 333 52 52 -1 -1 -1 0 
27 1 530 339 75 65 -1 -1 -1 0 
27 2 1042 328 232 122 -1 -1 -1 0 
27 3 741 332 53 53 -1 -1 -1 0 
28 1 531 339 76 63 -1 -1 -1 0 
28 2 1037 328 239 121 -1 -1 -1 0 
28 3 741 331 52 54 -1 -1 -1 0 
29 1 533 339 75 62 -1 -1 -1 0 
29 2 1031 330 248 119 -1 -1 -1 0 
29 3 740 331 52 54 -1 -1 -1 0 
30 1 534 340 75 60 -1 -1 -1 0 
30 2 1028 334 248 111 -1 -1 -1 0 
30 3 740 331 51 54 -1 -1 -1 0 
31 1 537 340 73 61 -1 -1 -1 0 
31 2 1028 333 247 111 -1 -1 -1 0 
31 3 739 330 52 56 -1 -1 -1 0 
32 1 540 340 70 62 -1 -1 -1 0 
32 2 1025 334 251 111 -1 -1 -1 0 
32 3 739 330 51 56 -1 -1 -1 0 
33 1 541 340 71 61 -1 -1 -1 0 
33 2 1021 333 251 110 -1 -1 -1 0 
33 3 739 330 51 56 -1 -1 -1 0 
34 1 541 341 73 60 -1 -1 -1 0 
34 2 1032 333 175 103 -1 -1 -1 0 
34 3 739 331 50 54 -1 -1 -1 0 
35 1 543 340 72 60 -1 -1 -1 0 
35 2 1019 331 189 104 -1 -1 -1 0 
35 3 739 331 49 53 -1 -1 -1 0 
36 1 545 340 70 59 -1 -1 -1 0 
36 2 1008 330 231 107 -1 -1 -1 0 
36 3 739 331 48 53 -1 -1 -1 0 
37 1 547 340 68 58 -1 -1 -1 0 
37 2 1020 332 167 100 -1 -1 -1 0 
37 3 739 330 46 53 -1 -1 -1 0 
38 1 550 340 65 58 -1 -1 -1 0 
38 2 1011 334 157 96 -1 -1 -1 0 
38 3 738 330 47 53 -1 -1 -1 0 
39 1 551 340 65 57 -1 -1 -1 0 
39 2 1011 334 134 93 -1 -1 -1 0 
39 3 738 330 47 53 -1 -1 -1 0 
39 5 1092 331 147 106 -1 -1 -1 0 
40 1 553 340 64 56 -1 -1 -1 0 
40 2 1009 334 135 92 -1 -1 -1 0 
40 3 738 330 46 52 -1 -1 -1 0 
40 5 1105 331 134 103 -1 -1 -1 0 
