3 1 530 343 68 68 -1 -1 -1 0 
3 2 620 340 29 40 -1 -1 -1 0 
3 3 686 336 31 42 -1 -1 -1 0 
4 1 531 343 68 67 -1 -1 -1 0 
4 2 621 339 28 41 -1 -1 -1 0 
4 3 686 338 31 38 -1 -1 -1 0 
5 1 532 343 68 66 -1 -1 -1 0 
5 2 621 339 29 41 -1 -1 -1 0 
5 3 686 338 31 38 -1 -1 -1 0 
6 1 534 345 67 65 -1 -1 -1 0 
6 2 621 341 29 39 -1 -1 -1 0 
6 3 686 339 31 36 -1 -1 -1 0 
6 7 386 357 37 36 -1 -1 -1 0 
7 1 534 344 66 66 -1 -1 -1 0 
7 2 622 341 27 39 -1 -1 -1 0 
7 3 687 340 29 35 -1 -1 -1 0 
7 7 378 355 41 38 -1 -1 -1 0 
8 1 533 344 70 66 -1 -1 -1 0 
8 2 620 341 30 39 -1 -1 -1 0 
8 3 687 339 29 36 -1 -1 -1 0 
8 7 373 355 42 39 -1 -1 -1 0 
9 1 535 344 67 66 -1 -1 -1 0 
9 2 621 342 28 38 -1 -1 -1 0 
9 3 687 338 29 38 -1 -1 -1 0 
10 1 533 343 70 68 -1 -1 -1 0 
10 2 620 343 30 37 -1 -1 -1 0 
10 3 686 338 31 38 -1 -1 -1 0 
11 1 533 343 71 67 -1 -1 -1 0 
11 2 620 342 30 39 -1 -1 -1 0 
11 3 685 338 32 38 -1 -1 -1 0 
12 1 533 344 70 64 -1 -1 -1 0 
12 2 620 341 30 40 -1 -1 -1 0 
12 3 685 339 31 36 -1 -1 -1 0 
12 9 492 348 28 28 -1 -1 -1 0 
13 1 536 343 66 63 -1 -1 -1 0 
13 2 621 341 29 39 -1 -1 -1 0 
13 3 686 339 29 36 -1 -1 -1 0 
13 9 490 348 27 27 -1 -1 -1 0 
14 1 537 343 64 62 -1 -1 -1 0 
14 2 621 341 28 38 -1 -1 -1 0 
14 3 685 339 29 36 -1 -1 -1 0 
15 1 538 343 65 60 -1 -1 -1 0 
15 2 621 341 27 38 -1 -1 -1 0 
15 3 685 339 29 37 -1 -1 -1 0 
15 9 477 347 27 28 -1 -1 -1 0 
16 1 539 342 62 61 -1 -1 -1 0 
16 2 619 339 29 40 -1 -1 -1 0 
16 3 683 337 32 40 -1 -1 -1 0 
16 9 473 346 27 29 -1 -1 -1 0 
17 1 539 342 62 62 -1 -1 -1 0 
17 2 618 339 30 40 -1 -1 -1 0 
17 3 682 335 32 43 -1 -1 -1 0 
18 1 540 341 61 62 -1 -1 -1 0 
18 2 617 338 31 41 -1 -1 -1 0 
18 3 681 336 33 42 -1 -1 -1 0 
19 1 539 341 62 64 -1 -1 -1 0 
19 2 616 338 32 41 -1 -1 -1 0 
19 3 681 336 32 42 -1 -1 -1 0 
20 1 539 341 62 64 -1 -1 -1 0 
20 3 680 335 32 44 -1 -1 -1 0 
20 7 189 352 69 62 -1 -1 -1 0 
21 1 539 341 63 65 -1 -1 -1 0 
21 3 680 337 31 41 -1 -1 -1 0 
21 7 160 353 81 68 -1 -1 -1 0 
22 1 539 341 62 65 -1 -1 -1 0 
22 2 615 338 29 40 -1 -1 -1 0 
22 3 680 337 30 41 -1 -1 -1 0 
22 7 131 353 84 70 -1 -1 -1 0 
23 1 539 341 62 65 -1 -1 -1 0 
23 2 615 338 28 39 -1 -1 -1 0 
23 3 679 336 30 43 -1 -1 -1 0 
23 7 99 352 92 74 -1 -1 -1 0 
24 1 538 341 64 65 -1 -1 -1 0 
24 2 613 338 30 40 -1 -1 -1 0 
24 3 679 339 29 38 -1 -1 -1 0 
24 7 60 353 100 80 -1 -1 -1 0 
25 1 537 342 65 63 -1 -1 -1 0 
25 2 613 338 29 40 -1 -1 -1 0 
25 3 678 340 30 37 -1 -1 -1 0 
25 7 29 356 100 85 -1 -1 -1 0 
26 1 538 342 63 62 -1 -1 -1 0 
26 2 612 340 29 36 -1 -1 -1 0 
26 3 678 340 29 37 -1 -1 -1 0 
26 7 2 356 83 89 -1 -1 -1 0 
27 1 537 342 64 60 -1 -1 -1 0 
27 2 613 339 27 38 -1 -1 -1 0 
27 3 678 341 28 35 -1 -1 -1 0 
27 7 0 357 57 92 -1 -1 -1 0 
28 1 538 342 63 59 -1 -1 -1 0 
28 2 612 337 29 40 -1 -1 -1 0 
28 3 676 339 30 38 -1 -1 -1 0 
29 1 538 341 62 59 -1 -1 -1 0 
29 2 611 336 29 41 -1 -1 -1 0 
29 3 676 338 29 39 -1 -1 -1 0 
30 1 538 341 61 60 -1 -1 -1 0 
30 2 611 335 29 42 -1 -1 -1 0 
30 3 674 337 30 41 -1 -1 -1 0 
31 1 539 341 59 60 -1 -1 -1 0 
31 2 611 335 29 41 -1 -1 -1 0 
31 3 673 337 31 41 -1 -1 -1 0 
32 1 537 342 62 58 -1 -1 -1 0 
32 2 611 336 30 41 -1 -1 -1 0 
32 3 673 338 30 40 -1 -1 -1 0 
33 1 538 343 61 58 -1 -1 -1 0 
33 2 611 337 30 40 -1 -1 -1 0 
33 3 673 339 30 39 -1 -1 -1 0 
34 1 539 343 60 58 -1 -1 -1 0 
34 2 611 338 30 39 -1 -1 -1 0 
34 3 675 339 27 39 -1 -1 -1 0 
35 1 539 343 61 58 -1 -1 -1 0 
35 2 611 338 29 39 -1 -1 -1 0 
35 3 674 339 28 39 -1 -1 -1 0 
36 1 540 343 60 57 -1 -1 -1 0 
36 2 612 338 28 39 -1 -1 -1 0 
36 3 673 339 30 39 -1 -1 -1 0 
37 1 539 343 59 56 -1 -1 -1 0 
37 2 612 337 28 39 -1 -1 -1 0 
37 3 671 337 31 40 -1 -1 -1 0 
38 1 539 343 58 55 -1 -1 -1 0 
38 2 611 337 29 39 -1 -1 -1 0 
38 3 671 337 30 39 -1 -1 -1 0 
39 1 539 341 58 58 -1 -1 -1 0 
39 2 611 337 29 38 -1 -1 -1 0 
39 3 671 337 30 39 -1 -1 -1 0 
40 1 538 340 58 60 -1 -1 -1 0 
40 2 611 337 28 38 -1 -1 -1 0 
40 3 671 336 29 39 -1 -1 -1 0 
