3 1 500 329 94 80 -1 -1 -1 0 
3 2 7 344 329 143 -1 -1 -1 0 
4 1 501 328 93 82 -1 -1 -1 0 
4 2 26 350 312 136 -1 -1 -1 0 
5 1 501 328 94 82 -1 -1 -1 0 
5 2 47 350 293 131 -1 -1 -1 0 
6 1 502 329 92 80 -1 -1 -1 0 
6 2 65 350 276 131 -1 -1 -1 0 
7 1 503 329 91 80 -1 -1 -1 0 
7 2 75 348 270 132 -1 -1 -1 0 
8 1 504 330 90 78 -1 -1 -1 0 
8 2 86 347 269 126 -1 -1 -1 0 
9 1 504 329 90 78 -1 -1 -1 0 
9 2 101 346 257 122 -1 -1 -1 0 
10 1 504 329 90 78 -1 -1 -1 0 
10 2 114 344 248 125 -1 -1 -1 0 
11 1 504 329 90 77 -1 -1 -1 0 
11 2 119 345 250 123 -1 -1 -1 0 
12 1 504 329 90 77 -1 -1 -1 0 
12 2 134 348 236 118 -1 -1 -1 0 
12 9 661 317 61 64 -1 -1 -1 0 
13 1 505 330 89 76 -1 -1 -1 0 
13 2 145 347 229 117 -1 -1 -1 0 
13 9 661 317 61 64 -1 -1 -1 0 
14 1 505 330 89 76 -1 -1 -1 0 
14 2 157 345 220 116 -1 -1 -1 0 
14 9 657 316 73 67 -1 -1 -1 0 
15 1 505 331 89 75 -1 -1 -1 0 
15 2 166 347 215 112 -1 -1 -1 0 
15 9 657 318 72 66 -1 -1 -1 0 
16 1 505 331 90 75 -1 -1 -1 0 
16 2 174 344 209 113 -1 -1 -1 0 
16 9 658 318 69 66 -1 -1 -1 0 
17 1 506 330 89 75 -1 -1 -1 0 
17 2 179 344 209 111 -1 -1 -1 0 
17 9 659 318 67 65 -1 -1 -1 0 
18 1 507 330 88 74 -1 -1 -1 0 
18 2 195 344 193 108 -1 -1 -1 0 
18 9 659 318 67 65 -1 -1 -1 0 
19 1 509 330 84 74 -1 -1 -1 0 
19 2 201 343 191 107 -1 -1 -1 0 
19 9 658 318 70 65 -1 -1 -1 0 
20 1 509 330 85 74 -1 -1 -1 0 
20 2 202 341 197 109 -1 -1 -1 0 
20 9 659 317 67 66 -1 -1 -1 0 
21 1 510 331 85 73 -1 -1 -1 0 
21 2 214 341 189 107 -1 -1 -1 0 
21 9 658 317 70 67 -1 -1 -1 0 
22 1 512 332 86 73 -1 -1 -1 0 
22 2 223 345 183 104 -1 -1 -1 0 
22 9 659 317 68 66 -1 -1 -1 0 
23 1 514 332 86 73 -1 -1 -1 0 
23 2 233 347 177 100 -1 -1 -1 0 
23 9 660 317 66 66 -1 -1 -1 0 
24 1 516 333 85 73 -1 -1 -1 0 
24 2 243 348 170 99 -1 -1 -1 0 
24 9 660 317 68 65 -1 -1 -1 0 
25 1 517 333 85 74 -1 -1 -1 0 
25 2 249 351 166 95 -1 -1 -1 0 
25 9 661 317 66 65 -1 -1 -1 0 
26 1 519 333 84 74 -1 -1 -1 0 
26 2 258 351 155 93 -1 -1 -1 0 
26 9 661 317 65 65 -1 -1 -1 0 
27 1 521 333 83 74 -1 -1 -1 0 
27 2 266 350 149 92 -1 -1 -1 0 
27 9 662 317 64 66 -1 -1 -1 0 
28 1 523 333 82 74 -1 -1 -1 0 
28 2 270 351 148 91 -1 -1 -1 0 
28 9 662 317 64 66 -1 -1 -1 0 
29 1 524 332 81 73 -1 -1 -1 0 
29 2 274 351 150 90 -1 -1 -1 0 
29 9 662 316 63 67 -1 -1 -1 0 
30 1 524 331 81 75 -1 -1 -1 0 
30 2 280 351 149 88 -1 -1 -1 0 
30 9 662 316 63 66 -1 -1 -1 0 
31 1 525 332 82 74 -1 -1 -1 0 
31 2 288 352 145 86 -1 -1 -1 0 
31 9 661 315 66 68 -1 -1 -1 0 
32 1 526 332 80 74 -1 -1 -1 0 
32 9 661 315 66 68 -1 -1 -1 0 
33 1 527 332 79 74 -1 -1 -1 0 
33 2 298 347 137 87 -1 -1 -1 0 
33 9 661 316 66 67 -1 -1 -1 0 
34 1 527 332 81 74 -1 -1 -1 0 
34 2 304 347 132 85 -1 -1 -1 0 
34 9 662 315 65 68 -1 -1 -1 0 
35 1 528 332 80 73 -1 -1 -1 0 
35 2 310 347 129 84 -1 -1 -1 0 
35 9 661 316 67 67 -1 -1 -1 0 
36 1 531 332 77 73 -1 -1 -1 0 
36 2 310 346 137 84 -1 -1 -1 0 
36 9 663 316 64 67 -1 -1 -1 0 
37 1 532 333 76 70 -1 -1 -1 0 
37 2 316 346 135 83 -1 -1 -1 0 
37 9 662 316 67 66 -1 -1 -1 0 
38 1 533 331 75 72 -1 -1 -1 0 
38 2 319 348 126 80 -1 -1 -1 0 
38 9 662 315 68 67 -1 -1 -1 0 
39 1 533 331 77 71 -1 -1 -1 0 
39 2 325 349 111 75 -1 -1 -1 0 
39 9 664 315 63 67 -1 -1 -1 0 
40 1 536 330 73 71 -1 -1 -1 0 
40 2 330 349 107 74 -1 -1 -1 0 
40 9 664 315 63 67 -1 -1 -1 0 
