3 1 469 325 117 101 -1 -1 -1 0 
3 2 662 323 58 67 -1 -1 -1 0 
3 4 333 340 41 42 -1 -1 -1 0 
4 1 477 317 111 108 -1 -1 -1 0 
4 2 663 323 56 67 -1 -1 -1 0 
4 4 386 338 34 38 -1 -1 -1 0 
5 1 480 319 113 104 -1 -1 -1 0 
5 2 663 323 56 67 -1 -1 -1 0 
5 4 342 340 49 41 -1 -1 -1 0 
5 6 877 268 136 62 -1 -1 -1 0 
6 1 485 317 110 105 -1 -1 -1 0 
6 2 664 322 55 68 -1 -1 -1 0 
6 4 377 339 37 39 -1 -1 -1 0 
6 6 878 267 139 63 -1 -1 -1 0 
7 1 491 315 106 105 -1 -1 -1 0 
7 2 663 322 57 68 -1 -1 -1 0 
7 4 379 338 44 39 -1 -1 -1 0 
8 1 494 320 104 97 -1 -1 -1 0 
8 2 663 322 57 69 -1 -1 -1 0 
8 4 378 340 36 37 -1 -1 -1 0 
9 1 501 324 101 90 -1 -1 -1 0 
9 2 663 323 56 70 -1 -1 -1 0 
9 4 384 340 36 36 -1 -1 -1 0 
10 1 507 324 96 88 -1 -1 -1 0 
10 2 662 322 57 70 -1 -1 -1 0 
10 4 392 334 31 37 -1 -1 -1 0 
11 1 511 325 93 85 -1 -1 -1 0 
11 2 663 322 57 70 -1 -1 -1 0 
11 4 392 330 29 37 -1 -1 -1 0 
12 1 513 326 93 82 -1 -1 -1 0 
12 2 663 322 57 70 -1 -1 -1 0 
12 4 388 327 27 38 -1 -1 -1 0 
13 1 516 325 93 81 -1 -1 -1 0 
13 2 662 322 58 69 -1 -1 -1 0 
13 4 392 326 27 38 -1 -1 -1 0 
13 6 931 289 63 42 -1 -1 -1 0 
14 1 520 324 90 80 -1 -1 -1 0 
14 2 662 322 58 69 -1 -1 -1 0 
14 6 935 291 59 40 -1 -1 -1 0 
15 1 523 324 89 79 -1 -1 -1 0 
15 2 663 321 56 69 -1 -1 -1 0 
16 1 524 324 91 77 -1 -1 -1 0 
16 2 662 321 58 69 -1 -1 -1 0 
17 1 530 326 83 73 -1 -1 -1 0 
17 2 663 321 56 69 -1 -1 -1 0 
18 1 534 326 78 72 -1 -1 -1 0 
18 2 663 321 56 69 -1 -1 -1 0 
19 1 536 326 76 70 -1 -1 -1 0 
19 2 662 321 58 70 -1 -1 -1 0 
20 1 540 327 73 70 -1 -1 -1 0 
20 2 663 321 57 70 -1 -1 -1 0 
21 1 541 329 75 65 -1 -1 -1 0 
21 2 663 321 57 70 -1 -1 -1 0 
22 1 546 329 68 62 -1 -1 -1 0 
22 2 663 321 57 70 -1 -1 -1 0 
22 4 523 326 37 49 -1 -1 -1 0 
23 1 550 328 66 61 -1 -1 -1 0 
23 2 663 321 56 70 -1 -1 -1 0 
23 4 534 326 37 49 -1 -1 -1 0 
24 1 552 328 64 62 -1 -1 -1 0 
24 2 663 323 56 68 -1 -1 -1 0 
24 4 532 322 42 53 -1 -1 -1 0 
25 1 555 326 63 64 -1 -1 -1 0 
25 2 664 323 55 68 -1 -1 -1 0 
25 4 534 323 41 52 -1 -1 -1 0 
26 1 557 326 63 63 -1 -1 -1 0 
26 2 663 322 57 69 -1 -1 -1 0 
26 4 535 323 43 52 -1 -1 -1 0 
27 1 558 326 64 62 -1 -1 -1 0 
27 2 663 322 58 69 -1 -1 -1 0 
27 4 535 323 44 52 -1 -1 -1 0 
28 1 558 326 65 60 -1 -1 -1 0 
28 2 664 323 56 68 -1 -1 -1 0 
28 4 536 323 44 51 -1 -1 -1 0 
28 18 142 345 33 42 -1 -1 -1 0 
29 1 563 324 60 61 -1 -1 -1 0 
29 2 664 323 56 68 -1 -1 -1 0 
29 4 537 324 42 50 -1 -1 -1 0 
29 18 115 345 37 44 -1 -1 -1 0 
30 1 561 324 65 59 -1 -1 -1 0 
30 2 664 323 56 68 -1 -1 -1 0 
30 4 544 324 42 50 -1 -1 -1 0 
30 18 90 345 42 48 -1 -1 -1 0 
31 1 565 325 62 57 -1 -1 -1 0 
31 2 665 325 55 65 -1 -1 -1 0 
31 18 71 345 44 51 -1 -1 -1 0 
32 1 568 326 59 55 -1 -1 -1 0 
32 2 665 325 55 65 -1 -1 -1 0 
32 4 538 328 46 44 -1 -1 -1 0 
33 1 573 326 54 55 -1 -1 -1 0 
33 2 665 324 55 66 -1 -1 -1 0 
33 4 540 329 41 43 -1 -1 -1 0 
33 18 5 345 45 57 -1 -1 -1 0 
34 1 574 326 55 56 -1 -1 -1 0 
34 2 665 324 56 66 -1 -1 -1 0 
34 4 541 329 39 42 -1 -1 -1 0 
34 18 0 345 26 60 -1 -1 -1 0 
35 1 576 326 54 55 -1 -1 -1 0 
35 2 665 324 57 66 -1 -1 -1 0 
35 4 543 330 38 42 -1 -1 -1 0 
36 1 577 326 54 54 -1 -1 -1 0 
36 2 666 324 56 67 -1 -1 -1 0 
36 4 544 331 38 41 -1 -1 -1 0 
37 1 578 327 53 53 -1 -1 -1 0 
37 2 665 324 58 68 -1 -1 -1 0 
37 4 546 331 37 41 -1 -1 -1 0 
38 1 581 327 51 52 -1 -1 -1 0 
38 2 665 324 60 68 -1 -1 -1 0 
38 4 549 331 37 41 -1 -1 -1 0 
39 1 585 328 46 50 -1 -1 -1 0 
39 2 666 324 59 69 -1 -1 -1 0 
40 1 586 328 46 50 -1 -1 -1 0 
40 2 665 324 61 69 -1 -1 -1 0 
40 4 548 332 42 38 -1 -1 -1 0 
40 25 0 334 51 84 -1 -1 -1 0 
