3 1 663 341 40 49 -1 -1 -1 0 
4 1 663 341 41 48 -1 -1 -1 0 
5 1 664 342 40 47 -1 -1 -1 0 
6 1 664 342 39 48 -1 -1 -1 0 
7 1 664 340 39 50 -1 -1 -1 0 
8 1 663 340 40 50 -1 -1 -1 0 
9 1 663 339 40 51 -1 -1 -1 0 
10 1 663 338 41 52 -1 -1 -1 0 
11 1 664 337 40 52 -1 -1 -1 0 
12 1 664 338 40 51 -1 -1 -1 0 
13 1 664 339 40 50 -1 -1 -1 0 
14 1 665 340 40 49 -1 -1 -1 0 
15 1 665 341 40 48 -1 -1 -1 0 
16 1 666 341 39 48 -1 -1 -1 0 
17 1 666 341 39 49 -1 -1 -1 0 
18 1 666 341 40 49 -1 -1 -1 0 
19 1 666 341 41 49 -1 -1 -1 0 
20 1 665 341 42 50 -1 -1 -1 0 
21 1 666 340 42 51 -1 -1 -1 0 
22 1 667 340 41 51 -1 -1 -1 0 
23 1 666 340 43 50 -1 -1 -1 0 
24 1 667 340 42 50 -1 -1 -1 0 
25 1 667 340 42 50 -1 -1 -1 0 
26 1 668 341 40 49 -1 -1 -1 0 
27 1 669 340 40 50 -1 -1 -1 0 
28 1 668 340 42 50 -1 -1 -1 0 
29 1 669 340 42 50 -1 -1 -1 0 
30 1 669 340 41 50 -1 -1 -1 0 
31 1 669 340 42 51 -1 -1 -1 0 
32 1 669 339 42 51 -1 -1 -1 0 
33 1 669 338 41 52 -1 -1 -1 0 
34 1 669 338 42 52 -1 -1 -1 0 
34 3 0 378 349 312 -1 -1 -1 0 
35 1 669 338 42 51 -1 -1 -1 0 
35 3 0 366 369 312 -1 -1 -1 0 
36 1 669 337 43 52 -1 -1 -1 0 
36 3 2 363 380 305 -1 -1 -1 0 
37 1 671 337 40 52 -1 -1 -1 0 
37 3 9 358 379 303 -1 -1 -1 0 
38 1 671 337 40 52 -1 -1 -1 0 
38 3 0 360 401 293 -1 -1 -1 0 
39 1 671 337 41 53 -1 -1 -1 0 
39 3 6 357 399 293 -1 -1 -1 0 
40 1 670 337 43 53 -1 -1 -1 0 
40 3 7 351 402 300 -1 -1 -1 0 
