3 1 82 324 117 70 -1 -1 -1 0 
4 1 30 327 123 70 -1 -1 -1 0 
5 1 8 330 100 70 -1 -1 -1 0 
15 3 640 335 28 39 -1 -1 -1 0 
16 3 640 335 29 38 -1 -1 -1 0 
17 3 640 334 29 38 -1 -1 -1 0 
18 3 640 334 29 37 -1 -1 -1 0 
19 3 641 333 28 37 -1 -1 -1 0 
20 3 641 334 28 36 -1 -1 -1 0 
21 3 642 334 27 36 -1 -1 -1 0 
22 3 642 334 27 37 -1 -1 -1 0 
23 3 642 335 27 36 -1 -1 -1 0 
24 3 643 337 26 34 -1 -1 -1 0 
25 3 643 337 27 34 -1 -1 -1 0 
26 3 643 337 27 34 -1 -1 -1 0 
26 7 683 331 44 55 -1 -1 -1 0 
27 3 644 336 26 34 -1 -1 -1 0 
27 7 684 329 43 56 -1 -1 -1 0 
28 3 644 336 27 33 -1 -1 -1 0 
28 7 682 328 47 57 -1 -1 -1 0 
29 3 643 336 28 33 -1 -1 -1 0 
29 7 682 328 46 56 -1 -1 -1 0 
30 3 644 335 28 33 -1 -1 -1 0 
30 7 683 327 45 57 -1 -1 -1 0 
31 3 645 334 27 34 -1 -1 -1 0 
31 7 682 327 47 58 -1 -1 -1 0 
32 3 645 333 27 34 -1 -1 -1 0 
32 7 681 327 50 58 -1 -1 -1 0 
33 3 645 334 27 33 -1 -1 -1 0 
33 7 682 328 47 57 -1 -1 -1 0 
34 3 645 334 27 33 -1 -1 -1 0 
34 7 682 328 47 57 -1 -1 -1 0 
35 3 645 334 26 32 -1 -1 -1 0 
35 7 682 327 47 59 -1 -1 -1 0 
36 3 645 332 27 34 -1 -1 -1 0 
36 7 681 327 48 59 -1 -1 -1 0 
37 3 645 332 27 34 -1 -1 -1 0 
37 7 681 327 49 60 -1 -1 -1 0 
38 3 646 332 27 34 -1 -1 -1 0 
38 7 681 327 50 60 -1 -1 -1 0 
39 3 646 332 28 33 -1 -1 -1 0 
39 7 682 328 49 59 -1 -1 -1 0 
40 7 682 328 49 61 -1 -1 -1 0 
