3 1 642 333 45 49 -1 -1 -1 0 
4 1 643 334 44 49 -1 -1 -1 0 
4 3 0 331 176 301 -1 -1 -1 0 
5 1 644 334 44 49 -1 -1 -1 0 
5 3 0 334 198 290 -1 -1 -1 0 
6 1 645 334 44 49 -1 -1 -1 0 
6 3 0 340 216 275 -1 -1 -1 0 
7 1 646 333 43 50 -1 -1 -1 0 
7 3 3 330 229 275 -1 -1 -1 0 
7 4 617 327 30 42 -1 -1 -1 0 
8 1 646 333 44 50 -1 -1 -1 0 
8 3 3 329 245 271 -1 -1 -1 0 
8 4 618 327 30 42 -1 -1 -1 0 
9 1 647 332 42 51 -1 -1 -1 0 
9 3 0 334 268 255 -1 -1 -1 0 
9 4 619 327 30 42 -1 -1 -1 0 
10 1 646 333 44 51 -1 -1 -1 0 
10 3 0 335 279 247 -1 -1 -1 0 
10 4 618 327 32 42 -1 -1 -1 0 
11 1 646 333 45 51 -1 -1 -1 0 
11 3 3 339 282 244 -1 -1 -1 0 
11 4 620 327 29 43 -1 -1 -1 0 
12 1 647 333 44 51 -1 -1 -1 0 
12 3 0 347 293 230 -1 -1 -1 0 
12 4 620 327 30 43 -1 -1 -1 0 
13 1 647 333 45 49 -1 -1 -1 0 
13 3 3 338 301 232 -1 -1 -1 0 
13 4 620 326 31 43 -1 -1 -1 0 
14 1 647 333 46 49 -1 -1 -1 0 
14 3 2 339 316 225 -1 -1 -1 0 
14 4 621 326 30 43 -1 -1 -1 0 
15 1 648 333 45 49 -1 -1 -1 0 
15 3 4 342 326 220 -1 -1 -1 0 
15 4 621 325 31 44 -1 -1 -1 0 
16 1 648 333 46 48 -1 -1 -1 0 
16 3 8 343 333 221 -1 -1 -1 0 
16 4 622 325 31 44 -1 -1 -1 0 
17 1 649 332 45 49 -1 -1 -1 0 
17 3 14 341 335 232 -1 -1 -1 0 
18 1 649 331 47 50 -1 -1 -1 0 
18 3 10 342 352 238 -1 -1 -1 0 
18 4 624 323 31 46 -1 -1 -1 0 
19 1 650 331 47 50 -1 -1 -1 0 
19 3 5 342 374 238 -1 -1 -1 0 
19 4 624 322 32 47 -1 -1 -1 0 
20 1 651 330 45 52 -1 -1 -1 0 
20 3 0 345 391 232 -1 -1 -1 0 
20 4 624 322 33 48 -1 -1 -1 0 
21 1 651 330 46 52 -1 -1 -1 0 
21 3 1 347 392 223 -1 -1 -1 0 
21 4 625 322 33 48 -1 -1 -1 0 
22 1 652 330 45 54 -1 -1 -1 0 
22 3 2 349 398 215 -1 -1 -1 0 
22 4 626 324 33 46 -1 -1 -1 0 
23 1 653 330 44 54 -1 -1 -1 0 
23 3 2 348 404 214 -1 -1 -1 0 
23 4 627 324 32 46 -1 -1 -1 0 
24 1 654 330 44 54 -1 -1 -1 0 
24 3 2 349 410 212 -1 -1 -1 0 
24 4 628 326 32 44 -1 -1 -1 0 
25 1 654 330 45 55 -1 -1 -1 0 
25 3 0 352 423 202 -1 -1 -1 0 
25 4 629 326 31 44 -1 -1 -1 0 
26 1 655 331 45 54 -1 -1 -1 0 
26 3 12 353 419 196 -1 -1 -1 0 
26 4 631 327 29 43 -1 -1 -1 0 
27 1 657 331 43 54 -1 -1 -1 0 
27 3 36 351 399 192 -1 -1 -1 0 
27 4 632 327 29 43 -1 -1 -1 0 
28 1 657 331 43 55 -1 -1 -1 0 
28 3 62 350 374 188 -1 -1 -1 0 
28 4 633 328 28 42 -1 -1 -1 0 
29 1 657 331 44 55 -1 -1 -1 0 
29 3 82 353 358 177 -1 -1 -1 0 
29 4 634 328 27 42 -1 -1 -1 0 
30 1 657 331 46 55 -1 -1 -1 0 
30 3 102 354 340 170 -1 -1 -1 0 
30 4 633 328 28 42 -1 -1 -1 0 
31 1 658 331 45 55 -1 -1 -1 0 
31 3 120 351 327 167 -1 -1 -1 0 
31 4 634 328 28 40 -1 -1 -1 0 
32 1 660 331 43 54 -1 -1 -1 0 
32 3 137 351 316 164 -1 -1 -1 0 
32 4 635 328 27 40 -1 -1 -1 0 
33 1 660 330 45 55 -1 -1 -1 0 
33 3 154 351 304 160 -1 -1 -1 0 
34 1 662 330 43 55 -1 -1 -1 0 
34 3 170 351 294 155 -1 -1 -1 0 
35 1 662 330 43 55 -1 -1 -1 0 
35 3 191 351 275 151 -1 -1 -1 0 
36 1 662 330 43 55 -1 -1 -1 0 
36 3 199 349 274 148 -1 -1 -1 0 
37 1 663 329 42 56 -1 -1 -1 0 
37 3 213 345 263 150 -1 -1 -1 0 
38 1 662 329 43 56 -1 -1 -1 0 
38 3 220 346 264 147 -1 -1 -1 0 
39 1 662 329 43 56 -1 -1 -1 0 
39 3 233 347 254 142 -1 -1 -1 0 
40 1 661 330 44 55 -1 -1 -1 0 
40 3 243 346 247 141 -1 -1 -1 0 
