3 1 805 329 56 52 -1 -1 -1 0 
3 2 1001 333 267 107 -1 -1 -1 0 
4 1 805 328 54 53 -1 -1 -1 0 
4 2 1002 335 259 103 -1 -1 -1 0 
5 1 804 328 55 53 -1 -1 -1 0 
5 2 1002 336 259 102 -1 -1 -1 0 
6 1 804 327 55 53 -1 -1 -1 0 
6 2 1005 334 251 103 -1 -1 -1 0 
7 1 804 327 55 53 -1 -1 -1 0 
7 2 1003 332 248 104 -1 -1 -1 0 
8 1 803 326 55 53 -1 -1 -1 0 
8 2 995 329 257 108 -1 -1 -1 0 
8 6 639 311 67 88 -1 -1 -1 0 
9 1 802 325 56 54 -1 -1 -1 0 
9 2 1047 333 194 100 -1 -1 -1 0 
9 6 639 310 68 88 -1 -1 -1 0 
10 1 802 326 55 53 -1 -1 -1 0 
10 2 1047 332 196 102 -1 -1 -1 0 
10 6 639 311 68 87 -1 -1 -1 0 
11 1 801 328 56 51 -1 -1 -1 0 
11 2 1048 332 193 103 -1 -1 -1 0 
11 6 640 311 67 87 -1 -1 -1 0 
12 1 800 328 57 51 -1 -1 -1 0 
12 2 1009 331 236 106 -1 -1 -1 0 
12 6 640 314 66 83 -1 -1 -1 0 
13 1 800 328 56 52 -1 -1 -1 0 
13 2 997 333 244 105 -1 -1 -1 0 
13 6 643 316 64 83 -1 -1 -1 0 
14 1 799 329 57 51 -1 -1 -1 0 
14 2 1038 336 191 100 -1 -1 -1 0 
14 6 643 316 64 82 -1 -1 -1 0 
15 1 800 330 55 50 -1 -1 -1 0 
15 2 1047 338 186 98 -1 -1 -1 0 
15 6 643 315 65 83 -1 -1 -1 0 
16 1 799 330 56 48 -1 -1 -1 0 
16 2 1057 337 172 98 -1 -1 -1 0 
16 6 642 315 66 81 -1 -1 -1 0 
17 1 799 330 55 49 -1 -1 -1 0 
17 2 1060 335 167 101 -1 -1 -1 0 
17 6 644 314 63 81 -1 -1 -1 0 
18 1 798 330 57 49 -1 -1 -1 0 
18 2 1057 332 169 105 -1 -1 -1 0 
18 6 644 314 63 80 -1 -1 -1 0 
19 1 798 330 55 48 -1 -1 -1 0 
19 2 1060 328 162 109 -1 -1 -1 0 
20 1 797 331 56 47 -1 -1 -1 0 
20 2 1044 326 182 111 -1 -1 -1 0 
21 1 797 332 56 46 -1 -1 -1 0 
21 2 1036 327 190 111 -1 -1 -1 0 
22 1 796 332 56 45 -1 -1 -1 0 
22 2 1038 331 182 106 -1 -1 -1 0 
23 1 797 331 54 46 -1 -1 -1 0 
23 2 991 330 240 106 -1 -1 -1 0 
24 1 796 331 55 46 -1 -1 -1 0 
24 2 985 331 232 105 -1 -1 -1 0 
25 1 797 332 53 45 -1 -1 -1 0 
25 2 982 331 231 105 -1 -1 -1 0 
26 1 797 332 51 46 -1 -1 -1 0 
26 2 979 333 235 102 -1 -1 -1 0 
27 1 796 332 52 46 -1 -1 -1 0 
27 2 981 333 228 103 -1 -1 -1 0 
28 1 796 332 51 45 -1 -1 -1 0 
28 2 981 331 227 105 -1 -1 -1 0 
29 1 795 331 51 46 -1 -1 -1 0 
29 2 979 330 230 104 -1 -1 -1 0 
30 1 793 330 52 48 -1 -1 -1 0 
30 2 979 332 231 101 -1 -1 -1 0 
31 1 793 330 51 48 -1 -1 -1 0 
31 2 978 336 230 96 -1 -1 -1 0 
32 1 792 330 52 48 -1 -1 -1 0 
32 2 979 338 223 93 -1 -1 -1 0 
33 1 792 330 52 48 -1 -1 -1 0 
33 2 978 337 219 93 -1 -1 -1 0 
34 1 792 330 51 48 -1 -1 -1 0 
34 2 977 336 221 93 -1 -1 -1 0 
35 1 791 330 52 48 -1 -1 -1 0 
35 2 1020 334 168 97 -1 -1 -1 0 
36 1 790 330 54 47 -1 -1 -1 0 
36 2 987 332 214 98 -1 -1 -1 0 
37 1 789 331 54 46 -1 -1 -1 0 
37 2 982 324 210 108 -1 -1 -1 0 
37 6 655 326 54 62 -1 -1 -1 0 
38 1 790 331 51 46 -1 -1 -1 0 
38 2 976 321 213 110 -1 -1 -1 0 
38 6 656 327 54 62 -1 -1 -1 0 
39 1 790 331 50 45 -1 -1 -1 0 
39 2 971 322 218 110 -1 -1 -1 0 
39 6 657 327 53 62 -1 -1 -1 0 
40 1 788 331 53 44 -1 -1 -1 0 
40 2 970 326 220 106 -1 -1 -1 0 
40 6 656 328 54 60 -1 -1 -1 0 
