3 1 853 322 36 38 -1 -1 -1 0 
3 2 673 322 25 40 -1 -1 -1 0 
4 1 853 322 37 38 -1 -1 -1 0 
4 2 673 322 25 40 -1 -1 -1 0 
5 1 853 322 37 39 -1 -1 -1 0 
6 1 849 322 44 40 -1 -1 -1 0 
7 1 849 322 43 41 -1 -1 -1 0 
8 1 847 322 47 41 -1 -1 -1 0 
9 1 846 322 48 41 -1 -1 -1 0 
10 1 846 322 48 41 -1 -1 -1 0 
11 1 847 321 48 42 -1 -1 -1 0 
12 1 847 321 49 42 -1 -1 -1 0 
13 1 848 323 46 40 -1 -1 -1 0 
13 2 673 324 26 40 -1 -1 -1 0 
14 1 849 323 45 40 -1 -1 -1 0 
14 2 673 325 26 40 -1 -1 -1 0 
15 1 848 323 47 41 -1 -1 -1 0 
15 2 672 325 27 40 -1 -1 -1 0 
16 1 849 325 46 39 -1 -1 -1 0 
16 2 673 324 27 42 -1 -1 -1 0 
17 1 850 328 44 37 -1 -1 -1 0 
17 2 673 324 26 43 -1 -1 -1 0 
18 1 849 327 44 39 -1 -1 -1 0 
18 2 673 324 27 44 -1 -1 -1 0 
19 1 850 326 43 40 -1 -1 -1 0 
20 1 850 326 44 41 -1 -1 -1 0 
20 2 672 325 28 43 -1 -1 -1 0 
21 1 851 325 43 43 -1 -1 -1 0 
21 2 672 325 28 44 -1 -1 -1 0 
22 1 852 325 42 42 -1 -1 -1 0 
22 2 672 325 28 43 -1 -1 -1 0 
23 1 852 325 43 42 -1 -1 -1 0 
23 2 672 325 28 43 -1 -1 -1 0 
24 1 852 325 43 42 -1 -1 -1 0 
24 2 672 325 28 43 -1 -1 -1 0 
25 1 854 326 42 41 -1 -1 -1 0 
25 2 672 325 28 43 -1 -1 -1 0 
26 1 854 327 42 40 -1 -1 -1 0 
27 1 852 326 44 41 -1 -1 -1 0 
27 2 673 326 26 44 -1 -1 -1 0 
28 1 852 325 43 43 -1 -1 -1 0 
28 2 672 326 28 45 -1 -1 -1 0 
29 1 851 325 45 43 -1 -1 -1 0 
29 2 671 326 29 45 -1 -1 -1 0 
30 1 851 325 44 43 -1 -1 -1 0 
30 2 672 326 27 45 -1 -1 -1 0 
31 1 850 326 45 42 -1 -1 -1 0 
31 2 672 326 28 44 -1 -1 -1 0 
32 1 851 325 43 42 -1 -1 -1 0 
32 2 671 327 28 42 -1 -1 -1 0 
33 1 850 326 45 41 -1 -1 -1 0 
33 2 671 327 29 40 -1 -1 -1 0 
34 1 852 326 42 41 -1 -1 -1 0 
34 2 672 327 26 40 -1 -1 -1 0 
35 1 852 326 43 40 -1 -1 -1 0 
35 2 672 326 26 41 -1 -1 -1 0 
36 1 852 326 43 41 -1 -1 -1 0 
36 2 672 328 27 39 -1 -1 -1 0 
37 1 852 326 42 41 -1 -1 -1 0 
37 2 672 329 27 37 -1 -1 -1 0 
38 1 851 326 44 41 -1 -1 -1 0 
39 1 849 326 46 42 -1 -1 -1 0 
39 2 672 329 26 37 -1 -1 -1 0 
39 5 0 207 105 185 -1 -1 -1 0 
40 1 849 326 45 42 -1 -1 -1 0 
40 2 672 329 25 38 -1 -1 -1 0 
40 5 1 205 89 184 -1 -1 -1 0 
