3 1 665 330 33 43 -1 -1 -1 0 
4 1 664 330 35 43 -1 -1 -1 0 
5 1 664 330 35 44 -1 -1 -1 0 
6 1 664 329 36 45 -1 -1 -1 0 
7 1 664 328 37 46 -1 -1 -1 0 
8 1 664 330 36 44 -1 -1 -1 0 
9 1 665 330 35 44 -1 -1 -1 0 
10 1 665 329 35 45 -1 -1 -1 0 
11 1 665 330 35 44 -1 -1 -1 0 
12 1 665 330 34 44 -1 -1 -1 0 
13 1 665 331 33 43 -1 -1 -1 0 
14 1 665 331 33 43 -1 -1 -1 0 
15 1 665 332 33 42 -1 -1 -1 0 
16 1 665 332 33 42 -1 -1 -1 0 
17 1 665 332 33 42 -1 -1 -1 0 
18 1 665 332 34 41 -1 -1 -1 0 
19 1 666 331 32 42 -1 -1 -1 0 
20 1 666 331 32 42 -1 -1 -1 0 
21 1 665 331 34 42 -1 -1 -1 0 
22 1 665 331 34 42 -1 -1 -1 0 
23 1 664 331 35 41 -1 -1 -1 0 
24 1 665 330 34 42 -1 -1 -1 0 
25 1 665 330 33 43 -1 -1 -1 0 
26 1 664 330 35 43 -1 -1 -1 0 
27 1 665 330 33 43 -1 -1 -1 0 
28 1 665 330 34 43 -1 -1 -1 0 
29 1 665 328 35 45 -1 -1 -1 0 
30 1 665 328 35 45 -1 -1 -1 0 
31 1 666 328 34 45 -1 -1 -1 0 
32 1 665 328 35 46 -1 -1 -1 0 
33 1 665 328 36 46 -1 -1 -1 0 
34 1 665 328 36 46 -1 -1 -1 0 
35 1 666 328 34 46 -1 -1 -1 0 
36 1 666 328 35 46 -1 -1 -1 0 
37 1 665 327 36 47 -1 -1 -1 0 
38 1 665 327 36 47 -1 -1 -1 0 
39 1 666 327 34 47 -1 -1 -1 0 
40 1 665 327 36 47 -1 -1 -1 0 
40 6 580 334 44 48 -1 -1 -1 0 
