3 1 794 328 65 55 -1 -1 -1 0 
4 1 795 328 64 54 -1 -1 -1 0 
5 1 797 327 61 54 -1 -1 -1 0 
5 3 461 332 38 41 -1 -1 -1 0 
6 1 796 325 62 56 -1 -1 -1 0 
6 3 447 332 41 42 -1 -1 -1 0 
7 1 796 324 63 57 -1 -1 -1 0 
7 3 432 334 38 41 -1 -1 -1 0 
7 4 487 339 27 29 -1 -1 -1 0 
8 1 795 323 64 57 -1 -1 -1 0 
8 3 414 335 40 42 -1 -1 -1 0 
8 4 475 338 28 32 -1 -1 -1 0 
8 5 524 339 23 24 -1 -1 -1 0 
9 1 795 323 65 57 -1 -1 -1 0 
9 3 392 337 46 41 -1 -1 -1 0 
9 4 459 337 33 36 -1 -1 -1 0 
9 5 519 338 23 26 -1 -1 -1 0 
10 1 795 323 64 58 -1 -1 -1 0 
10 3 372 339 39 42 -1 -1 -1 0 
10 4 454 339 32 32 -1 -1 -1 0 
10 5 511 338 26 29 -1 -1 -1 0 
10 7 306 344 49 31 -1 -1 -1 0 
11 1 795 323 65 58 -1 -1 -1 0 
11 3 343 339 54 43 -1 -1 -1 0 
11 4 443 339 33 33 -1 -1 -1 0 
11 5 504 338 26 30 -1 -1 -1 0 
11 7 284 344 47 34 -1 -1 -1 0 
12 1 795 324 66 57 -1 -1 -1 0 
12 3 314 338 55 46 -1 -1 -1 0 
12 4 425 341 44 31 -1 -1 -1 0 
12 5 497 339 26 30 -1 -1 -1 0 
12 7 257 344 53 36 -1 -1 -1 0 
13 1 796 324 64 57 -1 -1 -1 0 
13 3 294 338 57 48 -1 -1 -1 0 
13 4 411 341 44 32 -1 -1 -1 0 
13 5 510 337 24 29 -1 -1 -1 0 
13 7 238 344 55 38 -1 -1 -1 0 
14 1 796 324 65 57 -1 -1 -1 0 
14 4 395 341 47 33 -1 -1 -1 0 
14 5 510 336 24 29 -1 -1 -1 0 
15 1 797 324 64 58 -1 -1 -1 0 
15 4 377 340 51 37 -1 -1 -1 0 
15 5 505 336 25 30 -1 -1 -1 0 
15 8 467 340 33 32 -1 -1 -1 0 
16 1 796 324 67 58 -1 -1 -1 0 
16 4 358 340 55 39 -1 -1 -1 0 
16 5 497 335 27 31 -1 -1 -1 0 
16 8 453 340 39 34 -1 -1 -1 0 
17 1 796 324 68 58 -1 -1 -1 0 
17 4 335 341 60 39 -1 -1 -1 0 
17 5 487 335 30 31 -1 -1 -1 0 
17 8 439 339 42 36 -1 -1 -1 0 
17 9 1096 354 183 265 -1 -1 -1 0 
18 1 798 324 65 59 -1 -1 -1 0 
18 4 310 341 66 41 -1 -1 -1 0 
18 5 478 335 32 32 -1 -1 -1 0 
18 8 423 337 47 39 -1 -1 -1 0 
18 9 1085 356 193 263 -1 -1 -1 0 
19 1 798 325 66 58 -1 -1 -1 0 
19 4 282 340 71 45 -1 -1 -1 0 
19 5 469 337 32 31 -1 -1 -1 0 
19 8 403 338 56 39 -1 -1 -1 0 
19 9 1070 361 209 257 -1 -1 -1 0 
20 1 799 325 65 58 -1 -1 -1 0 
20 4 247 340 81 47 -1 -1 -1 0 
20 5 458 336 37 32 -1 -1 -1 0 
20 8 382 339 62 40 -1 -1 -1 0 
20 9 1053 366 226 243 -1 -1 -1 0 
21 1 800 325 65 58 -1 -1 -1 0 
21 4 215 341 82 49 -1 -1 -1 0 
21 5 446 336 35 32 -1 -1 -1 0 
21 7 352 342 58 42 -1 -1 -1 0 
21 8 395 339 34 35 -1 -1 -1 0 
21 9 1043 367 235 242 -1 -1 -1 0 
22 1 801 325 64 57 -1 -1 -1 0 
22 4 170 341 96 55 -1 -1 -1 0 
22 5 429 337 41 32 -1 -1 -1 0 
22 7 377 340 34 37 -1 -1 -1 0 
22 8 342 342 59 40 -1 -1 -1 0 
22 9 1030 369 248 243 -1 -1 -1 0 
23 1 801 326 65 56 -1 -1 -1 0 
23 4 122 343 105 55 -1 -1 -1 0 
23 5 415 336 44 34 -1 -1 -1 0 
23 7 366 341 41 36 -1 -1 -1 0 
23 8 325 342 63 41 -1 -1 -1 0 
23 9 1020 373 254 232 -1 -1 -1 0 
24 1 802 326 63 56 -1 -1 -1 0 
24 4 56 344 115 61 -1 -1 -1 0 
24 5 399 335 49 36 -1 -1 -1 0 
24 7 344 342 46 37 -1 -1 -1 0 
24 8 257 348 71 42 -1 -1 -1 0 
24 9 1012 377 265 231 -1 -1 -1 0 
25 1 801 326 66 56 -1 -1 -1 0 
25 4 4 344 91 67 -1 -1 -1 0 
25 5 382 333 53 40 -1 -1 -1 0 
25 7 319 341 51 40 -1 -1 -1 0 
25 8 204 349 71 47 -1 -1 -1 0 
25 9 1004 376 272 229 -1 -1 -1 0 
26 1 801 325 66 58 -1 -1 -1 0 
26 4 0 344 52 70 -1 -1 -1 0 
26 5 363 336 45 39 -1 -1 -1 0 
26 7 278 340 67 43 -1 -1 -1 0 
26 8 174 350 74 48 -1 -1 -1 0 
26 9 998 375 279 227 -1 -1 -1 0 
27 1 800 325 68 58 -1 -1 -1 0 
27 5 341 337 44 41 -1 -1 -1 0 
27 7 232 340 81 47 -1 -1 -1 0 
27 9 991 375 286 221 -1 -1 -1 0 
28 1 800 325 69 58 -1 -1 -1 0 
28 5 316 340 43 41 -1 -1 -1 0 
28 7 191 340 88 52 -1 -1 -1 0 
28 9 985 373 291 218 -1 -1 -1 0 
29 1 800 325 69 57 -1 -1 -1 0 
29 5 301 340 44 42 -1 -1 -1 0 
29 7 136 341 106 56 -1 -1 -1 0 
29 9 978 370 298 217 -1 -1 -1 0 
30 1 801 325 68 57 -1 -1 -1 0 
30 7 118 341 113 58 -1 -1 -1 0 
30 9 969 371 308 211 -1 -1 -1 0 
31 1 800 325 70 57 -1 -1 -1 0 
31 9 965 369 308 212 -1 -1 -1 0 
32 1 801 325 69 57 -1 -1 -1 0 
32 3 452 333 36 37 -1 -1 -1 0 
32 5 237 339 33 52 -1 -1 -1 0 
32 9 954 367 319 213 -1 -1 -1 0 
33 1 802 325 68 57 -1 -1 -1 0 
33 3 449 334 37 36 -1 -1 -1 0 
33 5 219 339 33 53 -1 -1 -1 0 
33 9 947 366 324 215 -1 -1 -1 0 
34 1 802 325 68 57 -1 -1 -1 0 
34 3 437 334 43 36 -1 -1 -1 0 
34 9 944 363 328 217 -1 -1 -1 0 
35 1 803 325 67 58 -1 -1 -1 0 
35 3 465 335 37 34 -1 -1 -1 0 
35 9 939 357 331 224 -1 -1 -1 0 
36 1 803 325 69 57 -1 -1 -1 0 
36 3 466 337 39 33 -1 -1 -1 0 
36 9 930 352 343 224 -1 -1 -1 0 
37 1 805 325 66 58 -1 -1 -1 0 
37 3 458 338 42 34 -1 -1 -1 0 
37 9 925 348 346 226 -1 -1 -1 0 
38 1 805 326 67 57 -1 -1 -1 0 
38 3 444 337 43 37 -1 -1 -1 0 
38 9 917 347 357 223 -1 -1 -1 0 
39 1 805 326 68 57 -1 -1 -1 0 
39 3 427 337 49 38 -1 -1 -1 0 
39 9 912 349 366 219 -1 -1 -1 0 
40 1 807 325 65 59 -1 -1 -1 0 
40 3 406 335 57 42 -1 -1 -1 0 
40 9 908 348 369 216 -1 -1 -1 0 
