3 1 666 328 49 56 -1 -1 -1 0 
3 2 628 326 31 47 -1 -1 -1 0 
4 1 666 327 48 57 -1 -1 -1 0 
4 2 627 325 31 48 -1 -1 -1 0 
5 1 665 326 50 57 -1 -1 -1 0 
5 2 626 325 33 47 -1 -1 -1 0 
6 1 663 326 52 56 -1 -1 -1 0 
6 2 626 324 33 48 -1 -1 -1 0 
7 1 664 326 49 57 -1 -1 -1 0 
7 2 626 325 32 48 -1 -1 -1 0 
8 1 663 326 50 58 -1 -1 -1 0 
8 2 625 325 32 49 -1 -1 -1 0 
9 1 663 327 50 58 -1 -1 -1 0 
9 2 625 326 32 49 -1 -1 -1 0 
10 1 661 329 51 56 -1 -1 -1 0 
10 2 624 328 34 49 -1 -1 -1 0 
11 1 662 329 48 58 -1 -1 -1 0 
11 2 624 327 33 49 -1 -1 -1 0 
12 1 660 329 51 58 -1 -1 -1 0 
12 2 624 326 32 50 -1 -1 -1 0 
13 1 660 329 51 58 -1 -1 -1 0 
13 2 624 327 33 49 -1 -1 -1 0 
14 1 660 329 51 58 -1 -1 -1 0 
14 2 624 327 33 48 -1 -1 -1 0 
15 1 660 328 51 58 -1 -1 -1 0 
15 2 624 327 32 48 -1 -1 -1 0 
16 1 660 328 52 57 -1 -1 -1 0 
16 2 624 327 32 48 -1 -1 -1 0 
17 1 660 328 52 57 -1 -1 -1 0 
17 2 624 327 32 47 -1 -1 -1 0 
18 1 661 327 51 57 -1 -1 -1 0 
18 2 624 326 32 47 -1 -1 -1 0 
19 1 661 327 52 57 -1 -1 -1 0 
19 2 625 326 31 47 -1 -1 -1 0 
20 1 662 327 50 56 -1 -1 -1 0 
20 2 625 325 31 47 -1 -1 -1 0 
21 1 662 326 51 58 -1 -1 -1 0 
21 2 624 325 33 47 -1 -1 -1 0 
22 1 661 326 52 58 -1 -1 -1 0 
22 2 625 325 32 47 -1 -1 -1 0 
23 1 662 326 50 58 -1 -1 -1 0 
23 2 626 325 31 47 -1 -1 -1 0 
24 1 662 326 50 58 -1 -1 -1 0 
24 2 625 326 33 46 -1 -1 -1 0 
25 1 663 326 49 59 -1 -1 -1 0 
25 2 626 328 31 46 -1 -1 -1 0 
26 1 663 327 49 58 -1 -1 -1 0 
26 2 626 329 30 45 -1 -1 -1 0 
27 1 664 329 49 57 -1 -1 -1 0 
27 2 625 329 32 45 -1 -1 -1 0 
28 1 664 329 49 56 -1 -1 -1 0 
28 2 626 330 30 44 -1 -1 -1 0 
29 1 665 328 48 56 -1 -1 -1 0 
29 2 626 329 31 44 -1 -1 -1 0 
30 1 665 326 49 57 -1 -1 -1 0 
30 2 626 327 31 44 -1 -1 -1 0 
31 1 663 326 53 56 -1 -1 -1 0 
31 2 626 325 32 44 -1 -1 -1 0 
32 1 665 326 49 56 -1 -1 -1 0 
32 2 627 324 31 45 -1 -1 -1 0 
33 1 666 326 48 56 -1 -1 -1 0 
33 2 626 325 32 45 -1 -1 -1 0 
33 9 324 342 32 30 -1 -1 -1 0 
34 1 666 327 48 56 -1 -1 -1 0 
34 2 626 327 32 45 -1 -1 -1 0 
34 9 309 344 33 32 -1 -1 -1 0 
35 1 667 328 46 57 -1 -1 -1 0 
35 2 625 328 33 46 -1 -1 -1 0 
35 9 299 346 25 30 -1 -1 -1 0 
36 1 667 329 46 58 -1 -1 -1 0 
36 2 625 330 34 46 -1 -1 -1 0 
36 9 288 347 24 30 -1 -1 -1 0 
37 1 665 331 50 58 -1 -1 -1 0 
37 2 625 330 34 47 -1 -1 -1 0 
38 1 664 332 52 58 -1 -1 -1 0 
38 2 624 330 36 49 -1 -1 -1 0 
38 9 173 355 72 36 -1 -1 -1 0 
39 1 664 332 52 59 -1 -1 -1 0 
39 2 624 331 36 49 -1 -1 -1 0 
39 9 147 357 76 37 -1 -1 -1 0 
40 1 666 332 48 58 -1 -1 -1 0 
40 2 624 330 36 49 -1 -1 -1 0 
