3 1 0 334 449 285 -1 -1 -1 0 
4 1 1 333 443 288 -1 -1 -1 0 
5 1 3 335 460 280 -1 -1 -1 0 
6 1 8 335 458 278 -1 -1 -1 0 
7 1 11 338 459 272 -1 -1 -1 0 
7 2 671 334 45 50 -1 -1 -1 0 
8 1 14 338 463 270 -1 -1 -1 0 
8 2 672 335 44 49 -1 -1 -1 0 
9 1 2 339 487 269 -1 -1 -1 0 
9 2 670 341 48 46 -1 -1 -1 0 
10 1 1 340 488 268 -1 -1 -1 0 
10 2 671 343 47 45 -1 -1 -1 0 
11 1 0 341 494 264 -1 -1 -1 0 
11 2 671 344 46 45 -1 -1 -1 0 
12 1 3 342 473 259 -1 -1 -1 0 
12 2 671 346 46 45 -1 -1 -1 0 
13 1 1 344 467 254 -1 -1 -1 0 
13 2 672 345 43 45 -1 -1 -1 0 
14 1 3 345 450 247 -1 -1 -1 0 
14 2 672 343 45 46 -1 -1 -1 0 
15 1 12 345 435 241 -1 -1 -1 0 
15 2 674 340 43 47 -1 -1 -1 0 
16 1 24 344 427 237 -1 -1 -1 0 
16 2 674 337 42 48 -1 -1 -1 0 
17 1 24 342 456 230 -1 -1 -1 0 
17 2 673 335 43 49 -1 -1 -1 0 
18 1 50 341 435 224 -1 -1 -1 0 
18 2 673 334 43 49 -1 -1 -1 0 
19 1 67 342 411 221 -1 -1 -1 0 
19 2 673 334 43 49 -1 -1 -1 0 
20 1 80 341 403 219 -1 -1 -1 0 
20 2 673 335 44 48 -1 -1 -1 0 
21 1 92 343 394 214 -1 -1 -1 0 
21 2 673 336 44 49 -1 -1 -1 0 
22 1 108 344 385 208 -1 -1 -1 0 
22 2 673 336 45 50 -1 -1 -1 0 
23 1 119 346 377 204 -1 -1 -1 0 
23 2 671 338 49 49 -1 -1 -1 0 
24 1 128 346 370 200 -1 -1 -1 0 
24 2 673 338 45 48 -1 -1 -1 0 
25 1 137 346 360 198 -1 -1 -1 0 
25 2 672 338 47 48 -1 -1 -1 0 
26 1 143 344 355 199 -1 -1 -1 0 
26 2 674 337 44 48 -1 -1 -1 0 
27 1 156 343 342 197 -1 -1 -1 0 
27 2 674 336 44 49 -1 -1 -1 0 
28 1 164 343 336 192 -1 -1 -1 0 
28 2 673 336 45 48 -1 -1 -1 0 
29 1 172 344 329 188 -1 -1 -1 0 
29 2 674 335 44 48 -1 -1 -1 0 
30 1 181 346 322 183 -1 -1 -1 0 
30 2 674 335 44 48 -1 -1 -1 0 
31 1 188 346 317 180 -1 -1 -1 0 
31 2 673 334 45 48 -1 -1 -1 0 
32 1 194 347 316 178 -1 -1 -1 0 
32 2 674 335 44 47 -1 -1 -1 0 
33 1 202 347 309 175 -1 -1 -1 0 
33 2 674 335 45 47 -1 -1 -1 0 
34 1 211 347 300 173 -1 -1 -1 0 
34 2 675 335 44 49 -1 -1 -1 0 
35 1 219 346 291 171 -1 -1 -1 0 
35 2 675 335 44 49 -1 -1 -1 0 
36 1 224 346 285 170 -1 -1 -1 0 
36 2 675 335 43 49 -1 -1 -1 0 
37 1 229 346 282 168 -1 -1 -1 0 
37 2 674 336 46 49 -1 -1 -1 0 
38 1 237 344 275 168 -1 -1 -1 0 
38 2 674 336 45 49 -1 -1 -1 0 
39 1 241 343 273 166 -1 -1 -1 0 
39 2 674 336 45 49 -1 -1 -1 0 
40 1 248 342 274 165 -1 -1 -1 0 
40 2 674 336 44 49 -1 -1 -1 0 
40 3 155 348 69 48 -1 -1 -1 0 
