3 1 626 332 34 43 -1 -1 -1 0 
3 2 671 334 34 41 -1 -1 -1 0 
3 3 6 332 215 322 -1 -1 -1 0 
3 4 183 309 200 292 -1 -1 -1 0 
4 1 626 333 34 42 -1 -1 -1 0 
4 2 671 335 34 40 -1 -1 -1 0 
4 3 0 327 230 322 -1 -1 -1 0 
4 4 191 309 198 289 -1 -1 -1 0 
5 1 627 333 33 40 -1 -1 -1 0 
5 2 672 333 33 42 -1 -1 -1 0 
5 3 0 325 228 318 -1 -1 -1 0 
5 4 208 318 183 272 -1 -1 -1 0 
6 1 627 333 32 40 -1 -1 -1 0 
6 2 672 333 33 42 -1 -1 -1 0 
6 3 0 325 245 306 -1 -1 -1 0 
6 4 220 329 176 259 -1 -1 -1 0 
7 1 628 333 31 39 -1 -1 -1 0 
7 2 672 332 33 43 -1 -1 -1 0 
7 3 0 326 261 296 -1 -1 -1 0 
7 4 216 328 184 258 -1 -1 -1 0 
8 1 627 332 32 41 -1 -1 -1 0 
8 2 671 331 35 45 -1 -1 -1 0 
8 3 0 329 265 282 -1 -1 -1 0 
8 4 228 324 172 260 -1 -1 -1 0 
9 1 627 332 32 41 -1 -1 -1 0 
9 2 671 332 34 44 -1 -1 -1 0 
9 3 2 329 262 273 -1 -1 -1 0 
9 4 232 320 170 263 -1 -1 -1 0 
10 1 627 332 32 41 -1 -1 -1 0 
10 2 670 333 35 44 -1 -1 -1 0 
10 3 0 327 280 269 -1 -1 -1 0 
10 4 237 316 168 267 -1 -1 -1 0 
11 1 628 333 31 40 -1 -1 -1 0 
11 2 670 333 35 44 -1 -1 -1 0 
11 3 4 319 283 294 -1 -1 -1 0 
11 4 216 313 200 270 -1 -1 -1 0 
12 1 627 333 32 40 -1 -1 -1 0 
12 2 670 333 35 43 -1 -1 -1 0 
12 3 4 312 292 313 -1 -1 -1 0 
12 4 188 315 232 274 -1 -1 -1 0 
13 1 628 332 31 40 -1 -1 -1 0 
13 2 671 333 33 43 -1 -1 -1 0 
13 3 6 310 295 313 -1 -1 -1 0 
13 4 223 309 191 275 -1 -1 -1 0 
14 1 627 332 32 40 -1 -1 -1 0 
14 2 671 333 33 43 -1 -1 -1 0 
14 3 8 309 282 363 -1 -1 -1 0 
14 4 192 319 233 276 -1 -1 -1 0 
15 1 628 332 30 40 -1 -1 -1 0 
15 2 671 334 33 42 -1 -1 -1 0 
15 3 0 312 325 363 -1 -1 -1 0 
15 4 195 317 223 280 -1 -1 -1 0 
16 1 628 332 30 41 -1 -1 -1 0 
16 2 671 333 33 43 -1 -1 -1 0 
16 3 0 313 413 350 -1 -1 -1 0 
16 4 195 317 226 281 -1 -1 -1 0 
17 1 627 332 32 41 -1 -1 -1 0 
17 2 671 333 33 43 -1 -1 -1 0 
17 3 0 316 442 341 -1 -1 -1 0 
18 1 626 332 33 41 -1 -1 -1 0 
18 2 670 334 34 42 -1 -1 -1 0 
18 3 0 317 449 340 -1 -1 -1 0 
19 1 626 332 33 41 -1 -1 -1 0 
19 2 670 334 33 41 -1 -1 -1 0 
19 3 4 321 447 328 -1 -1 -1 0 
20 1 626 332 32 40 -1 -1 -1 0 
20 2 670 335 32 40 -1 -1 -1 0 
20 3 14 321 434 326 -1 -1 -1 0 
21 1 628 332 28 40 -1 -1 -1 0 
21 2 670 335 32 39 -1 -1 -1 0 
21 3 19 321 435 325 -1 -1 -1 0 
22 1 627 333 30 38 -1 -1 -1 0 
22 2 670 335 32 39 -1 -1 -1 0 
22 3 8 322 459 320 -1 -1 -1 0 
23 1 628 333 28 38 -1 -1 -1 0 
23 2 671 336 30 37 -1 -1 -1 0 
23 3 53 325 398 306 -1 -1 -1 0 
24 1 628 333 28 37 -1 -1 -1 0 
24 2 671 336 29 38 -1 -1 -1 0 
24 3 73 327 378 296 -1 -1 -1 0 
25 1 627 333 30 37 -1 -1 -1 0 
25 2 670 336 30 38 -1 -1 -1 0 
25 3 43 324 438 303 -1 -1 -1 0 
26 1 628 333 29 37 -1 -1 -1 0 
26 2 670 337 30 37 -1 -1 -1 0 
26 3 116 326 333 291 -1 -1 -1 0 
27 1 628 334 29 36 -1 -1 -1 0 
27 2 670 337 30 37 -1 -1 -1 0 
27 3 144 324 310 281 -1 -1 -1 0 
28 1 629 333 28 37 -1 -1 -1 0 
28 2 670 337 30 37 -1 -1 -1 0 
28 3 110 325 363 278 -1 -1 -1 0 
29 1 629 332 30 38 -1 -1 -1 0 
29 2 671 335 29 38 -1 -1 -1 0 
29 3 142 324 323 271 -1 -1 -1 0 
30 1 630 332 29 39 -1 -1 -1 0 
30 2 671 335 29 38 -1 -1 -1 0 
30 3 114 325 363 270 -1 -1 -1 0 
31 1 629 332 31 39 -1 -1 -1 0 
31 2 670 335 30 38 -1 -1 -1 0 
31 3 98 325 385 268 -1 -1 -1 0 
32 1 630 331 30 40 -1 -1 -1 0 
32 2 670 335 31 38 -1 -1 -1 0 
32 3 91 326 395 264 -1 -1 -1 0 
33 1 630 331 29 39 -1 -1 -1 0 
33 2 669 335 32 38 -1 -1 -1 0 
33 3 63 325 433 264 -1 -1 -1 0 
34 1 630 331 30 39 -1 -1 -1 0 
34 2 670 336 30 37 -1 -1 -1 0 
34 3 37 323 468 266 -1 -1 -1 0 
35 1 631 331 29 39 -1 -1 -1 0 
35 2 671 336 29 37 -1 -1 -1 0 
35 3 10 323 492 266 -1 -1 -1 0 
36 1 631 333 30 38 -1 -1 -1 0 
36 2 671 337 28 37 -1 -1 -1 0 
36 3 44 328 451 263 -1 -1 -1 0 
37 1 632 332 28 38 -1 -1 -1 0 
37 2 670 336 29 38 -1 -1 -1 0 
37 3 47 332 455 256 -1 -1 -1 0 
38 1 632 332 29 38 -1 -1 -1 0 
38 2 669 336 31 38 -1 -1 -1 0 
38 3 58 332 443 253 -1 -1 -1 0 
38 5 6 344 30 70 -1 -1 -1 0 
39 1 634 332 27 38 -1 -1 -1 0 
39 2 670 335 30 39 -1 -1 -1 0 
39 3 76 330 422 251 -1 -1 -1 0 
39 5 0 340 23 77 -1 -1 -1 0 
40 1 633 331 28 39 -1 -1 -1 0 
40 2 669 335 32 38 -1 -1 -1 0 
40 3 94 330 404 246 -1 -1 -1 0 
