3 1 534 329 81 74 -1 -1 -1 0 
3 2 672 330 41 48 -1 -1 -1 0 
4 1 536 328 79 75 -1 -1 -1 0 
4 2 671 331 42 47 -1 -1 -1 0 
5 1 537 329 80 73 -1 -1 -1 0 
5 2 671 331 41 47 -1 -1 -1 0 
6 1 541 329 76 71 -1 -1 -1 0 
6 2 672 332 40 45 -1 -1 -1 0 
7 1 543 329 74 70 -1 -1 -1 0 
7 2 672 332 40 45 -1 -1 -1 0 
7 5 622 338 32 34 -1 -1 -1 0 
8 1 545 330 73 68 -1 -1 -1 0 
8 2 672 332 40 46 -1 -1 -1 0 
8 5 627 338 26 34 -1 -1 -1 0 
9 1 548 330 71 68 -1 -1 -1 0 
9 2 672 332 40 46 -1 -1 -1 0 
9 5 628 338 25 34 -1 -1 -1 0 
10 1 550 330 68 68 -1 -1 -1 0 
10 2 672 331 40 47 -1 -1 -1 0 
10 5 628 338 27 34 -1 -1 -1 0 
11 1 551 330 68 68 -1 -1 -1 0 
11 2 671 332 42 47 -1 -1 -1 0 
11 5 628 338 26 34 -1 -1 -1 0 
12 1 553 330 66 67 -1 -1 -1 0 
12 2 671 332 42 47 -1 -1 -1 0 
12 5 626 338 29 33 -1 -1 -1 0 
13 1 553 329 68 65 -1 -1 -1 0 
13 2 671 332 41 45 -1 -1 -1 0 
13 5 625 337 30 34 -1 -1 -1 0 
14 1 554 329 68 65 -1 -1 -1 0 
14 2 671 333 41 44 -1 -1 -1 0 
14 5 623 338 33 32 -1 -1 -1 0 
15 1 554 329 69 64 -1 -1 -1 0 
15 2 671 333 41 44 -1 -1 -1 0 
15 5 624 338 32 32 -1 -1 -1 0 
16 1 556 329 66 64 -1 -1 -1 0 
16 2 672 333 39 44 -1 -1 -1 0 
16 5 623 338 33 32 -1 -1 -1 0 
17 1 558 329 64 63 -1 -1 -1 0 
17 2 672 333 39 43 -1 -1 -1 0 
17 5 623 338 34 32 -1 -1 -1 0 
18 1 559 328 63 63 -1 -1 -1 0 
18 2 672 333 39 43 -1 -1 -1 0 
18 10 63 346 100 52 -1 -1 -1 0 
19 1 560 328 61 63 -1 -1 -1 0 
19 2 671 332 40 44 -1 -1 -1 0 
19 5 627 338 29 32 -1 -1 -1 0 
19 10 4 348 98 53 -1 -1 -1 0 
20 1 562 328 59 62 -1 -1 -1 0 
20 2 670 332 41 44 -1 -1 -1 0 
20 5 628 338 28 32 -1 -1 -1 0 
20 10 0 349 64 54 -1 -1 -1 0 
21 1 564 327 58 63 -1 -1 -1 0 
21 2 670 332 41 44 -1 -1 -1 0 
21 5 628 337 28 33 -1 -1 -1 0 
22 1 565 327 58 61 -1 -1 -1 0 
22 2 670 332 41 43 -1 -1 -1 0 
22 5 628 336 28 34 -1 -1 -1 0 
23 1 565 327 60 60 -1 -1 -1 0 
23 2 670 332 41 43 -1 -1 -1 0 
23 5 628 336 28 34 -1 -1 -1 0 
23 13 1098 343 40 44 -1 -1 -1 0 
24 1 567 327 58 59 -1 -1 -1 0 
24 2 669 332 41 44 -1 -1 -1 0 
24 5 628 336 28 34 -1 -1 -1 0 
24 13 1101 340 47 47 -1 -1 -1 0 
24 15 96 341 90 57 -1 -1 -1 0 
24 16 710 329 24 32 -1 -1 -1 0 
25 1 567 328 57 57 -1 -1 -1 0 
25 2 669 331 41 45 -1 -1 -1 0 
25 5 625 337 31 33 -1 -1 -1 0 
25 13 1106 338 50 49 -1 -1 -1 0 
25 15 44 342 100 56 -1 -1 -1 0 
25 16 710 329 25 32 -1 -1 -1 0 
26 1 569 330 55 55 -1 -1 -1 0 
26 2 669 331 41 45 -1 -1 -1 0 
26 5 625 337 31 33 -1 -1 -1 0 
26 13 1125 347 44 42 -1 -1 -1 0 
26 15 0 344 100 55 -1 -1 -1 0 
26 16 711 329 25 32 -1 -1 -1 0 
27 1 570 331 54 53 -1 -1 -1 0 
27 2 668 332 42 44 -1 -1 -1 0 
27 5 626 338 29 32 -1 -1 -1 0 
27 13 1133 347 44 43 -1 -1 -1 0 
27 15 0 345 65 56 -1 -1 -1 0 
27 16 710 327 26 35 -1 -1 -1 0 
28 1 572 331 52 52 -1 -1 -1 0 
28 2 669 332 40 45 -1 -1 -1 0 
28 5 625 339 31 31 -1 -1 -1 0 
28 16 711 327 25 35 -1 -1 -1 0 
29 1 572 332 55 51 -1 -1 -1 0 
29 2 668 332 41 45 -1 -1 -1 0 
29 5 626 339 29 31 -1 -1 -1 0 
29 13 920 339 33 34 -1 -1 -1 0 
29 16 711 326 26 36 -1 -1 -1 0 
30 1 572 332 56 51 -1 -1 -1 0 
30 2 668 332 42 45 -1 -1 -1 0 
30 5 626 339 29 31 -1 -1 -1 0 
30 13 943 336 36 28 -1 -1 -1 0 
30 16 711 325 28 37 -1 -1 -1 0 
31 1 572 331 56 51 -1 -1 -1 0 
31 2 668 332 42 45 -1 -1 -1 0 
31 5 626 339 29 31 -1 -1 -1 0 
31 13 927 335 34 26 -1 -1 -1 0 
31 16 711 324 28 37 -1 -1 -1 0 
32 1 573 331 55 51 -1 -1 -1 0 
32 2 668 331 42 46 -1 -1 -1 0 
32 16 711 323 29 38 -1 -1 -1 0 
33 1 574 331 54 51 -1 -1 -1 0 
33 2 668 331 42 46 -1 -1 -1 0 
33 16 712 323 27 38 -1 -1 -1 0 
34 1 576 330 51 51 -1 -1 -1 0 
34 2 668 331 42 46 -1 -1 -1 0 
34 16 712 322 29 39 -1 -1 -1 0 
35 1 576 329 52 51 -1 -1 -1 0 
35 2 667 331 44 45 -1 -1 -1 0 
35 16 713 322 28 38 -1 -1 -1 0 
36 1 577 330 50 49 -1 -1 -1 0 
36 2 668 331 42 45 -1 -1 -1 0 
36 16 714 323 28 37 -1 -1 -1 0 
37 1 578 330 49 49 -1 -1 -1 0 
37 2 668 332 42 44 -1 -1 -1 0 
37 16 715 323 28 37 -1 -1 -1 0 
38 1 580 330 47 49 -1 -1 -1 0 
38 2 668 332 42 44 -1 -1 -1 0 
38 16 716 323 28 37 -1 -1 -1 0 
39 1 580 331 46 47 -1 -1 -1 0 
39 2 668 332 40 43 -1 -1 -1 0 
39 13 979 330 41 32 -1 -1 -1 0 
39 16 718 324 27 36 -1 -1 -1 0 
40 1 580 333 47 45 -1 -1 -1 0 
40 2 667 332 41 43 -1 -1 -1 0 
40 13 986 331 37 32 -1 -1 -1 0 
40 16 718 324 28 36 -1 -1 -1 0 
