3 1 653 330 38 44 -1 -1 -1 0 
4 1 652 329 40 45 -1 -1 -1 0 
5 1 654 329 37 45 -1 -1 -1 0 
5 5 744 332 51 45 -1 -1 -1 0 
6 1 653 330 39 45 -1 -1 -1 0 
6 5 745 331 48 46 -1 -1 -1 0 
6 7 59 313 52 37 -1 -1 -1 0 
7 1 653 329 39 45 -1 -1 -1 0 
7 5 745 331 48 46 -1 -1 -1 0 
7 7 54 313 51 37 -1 -1 -1 0 
8 1 654 329 38 45 -1 -1 -1 0 
8 5 746 332 45 46 -1 -1 -1 0 
8 7 46 312 36 37 -1 -1 -1 0 
9 1 653 329 39 45 -1 -1 -1 0 
9 5 745 332 49 46 -1 -1 -1 0 
9 7 37 312 33 37 -1 -1 -1 0 
10 1 653 330 39 44 -1 -1 -1 0 
10 5 745 333 47 45 -1 -1 -1 0 
10 7 35 311 36 37 -1 -1 -1 0 
11 1 653 330 39 44 -1 -1 -1 0 
11 5 745 332 47 46 -1 -1 -1 0 
11 7 28 311 37 37 -1 -1 -1 0 
12 1 654 330 37 44 -1 -1 -1 0 
12 5 744 333 48 46 -1 -1 -1 0 
13 1 654 329 37 45 -1 -1 -1 0 
13 5 743 332 50 47 -1 -1 -1 0 
14 1 654 329 37 45 -1 -1 -1 0 
14 5 744 331 48 48 -1 -1 -1 0 
15 1 653 328 39 47 -1 -1 -1 0 
15 5 743 331 50 48 -1 -1 -1 0 
15 7 0 311 22 37 -1 -1 -1 0 
16 1 653 329 40 46 -1 -1 -1 0 
16 5 741 332 52 47 -1 -1 -1 0 
16 7 0 311 13 37 -1 -1 -1 0 
17 1 653 330 39 45 -1 -1 -1 0 
17 5 742 333 48 48 -1 -1 -1 0 
18 1 653 331 38 44 -1 -1 -1 0 
18 5 742 334 48 48 -1 -1 -1 0 
19 1 652 331 39 45 -1 -1 -1 0 
19 5 741 334 48 49 -1 -1 -1 0 
19 17 448 333 25 26 -1 -1 -1 0 
20 1 652 332 38 43 -1 -1 -1 0 
20 5 740 334 48 49 -1 -1 -1 0 
20 17 438 333 31 27 -1 -1 -1 0 
21 1 651 332 39 43 -1 -1 -1 0 
21 5 740 334 47 48 -1 -1 -1 0 
21 17 429 330 30 30 -1 -1 -1 0 
22 1 651 331 38 43 -1 -1 -1 0 
22 5 740 334 46 49 -1 -1 -1 0 
22 17 419 330 33 31 -1 -1 -1 0 
23 1 652 331 37 43 -1 -1 -1 0 
23 5 739 334 46 48 -1 -1 -1 0 
23 17 406 331 34 31 -1 -1 -1 0 
24 1 651 331 38 43 -1 -1 -1 0 
24 5 739 334 45 48 -1 -1 -1 0 
24 17 392 329 43 34 -1 -1 -1 0 
25 1 650 332 39 42 -1 -1 -1 0 
25 5 738 336 48 47 -1 -1 -1 0 
25 17 380 329 42 35 -1 -1 -1 0 
26 1 650 332 38 42 -1 -1 -1 0 
26 5 738 336 47 47 -1 -1 -1 0 
26 17 362 330 46 37 -1 -1 -1 0 
26 22 261 323 50 44 -1 -1 -1 0 
27 1 650 332 38 42 -1 -1 -1 0 
27 5 738 336 46 46 -1 -1 -1 0 
27 17 342 330 50 38 -1 -1 -1 0 
27 22 250 322 53 45 -1 -1 -1 0 
28 1 650 333 37 41 -1 -1 -1 0 
28 5 737 336 47 46 -1 -1 -1 0 
28 17 318 329 55 41 -1 -1 -1 0 
28 22 216 327 49 39 -1 -1 -1 0 
29 1 650 333 37 40 -1 -1 -1 0 
29 5 737 335 46 47 -1 -1 -1 0 
29 17 292 328 59 44 -1 -1 -1 0 
29 22 200 328 48 38 -1 -1 -1 0 
30 1 651 333 36 40 -1 -1 -1 0 
30 5 736 335 47 47 -1 -1 -1 0 
30 17 261 330 55 45 -1 -1 -1 0 
31 1 650 333 38 40 -1 -1 -1 0 
31 5 736 335 47 47 -1 -1 -1 0 
31 17 223 331 46 48 -1 -1 -1 0 
31 27 340 332 40 31 -1 -1 -1 0 
32 1 651 331 37 42 -1 -1 -1 0 
32 5 736 333 48 49 -1 -1 -1 0 
32 17 172 329 63 55 -1 -1 -1 0 
32 27 318 330 38 34 -1 -1 -1 0 
33 1 650 332 39 42 -1 -1 -1 0 
33 5 736 334 49 49 -1 -1 -1 0 
33 17 145 329 66 57 -1 -1 -1 0 
33 27 291 327 53 39 -1 -1 -1 0 
34 1 651 332 38 42 -1 -1 -1 0 
34 5 736 335 49 47 -1 -1 -1 0 
34 27 274 326 56 41 -1 -1 -1 0 
34 35 0 319 94 82 -1 -1 -1 0 
35 1 651 332 37 42 -1 -1 -1 0 
35 5 738 335 46 49 -1 -1 -1 0 
35 35 3 307 90 101 -1 -1 -1 0 
36 1 650 332 38 42 -1 -1 -1 0 
36 5 737 336 48 49 -1 -1 -1 0 
36 27 201 326 54 50 -1 -1 -1 0 
36 35 6 305 95 108 -1 -1 -1 0 
37 1 651 333 37 41 -1 -1 -1 0 
37 5 738 336 46 50 -1 -1 -1 0 
37 17 0 310 44 53 -1 -1 -1 0 
37 27 159 322 58 56 -1 -1 -1 0 
38 1 651 333 38 42 -1 -1 -1 0 
38 5 738 336 47 51 -1 -1 -1 0 
38 17 0 308 11 54 -1 -1 -1 0 
38 27 135 324 74 60 -1 -1 -1 0 
38 38 483 329 26 25 -1 -1 -1 0 
39 1 652 333 36 41 -1 -1 -1 0 
39 5 739 336 46 50 -1 -1 -1 0 
39 27 109 323 78 63 -1 -1 -1 0 
39 38 481 330 26 23 -1 -1 -1 0 
40 1 653 334 36 39 -1 -1 -1 0 
40 5 739 336 47 50 -1 -1 -1 0 
40 38 472 330 28 26 -1 -1 -1 0 
