3 1 933 338 338 216 -1 -1 -1 0 
3 2 672 336 53 62 -1 -1 -1 0 
3 3 726 316 40 60 -1 -1 -1 0 
4 1 933 337 342 220 -1 -1 -1 0 
4 2 672 335 54 63 -1 -1 -1 0 
4 3 727 315 40 60 -1 -1 -1 0 
5 1 935 335 341 226 -1 -1 -1 0 
5 2 672 335 55 63 -1 -1 -1 0 
5 3 728 314 41 61 -1 -1 -1 0 
6 1 936 335 342 228 -1 -1 -1 0 
6 2 672 334 56 63 -1 -1 -1 0 
6 3 729 313 42 60 -1 -1 -1 0 
7 1 939 335 338 230 -1 -1 -1 0 
7 2 672 333 56 63 -1 -1 -1 0 
7 3 730 312 42 61 -1 -1 -1 0 
8 1 942 335 332 232 -1 -1 -1 0 
8 2 674 332 55 62 -1 -1 -1 0 
8 3 731 312 42 60 -1 -1 -1 0 
9 1 945 335 327 234 -1 -1 -1 0 
9 2 675 332 54 62 -1 -1 -1 0 
9 3 731 311 43 61 -1 -1 -1 0 
10 1 948 335 321 236 -1 -1 -1 0 
10 2 676 333 54 60 -1 -1 -1 0 
10 3 732 311 42 61 -1 -1 -1 0 
11 1 953 335 317 238 -1 -1 -1 0 
11 2 677 333 54 61 -1 -1 -1 0 
11 3 732 311 43 60 -1 -1 -1 0 
12 1 957 336 315 240 -1 -1 -1 0 
12 2 678 333 53 61 -1 -1 -1 0 
12 3 734 311 41 60 -1 -1 -1 0 
13 1 961 336 313 241 -1 -1 -1 0 
13 2 678 333 53 61 -1 -1 -1 0 
13 3 734 311 42 60 -1 -1 -1 0 
14 1 964 336 312 244 -1 -1 -1 0 
14 2 678 333 54 61 -1 -1 -1 0 
14 3 735 312 41 59 -1 -1 -1 0 
15 1 968 336 309 244 -1 -1 -1 0 
15 2 677 333 57 61 -1 -1 -1 0 
15 3 736 312 41 59 -1 -1 -1 0 
16 1 971 337 308 242 -1 -1 -1 0 
16 2 678 333 56 60 -1 -1 -1 0 
16 3 736 311 42 60 -1 -1 -1 0 
17 1 975 337 303 241 -1 -1 -1 0 
17 2 679 333 56 60 -1 -1 -1 0 
17 3 736 311 42 61 -1 -1 -1 0 
18 1 979 335 299 241 -1 -1 -1 0 
18 2 679 332 57 61 -1 -1 -1 0 
18 3 737 310 41 62 -1 -1 -1 0 
19 1 983 335 294 242 -1 -1 -1 0 
19 2 679 331 58 61 -1 -1 -1 0 
19 3 737 310 42 62 -1 -1 -1 0 
20 1 986 336 289 246 -1 -1 -1 0 
20 2 679 331 58 61 -1 -1 -1 0 
20 3 739 309 40 64 -1 -1 -1 0 
21 1 990 335 283 250 -1 -1 -1 0 
21 2 679 330 58 62 -1 -1 -1 0 
21 3 738 310 43 63 -1 -1 -1 0 
22 1 992 334 284 253 -1 -1 -1 0 
22 2 679 329 59 63 -1 -1 -1 0 
22 3 740 310 41 63 -1 -1 -1 0 
23 1 998 334 277 254 -1 -1 -1 0 
23 2 680 330 58 63 -1 -1 -1 0 
23 3 740 310 42 63 -1 -1 -1 0 
24 1 1002 337 274 251 -1 -1 -1 0 
24 2 681 332 57 61 -1 -1 -1 0 
24 3 741 310 41 63 -1 -1 -1 0 
25 1 1006 340 271 249 -1 -1 -1 0 
25 2 682 333 57 61 -1 -1 -1 0 
25 3 742 311 41 62 -1 -1 -1 0 
26 1 1010 344 268 246 -1 -1 -1 0 
26 2 683 334 55 60 -1 -1 -1 0 
26 3 743 311 41 62 -1 -1 -1 0 
27 1 1013 347 265 246 -1 -1 -1 0 
27 2 682 335 57 59 -1 -1 -1 0 
27 3 743 311 42 63 -1 -1 -1 0 
28 1 1018 348 260 246 -1 -1 -1 0 
28 2 681 333 56 61 -1 -1 -1 0 
28 3 743 310 42 64 -1 -1 -1 0 
28 9 268 360 51 36 -1 -1 -1 0 
29 1 1022 350 257 244 -1 -1 -1 0 
29 2 680 333 57 61 -1 -1 -1 0 
29 3 742 310 43 65 -1 -1 -1 0 
29 9 258 361 50 35 -1 -1 -1 0 
30 1 1027 348 252 248 -1 -1 -1 0 
30 2 680 331 57 62 -1 -1 -1 0 
30 3 742 309 42 64 -1 -1 -1 0 
31 1 1031 345 247 254 -1 -1 -1 0 
31 2 679 330 59 63 -1 -1 -1 0 
31 3 740 310 45 61 -1 -1 -1 0 
32 1 1033 341 246 259 -1 -1 -1 0 
32 2 679 329 60 63 -1 -1 -1 0 
32 3 741 310 42 60 -1 -1 -1 0 
33 1 1036 342 243 257 -1 -1 -1 0 
33 2 679 329 60 63 -1 -1 -1 0 
33 3 741 310 42 60 -1 -1 -1 0 
34 1 1040 337 239 263 -1 -1 -1 0 
34 2 679 329 61 63 -1 -1 -1 0 
34 3 742 310 41 61 -1 -1 -1 0 
35 1 1043 338 236 266 -1 -1 -1 0 
35 2 679 329 61 64 -1 -1 -1 0 
35 3 742 310 42 62 -1 -1 -1 0 
36 1 1047 338 232 268 -1 -1 -1 0 
36 2 680 333 57 61 -1 -1 -1 0 
36 3 743 310 41 63 -1 -1 -1 0 
37 1 1051 338 228 270 -1 -1 -1 0 
37 2 680 334 56 61 -1 -1 -1 0 
37 3 743 311 42 62 -1 -1 -1 0 
38 1 1053 338 225 271 -1 -1 -1 0 
38 2 679 334 57 62 -1 -1 -1 0 
38 3 744 311 41 62 -1 -1 -1 0 
39 1 1057 338 221 273 -1 -1 -1 0 
39 2 679 335 57 61 -1 -1 -1 0 
39 3 743 311 42 63 -1 -1 -1 0 
40 1 1062 344 216 269 -1 -1 -1 0 
40 2 679 335 56 62 -1 -1 -1 0 
40 3 743 311 41 63 -1 -1 -1 0 
