3 1 633 329 53 59 -1 -1 -1 0 
4 1 634 329 52 58 -1 -1 -1 0 
5 1 633 329 53 58 -1 -1 -1 0 
6 1 634 329 52 58 -1 -1 -1 0 
7 1 636 330 50 57 -1 -1 -1 0 
8 1 637 330 50 57 -1 -1 -1 0 
9 1 638 329 49 58 -1 -1 -1 0 
10 1 640 328 47 58 -1 -1 -1 0 
11 1 642 329 47 56 -1 -1 -1 0 
12 1 642 329 48 56 -1 -1 -1 0 
13 1 644 329 46 56 -1 -1 -1 0 
14 1 644 330 47 55 -1 -1 -1 0 
15 1 645 330 48 55 -1 -1 -1 0 
16 1 646 331 47 55 -1 -1 -1 0 
17 1 646 331 47 55 -1 -1 -1 0 
18 1 646 332 47 53 -1 -1 -1 0 
19 1 647 332 46 53 -1 -1 -1 0 
20 1 647 332 47 53 -1 -1 -1 0 
21 1 647 333 47 52 -1 -1 -1 0 
22 1 648 334 46 51 -1 -1 -1 0 
23 1 649 334 45 51 -1 -1 -1 0 
24 1 649 334 44 52 -1 -1 -1 0 
25 1 649 334 46 53 -1 -1 -1 0 
26 1 649 334 47 53 -1 -1 -1 0 
27 1 649 334 47 53 -1 -1 -1 0 
28 1 649 334 47 53 -1 -1 -1 0 
29 1 649 334 47 52 -1 -1 -1 0 
30 1 649 334 47 51 -1 -1 -1 0 
31 1 649 333 47 50 -1 -1 -1 0 
32 1 649 332 46 51 -1 -1 -1 0 
33 1 649 331 46 51 -1 -1 -1 0 
34 1 649 331 47 51 -1 -1 -1 0 
35 1 649 330 47 52 -1 -1 -1 0 
36 1 650 330 45 52 -1 -1 -1 0 
37 1 649 331 47 51 -1 -1 -1 0 
38 1 651 330 43 51 -1 -1 -1 0 
39 1 651 330 43 50 -1 -1 -1 0 
40 1 651 330 43 50 -1 -1 -1 0 
