3 1 517 334 44 47 -1 -1 -1 0 
3 2 586 329 53 50 -1 -1 -1 0 
4 1 520 334 43 46 -1 -1 -1 0 
4 2 588 329 50 50 -1 -1 -1 0 
5 1 524 333 41 46 -1 -1 -1 0 
5 2 588 328 52 52 -1 -1 -1 0 
5 6 650 336 119 85 -1 -1 -1 0 
6 1 526 336 42 43 -1 -1 -1 0 
6 2 589 328 51 52 -1 -1 -1 0 
6 6 648 338 122 83 -1 -1 -1 0 
7 1 529 337 41 41 -1 -1 -1 0 
7 2 591 328 49 52 -1 -1 -1 0 
7 6 648 337 122 83 -1 -1 -1 0 
8 1 532 337 39 40 -1 -1 -1 0 
8 2 590 328 52 52 -1 -1 -1 0 
8 6 648 337 123 83 -1 -1 -1 0 
9 1 535 336 36 41 -1 -1 -1 0 
9 2 589 328 54 52 -1 -1 -1 0 
9 6 648 336 124 84 -1 -1 -1 0 
9 11 865 325 77 66 -1 -1 -1 0 
10 1 536 336 37 41 -1 -1 -1 0 
10 2 590 328 53 51 -1 -1 -1 0 
10 11 864 325 77 66 -1 -1 -1 0 
11 1 538 335 36 41 -1 -1 -1 0 
11 2 592 329 50 49 -1 -1 -1 0 
12 1 541 335 37 40 -1 -1 -1 0 
12 2 593 329 50 49 -1 -1 -1 0 
12 6 648 336 123 84 -1 -1 -1 0 
13 1 543 335 37 39 -1 -1 -1 0 
13 2 594 329 49 48 -1 -1 -1 0 
13 6 648 337 122 82 -1 -1 -1 0 
13 11 854 324 71 65 -1 -1 -1 0 
14 1 544 333 37 41 -1 -1 -1 0 
14 2 596 328 47 49 -1 -1 -1 0 
14 6 648 337 122 82 -1 -1 -1 0 
14 11 849 322 74 66 -1 -1 -1 0 
15 1 545 335 38 38 -1 -1 -1 0 
15 2 597 328 46 49 -1 -1 -1 0 
15 6 648 337 121 82 -1 -1 -1 0 
15 11 847 321 71 67 -1 -1 -1 0 
16 1 548 335 36 38 -1 -1 -1 0 
16 2 597 328 46 49 -1 -1 -1 0 
16 6 648 336 120 84 -1 -1 -1 0 
16 11 844 321 72 67 -1 -1 -1 0 
17 1 550 335 35 37 -1 -1 -1 0 
17 2 597 328 47 48 -1 -1 -1 0 
17 6 648 336 120 84 -1 -1 -1 0 
17 11 838 319 77 65 -1 -1 -1 0 
18 1 553 335 32 38 -1 -1 -1 0 
18 2 598 329 46 46 -1 -1 -1 0 
18 6 647 338 123 82 -1 -1 -1 0 
18 11 840 320 71 65 -1 -1 -1 0 
19 1 554 335 32 38 -1 -1 -1 0 
19 2 600 330 44 45 -1 -1 -1 0 
19 6 649 339 121 81 -1 -1 -1 0 
19 11 837 321 72 65 -1 -1 -1 0 
20 1 556 336 32 36 -1 -1 -1 0 
20 2 601 330 42 45 -1 -1 -1 0 
20 6 649 339 120 80 -1 -1 -1 0 
20 11 834 325 73 60 -1 -1 -1 0 
21 1 560 336 28 35 -1 -1 -1 0 
21 2 602 330 42 45 -1 -1 -1 0 
21 6 649 340 122 79 -1 -1 -1 0 
21 11 833 325 69 60 -1 -1 -1 0 
22 1 561 337 28 35 -1 -1 -1 0 
22 2 602 331 43 43 -1 -1 -1 0 
22 6 650 339 120 80 -1 -1 -1 0 
22 11 831 325 69 60 -1 -1 -1 0 
23 1 562 335 29 37 -1 -1 -1 0 
23 2 603 331 42 43 -1 -1 -1 0 
23 6 649 339 121 80 -1 -1 -1 0 
24 1 563 335 29 36 -1 -1 -1 0 
24 2 603 332 41 41 -1 -1 -1 0 
24 6 650 340 120 79 -1 -1 -1 0 
25 1 565 335 26 35 -1 -1 -1 0 
25 2 602 332 43 41 -1 -1 -1 0 
25 6 651 340 118 78 -1 -1 -1 0 
26 1 565 334 28 36 -1 -1 -1 0 
26 2 602 332 43 41 -1 -1 -1 0 
26 6 653 339 114 79 -1 -1 -1 0 
26 11 826 335 61 48 -1 -1 -1 0 
27 1 566 334 29 35 -1 -1 -1 0 
27 2 602 332 44 41 -1 -1 -1 0 
27 6 653 338 113 80 -1 -1 -1 0 
27 11 825 337 60 46 -1 -1 -1 0 
28 1 568 334 28 35 -1 -1 -1 0 
28 2 604 332 42 40 -1 -1 -1 0 
28 6 653 338 114 81 -1 -1 -1 0 
28 11 825 338 58 45 -1 -1 -1 0 
29 1 570 333 30 35 -1 -1 -1 0 
29 2 603 330 45 42 -1 -1 -1 0 
29 6 653 338 114 81 -1 -1 -1 0 
29 11 825 337 57 45 -1 -1 -1 0 
29 19 196 314 310 220 -1 -1 -1 0 
30 1 572 333 28 34 -1 -1 -1 0 
30 2 603 329 47 43 -1 -1 -1 0 
30 6 653 337 113 82 -1 -1 -1 0 
30 11 826 336 54 46 -1 -1 -1 0 
30 19 216 308 291 222 -1 -1 -1 0 
31 1 573 333 28 33 -1 -1 -1 0 
31 2 603 329 47 42 -1 -1 -1 0 
31 6 653 337 113 82 -1 -1 -1 0 
31 11 823 336 57 45 -1 -1 -1 0 
31 19 228 307 293 214 -1 -1 -1 0 
32 1 574 333 28 33 -1 -1 -1 0 
32 2 603 331 48 39 -1 -1 -1 0 
32 6 652 339 115 80 -1 -1 -1 0 
32 11 820 337 56 44 -1 -1 -1 0 
32 19 248 307 275 210 -1 -1 -1 0 
33 2 604 331 48 38 -1 -1 -1 0 
33 6 653 338 113 80 -1 -1 -1 0 
33 11 818 339 55 41 -1 -1 -1 0 
33 19 262 306 268 202 -1 -1 -1 0 
34 2 605 331 46 38 -1 -1 -1 0 
34 6 653 339 116 79 -1 -1 -1 0 
34 11 817 340 53 39 -1 -1 -1 0 
34 19 279 307 255 195 -1 -1 -1 0 
35 1 578 333 29 33 -1 -1 -1 0 
35 2 608 333 40 37 -1 -1 -1 0 
35 6 654 339 115 78 -1 -1 -1 0 
35 11 816 339 52 40 -1 -1 -1 0 
35 19 296 311 238 187 -1 -1 -1 0 
36 1 579 333 29 33 -1 -1 -1 0 
36 2 607 332 43 37 -1 -1 -1 0 
36 11 814 339 54 40 -1 -1 -1 0 
36 19 310 308 225 188 -1 -1 -1 0 
37 2 607 332 43 37 -1 -1 -1 0 
37 6 655 337 112 80 -1 -1 -1 0 
37 11 815 337 52 42 -1 -1 -1 0 
37 19 319 312 221 180 -1 -1 -1 0 
38 2 609 333 40 35 -1 -1 -1 0 
38 6 655 336 110 82 -1 -1 -1 0 
38 11 813 337 53 42 -1 -1 -1 0 
38 19 329 317 218 170 -1 -1 -1 0 
39 1 584 333 26 32 -1 -1 -1 0 
39 2 611 332 38 35 -1 -1 -1 0 
39 6 655 335 111 83 -1 -1 -1 0 
39 11 810 337 55 41 -1 -1 -1 0 
39 19 342 318 206 166 -1 -1 -1 0 
40 1 584 332 24 33 -1 -1 -1 0 
40 2 611 332 40 36 -1 -1 -1 0 
40 6 656 335 110 83 -1 -1 -1 0 
40 11 812 338 50 39 -1 -1 -1 0 
40 19 352 316 199 164 -1 -1 -1 0 
