3 1 422 339 43 43 -1 -1 -1 0 
3 2 744 334 41 50 -1 -1 -1 0 
3 3 641 333 29 42 -1 -1 -1 0 
3 4 561 337 29 35 -1 -1 -1 0 
4 1 415 339 44 43 -1 -1 -1 0 
4 2 744 334 42 50 -1 -1 -1 0 
4 3 640 333 30 42 -1 -1 -1 0 
4 4 557 337 28 37 -1 -1 -1 0 
5 2 744 334 43 49 -1 -1 -1 0 
5 3 640 333 30 41 -1 -1 -1 0 
5 4 552 337 28 37 -1 -1 -1 0 
6 2 746 331 42 50 -1 -1 -1 0 
6 3 641 332 29 42 -1 -1 -1 0 
6 4 542 336 32 40 -1 -1 -1 0 
7 2 746 332 42 50 -1 -1 -1 0 
7 3 641 333 29 41 -1 -1 -1 0 
7 4 533 337 34 38 -1 -1 -1 0 
8 2 746 331 43 51 -1 -1 -1 0 
8 3 642 333 28 41 -1 -1 -1 0 
8 4 527 337 35 39 -1 -1 -1 0 
9 2 747 332 43 50 -1 -1 -1 0 
10 2 747 332 43 49 -1 -1 -1 0 
10 3 642 333 28 40 -1 -1 -1 0 
11 2 749 332 40 49 -1 -1 -1 0 
11 3 642 333 28 40 -1 -1 -1 0 
11 4 534 338 26 28 -1 -1 -1 0 
12 1 450 338 63 47 -1 -1 -1 0 
12 2 749 331 41 50 -1 -1 -1 0 
12 3 641 333 29 40 -1 -1 -1 0 
12 4 532 338 24 27 -1 -1 -1 0 
13 1 439 338 63 49 -1 -1 -1 0 
13 2 748 331 43 50 -1 -1 -1 0 
13 3 642 333 28 40 -1 -1 -1 0 
13 4 530 339 21 25 -1 -1 -1 0 
14 1 410 340 79 49 -1 -1 -1 0 
14 2 748 333 44 47 -1 -1 -1 0 
14 3 642 333 28 40 -1 -1 -1 0 
14 4 528 339 19 24 -1 -1 -1 0 
15 1 378 342 71 52 -1 -1 -1 0 
15 2 748 333 44 47 -1 -1 -1 0 
15 4 520 339 24 27 -1 -1 -1 0 
16 1 325 347 79 54 -1 -1 -1 0 
16 2 749 333 43 47 -1 -1 -1 0 
16 4 517 338 23 27 -1 -1 -1 0 
17 1 253 354 79 57 -1 -1 -1 0 
17 2 749 333 42 47 -1 -1 -1 0 
18 1 220 350 103 64 -1 -1 -1 0 
18 2 749 333 43 47 -1 -1 -1 0 
18 3 643 333 27 40 -1 -1 -1 0 
19 1 198 352 108 64 -1 -1 -1 0 
19 2 749 333 43 47 -1 -1 -1 0 
19 3 643 333 27 40 -1 -1 -1 0 
20 1 229 349 97 55 -1 -1 -1 0 
20 2 749 332 42 48 -1 -1 -1 0 
20 3 642 334 27 39 -1 -1 -1 0 
20 4 485 333 31 36 -1 -1 -1 0 
21 1 214 353 90 50 -1 -1 -1 0 
21 2 749 332 43 49 -1 -1 -1 0 
21 3 642 333 27 39 -1 -1 -1 0 
21 4 476 331 33 40 -1 -1 -1 0 
22 1 161 355 103 56 -1 -1 -1 0 
22 2 749 333 44 50 -1 -1 -1 0 
22 3 642 333 27 39 -1 -1 -1 0 
22 4 467 331 36 40 -1 -1 -1 0 
23 1 141 356 107 56 -1 -1 -1 0 
23 2 748 331 45 51 -1 -1 -1 0 
23 4 458 332 37 40 -1 -1 -1 0 
24 2 748 331 44 50 -1 -1 -1 0 
24 4 446 330 43 42 -1 -1 -1 0 
25 2 747 333 46 48 -1 -1 -1 0 
25 4 434 330 46 43 -1 -1 -1 0 
26 2 748 332 44 49 -1 -1 -1 0 
26 3 640 332 27 39 -1 -1 -1 0 
26 4 420 330 53 43 -1 -1 -1 0 
27 2 748 332 44 49 -1 -1 -1 0 
27 3 639 332 28 39 -1 -1 -1 0 
27 4 407 331 53 44 -1 -1 -1 0 
28 2 747 334 45 48 -1 -1 -1 0 
28 3 639 332 27 39 -1 -1 -1 0 
28 4 391 331 54 45 -1 -1 -1 0 
29 2 747 335 45 48 -1 -1 -1 0 
29 3 640 332 25 39 -1 -1 -1 0 
29 4 374 332 55 47 -1 -1 -1 0 
30 2 747 335 46 49 -1 -1 -1 0 
30 3 639 331 26 40 -1 -1 -1 0 
30 4 351 330 63 50 -1 -1 -1 0 
31 2 747 334 47 51 -1 -1 -1 0 
31 3 639 332 26 40 -1 -1 -1 0 
31 4 329 330 67 55 -1 -1 -1 0 
32 2 746 335 49 51 -1 -1 -1 0 
32 3 639 332 26 40 -1 -1 -1 0 
32 4 299 329 79 58 -1 -1 -1 0 
33 2 747 333 48 52 -1 -1 -1 0 
33 4 266 331 88 59 -1 -1 -1 0 
34 2 747 333 48 52 -1 -1 -1 0 
34 4 226 333 103 62 -1 -1 -1 0 
35 2 747 333 49 52 -1 -1 -1 0 
35 4 179 332 113 68 -1 -1 -1 0 
36 2 747 334 50 52 -1 -1 -1 0 
36 4 161 332 94 70 -1 -1 -1 0 
37 1 32 346 84 72 -1 -1 -1 0 
37 2 749 333 47 53 -1 -1 -1 0 
37 3 640 332 27 40 -1 -1 -1 0 
37 4 97 335 115 74 -1 -1 -1 0 
38 1 4 334 132 91 -1 -1 -1 0 
38 2 749 332 48 55 -1 -1 -1 0 
38 3 640 331 27 40 -1 -1 -1 0 
38 4 64 335 121 77 -1 -1 -1 0 
39 1 11 312 58 118 -1 -1 -1 0 
39 2 748 333 49 54 -1 -1 -1 0 
40 1 4 309 47 122 -1 -1 -1 0 
40 2 748 333 49 54 -1 -1 -1 0 
