3 1 915 347 364 190 -1 -1 -1 0 
3 2 725 329 41 51 -1 -1 -1 0 
4 1 918 348 361 193 -1 -1 -1 0 
4 2 724 329 42 52 -1 -1 -1 0 
5 1 921 348 358 198 -1 -1 -1 0 
5 2 725 329 42 52 -1 -1 -1 0 
6 1 924 348 355 204 -1 -1 -1 0 
6 2 724 329 45 53 -1 -1 -1 0 
7 1 931 348 347 210 -1 -1 -1 0 
7 2 725 329 44 53 -1 -1 -1 0 
8 1 936 348 342 213 -1 -1 -1 0 
8 2 725 329 45 53 -1 -1 -1 0 
9 1 944 347 331 220 -1 -1 -1 0 
9 2 726 330 43 52 -1 -1 -1 0 
10 1 948 347 328 224 -1 -1 -1 0 
10 2 726 330 43 51 -1 -1 -1 0 
11 1 952 347 323 231 -1 -1 -1 0 
11 2 727 331 41 52 -1 -1 -1 0 
12 1 959 347 315 238 -1 -1 -1 0 
12 2 727 331 42 52 -1 -1 -1 0 
13 1 967 346 308 246 -1 -1 -1 0 
13 2 728 333 42 50 -1 -1 -1 0 
14 1 971 349 308 239 -1 -1 -1 0 
14 2 729 333 40 50 -1 -1 -1 0 
15 1 979 353 297 231 -1 -1 -1 0 
15 2 728 332 43 52 -1 -1 -1 0 
16 1 991 352 284 236 -1 -1 -1 0 
16 2 729 332 43 52 -1 -1 -1 0 
17 1 997 354 280 235 -1 -1 -1 0 
17 2 729 333 43 51 -1 -1 -1 0 
18 1 1005 354 272 232 -1 -1 -1 0 
18 2 730 333 43 50 -1 -1 -1 0 
19 1 1018 353 260 234 -1 -1 -1 0 
19 2 731 333 43 50 -1 -1 -1 0 
20 1 1028 351 250 239 -1 -1 -1 0 
20 2 731 332 43 51 -1 -1 -1 0 
21 1 1036 351 242 245 -1 -1 -1 0 
21 2 731 332 44 51 -1 -1 -1 0 
22 1 1049 356 229 245 -1 -1 -1 0 
22 2 731 332 45 52 -1 -1 -1 0 
23 1 1060 360 219 240 -1 -1 -1 0 
23 2 731 332 44 52 -1 -1 -1 0 
24 1 1076 360 200 247 -1 -1 -1 0 
24 2 731 332 45 52 -1 -1 -1 0 
25 1 1091 360 185 253 -1 -1 -1 0 
25 2 731 333 46 51 -1 -1 -1 0 
26 1 1106 359 171 259 -1 -1 -1 0 
26 2 732 333 45 50 -1 -1 -1 0 
27 1 1122 353 155 268 -1 -1 -1 0 
27 2 732 334 46 49 -1 -1 -1 0 
28 1 1149 349 125 283 -1 -1 -1 0 
28 2 732 334 47 49 -1 -1 -1 0 
29 1 1165 348 105 289 -1 -1 -1 0 
29 2 732 334 49 49 -1 -1 -1 0 
30 2 733 334 48 49 -1 -1 -1 0 
31 2 734 333 48 51 -1 -1 -1 0 
32 2 734 332 49 51 -1 -1 -1 0 
33 2 735 332 49 51 -1 -1 -1 0 
34 2 736 331 49 52 -1 -1 -1 0 
35 2 735 331 51 51 -1 -1 -1 0 
36 2 736 332 50 51 -1 -1 -1 0 
37 2 736 332 50 53 -1 -1 -1 0 
38 2 736 332 52 53 -1 -1 -1 0 
39 2 736 332 53 54 -1 -1 -1 0 
40 2 737 332 53 55 -1 -1 -1 0 
