3 1 550 329 82 72 -1 -1 -1 0 
3 2 774 331 74 66 -1 -1 -1 0 
4 1 551 329 82 72 -1 -1 -1 0 
4 2 775 331 71 65 -1 -1 -1 0 
5 1 553 328 79 73 -1 -1 -1 0 
5 2 774 331 71 64 -1 -1 -1 0 
5 11 837 332 30 40 -1 -1 -1 0 
6 1 553 327 80 74 -1 -1 -1 0 
6 2 772 332 70 63 -1 -1 -1 0 
6 11 836 334 32 38 -1 -1 -1 0 
7 1 554 326 80 75 -1 -1 -1 0 
7 2 773 332 67 62 -1 -1 -1 0 
7 11 836 335 31 38 -1 -1 -1 0 
7 17 667 336 17 23 -1 -1 -1 0 
8 1 555 327 81 74 -1 -1 -1 0 
8 2 771 332 68 63 -1 -1 -1 0 
8 11 835 335 32 38 -1 -1 -1 0 
8 17 667 336 17 23 -1 -1 -1 0 
8 20 0 344 458 310 -1 -1 -1 0 
9 1 557 326 80 75 -1 -1 -1 0 
9 2 770 331 68 64 -1 -1 -1 0 
9 11 833 334 33 39 -1 -1 -1 0 
9 17 667 336 17 23 -1 -1 -1 0 
9 20 1 342 457 304 -1 -1 -1 0 
10 1 558 325 80 76 -1 -1 -1 0 
10 2 771 330 65 62 -1 -1 -1 0 
10 11 833 333 34 40 -1 -1 -1 0 
10 17 667 336 17 23 -1 -1 -1 0 
10 20 0 339 472 297 -1 -1 -1 0 
11 1 559 324 80 77 -1 -1 -1 0 
11 2 768 330 69 62 -1 -1 -1 0 
11 11 832 333 36 40 -1 -1 -1 0 
11 17 667 337 16 23 -1 -1 -1 0 
11 20 1 332 474 296 -1 -1 -1 0 
12 1 560 325 80 75 -1 -1 -1 0 
12 2 767 330 68 63 -1 -1 -1 0 
12 11 832 334 36 39 -1 -1 -1 0 
12 17 666 336 17 22 -1 -1 -1 0 
12 20 6 329 468 292 -1 -1 -1 0 
13 1 561 327 78 72 -1 -1 -1 0 
13 2 765 330 69 63 -1 -1 -1 0 
13 11 831 334 38 40 -1 -1 -1 0 
13 17 665 336 18 22 -1 -1 -1 0 
14 1 562 328 77 72 -1 -1 -1 0 
14 2 767 330 65 63 -1 -1 -1 0 
14 11 830 335 39 40 -1 -1 -1 0 
14 17 665 338 18 22 -1 -1 -1 0 
15 1 563 328 75 72 -1 -1 -1 0 
15 2 767 330 65 63 -1 -1 -1 0 
15 11 828 334 42 42 -1 -1 -1 0 
15 17 665 338 18 22 -1 -1 -1 0 
15 20 31 320 480 282 -1 -1 -1 0 
16 1 563 327 75 71 -1 -1 -1 0 
16 2 766 330 64 61 -1 -1 -1 0 
16 11 827 333 43 43 -1 -1 -1 0 
16 20 18 313 488 282 -1 -1 -1 0 
17 1 563 327 75 71 -1 -1 -1 0 
17 2 765 330 63 61 -1 -1 -1 0 
17 11 826 333 45 43 -1 -1 -1 0 
17 20 50 309 443 284 -1 -1 -1 0 
18 1 564 325 73 72 -1 -1 -1 0 
18 2 766 329 63 60 -1 -1 -1 0 
18 11 825 331 48 46 -1 -1 -1 0 
18 20 52 307 457 279 -1 -1 -1 0 
19 1 564 325 74 71 -1 -1 -1 0 
19 2 765 329 64 60 -1 -1 -1 0 
19 11 825 330 48 47 -1 -1 -1 0 
19 20 76 301 437 280 -1 -1 -1 0 
20 1 565 326 73 70 -1 -1 -1 0 
20 2 765 329 63 59 -1 -1 -1 0 
20 11 823 330 51 47 -1 -1 -1 0 
20 20 92 305 426 269 -1 -1 -1 0 
21 1 566 326 73 71 -1 -1 -1 0 
21 2 763 330 64 59 -1 -1 -1 0 
21 11 822 330 52 47 -1 -1 -1 0 
21 20 106 305 407 261 -1 -1 -1 0 
22 1 566 325 74 72 -1 -1 -1 0 
22 2 762 330 64 59 -1 -1 -1 0 
22 11 821 331 54 46 -1 -1 -1 0 
22 20 134 304 383 257 -1 -1 -1 0 
23 1 566 326 73 70 -1 -1 -1 0 
23 2 761 332 64 59 -1 -1 -1 0 
23 11 822 332 52 46 -1 -1 -1 0 
23 20 163 298 354 255 -1 -1 -1 0 
24 1 566 327 72 69 -1 -1 -1 0 
24 2 761 332 62 58 -1 -1 -1 0 
24 11 822 332 52 47 -1 -1 -1 0 
24 20 172 298 357 248 -1 -1 -1 0 
25 1 567 328 72 68 -1 -1 -1 0 
25 2 761 332 61 58 -1 -1 -1 0 
25 11 823 332 52 48 -1 -1 -1 0 
25 20 184 297 346 243 -1 -1 -1 0 
26 1 568 328 70 68 -1 -1 -1 0 
26 2 760 332 62 58 -1 -1 -1 0 
26 11 822 331 54 49 -1 -1 -1 0 
26 20 195 297 338 237 -1 -1 -1 0 
27 1 569 329 67 66 -1 -1 -1 0 
27 2 761 331 59 57 -1 -1 -1 0 
27 11 820 331 56 49 -1 -1 -1 0 
27 17 660 338 19 24 -1 -1 -1 0 
27 20 207 301 336 226 -1 -1 -1 0 
28 1 569 329 68 66 -1 -1 -1 0 
28 2 760 331 58 56 -1 -1 -1 0 
28 11 819 331 57 49 -1 -1 -1 0 
28 17 660 338 18 24 -1 -1 -1 0 
28 20 231 306 310 217 -1 -1 -1 0 
29 1 570 330 66 65 -1 -1 -1 0 
29 2 759 332 58 55 -1 -1 -1 0 
29 11 818 331 58 49 -1 -1 -1 0 
29 17 659 338 19 24 -1 -1 -1 0 
29 20 247 309 295 208 -1 -1 -1 0 
30 1 571 330 64 66 -1 -1 -1 0 
30 2 760 332 55 54 -1 -1 -1 0 
30 11 818 331 59 49 -1 -1 -1 0 
30 17 659 337 18 25 -1 -1 -1 0 
30 20 259 302 282 212 -1 -1 -1 0 
31 1 570 331 66 65 -1 -1 -1 0 
31 2 759 333 56 52 -1 -1 -1 0 
31 11 820 332 56 48 -1 -1 -1 0 
31 17 657 337 21 24 -1 -1 -1 0 
31 20 267 302 280 208 -1 -1 -1 0 
32 1 570 331 65 64 -1 -1 -1 0 
32 2 757 333 56 54 -1 -1 -1 0 
32 11 820 332 56 48 -1 -1 -1 0 
32 17 657 336 20 25 -1 -1 -1 0 
32 20 281 299 269 210 -1 -1 -1 0 
33 1 569 332 67 63 -1 -1 -1 0 
33 2 755 333 58 55 -1 -1 -1 0 
33 11 819 333 58 48 -1 -1 -1 0 
33 17 657 337 20 24 -1 -1 -1 0 
33 20 286 302 269 206 -1 -1 -1 0 
34 1 569 332 65 63 -1 -1 -1 0 
34 2 754 334 58 55 -1 -1 -1 0 
34 11 820 333 56 49 -1 -1 -1 0 
34 17 656 337 20 24 -1 -1 -1 0 
34 20 292 310 265 197 -1 -1 -1 0 
35 1 570 331 64 64 -1 -1 -1 0 
35 2 755 334 55 55 -1 -1 -1 0 
35 11 819 334 58 49 -1 -1 -1 0 
35 17 656 337 20 24 -1 -1 -1 0 
35 20 304 311 250 190 -1 -1 -1 0 
36 1 569 332 66 64 -1 -1 -1 0 
36 2 755 334 54 55 -1 -1 -1 0 
36 11 817 335 59 48 -1 -1 -1 0 
36 20 314 314 241 188 -1 -1 -1 0 
37 1 570 332 66 64 -1 -1 -1 0 
37 2 754 334 56 54 -1 -1 -1 0 
37 11 815 335 63 48 -1 -1 -1 0 
37 20 321 314 238 186 -1 -1 -1 0 
38 1 571 332 64 64 -1 -1 -1 0 
38 2 752 335 57 53 -1 -1 -1 0 
38 11 816 336 61 47 -1 -1 -1 0 
38 20 330 312 229 187 -1 -1 -1 0 
39 1 572 331 63 64 -1 -1 -1 0 
39 2 753 335 54 52 -1 -1 -1 0 
39 11 817 336 60 46 -1 -1 -1 0 
39 20 336 313 225 184 -1 -1 -1 0 
40 1 572 331 64 64 -1 -1 -1 0 
40 2 751 335 56 52 -1 -1 -1 0 
40 11 819 336 57 46 -1 -1 -1 0 
40 20 344 309 218 188 -1 -1 -1 0 
