3 1 744 341 58 49 -1 -1 -1 0 
3 2 626 337 24 33 -1 -1 -1 0 
4 1 746 340 55 50 -1 -1 -1 0 
4 2 625 337 26 33 -1 -1 -1 0 
5 1 746 340 55 50 -1 -1 -1 0 
6 1 746 339 56 51 -1 -1 -1 0 
7 1 745 339 57 52 -1 -1 -1 0 
7 2 626 338 24 32 -1 -1 -1 0 
7 4 285 313 169 227 -1 -1 -1 0 
8 1 744 339 59 51 -1 -1 -1 0 
8 2 627 337 23 32 -1 -1 -1 0 
8 4 287 313 169 229 -1 -1 -1 0 
9 1 746 339 57 51 -1 -1 -1 0 
9 2 626 337 25 32 -1 -1 -1 0 
9 4 296 319 165 224 -1 -1 -1 0 
10 1 745 340 58 50 -1 -1 -1 0 
10 2 626 337 25 32 -1 -1 -1 0 
10 4 312 318 153 214 -1 -1 -1 0 
11 1 746 340 57 50 -1 -1 -1 0 
11 2 627 337 24 32 -1 -1 -1 0 
11 4 318 319 151 212 -1 -1 -1 0 
12 1 745 340 58 50 -1 -1 -1 0 
12 2 627 337 25 32 -1 -1 -1 0 
13 1 747 340 55 50 -1 -1 -1 0 
13 2 627 337 25 33 -1 -1 -1 0 
14 1 747 339 54 51 -1 -1 -1 0 
14 2 627 337 25 33 -1 -1 -1 0 
15 1 746 339 56 52 -1 -1 -1 0 
15 2 627 336 26 34 -1 -1 -1 0 
16 1 746 339 56 52 -1 -1 -1 0 
16 2 627 337 27 33 -1 -1 -1 0 
16 7 14 301 443 324 -1 -1 -1 0 
17 1 746 339 56 52 -1 -1 -1 0 
17 2 628 337 26 32 -1 -1 -1 0 
17 7 46 304 473 288 -1 -1 -1 0 
18 1 747 339 55 51 -1 -1 -1 0 
18 2 628 337 26 32 -1 -1 -1 0 
18 7 165 308 317 269 -1 -1 -1 0 
19 1 747 339 55 51 -1 -1 -1 0 
19 2 630 337 22 32 -1 -1 -1 0 
19 7 188 313 311 249 -1 -1 -1 0 
20 1 748 340 55 50 -1 -1 -1 0 
20 2 629 337 24 32 -1 -1 -1 0 
20 7 227 313 269 244 -1 -1 -1 0 
21 1 748 340 54 50 -1 -1 -1 0 
21 2 629 337 25 32 -1 -1 -1 0 
21 7 226 313 285 243 -1 -1 -1 0 
22 1 747 340 56 50 -1 -1 -1 0 
22 2 629 337 25 32 -1 -1 -1 0 
22 7 232 313 285 241 -1 -1 -1 0 
22 8 9 302 513 279 -1 -1 -1 0 
23 1 747 340 55 50 -1 -1 -1 0 
23 2 628 337 26 32 -1 -1 -1 0 
23 7 254 318 257 231 -1 -1 -1 0 
23 8 16 299 499 278 -1 -1 -1 0 
24 1 748 340 54 51 -1 -1 -1 0 
24 2 629 337 25 32 -1 -1 -1 0 
24 7 275 320 248 221 -1 -1 -1 0 
24 8 22 304 492 268 -1 -1 -1 0 
25 1 747 340 55 50 -1 -1 -1 0 
25 2 629 338 25 30 -1 -1 -1 0 
25 8 64 308 446 256 -1 -1 -1 0 
26 1 746 339 56 51 -1 -1 -1 0 
26 2 630 338 24 30 -1 -1 -1 0 
26 8 79 316 427 240 -1 -1 -1 0 
27 1 746 339 56 51 -1 -1 -1 0 
27 8 116 316 391 233 -1 -1 -1 0 
28 1 745 338 56 51 -1 -1 -1 0 
28 8 158 318 346 224 -1 -1 -1 0 
29 1 745 338 57 51 -1 -1 -1 0 
29 8 153 316 364 221 -1 -1 -1 0 
30 1 746 338 56 52 -1 -1 -1 0 
30 8 183 316 333 216 -1 -1 -1 0 
31 1 747 338 54 52 -1 -1 -1 0 
31 2 667 331 27 36 -1 -1 -1 0 
31 8 179 316 347 213 -1 -1 -1 0 
32 1 747 338 53 51 -1 -1 -1 0 
32 2 671 330 25 36 -1 -1 -1 0 
32 8 186 314 342 211 -1 -1 -1 0 
33 1 748 338 51 51 -1 -1 -1 0 
33 2 672 330 26 36 -1 -1 -1 0 
33 8 201 315 327 205 -1 -1 -1 0 
33 12 960 281 78 72 -1 -1 -1 0 
34 1 748 338 52 50 -1 -1 -1 0 
34 2 672 330 26 36 -1 -1 -1 0 
34 8 211 316 319 199 -1 -1 -1 0 
34 12 969 283 79 67 -1 -1 -1 0 
35 1 748 338 52 50 -1 -1 -1 0 
35 2 672 330 26 36 -1 -1 -1 0 
35 8 216 315 320 193 -1 -1 -1 0 
35 12 981 279 76 70 -1 -1 -1 0 
36 1 749 338 51 51 -1 -1 -1 0 
36 2 672 329 26 37 -1 -1 -1 0 
36 8 225 316 311 187 -1 -1 -1 0 
36 12 988 279 76 69 -1 -1 -1 0 
37 1 748 338 53 52 -1 -1 -1 0 
37 2 671 329 28 38 -1 -1 -1 0 
37 8 231 320 305 182 -1 -1 -1 0 
37 12 1002 283 80 63 -1 -1 -1 0 
38 1 748 338 53 52 -1 -1 -1 0 
38 2 671 329 27 38 -1 -1 -1 0 
38 8 241 320 296 180 -1 -1 -1 0 
38 12 1014 286 76 57 -1 -1 -1 0 
39 1 747 338 54 52 -1 -1 -1 0 
39 2 670 329 28 39 -1 -1 -1 0 
39 8 252 320 286 177 -1 -1 -1 0 
39 12 1024 288 74 54 -1 -1 -1 0 
40 1 747 338 54 53 -1 -1 -1 0 
40 2 669 329 29 39 -1 -1 -1 0 
40 8 261 319 278 177 -1 -1 -1 0 
