3 1 786 325 52 50 -1 -1 -1 0 
3 2 672 326 25 38 -1 -1 -1 0 
3 3 700 328 26 34 -1 -1 -1 0 
3 4 555 337 19 25 -1 -1 -1 0 
4 1 787 327 51 48 -1 -1 -1 0 
4 2 672 327 24 36 -1 -1 -1 0 
4 3 700 330 26 32 -1 -1 -1 0 
4 4 571 336 20 26 -1 -1 -1 0 
5 1 788 327 50 49 -1 -1 -1 0 
5 2 672 328 24 36 -1 -1 -1 0 
5 3 701 331 24 31 -1 -1 -1 0 
5 4 574 336 20 27 -1 -1 -1 0 
6 1 788 326 51 50 -1 -1 -1 0 
6 2 672 327 25 36 -1 -1 -1 0 
6 3 701 329 24 33 -1 -1 -1 0 
6 4 572 335 20 28 -1 -1 -1 0 
7 1 788 326 52 50 -1 -1 -1 0 
7 2 671 327 26 36 -1 -1 -1 0 
7 3 700 329 25 34 -1 -1 -1 0 
7 4 568 336 21 27 -1 -1 -1 0 
8 1 788 326 52 50 -1 -1 -1 0 
8 2 672 327 24 35 -1 -1 -1 0 
8 3 701 329 24 34 -1 -1 -1 0 
8 4 543 338 21 26 -1 -1 -1 0 
9 1 789 327 52 49 -1 -1 -1 0 
9 2 671 327 25 35 -1 -1 -1 0 
9 3 700 329 25 34 -1 -1 -1 0 
9 4 553 337 20 27 -1 -1 -1 0 
10 1 788 327 53 49 -1 -1 -1 0 
10 2 670 327 26 35 -1 -1 -1 0 
10 3 700 329 24 34 -1 -1 -1 0 
10 4 552 337 19 27 -1 -1 -1 0 
11 1 788 327 54 49 -1 -1 -1 0 
11 2 670 327 25 35 -1 -1 -1 0 
11 3 700 330 25 32 -1 -1 -1 0 
11 4 525 340 20 25 -1 -1 -1 0 
12 1 788 327 54 50 -1 -1 -1 0 
12 2 670 327 26 34 -1 -1 -1 0 
12 3 700 330 24 31 -1 -1 -1 0 
12 4 531 338 22 26 -1 -1 -1 0 
13 1 789 327 53 50 -1 -1 -1 0 
13 2 670 326 25 34 -1 -1 -1 0 
13 3 700 328 24 32 -1 -1 -1 0 
13 4 533 336 20 28 -1 -1 -1 0 
14 1 788 328 55 49 -1 -1 -1 0 
14 2 671 326 24 34 -1 -1 -1 0 
14 3 701 328 23 32 -1 -1 -1 0 
14 4 526 338 25 27 -1 -1 -1 0 
14 9 484 339 26 29 -1 -1 -1 0 
15 1 790 328 52 49 -1 -1 -1 0 
15 2 671 326 23 34 -1 -1 -1 0 
15 3 701 328 22 32 -1 -1 -1 0 
15 4 522 338 23 28 -1 -1 -1 0 
15 9 473 341 23 28 -1 -1 -1 0 
16 1 791 326 52 52 -1 -1 -1 0 
16 2 670 325 24 34 -1 -1 -1 0 
16 3 700 328 23 31 -1 -1 -1 0 
16 4 503 340 23 27 -1 -1 -1 0 
16 9 459 342 29 28 -1 -1 -1 0 
17 1 791 326 52 52 -1 -1 -1 0 
17 2 669 325 25 35 -1 -1 -1 0 
17 3 701 327 22 32 -1 -1 -1 0 
17 4 497 338 25 30 -1 -1 -1 0 
17 9 447 343 25 28 -1 -1 -1 0 
18 1 790 326 54 52 -1 -1 -1 0 
18 2 669 324 24 37 -1 -1 -1 0 
18 3 701 327 22 32 -1 -1 -1 0 
18 4 491 339 25 30 -1 -1 -1 0 
18 9 432 343 24 29 -1 -1 -1 0 
19 1 790 327 54 51 -1 -1 -1 0 
19 2 669 325 24 36 -1 -1 -1 0 
19 3 700 327 23 32 -1 -1 -1 0 
19 4 482 339 25 31 -1 -1 -1 0 
19 9 413 342 35 32 -1 -1 -1 0 
20 1 791 327 52 51 -1 -1 -1 0 
20 2 669 325 24 36 -1 -1 -1 0 
20 3 699 327 24 32 -1 -1 -1 0 
20 4 460 341 35 30 -1 -1 -1 0 
20 9 396 344 32 33 -1 -1 -1 0 
21 1 791 327 53 52 -1 -1 -1 0 
21 2 668 325 26 35 -1 -1 -1 0 
21 3 699 327 24 31 -1 -1 -1 0 
21 4 428 343 22 32 -1 -1 -1 0 
21 9 373 344 35 36 -1 -1 -1 0 
22 1 790 327 56 52 -1 -1 -1 0 
22 2 668 325 25 35 -1 -1 -1 0 
22 3 699 327 23 31 -1 -1 -1 0 
22 4 417 343 22 33 -1 -1 -1 0 
22 9 348 347 34 37 -1 -1 -1 0 
23 1 791 326 55 53 -1 -1 -1 0 
23 2 668 325 26 35 -1 -1 -1 0 
23 3 699 327 23 31 -1 -1 -1 0 
23 4 414 344 25 33 -1 -1 -1 0 
23 9 326 347 33 39 -1 -1 -1 0 
24 1 791 326 56 54 -1 -1 -1 0 
24 2 668 325 25 35 -1 -1 -1 0 
24 3 698 327 23 30 -1 -1 -1 0 
24 4 404 345 26 33 -1 -1 -1 0 
24 9 281 352 48 38 -1 -1 -1 0 
25 1 792 325 56 54 -1 -1 -1 0 
25 2 667 325 26 34 -1 -1 -1 0 
25 3 698 325 24 32 -1 -1 -1 0 
25 9 230 355 55 42 -1 -1 -1 0 
26 1 792 324 57 55 -1 -1 -1 0 
26 2 667 325 25 34 -1 -1 -1 0 
26 3 698 325 23 32 -1 -1 -1 0 
26 9 167 355 70 49 -1 -1 -1 0 
27 1 791 324 60 55 -1 -1 -1 0 
27 2 667 325 24 34 -1 -1 -1 0 
27 3 698 324 22 33 -1 -1 -1 0 
27 4 212 363 40 37 -1 -1 -1 0 
27 9 102 356 67 55 -1 -1 -1 0 
28 1 792 324 60 55 -1 -1 -1 0 
28 2 587 330 28 31 -1 -1 -1 0 
28 3 696 324 25 33 -1 -1 -1 0 
28 4 184 366 43 37 -1 -1 -1 0 
28 9 53 359 59 57 -1 -1 -1 0 
29 1 791 323 62 56 -1 -1 -1 0 
29 2 578 331 28 30 -1 -1 -1 0 
29 3 696 323 24 34 -1 -1 -1 0 
29 9 8 360 62 60 -1 -1 -1 0 
30 1 791 323 63 56 -1 -1 -1 0 
30 3 695 323 25 34 -1 -1 -1 0 
30 16 179 305 88 84 -1 -1 -1 0 
31 1 791 324 63 55 -1 -1 -1 0 
31 3 694 323 26 33 -1 -1 -1 0 
31 16 136 320 100 76 -1 -1 -1 0 
32 1 791 324 63 55 -1 -1 -1 0 
32 3 695 322 24 34 -1 -1 -1 0 
32 16 110 322 102 77 -1 -1 -1 0 
33 1 792 323 62 57 -1 -1 -1 0 
33 3 694 322 25 34 -1 -1 -1 0 
34 1 791 324 63 56 -1 -1 -1 0 
34 3 694 322 24 35 -1 -1 -1 0 
35 1 792 324 61 57 -1 -1 -1 0 
35 3 694 322 24 35 -1 -1 -1 0 
35 4 81 360 22 26 -1 -1 -1 0 
36 1 791 324 63 58 -1 -1 -1 0 
36 3 694 321 24 36 -1 -1 -1 0 
36 4 71 360 27 28 -1 -1 -1 0 
37 1 791 324 63 58 -1 -1 -1 0 
37 3 693 320 25 37 -1 -1 -1 0 
37 4 65 358 26 31 -1 -1 -1 0 
38 1 792 324 62 58 -1 -1 -1 0 
38 3 692 320 26 37 -1 -1 -1 0 
38 4 52 358 27 32 -1 -1 -1 0 
39 1 792 324 63 57 -1 -1 -1 0 
39 2 59 357 43 42 -1 -1 -1 0 
39 3 692 321 25 35 -1 -1 -1 0 
40 1 793 324 62 57 -1 -1 -1 0 
40 2 36 358 64 41 -1 -1 -1 0 
40 3 692 322 24 33 -1 -1 -1 0 
40 4 4 361 36 39 -1 -1 -1 0 
