3 1 750 327 52 58 -1 -1 -1 0 
3 2 1027 333 252 124 -1 -1 -1 0 
4 1 750 326 52 60 -1 -1 -1 0 
4 2 1019 334 260 129 -1 -1 -1 0 
5 1 750 326 52 59 -1 -1 -1 0 
5 2 1025 330 254 132 -1 -1 -1 0 
6 1 749 325 54 61 -1 -1 -1 0 
6 2 1040 327 237 137 -1 -1 -1 0 
7 1 749 325 53 61 -1 -1 -1 0 
7 2 1052 325 226 139 -1 -1 -1 0 
8 1 749 325 54 61 -1 -1 -1 0 
8 2 1069 327 208 138 -1 -1 -1 0 
9 1 749 325 54 61 -1 -1 -1 0 
9 2 1087 323 187 143 -1 -1 -1 0 
9 4 915 321 56 60 -1 -1 -1 0 
10 1 749 325 53 61 -1 -1 -1 0 
10 2 1116 321 157 146 -1 -1 -1 0 
10 4 920 321 59 60 -1 -1 -1 0 
11 1 749 325 54 61 -1 -1 -1 0 
11 2 1140 314 133 159 -1 -1 -1 0 
11 4 923 320 60 62 -1 -1 -1 0 
12 1 750 324 52 62 -1 -1 -1 0 
12 2 1160 310 115 167 -1 -1 -1 0 
13 1 751 326 53 59 -1 -1 -1 0 
13 2 1118 320 161 133 -1 -1 -1 0 
14 1 752 325 50 60 -1 -1 -1 0 
14 2 1127 327 152 107 -1 -1 -1 0 
15 1 752 324 51 60 -1 -1 -1 0 
15 2 1142 332 136 93 -1 -1 -1 0 
15 4 921 315 46 67 -1 -1 -1 0 
16 1 752 324 50 60 -1 -1 -1 0 
16 2 1144 329 135 90 -1 -1 -1 0 
16 4 921 314 46 68 -1 -1 -1 0 
17 1 752 321 49 62 -1 -1 -1 0 
17 2 1147 331 109 71 -1 -1 -1 0 
17 4 923 309 69 74 -1 -1 -1 0 
18 1 752 320 49 63 -1 -1 -1 0 
18 2 1146 333 111 64 -1 -1 -1 0 
18 4 924 308 72 75 -1 -1 -1 0 
19 1 752 319 50 63 -1 -1 -1 0 
19 2 1150 333 117 63 -1 -1 -1 0 
19 4 935 307 104 83 -1 -1 -1 0 
20 1 751 319 50 64 -1 -1 -1 0 
20 2 1155 333 116 63 -1 -1 -1 0 
20 4 937 305 110 86 -1 -1 -1 0 
21 1 751 318 50 65 -1 -1 -1 0 
21 2 1159 333 115 63 -1 -1 -1 0 
22 1 750 319 52 64 -1 -1 -1 0 
22 2 1165 331 110 66 -1 -1 -1 0 
22 4 970 299 104 95 -1 -1 -1 0 
23 1 750 319 50 63 -1 -1 -1 0 
23 2 1168 331 109 66 -1 -1 -1 0 
23 4 968 302 68 89 -1 -1 -1 0 
24 1 750 321 50 61 -1 -1 -1 0 
24 2 1170 330 108 68 -1 -1 -1 0 
24 4 967 303 63 86 -1 -1 -1 0 
25 1 751 322 48 59 -1 -1 -1 0 
25 2 1173 329 106 71 -1 -1 -1 0 
25 4 969 305 68 82 -1 -1 -1 0 
26 1 750 324 49 56 -1 -1 -1 0 
26 2 1180 331 99 67 -1 -1 -1 0 
26 4 972 305 70 83 -1 -1 -1 0 
27 1 750 325 49 55 -1 -1 -1 0 
27 2 1183 332 96 65 -1 -1 -1 0 
27 4 982 302 73 93 -1 -1 -1 0 
28 1 749 326 50 54 -1 -1 -1 0 
28 2 1187 334 92 64 -1 -1 -1 0 
28 4 989 300 76 95 -1 -1 -1 0 
29 1 749 328 49 53 -1 -1 -1 0 
29 2 1191 335 88 63 -1 -1 -1 0 
29 4 998 298 79 99 -1 -1 -1 0 
30 1 749 328 49 53 -1 -1 -1 0 
30 2 1200 336 78 63 -1 -1 -1 0 
30 4 999 303 111 97 -1 -1 -1 0 
31 1 750 329 47 52 -1 -1 -1 0 
31 2 1209 336 69 63 -1 -1 -1 0 
31 4 1012 302 103 96 -1 -1 -1 0 
32 1 751 329 45 52 -1 -1 -1 0 
32 2 1224 337 53 61 -1 -1 -1 0 
32 4 1025 299 97 102 -1 -1 -1 0 
33 1 752 330 43 51 -1 -1 -1 0 
33 2 1249 337 26 62 -1 -1 -1 0 
33 4 1034 294 105 108 -1 -1 -1 0 
34 1 753 330 42 50 -1 -1 -1 0 
34 2 1258 338 17 61 -1 -1 -1 0 
34 4 1036 291 146 113 -1 -1 -1 0 
35 1 753 331 41 49 -1 -1 -1 0 
35 4 1050 290 150 115 -1 -1 -1 0 
36 1 754 331 40 48 -1 -1 -1 0 
36 4 1062 281 197 132 -1 -1 -1 0 
37 4 1081 277 190 139 -1 -1 -1 0 
38 4 1098 275 179 144 -1 -1 -1 0 
39 1 753 331 40 48 -1 -1 -1 0 
39 4 1114 274 165 148 -1 -1 -1 0 
40 1 752 332 40 48 -1 -1 -1 0 
40 4 1134 275 145 148 -1 -1 -1 0 
