3 1 756 333 54 55 -1 -1 -1 0 
4 1 757 333 53 56 -1 -1 -1 0 
5 1 757 331 54 58 -1 -1 -1 0 
6 1 758 331 53 58 -1 -1 -1 0 
7 1 757 330 55 60 -1 -1 -1 0 
8 1 757 330 56 60 -1 -1 -1 0 
9 1 757 331 57 60 -1 -1 -1 0 
10 1 756 331 58 59 -1 -1 -1 0 
11 1 758 331 56 60 -1 -1 -1 0 
12 1 757 331 58 60 -1 -1 -1 0 
13 1 757 331 59 61 -1 -1 -1 0 
14 1 757 331 60 61 -1 -1 -1 0 
15 1 758 330 60 62 -1 -1 -1 0 
16 1 759 331 60 61 -1 -1 -1 0 
17 1 760 331 60 62 -1 -1 -1 0 
18 1 759 331 62 62 -1 -1 -1 0 
19 1 760 330 62 64 -1 -1 -1 0 
20 1 759 331 65 63 -1 -1 -1 0 
21 1 761 331 63 63 -1 -1 -1 0 
22 1 761 331 65 63 -1 -1 -1 0 
23 1 761 330 65 64 -1 -1 -1 0 
23 3 725 334 35 41 -1 -1 -1 0 
24 1 762 331 65 63 -1 -1 -1 0 
24 3 726 335 34 40 -1 -1 -1 0 
25 1 762 331 66 64 -1 -1 -1 0 
25 3 726 335 35 40 -1 -1 -1 0 
26 1 762 331 67 64 -1 -1 -1 0 
26 3 727 334 33 41 -1 -1 -1 0 
27 1 763 332 66 63 -1 -1 -1 0 
27 3 727 334 34 41 -1 -1 -1 0 
28 1 764 332 66 64 -1 -1 -1 0 
28 3 727 334 34 42 -1 -1 -1 0 
29 1 765 332 66 63 -1 -1 -1 0 
29 3 728 333 34 43 -1 -1 -1 0 
30 1 766 333 65 62 -1 -1 -1 0 
30 3 728 333 34 43 -1 -1 -1 0 
31 1 766 333 66 63 -1 -1 -1 0 
31 3 728 333 34 43 -1 -1 -1 0 
32 1 767 333 66 63 -1 -1 -1 0 
32 3 727 334 35 42 -1 -1 -1 0 
33 1 769 333 64 63 -1 -1 -1 0 
33 3 728 334 34 43 -1 -1 -1 0 
34 1 769 332 66 64 -1 -1 -1 0 
34 3 727 334 35 43 -1 -1 -1 0 
35 1 771 332 63 64 -1 -1 -1 0 
35 3 728 334 34 43 -1 -1 -1 0 
36 1 771 332 65 65 -1 -1 -1 0 
36 3 728 334 34 44 -1 -1 -1 0 
37 1 770 332 68 65 -1 -1 -1 0 
37 3 728 333 35 44 -1 -1 -1 0 
38 1 772 332 66 65 -1 -1 -1 0 
38 3 728 333 35 44 -1 -1 -1 0 
39 1 773 333 68 65 -1 -1 -1 0 
39 3 729 333 34 44 -1 -1 -1 0 
40 1 773 333 70 65 -1 -1 -1 0 
40 3 729 333 34 44 -1 -1 -1 0 
