3 1 1132 327 146 95 -1 -1 -1 0 
3 3 242 343 85 50 -1 -1 -1 0 
4 1 1139 327 140 96 -1 -1 -1 0 
4 3 187 345 101 54 -1 -1 -1 0 
5 1 1151 328 128 94 -1 -1 -1 0 
5 3 123 345 114 60 -1 -1 -1 0 
6 1 1162 331 116 91 -1 -1 -1 0 
6 3 81 347 120 63 -1 -1 -1 0 
7 1 1174 330 104 94 -1 -1 -1 0 
7 3 6 345 80 77 -1 -1 -1 0 
8 1 1184 330 94 96 -1 -1 -1 0 
8 3 0 346 33 82 -1 -1 -1 0 
9 1 1197 331 81 96 -1 -1 -1 0 
10 1 1212 324 65 104 -1 -1 -1 0 
11 1 1223 325 56 106 -1 -1 -1 0 
12 1 1235 329 44 104 -1 -1 -1 0 
13 1 1250 342 29 92 -1 -1 -1 0 
25 5 396 341 61 38 -1 -1 -1 0 
26 5 375 335 66 47 -1 -1 -1 0 
27 5 362 334 69 49 -1 -1 -1 0 
29 5 340 336 52 48 -1 -1 -1 0 
29 10 473 339 38 35 -1 -1 -1 0 
31 10 449 336 41 41 -1 -1 -1 0 
32 10 435 334 44 44 -1 -1 -1 0 
33 10 272 342 62 44 -1 -1 -1 0 
34 1 27 354 40 73 -1 -1 -1 0 
34 10 220 343 73 49 -1 -1 -1 0 
35 1 0 355 -8 72 -1 -1 -1 0 
35 10 174 343 85 55 -1 -1 -1 0 
36 10 127 345 101 56 -1 -1 -1 0 
