3 1 871 337 89 57 -1 -1 -1 0 
4 1 876 338 86 57 -1 -1 -1 0 
5 1 879 337 89 58 -1 -1 -1 0 
6 1 882 337 94 58 -1 -1 -1 0 
7 1 885 336 97 60 -1 -1 -1 0 
8 1 890 335 93 62 -1 -1 -1 0 
9 1 892 336 100 63 -1 -1 -1 0 
10 1 897 338 99 62 -1 -1 -1 0 
11 1 903 336 102 65 -1 -1 -1 0 
12 1 905 335 106 67 -1 -1 -1 0 
13 1 909 335 110 68 -1 -1 -1 0 
14 1 913 333 109 72 -1 -1 -1 0 
15 1 912 334 117 70 -1 -1 -1 0 
16 1 919 335 117 70 -1 -1 -1 0 
17 1 923 336 123 70 -1 -1 -1 0 
17 7 570 324 33 47 -1 -1 -1 0 
18 1 928 334 122 73 -1 -1 -1 0 
18 7 569 325 36 47 -1 -1 -1 0 
19 1 931 333 130 75 -1 -1 -1 0 
19 7 569 325 37 49 -1 -1 -1 0 
20 1 934 335 133 74 -1 -1 -1 0 
20 7 569 324 38 51 -1 -1 -1 0 
21 1 940 335 133 74 -1 -1 -1 0 
21 7 568 324 40 50 -1 -1 -1 0 
22 1 944 333 135 77 -1 -1 -1 0 
22 7 568 324 40 45 -1 -1 -1 0 
23 1 944 334 150 77 -1 -1 -1 0 
23 7 569 324 39 45 -1 -1 -1 0 
24 1 952 335 146 77 -1 -1 -1 0 
25 1 956 336 155 76 -1 -1 -1 0 
26 1 963 335 154 80 -1 -1 -1 0 
27 1 968 337 162 81 -1 -1 -1 0 
28 1 974 339 164 80 -1 -1 -1 0 
29 1 973 341 176 81 -1 -1 -1 0 
30 1 977 342 178 81 -1 -1 -1 0 
31 1 987 341 173 86 -1 -1 -1 0 
32 1 988 339 192 89 -1 -1 -1 0 
33 1 990 341 207 88 -1 -1 -1 0 
34 1 1006 341 201 91 -1 -1 -1 0 
35 1 1011 342 211 92 -1 -1 -1 0 
36 1 1063 343 162 99 -1 -1 -1 0 
37 1 1033 343 232 102 -1 -1 -1 0 
38 1 1022 342 250 103 -1 -1 -1 0 
39 1 1027 339 247 109 -1 -1 -1 0 
40 1 1028 338 251 112 -1 -1 -1 0 
