3 1 900 316 52 54 -1 -1 -1 0 
4 1 901 314 54 56 -1 -1 -1 0 
5 1 906 314 52 56 -1 -1 -1 0 
6 1 908 313 53 57 -1 -1 -1 0 
7 1 912 313 54 56 -1 -1 -1 0 
8 1 914 313 56 56 -1 -1 -1 0 
9 1 918 312 56 59 -1 -1 -1 0 
10 1 920 312 61 59 -1 -1 -1 0 
11 1 923 312 65 60 -1 -1 -1 0 
12 1 925 310 71 62 -1 -1 -1 0 
13 1 931 309 68 64 -1 -1 -1 0 
14 1 933 308 72 65 -1 -1 -1 0 
15 1 933 307 80 64 -1 -1 -1 0 
16 1 935 307 89 65 -1 -1 -1 0 
17 1 941 307 83 65 -1 -1 -1 0 
18 1 947 308 70 64 -1 -1 -1 0 
19 1 949 306 83 67 -1 -1 -1 0 
20 1 951 305 104 71 -1 -1 -1 0 
21 1 954 307 116 71 -1 -1 -1 0 
25 1 975 317 79 59 -1 -1 -1 0 
26 1 985 317 66 58 -1 -1 -1 0 
27 1 987 315 70 60 -1 -1 -1 0 
28 1 991 314 71 61 -1 -1 -1 0 
29 1 997 316 73 60 -1 -1 -1 0 
29 8 71 365 104 61 -1 -1 -1 0 
30 1 1002 316 74 62 -1 -1 -1 0 
30 8 20 366 108 66 -1 -1 -1 0 
31 1 1003 313 81 63 -1 -1 -1 0 
31 8 1 368 72 70 -1 -1 -1 0 
32 1 1010 315 78 64 -1 -1 -1 0 
32 8 0 370 39 73 -1 -1 -1 0 
33 1 1019 309 72 70 -1 -1 -1 0 
35 1 1026 312 74 66 -1 -1 -1 0 
36 1 1025 312 99 68 -1 -1 -1 0 
37 1 1035 310 93 70 -1 -1 -1 0 
38 1 1047 306 88 75 -1 -1 -1 0 
39 1 1051 304 95 76 -1 -1 -1 0 
40 1 1058 304 95 77 -1 -1 -1 0 
