3 1 599 322 62 75 -1 -1 -1 0 
3 2 665 332 30 38 -1 -1 -1 0 
4 1 598 323 60 72 -1 -1 -1 0 
4 2 667 333 27 37 -1 -1 -1 0 
5 1 598 322 58 73 -1 -1 -1 0 
5 2 667 333 27 36 -1 -1 -1 0 
6 1 596 322 60 74 -1 -1 -1 0 
6 2 667 333 27 37 -1 -1 -1 0 
7 1 595 322 60 74 -1 -1 -1 0 
7 2 667 333 28 37 -1 -1 -1 0 
8 1 594 321 60 74 -1 -1 -1 0 
8 2 668 331 27 39 -1 -1 -1 0 
9 1 593 321 60 73 -1 -1 -1 0 
9 2 668 330 28 40 -1 -1 -1 0 
10 1 591 320 62 73 -1 -1 -1 0 
10 2 668 330 29 40 -1 -1 -1 0 
11 1 591 320 61 73 -1 -1 -1 0 
11 2 669 330 28 40 -1 -1 -1 0 
12 1 590 320 61 73 -1 -1 -1 0 
12 2 669 330 27 39 -1 -1 -1 0 
13 1 589 319 62 73 -1 -1 -1 0 
13 2 669 329 27 40 -1 -1 -1 0 
14 1 588 319 61 74 -1 -1 -1 0 
14 2 669 329 27 40 -1 -1 -1 0 
15 1 588 319 60 74 -1 -1 -1 0 
15 2 669 329 27 39 -1 -1 -1 0 
16 1 587 320 61 73 -1 -1 -1 0 
16 2 668 329 28 39 -1 -1 -1 0 
17 1 587 320 59 72 -1 -1 -1 0 
17 2 669 329 26 39 -1 -1 -1 0 
18 1 586 322 59 70 -1 -1 -1 0 
18 2 669 329 27 39 -1 -1 -1 0 
19 1 586 322 57 69 -1 -1 -1 0 
19 2 669 329 26 39 -1 -1 -1 0 
20 1 586 322 56 70 -1 -1 -1 0 
20 2 668 329 27 39 -1 -1 -1 0 
21 1 584 322 58 70 -1 -1 -1 0 
21 2 667 330 28 37 -1 -1 -1 0 
22 1 583 323 57 69 -1 -1 -1 0 
22 2 667 330 28 37 -1 -1 -1 0 
22 5 1124 320 155 176 -1 -1 -1 0 
22 6 632 325 24 35 -1 -1 -1 0 
23 1 583 323 55 67 -1 -1 -1 0 
23 2 668 329 26 37 -1 -1 -1 0 
23 5 1114 320 165 173 -1 -1 -1 0 
23 6 632 325 23 35 -1 -1 -1 0 
24 1 583 323 54 66 -1 -1 -1 0 
24 2 668 329 25 37 -1 -1 -1 0 
24 5 1100 313 177 178 -1 -1 -1 0 
24 6 632 324 23 35 -1 -1 -1 0 
25 1 583 323 52 65 -1 -1 -1 0 
25 2 668 329 26 36 -1 -1 -1 0 
25 5 1090 304 185 183 -1 -1 -1 0 
25 6 632 324 22 36 -1 -1 -1 0 
26 1 583 323 51 65 -1 -1 -1 0 
26 2 668 328 25 37 -1 -1 -1 0 
26 5 1075 307 202 180 -1 -1 -1 0 
26 6 631 325 24 35 -1 -1 -1 0 
27 1 582 323 53 64 -1 -1 -1 0 
27 2 668 328 26 37 -1 -1 -1 0 
27 5 1063 312 216 175 -1 -1 -1 0 
27 6 631 325 23 35 -1 -1 -1 0 
28 1 582 323 52 64 -1 -1 -1 0 
28 2 668 328 25 36 -1 -1 -1 0 
28 5 1053 312 226 172 -1 -1 -1 0 
28 6 631 325 23 35 -1 -1 -1 0 
29 1 582 323 52 63 -1 -1 -1 0 
29 2 669 328 24 36 -1 -1 -1 0 
29 5 1043 314 236 170 -1 -1 -1 0 
29 6 631 325 23 35 -1 -1 -1 0 
30 1 581 323 53 62 -1 -1 -1 0 
30 2 668 328 26 36 -1 -1 -1 0 
30 5 1035 317 244 170 -1 -1 -1 0 
30 6 631 326 24 34 -1 -1 -1 0 
31 1 581 323 53 62 -1 -1 -1 0 
31 2 668 329 26 35 -1 -1 -1 0 
31 5 1021 320 255 164 -1 -1 -1 0 
31 6 631 326 24 34 -1 -1 -1 0 
32 1 581 322 53 63 -1 -1 -1 0 
32 2 668 329 26 34 -1 -1 -1 0 
32 5 1012 323 264 159 -1 -1 -1 0 
32 6 631 326 24 34 -1 -1 -1 0 
33 1 581 322 52 64 -1 -1 -1 0 
33 2 669 328 25 35 -1 -1 -1 0 
33 5 1002 322 272 158 -1 -1 -1 0 
33 6 631 326 24 34 -1 -1 -1 0 
34 1 579 321 55 64 -1 -1 -1 0 
34 2 669 328 26 35 -1 -1 -1 0 
34 5 995 322 281 155 -1 -1 -1 0 
34 6 631 326 24 34 -1 -1 -1 0 
35 1 580 321 53 64 -1 -1 -1 0 
35 2 670 327 25 35 -1 -1 -1 0 
35 5 990 320 284 156 -1 -1 -1 0 
35 6 631 326 24 33 -1 -1 -1 0 
36 1 580 320 53 65 -1 -1 -1 0 
36 2 669 327 26 34 -1 -1 -1 0 
36 5 981 321 293 152 -1 -1 -1 0 
36 6 631 326 24 32 -1 -1 -1 0 
37 1 578 320 56 65 -1 -1 -1 0 
37 2 670 326 25 36 -1 -1 -1 0 
37 5 981 314 284 155 -1 -1 -1 0 
37 6 632 326 22 32 -1 -1 -1 0 
38 1 578 319 56 65 -1 -1 -1 0 
38 2 670 326 25 36 -1 -1 -1 0 
38 5 971 313 288 151 -1 -1 -1 0 
38 6 632 326 22 31 -1 -1 -1 0 
39 1 578 320 56 63 -1 -1 -1 0 
39 2 670 326 25 35 -1 -1 -1 0 
39 5 968 314 272 149 -1 -1 -1 0 
39 6 632 326 23 31 -1 -1 -1 0 
40 1 578 321 55 62 -1 -1 -1 0 
40 2 670 326 26 35 -1 -1 -1 0 
40 5 961 317 267 145 -1 -1 -1 0 
40 6 633 325 22 32 -1 -1 -1 0 
