3 1 570 347 33 40 -1 -1 -1 0 
4 1 570 347 33 40 -1 -1 -1 0 
5 1 569 345 35 38 -1 -1 -1 0 
6 1 570 343 34 37 -1 -1 -1 0 
7 1 570 341 34 36 -1 -1 -1 0 
8 1 572 340 30 36 -1 -1 -1 0 
9 1 572 339 30 36 -1 -1 -1 0 
10 1 572 340 30 36 -1 -1 -1 0 
11 1 572 340 30 36 -1 -1 -1 0 
12 1 572 341 31 36 -1 -1 -1 0 
13 1 571 341 31 37 -1 -1 -1 0 
14 1 571 342 32 36 -1 -1 -1 0 
15 1 572 342 31 35 -1 -1 -1 0 
16 1 571 340 32 36 -1 -1 -1 0 
17 1 572 339 31 36 -1 -1 -1 0 
18 1 573 338 30 37 -1 -1 -1 0 
19 1 573 337 30 38 -1 -1 -1 0 
20 1 573 336 31 38 -1 -1 -1 0 
21 1 573 336 32 38 -1 -1 -1 0 
22 1 574 338 32 37 -1 -1 -1 0 
23 1 575 339 31 37 -1 -1 -1 0 
23 7 640 338 21 31 -1 -1 -1 0 
24 1 575 340 32 37 -1 -1 -1 0 
24 7 640 339 23 31 -1 -1 -1 0 
25 1 575 340 32 40 -1 -1 -1 0 
25 7 665 337 20 31 -1 -1 -1 0 
26 1 575 341 33 41 -1 -1 -1 0 
26 7 672 338 20 31 -1 -1 -1 0 
27 1 575 341 33 41 -1 -1 -1 0 
28 1 574 342 35 41 -1 -1 -1 0 
29 1 575 341 33 40 -1 -1 -1 0 
30 1 576 339 33 41 -1 -1 -1 0 
31 1 577 337 33 40 -1 -1 -1 0 
31 7 645 337 20 30 -1 -1 -1 0 
32 1 578 336 31 39 -1 -1 -1 0 
32 7 642 336 20 29 -1 -1 -1 0 
33 1 578 336 31 39 -1 -1 -1 0 
33 7 642 336 20 29 -1 -1 -1 0 
34 1 578 335 31 40 -1 -1 -1 0 
34 7 641 336 22 29 -1 -1 -1 0 
35 1 578 336 32 39 -1 -1 -1 0 
35 7 642 335 21 32 -1 -1 -1 0 
36 1 579 336 31 40 -1 -1 -1 0 
36 7 641 335 23 33 -1 -1 -1 0 
37 1 578 338 32 38 -1 -1 -1 0 
37 7 642 336 22 33 -1 -1 -1 0 
38 1 579 338 30 38 -1 -1 -1 0 
38 7 641 337 23 32 -1 -1 -1 0 
39 1 578 339 31 39 -1 -1 -1 0 
39 7 641 338 23 32 -1 -1 -1 0 
40 1 578 339 31 40 -1 -1 -1 0 
40 7 642 338 21 32 -1 -1 -1 0 
