3 1 693 332 65 69 -1 -1 -1 0 
3 2 750 309 48 66 -1 -1 -1 0 
4 1 692 331 67 71 -1 -1 -1 0 
4 2 750 309 48 66 -1 -1 -1 0 
5 1 692 331 66 71 -1 -1 -1 0 
5 2 751 309 46 65 -1 -1 -1 0 
6 1 691 331 67 71 -1 -1 -1 0 
6 2 751 309 46 66 -1 -1 -1 0 
7 1 691 331 66 71 -1 -1 -1 0 
7 2 750 309 48 66 -1 -1 -1 0 
8 1 692 332 66 69 -1 -1 -1 0 
8 2 751 309 47 67 -1 -1 -1 0 
9 1 692 332 65 69 -1 -1 -1 0 
9 2 751 309 48 67 -1 -1 -1 0 
10 1 692 332 65 69 -1 -1 -1 0 
10 2 751 309 48 67 -1 -1 -1 0 
11 1 692 332 64 68 -1 -1 -1 0 
11 2 751 308 49 67 -1 -1 -1 0 
12 1 692 330 65 70 -1 -1 -1 0 
12 2 752 308 48 67 -1 -1 -1 0 
13 1 692 331 66 70 -1 -1 -1 0 
13 2 753 307 47 68 -1 -1 -1 0 
14 1 692 331 67 70 -1 -1 -1 0 
14 2 753 307 48 68 -1 -1 -1 0 
15 1 693 330 66 71 -1 -1 -1 0 
15 2 753 306 50 69 -1 -1 -1 0 
16 1 693 330 67 72 -1 -1 -1 0 
16 2 753 306 49 70 -1 -1 -1 0 
17 1 694 330 68 71 -1 -1 -1 0 
17 2 754 306 49 70 -1 -1 -1 0 
18 1 694 330 68 71 -1 -1 -1 0 
18 2 753 307 51 69 -1 -1 -1 0 
19 1 695 330 66 71 -1 -1 -1 0 
19 2 754 307 50 69 -1 -1 -1 0 
20 1 695 328 66 72 -1 -1 -1 0 
20 2 753 306 51 69 -1 -1 -1 0 
21 1 695 328 67 72 -1 -1 -1 0 
21 2 753 306 52 69 -1 -1 -1 0 
22 1 695 327 67 73 -1 -1 -1 0 
22 2 754 306 50 69 -1 -1 -1 0 
23 1 696 327 66 73 -1 -1 -1 0 
23 2 755 306 49 68 -1 -1 -1 0 
24 1 697 327 65 74 -1 -1 -1 0 
24 2 756 307 49 69 -1 -1 -1 0 
25 1 696 328 68 74 -1 -1 -1 0 
25 2 756 307 50 69 -1 -1 -1 0 
26 1 696 330 69 73 -1 -1 -1 0 
26 2 756 308 50 69 -1 -1 -1 0 
27 1 697 331 67 73 -1 -1 -1 0 
27 2 757 308 48 70 -1 -1 -1 0 
28 1 696 331 68 74 -1 -1 -1 0 
28 2 756 308 49 71 -1 -1 -1 0 
29 1 696 332 67 74 -1 -1 -1 0 
29 2 756 309 48 71 -1 -1 -1 0 
30 1 696 332 66 73 -1 -1 -1 0 
30 2 756 309 46 71 -1 -1 -1 0 
31 1 696 332 66 73 -1 -1 -1 0 
31 2 756 309 45 70 -1 -1 -1 0 
32 1 695 332 66 73 -1 -1 -1 0 
32 2 756 310 45 69 -1 -1 -1 0 
33 1 695 332 65 73 -1 -1 -1 0 
33 2 755 309 45 70 -1 -1 -1 0 
34 1 694 332 66 73 -1 -1 -1 0 
34 2 754 309 46 70 -1 -1 -1 0 
35 1 693 332 67 73 -1 -1 -1 0 
35 2 753 309 46 70 -1 -1 -1 0 
36 1 692 332 67 73 -1 -1 -1 0 
36 2 752 309 46 70 -1 -1 -1 0 
37 1 692 332 67 72 -1 -1 -1 0 
37 2 751 309 47 69 -1 -1 -1 0 
38 1 691 332 68 72 -1 -1 -1 0 
38 2 751 309 46 67 -1 -1 -1 0 
39 1 691 332 67 72 -1 -1 -1 0 
39 2 751 309 45 67 -1 -1 -1 0 
40 1 690 332 67 72 -1 -1 -1 0 
40 2 750 309 46 66 -1 -1 -1 0 
