3 1 776 331 42 42 -1 -1 -1 0 
3 3 944 344 122 70 -1 -1 -1 0 
4 1 775 332 43 41 -1 -1 -1 0 
4 3 943 344 125 70 -1 -1 -1 0 
5 1 776 332 41 41 -1 -1 -1 0 
5 3 939 344 150 70 -1 -1 -1 0 
6 1 776 332 40 41 -1 -1 -1 0 
6 3 942 344 148 71 -1 -1 -1 0 
7 1 775 332 41 40 -1 -1 -1 0 
7 3 941 343 147 73 -1 -1 -1 0 
8 1 775 332 39 41 -1 -1 -1 0 
8 3 940 341 148 76 -1 -1 -1 0 
9 1 773 332 42 41 -1 -1 -1 0 
9 3 939 338 148 79 -1 -1 -1 0 
10 1 774 332 38 41 -1 -1 -1 0 
10 3 938 335 149 83 -1 -1 -1 0 
11 1 773 332 39 41 -1 -1 -1 0 
11 3 935 332 150 85 -1 -1 -1 0 
12 1 771 332 41 41 -1 -1 -1 0 
12 3 936 328 147 87 -1 -1 -1 0 
13 1 772 332 41 40 -1 -1 -1 0 
13 3 931 330 153 86 -1 -1 -1 0 
14 1 772 332 41 40 -1 -1 -1 0 
14 3 932 332 148 84 -1 -1 -1 0 
15 1 773 332 38 42 -1 -1 -1 0 
15 3 930 333 146 83 -1 -1 -1 0 
16 1 771 332 42 41 -1 -1 -1 0 
16 3 930 333 144 82 -1 -1 -1 0 
17 1 771 332 41 41 -1 -1 -1 0 
17 3 931 333 141 82 -1 -1 -1 0 
18 1 771 331 40 42 -1 -1 -1 0 
18 3 931 332 139 81 -1 -1 -1 0 
18 7 664 321 42 57 -1 -1 -1 0 
19 1 770 331 40 42 -1 -1 -1 0 
19 3 928 333 144 81 -1 -1 -1 0 
19 7 664 321 42 56 -1 -1 -1 0 
20 1 770 331 41 41 -1 -1 -1 0 
20 3 931 331 137 81 -1 -1 -1 0 
20 7 665 321 40 56 -1 -1 -1 0 
21 1 770 330 41 42 -1 -1 -1 0 
21 3 930 332 138 80 -1 -1 -1 0 
21 7 665 321 40 55 -1 -1 -1 0 
22 1 771 330 40 41 -1 -1 -1 0 
22 3 928 329 138 82 -1 -1 -1 0 
22 7 666 320 39 56 -1 -1 -1 0 
23 1 770 330 40 40 -1 -1 -1 0 
23 3 926 327 139 84 -1 -1 -1 0 
23 7 666 320 39 55 -1 -1 -1 0 
24 1 771 331 38 40 -1 -1 -1 0 
24 3 925 328 141 84 -1 -1 -1 0 
24 7 666 320 38 55 -1 -1 -1 0 
25 1 770 331 39 40 -1 -1 -1 0 
25 3 924 329 141 83 -1 -1 -1 0 
25 7 667 321 38 54 -1 -1 -1 0 
26 1 770 333 38 38 -1 -1 -1 0 
26 3 925 330 138 81 -1 -1 -1 0 
26 7 667 322 39 52 -1 -1 -1 0 
27 1 770 333 37 39 -1 -1 -1 0 
27 3 922 330 139 82 -1 -1 -1 0 
27 7 667 323 39 51 -1 -1 -1 0 
28 1 770 333 36 40 -1 -1 -1 0 
28 3 920 331 139 81 -1 -1 -1 0 
28 7 668 323 38 51 -1 -1 -1 0 
29 1 770 333 36 40 -1 -1 -1 0 
29 3 920 330 138 81 -1 -1 -1 0 
29 7 668 324 39 50 -1 -1 -1 0 
30 1 769 333 37 41 -1 -1 -1 0 
30 3 919 330 137 81 -1 -1 -1 0 
30 7 669 325 37 49 -1 -1 -1 0 
31 1 770 333 35 39 -1 -1 -1 0 
31 3 920 330 133 80 -1 -1 -1 0 
31 7 669 325 37 49 -1 -1 -1 0 
32 1 769 331 36 40 -1 -1 -1 0 
32 3 919 329 134 81 -1 -1 -1 0 
32 7 669 325 37 49 -1 -1 -1 0 
33 1 769 331 36 40 -1 -1 -1 0 
33 3 918 330 134 80 -1 -1 -1 0 
33 7 670 325 36 48 -1 -1 -1 0 
34 1 768 329 38 42 -1 -1 -1 0 
34 3 920 331 131 79 -1 -1 -1 0 
34 7 670 324 36 49 -1 -1 -1 0 
35 1 768 330 37 41 -1 -1 -1 0 
35 3 918 329 130 81 -1 -1 -1 0 
35 7 669 324 37 51 -1 -1 -1 0 
36 1 768 331 36 41 -1 -1 -1 0 
36 3 916 327 129 83 -1 -1 -1 0 
36 7 669 324 37 51 -1 -1 -1 0 
37 1 768 331 36 42 -1 -1 -1 0 
37 3 913 328 130 81 -1 -1 -1 0 
37 7 669 325 38 51 -1 -1 -1 0 
38 1 768 331 36 42 -1 -1 -1 0 
38 3 914 328 128 82 -1 -1 -1 0 
38 7 669 323 38 53 -1 -1 -1 0 
39 1 767 331 38 43 -1 -1 -1 0 
39 3 915 327 127 83 -1 -1 -1 0 
39 7 669 324 39 52 -1 -1 -1 0 
40 1 767 331 37 41 -1 -1 -1 0 
40 3 915 327 125 82 -1 -1 -1 0 
40 7 669 325 39 51 -1 -1 -1 0 
