3 1 674 336 29 40 -1 -1 -1 0 
4 1 673 337 30 39 -1 -1 -1 0 
5 1 674 337 29 40 -1 -1 -1 0 
6 1 674 337 29 41 -1 -1 -1 0 
7 1 675 338 28 41 -1 -1 -1 0 
8 1 675 338 29 41 -1 -1 -1 0 
9 1 675 338 28 40 -1 -1 -1 0 
10 1 674 338 29 39 -1 -1 -1 0 
11 1 674 338 28 39 -1 -1 -1 0 
12 1 674 338 28 38 -1 -1 -1 0 
13 1 674 338 28 38 -1 -1 -1 0 
14 1 674 338 27 38 -1 -1 -1 0 
15 1 674 337 27 39 -1 -1 -1 0 
16 1 673 337 29 39 -1 -1 -1 0 
17 1 673 337 28 39 -1 -1 -1 0 
18 1 673 337 28 38 -1 -1 -1 0 
19 1 673 336 28 39 -1 -1 -1 0 
20 1 673 336 28 39 -1 -1 -1 0 
21 1 673 336 29 39 -1 -1 -1 0 
22 1 674 336 27 39 -1 -1 -1 0 
23 1 673 336 29 39 -1 -1 -1 0 
24 1 673 336 28 39 -1 -1 -1 0 
25 1 673 335 29 39 -1 -1 -1 0 
26 1 673 335 29 39 -1 -1 -1 0 
27 1 674 334 28 39 -1 -1 -1 0 
28 1 673 334 29 39 -1 -1 -1 0 
29 1 674 334 28 39 -1 -1 -1 0 
30 1 673 334 30 39 -1 -1 -1 0 
31 1 673 334 29 39 -1 -1 -1 0 
32 1 672 334 30 39 -1 -1 -1 0 
33 1 673 334 29 39 -1 -1 -1 0 
34 1 673 335 29 38 -1 -1 -1 0 
35 1 673 335 29 38 -1 -1 -1 0 
36 1 673 335 29 38 -1 -1 -1 0 
