3 1 767 337 71 60 -1 -1 -1 0 
4 1 768 338 69 59 -1 -1 -1 0 
5 1 767 338 70 60 -1 -1 -1 0 
6 1 767 337 70 61 -1 -1 -1 0 
7 1 768 338 69 60 -1 -1 -1 0 
8 1 768 337 69 61 -1 -1 -1 0 
8 2 5 349 58 66 -1 -1 -1 0 
9 1 766 337 71 61 -1 -1 -1 0 
9 2 0 348 44 69 -1 -1 -1 0 
10 1 766 336 71 62 -1 -1 -1 0 
11 1 766 336 70 62 -1 -1 -1 0 
12 1 766 337 68 60 -1 -1 -1 0 
13 1 766 338 69 59 -1 -1 -1 0 
14 1 765 338 70 60 -1 -1 -1 0 
15 1 764 339 71 57 -1 -1 -1 0 
16 1 764 339 70 57 -1 -1 -1 0 
17 1 764 340 70 55 -1 -1 -1 0 
18 1 764 339 69 56 -1 -1 -1 0 
19 1 763 338 70 56 -1 -1 -1 0 
20 1 763 338 70 55 -1 -1 -1 0 
21 1 762 338 72 55 -1 -1 -1 0 
22 1 762 337 71 56 -1 -1 -1 0 
23 1 762 337 69 57 -1 -1 -1 0 
24 1 762 337 68 57 -1 -1 -1 0 
24 5 504 333 27 32 -1 -1 -1 0 
25 1 762 337 67 57 -1 -1 -1 0 
25 5 500 332 28 33 -1 -1 -1 0 
26 1 761 337 67 58 -1 -1 -1 0 
26 5 496 331 30 35 -1 -1 -1 0 
27 1 759 337 69 58 -1 -1 -1 0 
27 5 491 332 32 32 -1 -1 -1 0 
28 1 760 337 67 58 -1 -1 -1 0 
28 5 487 332 31 32 -1 -1 -1 0 
29 1 759 337 68 58 -1 -1 -1 0 
29 5 481 332 32 33 -1 -1 -1 0 
30 1 760 338 68 56 -1 -1 -1 0 
30 5 474 330 33 37 -1 -1 -1 0 
31 1 760 338 67 56 -1 -1 -1 0 
31 5 468 329 34 38 -1 -1 -1 0 
32 1 759 338 68 56 -1 -1 -1 0 
32 5 462 330 36 37 -1 -1 -1 0 
33 1 758 338 68 56 -1 -1 -1 0 
33 5 457 332 34 34 -1 -1 -1 0 
34 1 758 337 67 57 -1 -1 -1 0 
34 5 449 330 35 37 -1 -1 -1 0 
35 1 758 337 67 57 -1 -1 -1 0 
35 5 444 330 36 37 -1 -1 -1 0 
36 1 760 338 65 56 -1 -1 -1 0 
36 5 434 331 36 38 -1 -1 -1 0 
37 1 759 338 66 56 -1 -1 -1 0 
37 5 443 331 26 37 -1 -1 -1 0 
38 1 758 338 67 55 -1 -1 -1 0 
38 5 439 330 26 38 -1 -1 -1 0 
39 1 758 338 66 55 -1 -1 -1 0 
39 5 409 334 33 35 -1 -1 -1 0 
40 1 757 338 67 55 -1 -1 -1 0 
40 5 414 332 27 38 -1 -1 -1 0 
