3 1 310 349 63 41 -1 -1 -1 0 
3 2 886 323 65 59 -1 -1 -1 0 
3 3 801 328 45 51 -1 -1 -1 0 
3 4 1023 334 247 118 -1 -1 -1 0 
4 1 281 350 67 44 -1 -1 -1 0 
4 2 885 323 67 59 -1 -1 -1 0 
4 3 800 327 47 52 -1 -1 -1 0 
4 4 1029 332 241 123 -1 -1 -1 0 
5 1 248 351 75 45 -1 -1 -1 0 
5 2 883 323 70 58 -1 -1 -1 0 
5 3 799 326 48 53 -1 -1 -1 0 
5 4 1032 333 241 123 -1 -1 -1 0 
6 1 214 352 81 46 -1 -1 -1 0 
6 2 884 323 70 58 -1 -1 -1 0 
6 3 799 325 49 54 -1 -1 -1 0 
6 4 1040 333 235 124 -1 -1 -1 0 
7 1 164 353 94 52 -1 -1 -1 0 
7 2 883 323 73 58 -1 -1 -1 0 
7 3 799 325 50 53 -1 -1 -1 0 
7 4 1045 333 231 126 -1 -1 -1 0 
8 1 105 354 116 59 -1 -1 -1 0 
8 2 884 323 72 58 -1 -1 -1 0 
8 3 799 325 50 53 -1 -1 -1 0 
8 4 1050 336 227 124 -1 -1 -1 0 
9 1 50 355 120 62 -1 -1 -1 0 
9 2 883 324 74 58 -1 -1 -1 0 
9 3 799 325 49 53 -1 -1 -1 0 
9 4 1055 339 224 118 -1 -1 -1 0 
10 1 3 357 96 68 -1 -1 -1 0 
10 2 884 324 75 59 -1 -1 -1 0 
10 3 798 324 51 54 -1 -1 -1 0 
10 4 1065 338 212 122 -1 -1 -1 0 
11 1 0 358 54 71 -1 -1 -1 0 
11 2 884 324 76 59 -1 -1 -1 0 
11 3 798 324 50 55 -1 -1 -1 0 
11 4 1071 337 208 125 -1 -1 -1 0 
12 2 886 324 74 60 -1 -1 -1 0 
12 3 798 324 50 55 -1 -1 -1 0 
12 4 1075 336 204 127 -1 -1 -1 0 
13 2 886 323 75 61 -1 -1 -1 0 
13 3 796 325 53 55 -1 -1 -1 0 
13 4 1081 338 198 126 -1 -1 -1 0 
14 2 886 321 77 64 -1 -1 -1 0 
14 3 798 325 50 55 -1 -1 -1 0 
14 4 1089 339 190 124 -1 -1 -1 0 
15 2 887 318 78 67 -1 -1 -1 0 
15 3 798 324 51 56 -1 -1 -1 0 
15 4 1097 337 182 126 -1 -1 -1 0 
16 2 888 318 78 67 -1 -1 -1 0 
16 3 798 324 52 56 -1 -1 -1 0 
16 4 1100 342 179 118 -1 -1 -1 0 
17 2 889 316 77 69 -1 -1 -1 0 
17 3 797 323 53 57 -1 -1 -1 0 
17 4 1110 343 167 119 -1 -1 -1 0 
18 2 889 313 78 72 -1 -1 -1 0 
18 3 797 324 52 56 -1 -1 -1 0 
18 4 1120 344 158 120 -1 -1 -1 0 
19 2 890 313 78 73 -1 -1 -1 0 
19 3 796 324 53 56 -1 -1 -1 0 
19 4 1127 341 150 127 -1 -1 -1 0 
20 2 889 314 82 73 -1 -1 -1 0 
20 3 798 324 50 56 -1 -1 -1 0 
20 4 1135 338 143 131 -1 -1 -1 0 
21 2 891 315 81 72 -1 -1 -1 0 
21 3 798 325 51 56 -1 -1 -1 0 
21 4 1142 339 137 130 -1 -1 -1 0 
22 2 892 315 81 71 -1 -1 -1 0 
22 3 797 325 53 55 -1 -1 -1 0 
22 4 1151 338 127 131 -1 -1 -1 0 
22 5 357 345 49 42 -1 -1 -1 0 
23 2 892 316 83 70 -1 -1 -1 0 
23 3 798 325 51 55 -1 -1 -1 0 
23 4 1161 332 114 142 -1 -1 -1 0 
23 5 331 345 59 45 -1 -1 -1 0 
24 2 894 317 82 70 -1 -1 -1 0 
24 3 797 326 53 54 -1 -1 -1 0 
24 4 1169 328 107 147 -1 -1 -1 0 
24 5 306 348 66 44 -1 -1 -1 0 
25 2 900 318 74 67 -1 -1 -1 0 
25 3 797 326 53 54 -1 -1 -1 0 
25 4 1175 319 101 159 -1 -1 -1 0 
25 5 280 349 68 45 -1 -1 -1 0 
26 2 899 317 77 68 -1 -1 -1 0 
26 3 797 326 53 54 -1 -1 -1 0 
26 4 1183 318 94 165 -1 -1 -1 0 
26 5 248 350 73 49 -1 -1 -1 0 
27 2 910 318 64 67 -1 -1 -1 0 
27 3 798 326 52 54 -1 -1 -1 0 
27 4 1190 322 89 164 -1 -1 -1 0 
27 5 205 353 87 52 -1 -1 -1 0 
28 2 899 316 80 71 -1 -1 -1 0 
28 3 798 327 52 53 -1 -1 -1 0 
28 4 1200 323 78 165 -1 -1 -1 0 
28 5 163 356 93 53 -1 -1 -1 0 
29 2 897 316 82 71 -1 -1 -1 0 
29 3 797 326 54 54 -1 -1 -1 0 
29 4 1211 331 67 154 -1 -1 -1 0 
29 5 100 359 109 58 -1 -1 -1 0 
30 2 895 315 86 73 -1 -1 -1 0 
30 3 798 326 53 54 -1 -1 -1 0 
30 4 1218 332 61 153 -1 -1 -1 0 
30 5 24 360 136 65 -1 -1 -1 0 
31 2 894 315 89 73 -1 -1 -1 0 
31 3 799 325 52 55 -1 -1 -1 0 
31 4 1229 326 50 163 -1 -1 -1 0 
31 5 3 360 77 68 -1 -1 -1 0 
32 2 895 314 89 74 -1 -1 -1 0 
32 3 798 326 54 55 -1 -1 -1 0 
32 4 1242 338 37 154 -1 -1 -1 0 
32 5 0 361 36 71 -1 -1 -1 0 
33 2 896 314 89 73 -1 -1 -1 0 
33 3 799 326 53 55 -1 -1 -1 0 
33 4 1252 346 27 147 -1 -1 -1 0 
34 2 896 316 90 71 -1 -1 -1 0 
34 3 799 327 53 54 -1 -1 -1 0 
34 4 1261 347 18 148 -1 -1 -1 0 
35 2 902 318 83 69 -1 -1 -1 0 
35 3 799 327 53 53 -1 -1 -1 0 
36 2 900 319 87 68 -1 -1 -1 0 
36 3 799 328 53 52 -1 -1 -1 0 
37 2 902 320 84 67 -1 -1 -1 0 
37 3 800 328 52 52 -1 -1 -1 0 
38 2 900 320 88 68 -1 -1 -1 0 
38 3 800 328 52 53 -1 -1 -1 0 
39 2 898 319 91 70 -1 -1 -1 0 
39 3 800 329 52 52 -1 -1 -1 0 
40 2 897 319 92 70 -1 -1 -1 0 
40 3 801 329 51 53 -1 -1 -1 0 
