3 1 529 332 83 79 -1 -1 -1 0 
4 1 530 332 82 78 -1 -1 -1 0 
5 1 531 331 82 79 -1 -1 -1 0 
6 1 530 331 83 79 -1 -1 -1 0 
7 1 530 332 82 77 -1 -1 -1 0 
8 1 530 332 82 77 -1 -1 -1 0 
9 1 530 332 84 76 -1 -1 -1 0 
10 1 530 332 84 76 -1 -1 -1 0 
11 1 531 332 83 75 -1 -1 -1 0 
12 1 530 332 85 75 -1 -1 -1 0 
13 1 532 333 82 73 -1 -1 -1 0 
14 1 532 333 82 73 -1 -1 -1 0 
15 1 533 333 81 73 -1 -1 -1 0 
16 1 533 332 81 74 -1 -1 -1 0 
17 1 532 332 83 75 -1 -1 -1 0 
18 1 532 332 83 75 -1 -1 -1 0 
19 1 532 332 83 74 -1 -1 -1 0 
20 1 532 333 83 73 -1 -1 -1 0 
21 1 533 333 82 72 -1 -1 -1 0 
22 1 534 334 80 70 -1 -1 -1 0 
23 1 534 333 80 72 -1 -1 -1 0 
24 1 534 332 80 73 -1 -1 -1 0 
25 1 535 332 79 73 -1 -1 -1 0 
26 1 535 331 80 74 -1 -1 -1 0 
27 1 535 330 80 75 -1 -1 -1 0 
28 1 536 329 77 76 -1 -1 -1 0 
29 1 536 329 78 76 -1 -1 -1 0 
29 3 638 328 24 35 -1 -1 -1 0 
30 1 537 329 76 76 -1 -1 -1 0 
30 3 639 329 24 34 -1 -1 -1 0 
31 1 536 329 78 76 -1 -1 -1 0 
32 1 538 329 75 76 -1 -1 -1 0 
32 3 639 328 24 35 -1 -1 -1 0 
33 1 538 328 76 77 -1 -1 -1 0 
33 3 638 328 26 34 -1 -1 -1 0 
34 1 540 329 74 74 -1 -1 -1 0 
34 3 640 328 23 33 -1 -1 -1 0 
35 1 540 331 74 71 -1 -1 -1 0 
35 3 640 328 24 33 -1 -1 -1 0 
36 1 541 332 73 70 -1 -1 -1 0 
36 3 641 328 23 33 -1 -1 -1 0 
37 1 543 332 70 69 -1 -1 -1 0 
37 3 641 329 23 32 -1 -1 -1 0 
38 1 543 333 71 67 -1 -1 -1 0 
38 3 641 329 23 32 -1 -1 -1 0 
39 1 544 333 70 67 -1 -1 -1 0 
39 3 641 330 22 31 -1 -1 -1 0 
40 1 545 333 70 67 -1 -1 -1 0 
40 3 641 330 22 31 -1 -1 -1 0 
