3 1 542 338 69 66 -1 -1 -1 0 
3 2 673 335 28 38 -1 -1 -1 0 
4 1 541 338 71 66 -1 -1 -1 0 
4 2 672 335 28 38 -1 -1 -1 0 
5 1 542 339 70 64 -1 -1 -1 0 
5 2 673 335 27 38 -1 -1 -1 0 
6 1 542 339 70 64 -1 -1 -1 0 
6 2 672 335 28 38 -1 -1 -1 0 
6 8 630 340 24 32 -1 -1 -1 0 
7 1 544 340 67 62 -1 -1 -1 0 
7 2 672 335 28 38 -1 -1 -1 0 
7 8 631 341 22 31 -1 -1 -1 0 
8 1 544 340 68 62 -1 -1 -1 0 
8 2 672 335 28 38 -1 -1 -1 0 
9 1 546 341 65 62 -1 -1 -1 0 
9 2 672 335 28 39 -1 -1 -1 0 
10 1 547 341 64 62 -1 -1 -1 0 
10 2 672 335 28 39 -1 -1 -1 0 
11 1 547 341 65 62 -1 -1 -1 0 
11 2 672 336 28 38 -1 -1 -1 0 
12 1 548 341 65 62 -1 -1 -1 0 
12 2 672 336 28 39 -1 -1 -1 0 
13 1 549 341 64 62 -1 -1 -1 0 
13 2 672 337 28 38 -1 -1 -1 0 
14 1 549 341 65 61 -1 -1 -1 0 
14 2 672 337 28 38 -1 -1 -1 0 
14 8 631 338 25 33 -1 -1 -1 0 
15 1 551 341 63 59 -1 -1 -1 0 
15 2 673 336 27 39 -1 -1 -1 0 
15 8 632 337 25 33 -1 -1 -1 0 
16 1 551 341 64 59 -1 -1 -1 0 
16 2 673 335 27 39 -1 -1 -1 0 
17 1 553 341 63 57 -1 -1 -1 0 
17 2 672 335 29 38 -1 -1 -1 0 
18 1 554 341 62 56 -1 -1 -1 0 
18 2 672 335 29 38 -1 -1 -1 0 
18 8 634 336 23 34 -1 -1 -1 0 
19 1 557 341 59 57 -1 -1 -1 0 
19 2 672 335 29 38 -1 -1 -1 0 
19 8 635 335 23 34 -1 -1 -1 0 
20 1 557 341 60 57 -1 -1 -1 0 
20 2 673 335 28 38 -1 -1 -1 0 
21 1 559 340 58 58 -1 -1 -1 0 
21 2 673 335 28 38 -1 -1 -1 0 
22 1 559 340 59 57 -1 -1 -1 0 
22 2 673 336 28 37 -1 -1 -1 0 
23 1 560 340 58 56 -1 -1 -1 0 
23 2 673 336 29 37 -1 -1 -1 0 
24 1 562 339 56 56 -1 -1 -1 0 
24 2 673 335 28 39 -1 -1 -1 0 
25 1 562 339 57 56 -1 -1 -1 0 
25 2 673 335 28 38 -1 -1 -1 0 
26 1 564 338 55 56 -1 -1 -1 0 
26 2 674 335 26 38 -1 -1 -1 0 
27 1 566 338 53 56 -1 -1 -1 0 
27 2 673 334 28 38 -1 -1 -1 0 
28 1 567 338 53 55 -1 -1 -1 0 
28 2 673 334 28 38 -1 -1 -1 0 
29 1 568 338 53 54 -1 -1 -1 0 
29 2 673 333 28 38 -1 -1 -1 0 
30 1 568 338 53 54 -1 -1 -1 0 
30 2 672 333 29 38 -1 -1 -1 0 
31 1 568 338 54 54 -1 -1 -1 0 
31 2 672 333 28 39 -1 -1 -1 0 
32 1 569 338 53 54 -1 -1 -1 0 
32 2 672 333 28 39 -1 -1 -1 0 
33 1 569 338 53 54 -1 -1 -1 0 
33 2 672 332 28 40 -1 -1 -1 0 
34 1 570 337 52 54 -1 -1 -1 0 
34 2 671 332 28 40 -1 -1 -1 0 
35 1 571 337 52 54 -1 -1 -1 0 
35 2 671 332 28 40 -1 -1 -1 0 
36 1 573 336 51 55 -1 -1 -1 0 
36 2 671 333 29 39 -1 -1 -1 0 
37 1 574 336 50 55 -1 -1 -1 0 
37 2 671 333 29 39 -1 -1 -1 0 
38 1 575 335 50 56 -1 -1 -1 0 
38 2 671 333 29 39 -1 -1 -1 0 
39 1 575 335 52 56 -1 -1 -1 0 
39 2 671 333 29 38 -1 -1 -1 0 
40 1 575 335 53 56 -1 -1 -1 0 
40 2 671 333 29 38 -1 -1 -1 0 
