3 1 248 355 176 88 -1 -1 -1 0 
4 1 256 355 172 87 -1 -1 -1 0 
5 1 263 355 170 85 -1 -1 -1 0 
6 1 270 354 165 85 -1 -1 -1 0 
7 1 280 355 156 83 -1 -1 -1 0 
8 1 285 354 157 83 -1 -1 -1 0 
9 1 289 355 158 82 -1 -1 -1 0 
10 1 298 354 150 82 -1 -1 -1 0 
11 1 305 353 145 82 -1 -1 -1 0 
12 1 309 351 144 82 -1 -1 -1 0 
13 1 314 350 141 82 -1 -1 -1 0 
14 1 320 349 137 82 -1 -1 -1 0 
15 1 324 349 137 81 -1 -1 -1 0 
16 1 329 350 134 79 -1 -1 -1 0 
17 1 334 351 130 77 -1 -1 -1 0 
18 1 339 351 125 76 -1 -1 -1 0 
19 1 345 351 124 76 -1 -1 -1 0 
20 1 349 351 122 74 -1 -1 -1 0 
21 1 354 351 118 71 -1 -1 -1 0 
22 1 359 351 115 71 -1 -1 -1 0 
23 1 367 351 103 70 -1 -1 -1 0 
24 1 369 350 105 70 -1 -1 -1 0 
25 1 373 350 101 69 -1 -1 -1 0 
26 1 373 349 105 70 -1 -1 -1 0 
27 1 376 349 104 69 -1 -1 -1 0 
28 1 380 349 104 68 -1 -1 -1 0 
29 1 384 350 102 66 -1 -1 -1 0 
30 1 388 350 101 65 -1 -1 -1 0 
31 1 392 348 98 66 -1 -1 -1 0 
32 1 395 347 97 66 -1 -1 -1 0 
32 4 665 329 34 52 -1 -1 -1 0 
33 1 398 346 95 66 -1 -1 -1 0 
33 4 665 330 33 51 -1 -1 -1 0 
34 1 401 345 94 67 -1 -1 -1 0 
35 1 404 345 91 67 -1 -1 -1 0 
36 1 407 347 86 64 -1 -1 -1 0 
37 1 410 346 86 64 -1 -1 -1 0 
38 1 413 346 86 65 -1 -1 -1 0 
39 1 415 347 85 64 -1 -1 -1 0 
39 4 662 328 36 51 -1 -1 -1 0 
39 5 612 334 25 31 -1 -1 -1 0 
40 1 417 348 84 62 -1 -1 -1 0 
40 4 661 327 36 51 -1 -1 -1 0 
40 5 612 334 24 30 -1 -1 -1 0 
