3 1 764 312 107 101 -1 -1 -1 0 
3 2 513 329 99 97 -1 -1 -1 0 
3 3 1138 308 139 120 -1 -1 -1 0 
4 1 766 315 106 98 -1 -1 -1 0 
4 2 516 340 94 84 -1 -1 -1 0 
4 3 1138 312 141 118 -1 -1 -1 0 
5 1 767 316 106 97 -1 -1 -1 0 
5 2 519 343 89 81 -1 -1 -1 0 
5 3 1137 323 142 107 -1 -1 -1 0 
6 1 768 315 108 100 -1 -1 -1 0 
6 2 521 344 88 79 -1 -1 -1 0 
6 3 1143 330 136 100 -1 -1 -1 0 
7 1 768 315 110 100 -1 -1 -1 0 
7 2 522 344 88 78 -1 -1 -1 0 
7 3 1146 329 131 103 -1 -1 -1 0 
7 6 249 350 60 53 -1 -1 -1 0 
8 1 768 316 112 100 -1 -1 -1 0 
8 2 523 345 89 77 -1 -1 -1 0 
8 3 1150 326 127 108 -1 -1 -1 0 
8 6 256 355 52 46 -1 -1 -1 0 
9 1 769 316 113 100 -1 -1 -1 0 
9 2 525 345 87 77 -1 -1 -1 0 
9 3 1152 327 127 109 -1 -1 -1 0 
10 1 768 316 117 101 -1 -1 -1 0 
10 2 526 345 87 77 -1 -1 -1 0 
10 3 1153 335 126 100 -1 -1 -1 0 
11 1 769 315 118 102 -1 -1 -1 0 
11 2 528 343 86 79 -1 -1 -1 0 
11 3 1160 338 119 97 -1 -1 -1 0 
12 1 770 315 118 103 -1 -1 -1 0 
12 2 529 342 84 78 -1 -1 -1 0 
12 3 1164 339 114 95 -1 -1 -1 0 
13 1 771 315 118 104 -1 -1 -1 0 
13 2 528 343 88 77 -1 -1 -1 0 
13 3 1164 336 113 100 -1 -1 -1 0 
14 1 772 314 118 105 -1 -1 -1 0 
14 2 530 342 85 76 -1 -1 -1 0 
14 3 1169 333 107 101 -1 -1 -1 0 
15 1 773 314 120 105 -1 -1 -1 0 
15 2 530 342 86 75 -1 -1 -1 0 
15 3 1171 334 106 99 -1 -1 -1 0 
16 1 773 314 121 105 -1 -1 -1 0 
16 2 531 341 86 75 -1 -1 -1 0 
16 3 1172 336 107 96 -1 -1 -1 0 
16 6 267 337 77 57 -1 -1 -1 0 
17 1 773 312 123 108 -1 -1 -1 0 
17 2 533 342 85 74 -1 -1 -1 0 
17 3 1177 341 102 92 -1 -1 -1 0 
17 6 242 340 83 58 -1 -1 -1 0 
18 1 774 311 124 110 -1 -1 -1 0 
18 2 534 342 84 74 -1 -1 -1 0 
18 3 1183 338 94 97 -1 -1 -1 0 
18 6 242 339 83 59 -1 -1 -1 0 
19 1 773 313 126 108 -1 -1 -1 0 
19 2 535 342 84 73 -1 -1 -1 0 
19 3 1187 331 89 106 -1 -1 -1 0 
20 1 776 312 124 109 -1 -1 -1 0 
20 2 537 341 82 74 -1 -1 -1 0 
20 3 1191 321 85 117 -1 -1 -1 0 
21 1 775 312 128 110 -1 -1 -1 0 
21 2 537 342 82 74 -1 -1 -1 0 
21 3 1194 318 84 122 -1 -1 -1 0 
22 1 776 312 128 111 -1 -1 -1 0 
22 2 538 342 82 73 -1 -1 -1 0 
22 3 1197 321 82 118 -1 -1 -1 0 
23 1 776 314 133 109 -1 -1 -1 0 
23 2 540 343 80 72 -1 -1 -1 0 
23 3 1204 313 73 126 -1 -1 -1 0 
24 1 777 314 135 108 -1 -1 -1 0 
24 2 541 340 78 73 -1 -1 -1 0 
24 3 1208 311 68 129 -1 -1 -1 0 
24 6 232 353 87 51 -1 -1 -1 0 
25 1 778 315 137 107 -1 -1 -1 0 
25 2 541 340 80 73 -1 -1 -1 0 
25 6 201 356 83 53 -1 -1 -1 0 
26 1 779 315 138 108 -1 -1 -1 0 
26 2 542 339 78 73 -1 -1 -1 0 
26 6 196 357 85 53 -1 -1 -1 0 
27 1 780 313 138 111 -1 -1 -1 0 
27 2 543 340 78 72 -1 -1 -1 0 
28 1 783 312 138 114 -1 -1 -1 0 
28 2 544 339 77 73 -1 -1 -1 0 
28 6 228 350 76 61 -1 -1 -1 0 
28 28 643 336 19 25 -1 -1 -1 0 
29 1 784 312 140 115 -1 -1 -1 0 
29 2 544 338 77 73 -1 -1 -1 0 
29 6 229 350 75 62 -1 -1 -1 0 
29 28 643 336 19 25 -1 -1 -1 0 
30 1 785 312 143 116 -1 -1 -1 0 
30 2 545 338 76 73 -1 -1 -1 0 
31 1 787 311 144 117 -1 -1 -1 0 
31 2 546 337 75 74 -1 -1 -1 0 
31 28 643 336 19 25 -1 -1 -1 0 
31 30 7 329 138 108 -1 -1 -1 0 
32 1 790 311 142 118 -1 -1 -1 0 
32 2 546 337 76 73 -1 -1 -1 0 
32 28 643 337 19 24 -1 -1 -1 0 
32 30 25 341 114 90 -1 -1 -1 0 
33 1 790 310 146 120 -1 -1 -1 0 
33 2 547 337 75 73 -1 -1 -1 0 
33 28 643 337 19 24 -1 -1 -1 0 
34 1 790 310 147 121 -1 -1 -1 0 
34 2 548 337 74 72 -1 -1 -1 0 
34 28 643 337 19 24 -1 -1 -1 0 
35 1 792 310 148 121 -1 -1 -1 0 
35 2 549 337 73 72 -1 -1 -1 0 
36 1 796 309 148 122 -1 -1 -1 0 
36 2 550 337 73 71 -1 -1 -1 0 
37 1 797 310 151 121 -1 -1 -1 0 
37 2 552 337 69 71 -1 -1 -1 0 
38 1 794 310 158 124 -1 -1 -1 0 
38 2 552 338 72 69 -1 -1 -1 0 
38 28 643 337 20 24 -1 -1 -1 0 
39 1 794 309 161 127 -1 -1 -1 0 
39 2 553 336 69 71 -1 -1 -1 0 
39 28 644 337 19 23 -1 -1 -1 0 
40 1 794 311 163 125 -1 -1 -1 0 
40 2 554 336 69 70 -1 -1 -1 0 
