3 1 562 322 64 65 -1 -1 -1 0 
3 2 301 304 221 194 -1 -1 -1 0 
3 3 716 335 31 36 -1 -1 -1 0 
3 4 655 332 25 33 -1 -1 -1 0 
3 5 699 338 18 26 -1 -1 -1 0 
3 6 919 329 73 55 -1 -1 -1 0 
3 7 614 328 32 36 -1 -1 -1 0 
4 1 563 322 63 65 -1 -1 -1 0 
4 2 311 311 213 182 -1 -1 -1 0 
4 3 717 335 30 36 -1 -1 -1 0 
4 4 655 331 24 33 -1 -1 -1 0 
4 5 698 338 18 26 -1 -1 -1 0 
4 6 917 328 78 56 -1 -1 -1 0 
4 7 613 329 32 35 -1 -1 -1 0 
5 1 563 322 63 64 -1 -1 -1 0 
5 2 319 317 206 171 -1 -1 -1 0 
5 3 715 335 32 35 -1 -1 -1 0 
5 4 654 333 26 30 -1 -1 -1 0 
5 5 698 338 18 26 -1 -1 -1 0 
5 6 920 328 74 58 -1 -1 -1 0 
5 7 613 329 33 35 -1 -1 -1 0 
5 8 28 318 80 111 -1 -1 -1 0 
6 1 564 322 60 66 -1 -1 -1 0 
6 2 330 320 195 163 -1 -1 -1 0 
6 3 714 335 32 35 -1 -1 -1 0 
6 4 655 333 24 30 -1 -1 -1 0 
6 6 916 329 76 57 -1 -1 -1 0 
6 7 613 328 33 36 -1 -1 -1 0 
6 8 31 313 84 119 -1 -1 -1 0 
7 1 564 322 60 66 -1 -1 -1 0 
7 2 336 323 190 158 -1 -1 -1 0 
7 3 714 336 31 34 -1 -1 -1 0 
7 4 655 333 23 30 -1 -1 -1 0 
7 6 914 329 76 58 -1 -1 -1 0 
7 7 613 328 33 36 -1 -1 -1 0 
8 1 563 321 63 66 -1 -1 -1 0 
8 2 343 323 186 159 -1 -1 -1 0 
8 3 713 336 32 34 -1 -1 -1 0 
8 4 654 333 24 30 -1 -1 -1 0 
8 6 916 330 74 57 -1 -1 -1 0 
8 7 612 328 34 37 -1 -1 -1 0 
9 1 564 321 62 65 -1 -1 -1 0 
9 2 348 325 184 158 -1 -1 -1 0 
9 3 713 337 32 33 -1 -1 -1 0 
9 4 654 332 23 31 -1 -1 -1 0 
9 6 917 327 75 60 -1 -1 -1 0 
9 7 613 329 31 36 -1 -1 -1 0 
10 1 564 322 62 64 -1 -1 -1 0 
10 2 355 319 179 161 -1 -1 -1 0 
10 3 713 337 32 33 -1 -1 -1 0 
10 4 653 332 25 31 -1 -1 -1 0 
10 6 914 327 82 60 -1 -1 -1 0 
10 7 613 329 31 36 -1 -1 -1 0 
10 12 317 342 43 36 -1 -1 -1 0 
11 1 565 322 60 63 -1 -1 -1 0 
11 2 363 314 170 164 -1 -1 -1 0 
11 3 714 336 32 35 -1 -1 -1 0 
11 4 653 332 24 32 -1 -1 -1 0 
11 6 917 329 76 59 -1 -1 -1 0 
11 7 613 329 31 36 -1 -1 -1 0 
11 12 293 342 47 37 -1 -1 -1 0 
12 1 566 322 59 65 -1 -1 -1 0 
12 2 366 317 171 161 -1 -1 -1 0 
12 3 713 336 33 35 -1 -1 -1 0 
12 4 652 333 26 31 -1 -1 -1 0 
12 6 913 330 84 57 -1 -1 -1 0 
12 7 613 329 31 36 -1 -1 -1 0 
12 12 266 341 61 38 -1 -1 -1 0 
13 1 565 322 61 65 -1 -1 -1 0 
13 2 370 324 172 152 -1 -1 -1 0 
13 3 713 336 33 35 -1 -1 -1 0 
13 4 652 333 25 31 -1 -1 -1 0 
13 6 914 329 85 56 -1 -1 -1 0 
13 7 614 329 30 35 -1 -1 -1 0 
13 12 249 341 63 39 -1 -1 -1 0 
14 1 565 323 62 62 -1 -1 -1 0 
14 2 377 334 167 137 -1 -1 -1 0 
14 3 713 336 33 36 -1 -1 -1 0 
14 4 653 333 24 31 -1 -1 -1 0 
14 6 914 330 84 55 -1 -1 -1 0 
14 7 614 329 29 35 -1 -1 -1 0 
15 1 566 323 61 62 -1 -1 -1 0 
15 2 385 335 159 133 -1 -1 -1 0 
15 3 714 336 32 35 -1 -1 -1 0 
15 4 653 332 24 32 -1 -1 -1 0 
15 6 913 330 86 55 -1 -1 -1 0 
15 12 328 330 56 44 -1 -1 -1 0 
16 1 567 323 60 62 -1 -1 -1 0 
16 2 390 331 154 135 -1 -1 -1 0 
16 3 714 336 32 35 -1 -1 -1 0 
16 4 653 332 24 32 -1 -1 -1 0 
16 6 925 330 71 55 -1 -1 -1 0 
16 12 324 326 59 48 -1 -1 -1 0 
17 1 567 323 61 62 -1 -1 -1 0 
17 2 395 326 150 140 -1 -1 -1 0 
17 3 715 336 31 35 -1 -1 -1 0 
17 4 653 332 25 32 -1 -1 -1 0 
17 6 917 328 84 56 -1 -1 -1 0 
17 12 308 328 61 47 -1 -1 -1 0 
18 1 568 323 60 62 -1 -1 -1 0 
18 2 395 326 154 138 -1 -1 -1 0 
18 3 715 335 31 36 -1 -1 -1 0 
18 4 652 332 26 31 -1 -1 -1 0 
18 6 916 327 84 57 -1 -1 -1 0 
18 8 1 339 78 77 -1 -1 -1 0 
18 12 287 325 65 51 -1 -1 -1 0 
19 1 568 323 61 62 -1 -1 -1 0 
19 2 398 327 153 133 -1 -1 -1 0 
19 3 714 335 32 36 -1 -1 -1 0 
19 4 653 332 24 31 -1 -1 -1 0 
19 6 924 326 73 59 -1 -1 -1 0 
19 8 0 340 78 75 -1 -1 -1 0 
19 12 263 323 70 55 -1 -1 -1 0 
20 1 569 323 60 62 -1 -1 -1 0 
20 2 407 323 142 134 -1 -1 -1 0 
20 3 714 335 32 36 -1 -1 -1 0 
20 4 654 332 22 31 -1 -1 -1 0 
20 6 918 326 83 60 -1 -1 -1 0 
20 12 232 319 83 60 -1 -1 -1 0 
21 1 570 322 59 62 -1 -1 -1 0 
21 2 410 326 142 127 -1 -1 -1 0 
21 3 715 335 31 37 -1 -1 -1 0 
21 4 654 332 22 31 -1 -1 -1 0 
21 6 928 327 69 59 -1 -1 -1 0 
21 12 198 318 91 64 -1 -1 -1 0 
22 1 571 322 58 62 -1 -1 -1 0 
22 2 415 327 137 123 -1 -1 -1 0 
22 3 714 335 33 37 -1 -1 -1 0 
22 4 653 332 24 31 -1 -1 -1 0 
22 6 930 328 69 59 -1 -1 -1 0 
22 12 157 325 85 59 -1 -1 -1 0 
23 1 571 320 57 63 -1 -1 -1 0 
23 2 420 317 134 133 -1 -1 -1 0 
23 3 714 334 33 38 -1 -1 -1 0 
23 4 652 331 25 32 -1 -1 -1 0 
23 6 932 328 69 58 -1 -1 -1 0 
23 12 104 327 93 60 -1 -1 -1 0 
24 1 572 320 56 63 -1 -1 -1 0 
24 2 421 319 139 128 -1 -1 -1 0 
24 3 713 334 35 38 -1 -1 -1 0 
24 4 652 331 25 32 -1 -1 -1 0 
24 6 932 328 71 60 -1 -1 -1 0 
24 12 80 326 97 62 -1 -1 -1 0 
25 1 572 319 57 64 -1 -1 -1 0 
25 2 425 324 137 121 -1 -1 -1 0 
25 3 713 334 34 38 -1 -1 -1 0 
25 4 650 331 27 32 -1 -1 -1 0 
25 6 933 330 71 59 -1 -1 -1 0 
26 1 572 319 58 63 -1 -1 -1 0 
26 2 430 323 134 120 -1 -1 -1 0 
26 3 713 334 35 39 -1 -1 -1 0 
26 4 650 330 27 34 -1 -1 -1 0 
26 6 936 331 68 58 -1 -1 -1 0 
26 17 2 324 65 80 -1 -1 -1 0 
27 1 573 319 57 63 -1 -1 -1 0 
27 2 433 325 132 116 -1 -1 -1 0 
27 3 713 333 35 40 -1 -1 -1 0 
27 4 650 330 26 34 -1 -1 -1 0 
27 6 931 332 76 57 -1 -1 -1 0 
27 17 0 319 62 86 -1 -1 -1 0 
28 1 574 319 57 63 -1 -1 -1 0 
28 2 438 324 128 116 -1 -1 -1 0 
28 3 712 333 38 40 -1 -1 -1 0 
28 4 649 330 28 34 -1 -1 -1 0 
28 6 926 332 81 57 -1 -1 -1 0 
29 1 575 319 55 63 -1 -1 -1 0 
29 2 441 324 128 114 -1 -1 -1 0 
29 3 713 334 36 39 -1 -1 -1 0 
29 4 650 331 26 34 -1 -1 -1 0 
29 6 926 331 81 59 -1 -1 -1 0 
29 18 341 340 38 32 -1 -1 -1 0 
30 1 575 319 55 62 -1 -1 -1 0 
30 2 444 326 127 110 -1 -1 -1 0 
30 3 713 334 36 38 -1 -1 -1 0 
30 4 651 331 24 34 -1 -1 -1 0 
30 6 925 331 84 59 -1 -1 -1 0 
30 18 319 340 44 34 -1 -1 -1 0 
31 1 576 319 53 61 -1 -1 -1 0 
31 2 447 326 127 108 -1 -1 -1 0 
31 3 714 334 34 38 -1 -1 -1 0 
31 4 651 331 25 34 -1 -1 -1 0 
31 6 925 331 84 58 -1 -1 -1 0 
31 18 311 340 37 35 -1 -1 -1 0 
32 1 576 319 54 61 -1 -1 -1 0 
32 2 449 328 127 103 -1 -1 -1 0 
32 3 714 333 35 39 -1 -1 -1 0 
32 4 651 330 25 35 -1 -1 -1 0 
32 6 924 331 88 56 -1 -1 -1 0 
32 7 402 339 26 29 -1 -1 -1 0 
32 18 324 341 46 35 -1 -1 -1 0 
33 1 578 320 53 62 -1 -1 -1 0 
33 2 451 328 127 100 -1 -1 -1 0 
33 3 715 332 34 40 -1 -1 -1 0 
33 4 651 329 25 36 -1 -1 -1 0 
33 6 926 329 87 58 -1 -1 -1 0 
33 7 389 341 27 29 -1 -1 -1 0 
33 18 309 342 39 37 -1 -1 -1 0 
34 1 578 321 53 61 -1 -1 -1 0 
34 2 455 326 121 101 -1 -1 -1 0 
34 3 714 332 36 39 -1 -1 -1 0 
34 4 650 329 27 35 -1 -1 -1 0 
34 6 926 326 88 60 -1 -1 -1 0 
34 7 373 340 34 30 -1 -1 -1 0 
34 18 271 343 50 39 -1 -1 -1 0 
35 1 579 321 52 60 -1 -1 -1 0 
35 2 459 323 117 104 -1 -1 -1 0 
35 3 715 331 34 40 -1 -1 -1 0 
35 4 650 328 27 36 -1 -1 -1 0 
35 6 925 327 89 59 -1 -1 -1 0 
35 7 355 336 44 34 -1 -1 -1 0 
35 18 259 343 48 41 -1 -1 -1 0 
35 21 222 347 39 37 -1 -1 -1 0 
36 1 581 321 50 61 -1 -1 -1 0 
36 2 460 322 116 106 -1 -1 -1 0 
36 3 716 332 34 39 -1 -1 -1 0 
36 4 651 329 27 35 -1 -1 -1 0 
36 6 925 327 88 59 -1 -1 -1 0 
36 7 337 336 43 36 -1 -1 -1 0 
36 18 245 343 51 42 -1 -1 -1 0 
36 21 221 348 38 36 -1 -1 -1 0 
37 1 581 322 52 60 -1 -1 -1 0 
37 2 464 319 112 110 -1 -1 -1 0 
37 3 717 332 33 39 -1 -1 -1 0 
37 4 651 328 27 36 -1 -1 -1 0 
37 6 924 328 91 58 -1 -1 -1 0 
37 7 315 337 46 37 -1 -1 -1 0 
37 8 0 349 55 57 -1 -1 -1 0 
38 1 581 323 53 58 -1 -1 -1 0 
38 2 466 320 114 107 -1 -1 -1 0 
38 3 718 333 32 38 -1 -1 -1 0 
38 4 652 330 27 34 -1 -1 -1 0 
38 6 924 327 91 58 -1 -1 -1 0 
38 7 290 334 50 42 -1 -1 -1 0 
38 8 0 349 54 56 -1 -1 -1 0 
39 1 582 324 52 56 -1 -1 -1 0 
39 2 472 324 108 102 -1 -1 -1 0 
39 3 719 333 32 38 -1 -1 -1 0 
39 4 652 330 27 35 -1 -1 -1 0 
39 6 925 327 91 58 -1 -1 -1 0 
39 7 273 334 53 43 -1 -1 -1 0 
39 18 280 333 56 45 -1 -1 -1 0 
40 1 584 324 50 55 -1 -1 -1 0 
40 2 475 327 106 98 -1 -1 -1 0 
40 3 719 333 32 38 -1 -1 -1 0 
40 4 653 330 25 35 -1 -1 -1 0 
40 6 924 326 94 58 -1 -1 -1 0 
40 18 277 332 58 46 -1 -1 -1 0 
