3 1 199 322 238 138 -1 -1 -1 0 
3 2 604 333 41 46 -1 -1 -1 0 
4 1 209 322 231 137 -1 -1 -1 0 
4 2 605 333 40 46 -1 -1 -1 0 
5 1 219 323 226 134 -1 -1 -1 0 
5 2 606 333 40 47 -1 -1 -1 0 
6 1 226 324 222 132 -1 -1 -1 0 
6 2 606 333 40 47 -1 -1 -1 0 
7 1 233 325 218 131 -1 -1 -1 0 
7 2 606 334 41 46 -1 -1 -1 0 
7 3 732 334 21 30 -1 -1 -1 0 
8 1 237 325 217 130 -1 -1 -1 0 
8 2 607 334 41 46 -1 -1 -1 0 
8 3 732 334 21 30 -1 -1 -1 0 
9 1 244 324 210 129 -1 -1 -1 0 
9 2 609 332 39 48 -1 -1 -1 0 
9 3 731 333 22 31 -1 -1 -1 0 
10 1 252 324 203 128 -1 -1 -1 0 
10 2 609 332 40 48 -1 -1 -1 0 
10 3 731 333 22 31 -1 -1 -1 0 
11 1 259 322 195 127 -1 -1 -1 0 
11 2 609 332 40 49 -1 -1 -1 0 
11 3 730 332 23 31 -1 -1 -1 0 
12 1 263 322 193 124 -1 -1 -1 0 
12 2 609 333 40 48 -1 -1 -1 0 
12 3 730 332 23 30 -1 -1 -1 0 
13 1 267 323 195 124 -1 -1 -1 0 
13 2 610 333 39 47 -1 -1 -1 0 
13 3 730 332 22 30 -1 -1 -1 0 
14 1 274 324 193 124 -1 -1 -1 0 
14 2 610 334 40 44 -1 -1 -1 0 
14 3 730 332 22 29 -1 -1 -1 0 
15 1 278 322 193 123 -1 -1 -1 0 
15 2 611 334 39 44 -1 -1 -1 0 
16 1 284 322 190 122 -1 -1 -1 0 
16 2 614 333 34 44 -1 -1 -1 0 
16 3 731 335 21 26 -1 -1 -1 0 
17 1 288 323 189 120 -1 -1 -1 0 
17 2 614 333 35 44 -1 -1 -1 0 
17 3 732 335 19 26 -1 -1 -1 0 
18 1 295 323 183 118 -1 -1 -1 0 
18 2 615 333 34 44 -1 -1 -1 0 
18 3 732 336 19 24 -1 -1 -1 0 
19 1 300 323 178 115 -1 -1 -1 0 
19 2 615 333 35 44 -1 -1 -1 0 
20 1 302 324 179 111 -1 -1 -1 0 
20 2 615 333 35 44 -1 -1 -1 0 
21 1 311 324 170 109 -1 -1 -1 0 
21 2 617 333 33 44 -1 -1 -1 0 
22 1 318 324 164 109 -1 -1 -1 0 
22 2 617 334 34 43 -1 -1 -1 0 
23 1 321 324 162 110 -1 -1 -1 0 
23 2 617 334 34 43 -1 -1 -1 0 
24 1 326 325 158 108 -1 -1 -1 0 
24 2 617 334 34 43 -1 -1 -1 0 
25 1 332 325 153 108 -1 -1 -1 0 
25 2 617 333 35 43 -1 -1 -1 0 
26 1 336 326 150 108 -1 -1 -1 0 
26 2 618 333 35 43 -1 -1 -1 0 
27 1 340 324 146 107 -1 -1 -1 0 
27 2 619 333 33 42 -1 -1 -1 0 
28 1 346 325 142 105 -1 -1 -1 0 
28 2 619 332 33 45 -1 -1 -1 0 
29 1 353 323 138 103 -1 -1 -1 0 
29 2 619 332 33 45 -1 -1 -1 0 
30 1 360 323 133 100 -1 -1 -1 0 
30 2 619 332 33 45 -1 -1 -1 0 
31 1 359 323 138 98 -1 -1 -1 0 
31 2 619 332 32 44 -1 -1 -1 0 
31 3 732 336 18 25 -1 -1 -1 0 
32 1 360 325 139 95 -1 -1 -1 0 
32 2 619 332 33 44 -1 -1 -1 0 
32 3 731 336 19 25 -1 -1 -1 0 
33 1 362 323 138 97 -1 -1 -1 0 
33 2 620 332 32 44 -1 -1 -1 0 
34 1 364 321 139 100 -1 -1 -1 0 
34 2 620 332 33 44 -1 -1 -1 0 
35 1 367 321 137 101 -1 -1 -1 0 
35 2 620 332 32 44 -1 -1 -1 0 
36 1 369 320 138 103 -1 -1 -1 0 
36 2 620 332 32 44 -1 -1 -1 0 
37 1 372 322 138 99 -1 -1 -1 0 
37 2 620 332 33 44 -1 -1 -1 0 
38 1 375 322 137 97 -1 -1 -1 0 
38 2 621 332 32 44 -1 -1 -1 0 
39 1 381 322 130 95 -1 -1 -1 0 
39 2 622 332 30 43 -1 -1 -1 0 
40 1 386 323 126 94 -1 -1 -1 0 
40 2 621 332 32 43 -1 -1 -1 0 
