3 1 430 310 163 145 -1 -1 -1 0 
4 1 431 309 165 144 -1 -1 -1 0 
5 1 432 308 165 143 -1 -1 -1 0 
6 1 435 310 163 141 -1 -1 -1 0 
7 1 437 311 162 139 -1 -1 -1 0 
8 1 440 313 160 134 -1 -1 -1 0 
9 1 446 316 153 132 -1 -1 -1 0 
10 1 449 317 150 131 -1 -1 -1 0 
11 1 452 317 148 131 -1 -1 -1 0 
12 1 454 314 146 131 -1 -1 -1 0 
13 1 456 318 147 126 -1 -1 -1 0 
14 1 458 321 146 121 -1 -1 -1 0 
14 4 593 339 42 46 -1 -1 -1 0 
15 1 462 318 141 123 -1 -1 -1 0 
15 4 593 336 42 48 -1 -1 -1 0 
16 1 463 319 142 121 -1 -1 -1 0 
16 4 594 335 41 49 -1 -1 -1 0 
17 1 466 317 140 122 -1 -1 -1 0 
17 4 596 332 40 51 -1 -1 -1 0 
18 1 467 320 142 115 -1 -1 -1 0 
18 4 597 329 40 52 -1 -1 -1 0 
19 1 471 318 138 116 -1 -1 -1 0 
19 4 598 327 40 53 -1 -1 -1 0 
20 1 473 320 137 111 -1 -1 -1 0 
21 1 476 318 133 112 -1 -1 -1 0 
22 1 476 317 134 112 -1 -1 -1 0 
23 1 477 317 135 111 -1 -1 -1 0 
24 1 481 318 130 108 -1 -1 -1 0 
25 1 484 321 129 106 -1 -1 -1 0 
26 1 486 322 128 104 -1 -1 -1 0 
27 1 490 325 125 100 -1 -1 -1 0 
27 4 720 331 28 38 -1 -1 -1 0 
28 1 494 325 119 99 -1 -1 -1 0 
28 4 725 330 29 38 -1 -1 -1 0 
29 1 496 325 118 97 -1 -1 -1 0 
29 4 650 333 37 40 -1 -1 -1 0 
30 1 496 326 119 95 -1 -1 -1 0 
30 4 621 335 37 41 -1 -1 -1 0 
31 1 499 326 116 94 -1 -1 -1 0 
31 4 612 336 36 42 -1 -1 -1 0 
32 1 499 325 117 94 -1 -1 -1 0 
32 4 608 336 37 42 -1 -1 -1 0 
33 1 502 325 114 93 -1 -1 -1 0 
33 4 607 337 37 42 -1 -1 -1 0 
33 17 1063 95 133 321 -1 -1 -1 0 
34 1 503 326 114 91 -1 -1 -1 0 
34 4 607 336 37 43 -1 -1 -1 0 
34 17 1098 97 117 321 -1 -1 -1 0 
35 1 506 327 110 91 -1 -1 -1 0 
35 4 607 336 37 42 -1 -1 -1 0 
35 17 1102 87 171 337 -1 -1 -1 0 
36 1 507 330 109 87 -1 -1 -1 0 
36 4 608 336 36 42 -1 -1 -1 0 
36 17 1118 81 161 349 -1 -1 -1 0 
37 1 509 330 108 86 -1 -1 -1 0 
37 4 609 336 36 42 -1 -1 -1 0 
38 1 512 329 104 88 -1 -1 -1 0 
38 4 609 336 37 42 -1 -1 -1 0 
39 1 512 327 106 91 -1 -1 -1 0 
39 4 609 337 37 41 -1 -1 -1 0 
39 23 725 329 28 41 -1 -1 -1 0 
40 1 514 327 105 90 -1 -1 -1 0 
40 4 610 337 36 41 -1 -1 -1 0 
40 23 724 331 30 39 -1 -1 -1 0 
