3 1 343 351 196 115 -1 -1 -1 0 
3 2 597 338 37 41 -1 -1 -1 0 
3 3 670 334 31 41 -1 -1 -1 0 
4 1 355 352 183 111 -1 -1 -1 0 
4 2 598 338 37 41 -1 -1 -1 0 
4 3 671 334 31 41 -1 -1 -1 0 
5 1 363 352 176 109 -1 -1 -1 0 
5 2 599 337 36 41 -1 -1 -1 0 
5 3 671 333 32 42 -1 -1 -1 0 
6 1 369 351 171 107 -1 -1 -1 0 
6 2 599 335 37 42 -1 -1 -1 0 
6 3 672 332 31 42 -1 -1 -1 0 
7 1 370 347 173 112 -1 -1 -1 0 
7 2 601 335 36 41 -1 -1 -1 0 
7 3 672 332 31 41 -1 -1 -1 0 
8 1 373 346 173 113 -1 -1 -1 0 
8 2 602 335 35 40 -1 -1 -1 0 
8 3 673 333 31 40 -1 -1 -1 0 
9 1 377 347 170 108 -1 -1 -1 0 
9 2 604 335 32 40 -1 -1 -1 0 
9 3 674 333 29 39 -1 -1 -1 0 
10 1 384 347 162 108 -1 -1 -1 0 
10 2 603 335 35 41 -1 -1 -1 0 
10 3 674 333 30 41 -1 -1 -1 0 
11 1 388 348 159 106 -1 -1 -1 0 
11 2 604 335 36 41 -1 -1 -1 0 
11 3 674 332 31 43 -1 -1 -1 0 
12 1 393 347 155 106 -1 -1 -1 0 
12 2 605 335 35 41 -1 -1 -1 0 
12 3 674 332 32 43 -1 -1 -1 0 
13 1 397 342 155 109 -1 -1 -1 0 
13 2 607 335 33 42 -1 -1 -1 0 
13 3 675 332 31 44 -1 -1 -1 0 
14 1 402 342 151 110 -1 -1 -1 0 
14 2 606 334 35 43 -1 -1 -1 0 
14 3 675 332 32 44 -1 -1 -1 0 
15 1 405 343 152 109 -1 -1 -1 0 
15 2 606 334 35 44 -1 -1 -1 0 
15 3 675 331 32 45 -1 -1 -1 0 
16 1 409 344 151 106 -1 -1 -1 0 
16 2 606 334 36 43 -1 -1 -1 0 
16 3 675 331 31 43 -1 -1 -1 0 
17 1 416 345 142 103 -1 -1 -1 0 
17 2 607 333 35 42 -1 -1 -1 0 
17 3 676 331 30 43 -1 -1 -1 0 
18 1 418 346 142 101 -1 -1 -1 0 
18 2 608 333 34 42 -1 -1 -1 0 
18 3 675 332 31 42 -1 -1 -1 0 
19 1 421 345 140 100 -1 -1 -1 0 
19 2 608 335 33 41 -1 -1 -1 0 
19 3 675 331 31 44 -1 -1 -1 0 
20 1 425 345 138 99 -1 -1 -1 0 
20 2 608 335 33 41 -1 -1 -1 0 
20 3 675 332 31 42 -1 -1 -1 0 
21 1 430 345 135 97 -1 -1 -1 0 
21 2 608 335 34 40 -1 -1 -1 0 
21 3 676 332 30 42 -1 -1 -1 0 
22 1 435 345 131 96 -1 -1 -1 0 
22 2 609 335 33 39 -1 -1 -1 0 
22 3 676 332 30 42 -1 -1 -1 0 
23 1 438 345 130 95 -1 -1 -1 0 
23 2 609 335 33 39 -1 -1 -1 0 
23 3 676 332 30 41 -1 -1 -1 0 
24 1 441 345 131 96 -1 -1 -1 0 
24 2 610 335 32 38 -1 -1 -1 0 
24 3 675 332 31 41 -1 -1 -1 0 
25 1 444 345 129 97 -1 -1 -1 0 
25 2 610 335 32 38 -1 -1 -1 0 
25 3 675 332 31 41 -1 -1 -1 0 
26 1 449 345 123 96 -1 -1 -1 0 
26 2 609 335 34 38 -1 -1 -1 0 
26 3 674 332 32 41 -1 -1 -1 0 
27 1 453 345 119 93 -1 -1 -1 0 
27 2 609 334 34 40 -1 -1 -1 0 
27 3 674 332 31 41 -1 -1 -1 0 
28 1 455 345 119 92 -1 -1 -1 0 
28 2 609 334 34 40 -1 -1 -1 0 
28 3 673 332 33 41 -1 -1 -1 0 
29 1 456 344 121 92 -1 -1 -1 0 
29 2 609 336 34 39 -1 -1 -1 0 
29 3 674 332 31 41 -1 -1 -1 0 
30 1 459 344 118 93 -1 -1 -1 0 
30 2 610 337 32 38 -1 -1 -1 0 
30 3 674 334 31 40 -1 -1 -1 0 
31 1 460 343 120 93 -1 -1 -1 0 
31 2 609 337 33 38 -1 -1 -1 0 
31 3 674 333 30 41 -1 -1 -1 0 
32 1 464 344 114 91 -1 -1 -1 0 
32 2 610 338 32 38 -1 -1 -1 0 
32 3 673 333 32 41 -1 -1 -1 0 
33 1 469 344 111 88 -1 -1 -1 0 
33 2 610 337 32 39 -1 -1 -1 0 
33 3 672 332 32 42 -1 -1 -1 0 
34 1 471 344 108 86 -1 -1 -1 0 
34 2 610 337 32 38 -1 -1 -1 0 
34 3 671 332 33 42 -1 -1 -1 0 
35 1 474 343 106 86 -1 -1 -1 0 
35 2 610 337 32 38 -1 -1 -1 0 
35 3 671 332 32 41 -1 -1 -1 0 
36 1 477 343 103 86 -1 -1 -1 0 
36 2 610 337 32 37 -1 -1 -1 0 
36 3 671 331 32 42 -1 -1 -1 0 
37 1 480 342 103 85 -1 -1 -1 0 
37 2 610 337 32 38 -1 -1 -1 0 
37 3 670 331 33 43 -1 -1 -1 0 
38 1 484 342 101 82 -1 -1 -1 0 
38 2 610 337 31 38 -1 -1 -1 0 
38 3 671 331 32 43 -1 -1 -1 0 
39 1 486 341 100 83 -1 -1 -1 0 
39 2 611 338 29 37 -1 -1 -1 0 
39 3 670 332 33 42 -1 -1 -1 0 
40 1 488 343 100 81 -1 -1 -1 0 
40 2 610 338 30 37 -1 -1 -1 0 
40 3 670 332 33 43 -1 -1 -1 0 
