3 1 803 338 119 88 -1 -1 -1 0 
3 2 526 330 88 84 -1 -1 -1 0 
3 3 661 329 38 55 -1 -1 -1 0 
4 1 802 337 122 88 -1 -1 -1 0 
4 2 527 330 87 84 -1 -1 -1 0 
4 3 661 330 40 54 -1 -1 -1 0 
5 1 803 337 121 88 -1 -1 -1 0 
5 2 529 330 87 82 -1 -1 -1 0 
5 3 661 330 39 54 -1 -1 -1 0 
6 1 801 336 125 89 -1 -1 -1 0 
6 2 531 330 85 82 -1 -1 -1 0 
6 3 660 329 40 54 -1 -1 -1 0 
7 1 801 333 127 90 -1 -1 -1 0 
7 2 532 328 85 82 -1 -1 -1 0 
7 3 660 327 41 54 -1 -1 -1 0 
8 1 802 332 127 91 -1 -1 -1 0 
8 2 535 328 82 79 -1 -1 -1 0 
8 3 659 324 42 56 -1 -1 -1 0 
9 1 802 331 128 91 -1 -1 -1 0 
9 2 537 328 80 78 -1 -1 -1 0 
9 3 660 323 40 55 -1 -1 -1 0 
9 5 696 324 28 39 -1 -1 -1 0 
10 1 801 330 130 91 -1 -1 -1 0 
10 2 539 327 77 77 -1 -1 -1 0 
10 3 658 322 43 55 -1 -1 -1 0 
10 5 696 323 29 39 -1 -1 -1 0 
11 1 801 330 131 90 -1 -1 -1 0 
11 2 540 326 76 77 -1 -1 -1 0 
11 3 659 321 41 55 -1 -1 -1 0 
11 5 696 322 29 40 -1 -1 -1 0 
11 6 0 332 147 192 -1 -1 -1 0 
12 1 801 330 132 90 -1 -1 -1 0 
12 2 540 326 77 78 -1 -1 -1 0 
12 3 658 322 42 55 -1 -1 -1 0 
12 5 696 324 29 38 -1 -1 -1 0 
12 6 0 333 171 181 -1 -1 -1 0 
13 1 802 331 132 91 -1 -1 -1 0 
13 2 541 327 77 79 -1 -1 -1 0 
13 3 659 323 42 55 -1 -1 -1 0 
13 5 698 325 26 37 -1 -1 -1 0 
13 6 0 332 190 178 -1 -1 -1 0 
14 1 802 332 133 91 -1 -1 -1 0 
14 2 541 327 79 79 -1 -1 -1 0 
14 3 660 324 41 55 -1 -1 -1 0 
14 5 699 327 26 36 -1 -1 -1 0 
14 6 2 333 205 179 -1 -1 -1 0 
15 1 802 333 132 92 -1 -1 -1 0 
15 2 543 328 78 79 -1 -1 -1 0 
15 3 661 325 40 56 -1 -1 -1 0 
15 5 699 329 26 36 -1 -1 -1 0 
15 6 0 337 223 172 -1 -1 -1 0 
16 1 804 332 131 97 -1 -1 -1 0 
16 2 545 328 76 80 -1 -1 -1 0 
16 3 661 326 40 56 -1 -1 -1 0 
16 5 700 329 26 36 -1 -1 -1 0 
16 6 0 349 245 153 -1 -1 -1 0 
17 1 803 332 135 99 -1 -1 -1 0 
17 2 546 329 77 79 -1 -1 -1 0 
17 3 661 326 41 55 -1 -1 -1 0 
17 5 700 330 26 35 -1 -1 -1 0 
17 6 9 345 245 152 -1 -1 -1 0 
18 1 804 332 135 98 -1 -1 -1 0 
18 2 547 329 77 76 -1 -1 -1 0 
18 3 662 324 39 56 -1 -1 -1 0 
18 5 701 329 26 35 -1 -1 -1 0 
18 6 4 342 273 159 -1 -1 -1 0 
19 1 805 331 135 98 -1 -1 -1 0 
19 2 548 329 76 74 -1 -1 -1 0 
19 3 662 323 39 55 -1 -1 -1 0 
19 5 701 327 26 36 -1 -1 -1 0 
19 6 0 343 298 156 -1 -1 -1 0 
20 1 807 331 134 97 -1 -1 -1 0 
20 2 550 329 75 72 -1 -1 -1 0 
20 3 661 322 41 56 -1 -1 -1 0 
20 5 700 325 28 38 -1 -1 -1 0 
20 6 3 345 298 153 -1 -1 -1 0 
21 1 808 331 133 95 -1 -1 -1 0 
21 2 552 327 72 71 -1 -1 -1 0 
21 3 660 319 42 58 -1 -1 -1 0 
21 5 701 322 28 40 -1 -1 -1 0 
21 6 3 343 307 153 -1 -1 -1 0 
22 1 806 330 137 96 -1 -1 -1 0 
22 2 553 327 71 70 -1 -1 -1 0 
22 3 660 318 42 58 -1 -1 -1 0 
22 5 701 321 28 41 -1 -1 -1 0 
22 6 2 341 318 152 -1 -1 -1 0 
23 1 806 331 139 95 -1 -1 -1 0 
23 2 555 326 70 71 -1 -1 -1 0 
23 3 660 318 42 58 -1 -1 -1 0 
23 5 700 321 30 41 -1 -1 -1 0 
23 6 3 338 322 150 -1 -1 -1 0 
23 7 640 323 23 41 -1 -1 -1 0 
24 1 808 332 137 94 -1 -1 -1 0 
24 2 556 326 69 70 -1 -1 -1 0 
24 3 660 320 43 56 -1 -1 -1 0 
24 5 701 321 29 41 -1 -1 -1 0 
24 6 7 335 329 150 -1 -1 -1 0 
24 7 640 323 23 41 -1 -1 -1 0 
25 1 809 332 137 95 -1 -1 -1 0 
25 2 558 326 66 70 -1 -1 -1 0 
25 3 661 322 42 55 -1 -1 -1 0 
25 5 700 320 31 44 -1 -1 -1 0 
25 6 25 336 315 147 -1 -1 -1 0 
25 7 639 324 24 40 -1 -1 -1 0 
26 1 809 332 138 97 -1 -1 -1 0 
26 2 559 326 66 70 -1 -1 -1 0 
26 3 661 324 42 54 -1 -1 -1 0 
26 5 700 320 31 45 -1 -1 -1 0 
26 6 56 341 284 139 -1 -1 -1 0 
26 7 640 324 24 40 -1 -1 -1 0 
27 1 810 333 140 98 -1 -1 -1 0 
27 2 560 326 66 71 -1 -1 -1 0 
27 3 662 325 40 53 -1 -1 -1 0 
27 5 701 320 31 45 -1 -1 -1 0 
27 6 70 344 280 129 -1 -1 -1 0 
28 1 811 333 141 99 -1 -1 -1 0 
28 2 561 326 66 72 -1 -1 -1 0 
28 3 663 325 39 54 -1 -1 -1 0 
28 6 97 344 264 128 -1 -1 -1 0 
29 1 811 333 142 100 -1 -1 -1 0 
29 2 562 326 66 72 -1 -1 -1 0 
29 3 664 325 38 54 -1 -1 -1 0 
29 5 702 324 30 43 -1 -1 -1 0 
29 6 116 345 254 123 -1 -1 -1 0 
30 1 812 333 143 100 -1 -1 -1 0 
30 2 563 326 65 69 -1 -1 -1 0 
30 3 663 325 40 54 -1 -1 -1 0 
30 5 702 322 30 45 -1 -1 -1 0 
30 6 131 343 243 122 -1 -1 -1 0 
31 1 813 332 144 101 -1 -1 -1 0 
31 2 565 325 64 69 -1 -1 -1 0 
31 3 662 325 41 52 -1 -1 -1 0 
31 5 702 322 31 44 -1 -1 -1 0 
31 6 150 347 230 113 -1 -1 -1 0 
32 1 814 332 145 101 -1 -1 -1 0 
32 2 566 325 63 68 -1 -1 -1 0 
32 3 662 325 41 52 -1 -1 -1 0 
32 5 663 325 25 39 -1 -1 -1 0 
32 6 172 350 215 105 -1 -1 -1 0 
32 7 700 323 30 42 -1 -1 -1 0 
33 1 814 329 146 102 -1 -1 -1 0 
33 2 566 323 64 70 -1 -1 -1 0 
33 3 662 325 41 50 -1 -1 -1 0 
33 5 647 325 24 38 -1 -1 -1 0 
33 6 195 349 196 97 -1 -1 -1 0 
33 7 704 323 30 41 -1 -1 -1 0 
34 1 813 330 150 103 -1 -1 -1 0 
34 2 566 324 64 67 -1 -1 -1 0 
34 3 663 325 39 50 -1 -1 -1 0 
34 5 641 326 24 37 -1 -1 -1 0 
34 6 212 350 181 93 -1 -1 -1 0 
34 7 705 322 30 42 -1 -1 -1 0 
35 1 815 330 150 103 -1 -1 -1 0 
35 2 568 324 63 68 -1 -1 -1 0 
35 3 663 325 39 51 -1 -1 -1 0 
35 6 221 349 175 92 -1 -1 -1 0 
35 7 705 322 30 42 -1 -1 -1 0 
36 1 816 331 151 103 -1 -1 -1 0 
36 2 569 324 63 68 -1 -1 -1 0 
36 3 663 325 39 51 -1 -1 -1 0 
36 6 230 350 172 89 -1 -1 -1 0 
36 7 705 322 30 43 -1 -1 -1 0 
37 1 816 331 154 106 -1 -1 -1 0 
37 2 570 324 62 68 -1 -1 -1 0 
37 3 663 326 40 50 -1 -1 -1 0 
37 6 245 350 163 87 -1 -1 -1 0 
37 7 704 321 31 44 -1 -1 -1 0 
38 1 815 332 158 106 -1 -1 -1 0 
38 2 571 324 62 68 -1 -1 -1 0 
38 3 664 326 39 51 -1 -1 -1 0 
38 5 695 320 31 45 -1 -1 -1 0 
38 6 253 351 165 85 -1 -1 -1 0 
38 7 665 325 25 39 -1 -1 -1 0 
39 1 817 332 157 106 -1 -1 -1 0 
39 2 573 325 61 68 -1 -1 -1 0 
39 3 664 326 39 51 -1 -1 -1 0 
39 5 701 320 30 46 -1 -1 -1 0 
39 6 262 349 163 85 -1 -1 -1 0 
39 7 650 326 23 38 -1 -1 -1 0 
40 1 820 332 157 109 -1 -1 -1 0 
40 2 573 325 62 68 -1 -1 -1 0 
40 3 664 327 38 51 -1 -1 -1 0 
40 5 702 321 31 45 -1 -1 -1 0 
40 6 274 346 153 87 -1 -1 -1 0 
40 7 643 327 24 37 -1 -1 -1 0 
