3 1 514 336 89 84 -1 -1 -1 0 
3 2 975 327 38 37 -1 -1 -1 0 
4 1 518 335 85 85 -1 -1 -1 0 
4 2 979 327 37 37 -1 -1 -1 0 
5 1 520 335 85 82 -1 -1 -1 0 
6 1 523 334 83 82 -1 -1 -1 0 
7 1 525 333 83 83 -1 -1 -1 0 
8 1 528 332 82 85 -1 -1 -1 0 
9 1 530 332 82 84 -1 -1 -1 0 
10 1 533 334 81 82 -1 -1 -1 0 
10 2 872 331 23 28 -1 -1 -1 0 
11 1 535 333 80 82 -1 -1 -1 0 
11 2 869 332 22 26 -1 -1 -1 0 
12 1 536 333 80 81 -1 -1 -1 0 
12 2 865 331 26 28 -1 -1 -1 0 
13 1 538 335 78 78 -1 -1 -1 0 
13 2 865 331 27 29 -1 -1 -1 0 
14 1 540 335 76 77 -1 -1 -1 0 
14 2 962 331 31 31 -1 -1 -1 0 
15 1 541 334 74 77 -1 -1 -1 0 
15 2 969 331 31 31 -1 -1 -1 0 
16 1 542 335 74 76 -1 -1 -1 0 
17 1 543 335 74 75 -1 -1 -1 0 
17 2 1012 334 37 31 -1 -1 -1 0 
18 1 544 334 73 76 -1 -1 -1 0 
18 2 1022 334 36 32 -1 -1 -1 0 
19 1 545 333 73 76 -1 -1 -1 0 
19 2 1021 333 43 33 -1 -1 -1 0 
20 1 546 333 73 75 -1 -1 -1 0 
20 2 1029 333 45 33 -1 -1 -1 0 
21 1 547 333 73 75 -1 -1 -1 0 
22 1 549 334 72 73 -1 -1 -1 0 
23 1 550 332 71 75 -1 -1 -1 0 
23 2 1040 334 38 32 -1 -1 -1 0 
24 1 551 332 71 76 -1 -1 -1 0 
24 2 1047 334 39 32 -1 -1 -1 0 
25 1 553 331 68 75 -1 -1 -1 0 
26 1 555 331 66 74 -1 -1 -1 0 
27 1 556 330 65 74 -1 -1 -1 0 
28 1 556 330 65 73 -1 -1 -1 0 
28 2 902 325 33 34 -1 -1 -1 0 
29 1 557 329 64 74 -1 -1 -1 0 
29 2 888 323 34 35 -1 -1 -1 0 
30 1 558 330 63 72 -1 -1 -1 0 
30 2 881 323 40 36 -1 -1 -1 0 
31 1 558 330 64 71 -1 -1 -1 0 
31 2 873 322 40 36 -1 -1 -1 0 
32 1 559 330 62 71 -1 -1 -1 0 
32 2 883 324 36 34 -1 -1 -1 0 
33 1 559 331 62 69 -1 -1 -1 0 
33 2 989 325 60 37 -1 -1 -1 0 
34 1 560 334 60 66 -1 -1 -1 0 
34 2 933 325 35 35 -1 -1 -1 0 
35 1 562 336 57 63 -1 -1 -1 0 
35 2 905 325 34 35 -1 -1 -1 0 
36 1 564 336 55 63 -1 -1 -1 0 
36 2 893 324 39 35 -1 -1 -1 0 
37 1 565 335 53 63 -1 -1 -1 0 
37 2 997 325 58 38 -1 -1 -1 0 
38 1 564 335 56 63 -1 -1 -1 0 
38 2 1036 325 63 41 -1 -1 -1 0 
39 1 565 336 55 61 -1 -1 -1 0 
39 2 1051 325 68 41 -1 -1 -1 0 
40 1 566 334 53 62 -1 -1 -1 0 
40 2 1064 325 63 42 -1 -1 -1 0 
