3 1 831 331 192 116 -1 -1 -1 0 
3 2 677 330 48 54 -1 -1 -1 0 
4 1 833 332 185 114 -1 -1 -1 0 
4 2 678 329 45 54 -1 -1 -1 0 
5 1 833 332 179 111 -1 -1 -1 0 
5 2 678 329 46 54 -1 -1 -1 0 
6 1 833 333 175 108 -1 -1 -1 0 
6 2 678 328 45 58 -1 -1 -1 0 
7 1 832 334 171 108 -1 -1 -1 0 
7 2 677 330 47 55 -1 -1 -1 0 
8 1 829 334 173 109 -1 -1 -1 0 
8 2 678 328 46 58 -1 -1 -1 0 
9 1 829 335 169 107 -1 -1 -1 0 
9 2 677 329 48 56 -1 -1 -1 0 
10 1 829 335 167 108 -1 -1 -1 0 
10 2 678 327 47 59 -1 -1 -1 0 
11 1 826 334 167 108 -1 -1 -1 0 
11 2 678 327 47 59 -1 -1 -1 0 
12 1 823 332 166 109 -1 -1 -1 0 
12 2 677 326 49 61 -1 -1 -1 0 
13 1 821 334 166 106 -1 -1 -1 0 
13 2 678 326 47 61 -1 -1 -1 0 
14 1 820 334 164 104 -1 -1 -1 0 
14 2 678 326 46 62 -1 -1 -1 0 
15 1 822 335 161 104 -1 -1 -1 0 
15 2 677 327 47 61 -1 -1 -1 0 
16 1 822 336 159 104 -1 -1 -1 0 
16 2 677 327 47 61 -1 -1 -1 0 
17 1 820 335 156 103 -1 -1 -1 0 
17 2 677 327 48 61 -1 -1 -1 0 
18 1 819 334 153 104 -1 -1 -1 0 
18 2 677 327 49 61 -1 -1 -1 0 
19 1 820 332 147 106 -1 -1 -1 0 
19 2 678 328 50 59 -1 -1 -1 0 
20 1 820 332 145 106 -1 -1 -1 0 
20 2 679 328 50 60 -1 -1 -1 0 
21 1 821 331 140 107 -1 -1 -1 0 
21 2 680 329 49 59 -1 -1 -1 0 
22 1 819 331 142 107 -1 -1 -1 0 
22 2 681 329 48 59 -1 -1 -1 0 
23 1 819 333 142 102 -1 -1 -1 0 
23 2 680 329 50 59 -1 -1 -1 0 
24 1 820 334 138 101 -1 -1 -1 0 
24 2 681 329 48 59 -1 -1 -1 0 
25 1 821 334 135 99 -1 -1 -1 0 
25 2 681 329 49 59 -1 -1 -1 0 
26 1 819 334 136 98 -1 -1 -1 0 
26 2 682 329 49 59 -1 -1 -1 0 
27 1 818 334 136 97 -1 -1 -1 0 
27 2 681 329 52 59 -1 -1 -1 0 
28 1 818 332 135 98 -1 -1 -1 0 
28 2 681 329 52 60 -1 -1 -1 0 
29 1 818 332 135 99 -1 -1 -1 0 
29 2 680 329 54 60 -1 -1 -1 0 
30 1 816 332 137 97 -1 -1 -1 0 
30 2 680 329 54 60 -1 -1 -1 0 
31 1 816 331 135 97 -1 -1 -1 0 
31 2 682 330 52 60 -1 -1 -1 0 
32 1 813 331 137 95 -1 -1 -1 0 
32 2 681 330 54 60 -1 -1 -1 0 
33 1 812 331 137 94 -1 -1 -1 0 
33 2 682 330 53 59 -1 -1 -1 0 
34 1 812 331 136 94 -1 -1 -1 0 
34 2 683 330 52 60 -1 -1 -1 0 
35 1 812 331 134 93 -1 -1 -1 0 
35 2 684 330 51 60 -1 -1 -1 0 
36 1 812 331 134 92 -1 -1 -1 0 
36 2 684 330 53 61 -1 -1 -1 0 
37 1 812 331 134 90 -1 -1 -1 0 
37 2 685 329 51 62 -1 -1 -1 0 
38 1 812 331 134 89 -1 -1 -1 0 
38 2 685 329 52 62 -1 -1 -1 0 
39 1 812 331 133 88 -1 -1 -1 0 
39 2 685 329 53 62 -1 -1 -1 0 
40 1 813 332 129 88 -1 -1 -1 0 
40 2 685 329 54 62 -1 -1 -1 0 
