3 1 608 334 34 42 -1 -1 -1 0 
3 2 247 329 52 46 -1 -1 -1 0 
3 3 674 339 33 40 -1 -1 -1 0 
4 1 608 333 34 42 -1 -1 -1 0 
4 2 227 329 54 44 -1 -1 -1 0 
4 3 674 339 34 39 -1 -1 -1 0 
5 1 608 333 33 42 -1 -1 -1 0 
5 2 214 330 54 43 -1 -1 -1 0 
5 3 676 340 31 37 -1 -1 -1 0 
5 4 0 358 400 316 -1 -1 -1 0 
6 1 609 333 33 42 -1 -1 -1 0 
6 3 676 340 30 37 -1 -1 -1 0 
6 4 0 358 412 306 -1 -1 -1 0 
7 1 608 334 34 41 -1 -1 -1 0 
7 3 676 340 31 37 -1 -1 -1 0 
7 4 1 353 417 309 -1 -1 -1 0 
8 1 609 334 33 41 -1 -1 -1 0 
8 3 676 340 30 37 -1 -1 -1 0 
8 4 3 349 418 321 -1 -1 -1 0 
9 1 609 334 33 41 -1 -1 -1 0 
9 3 676 339 31 38 -1 -1 -1 0 
9 4 5 350 425 316 -1 -1 -1 0 
10 1 609 333 34 42 -1 -1 -1 0 
10 3 675 339 33 38 -1 -1 -1 0 
10 4 15 353 419 317 -1 -1 -1 0 
11 1 609 333 34 42 -1 -1 -1 0 
11 3 675 339 33 38 -1 -1 -1 0 
11 4 10 351 439 315 -1 -1 -1 0 
12 1 609 333 34 42 -1 -1 -1 0 
12 3 676 339 31 38 -1 -1 -1 0 
12 4 6 350 455 315 -1 -1 -1 0 
13 1 608 333 35 42 -1 -1 -1 0 
13 3 676 338 31 38 -1 -1 -1 0 
13 4 13 346 455 324 -1 -1 -1 0 
14 1 608 333 35 42 -1 -1 -1 0 
14 3 676 338 31 38 -1 -1 -1 0 
14 4 16 345 458 324 -1 -1 -1 0 
15 1 608 333 34 42 -1 -1 -1 0 
15 3 676 338 31 38 -1 -1 -1 0 
15 4 10 344 483 325 -1 -1 -1 0 
16 1 608 333 34 42 -1 -1 -1 0 
16 3 676 338 31 38 -1 -1 -1 0 
16 4 11 345 466 321 -1 -1 -1 0 
17 1 608 333 34 42 -1 -1 -1 0 
17 3 675 338 32 38 -1 -1 -1 0 
17 4 43 351 431 293 -1 -1 -1 0 
18 1 608 333 34 41 -1 -1 -1 0 
18 3 675 338 31 38 -1 -1 -1 0 
18 4 76 353 398 284 -1 -1 -1 0 
19 1 608 333 33 41 -1 -1 -1 0 
19 3 674 338 33 38 -1 -1 -1 0 
19 4 98 354 362 287 -1 -1 -1 0 
20 1 608 333 33 41 -1 -1 -1 0 
20 3 675 338 30 38 -1 -1 -1 0 
20 4 121 352 351 284 -1 -1 -1 0 
21 1 609 333 32 42 -1 -1 -1 0 
21 3 675 338 30 38 -1 -1 -1 0 
21 4 34 350 444 301 -1 -1 -1 0 
22 1 608 333 34 42 -1 -1 -1 0 
22 3 675 338 30 38 -1 -1 -1 0 
22 4 7 350 477 302 -1 -1 -1 0 
23 1 608 333 34 42 -1 -1 -1 0 
23 3 675 338 30 38 -1 -1 -1 0 
23 4 1 351 484 296 -1 -1 -1 0 
24 1 608 334 34 40 -1 -1 -1 0 
24 3 675 339 31 37 -1 -1 -1 0 
24 4 146 347 309 276 -1 -1 -1 0 
25 1 609 334 32 40 -1 -1 -1 0 
25 3 675 338 30 38 -1 -1 -1 0 
25 4 161 347 316 261 -1 -1 -1 0 
26 1 609 334 32 40 -1 -1 -1 0 
26 3 675 338 30 38 -1 -1 -1 0 
26 4 59 350 465 261 -1 -1 -1 0 
27 1 609 334 32 40 -1 -1 -1 0 
27 3 674 338 31 38 -1 -1 -1 0 
27 4 41 352 482 257 -1 -1 -1 0 
28 1 609 334 32 40 -1 -1 -1 0 
28 3 674 337 32 39 -1 -1 -1 0 
28 4 42 353 474 254 -1 -1 -1 0 
29 1 609 333 32 42 -1 -1 -1 0 
29 3 674 337 32 40 -1 -1 -1 0 
29 4 56 355 452 250 -1 -1 -1 0 
30 1 609 333 32 42 -1 -1 -1 0 
30 3 674 337 32 40 -1 -1 -1 0 
30 4 66 355 442 242 -1 -1 -1 0 
31 1 609 334 33 41 -1 -1 -1 0 
31 3 673 337 34 40 -1 -1 -1 0 
31 4 82 353 422 237 -1 -1 -1 0 
32 1 609 334 33 41 -1 -1 -1 0 
32 3 673 337 34 41 -1 -1 -1 0 
32 4 97 356 407 228 -1 -1 -1 0 
33 1 609 334 33 40 -1 -1 -1 0 
33 3 674 338 32 40 -1 -1 -1 0 
33 4 114 352 390 223 -1 -1 -1 0 
34 1 610 335 31 39 -1 -1 -1 0 
34 3 674 338 33 39 -1 -1 -1 0 
34 4 127 350 378 221 -1 -1 -1 0 
35 1 610 335 31 39 -1 -1 -1 0 
35 3 675 338 31 39 -1 -1 -1 0 
35 4 137 348 372 219 -1 -1 -1 0 
36 1 609 335 33 39 -1 -1 -1 0 
36 3 676 338 30 39 -1 -1 -1 0 
36 4 152 346 355 216 -1 -1 -1 0 
37 1 609 335 32 39 -1 -1 -1 0 
37 3 676 338 30 38 -1 -1 -1 0 
37 4 158 347 353 209 -1 -1 -1 0 
38 1 609 335 33 39 -1 -1 -1 0 
38 3 675 338 31 38 -1 -1 -1 0 
38 4 169 347 345 203 -1 -1 -1 0 
39 1 610 334 31 40 -1 -1 -1 0 
39 3 674 337 32 39 -1 -1 -1 0 
39 4 179 347 336 198 -1 -1 -1 0 
40 1 610 334 31 40 -1 -1 -1 0 
40 3 673 337 34 39 -1 -1 -1 0 
40 4 190 347 326 195 -1 -1 -1 0 
