3 2 1047 308 91 66 -1 -1 -1 0 
4 2 1049 311 93 62 -1 -1 -1 0 
4 6 836 338 35 34 -1 -1 -1 0 
5 2 1055 309 88 62 -1 -1 -1 0 
5 6 837 335 33 38 -1 -1 -1 0 
6 2 1060 311 89 61 -1 -1 -1 0 
6 6 836 334 36 38 -1 -1 -1 0 
7 2 1064 312 91 60 -1 -1 -1 0 
7 6 838 337 35 33 -1 -1 -1 0 
7 7 631 335 27 39 -1 -1 -1 0 
8 2 1067 314 94 57 -1 -1 -1 0 
8 6 837 337 36 32 -1 -1 -1 0 
8 7 625 333 31 42 -1 -1 -1 0 
9 2 1072 313 90 58 -1 -1 -1 0 
9 6 839 339 33 30 -1 -1 -1 0 
9 7 625 334 32 42 -1 -1 -1 0 
10 2 1074 314 97 59 -1 -1 -1 0 
10 6 840 339 32 30 -1 -1 -1 0 
10 7 624 335 33 39 -1 -1 -1 0 
11 2 1075 313 103 62 -1 -1 -1 0 
11 6 840 339 31 30 -1 -1 -1 0 
11 7 620 336 37 37 -1 -1 -1 0 
12 2 1078 314 100 63 -1 -1 -1 0 
12 6 840 338 32 32 -1 -1 -1 0 
12 7 619 337 37 36 -1 -1 -1 0 
13 2 1083 315 102 66 -1 -1 -1 0 
13 6 840 339 32 33 -1 -1 -1 0 
13 7 618 337 37 36 -1 -1 -1 0 
14 2 1086 318 109 63 -1 -1 -1 0 
14 6 839 339 34 34 -1 -1 -1 0 
15 2 1090 319 108 63 -1 -1 -1 0 
15 6 839 339 33 34 -1 -1 -1 0 
16 2 1094 316 111 68 -1 -1 -1 0 
16 6 838 338 35 35 -1 -1 -1 0 
17 2 1097 315 115 68 -1 -1 -1 0 
17 6 839 338 35 35 -1 -1 -1 0 
18 2 1104 311 114 72 -1 -1 -1 0 
18 6 840 338 35 34 -1 -1 -1 0 
18 7 617 335 35 41 -1 -1 -1 0 
19 2 1108 310 119 73 -1 -1 -1 0 
19 6 840 339 35 32 -1 -1 -1 0 
19 7 616 334 36 42 -1 -1 -1 0 
20 2 1114 309 124 74 -1 -1 -1 0 
20 6 840 338 35 32 -1 -1 -1 0 
20 7 619 333 34 43 -1 -1 -1 0 
21 2 1117 308 125 74 -1 -1 -1 0 
21 6 840 336 34 33 -1 -1 -1 0 
21 7 614 331 38 45 -1 -1 -1 0 
22 2 1121 308 125 74 -1 -1 -1 0 
22 6 840 336 34 33 -1 -1 -1 0 
22 7 616 332 37 42 -1 -1 -1 0 
23 2 1125 304 128 76 -1 -1 -1 0 
23 6 841 335 33 33 -1 -1 -1 0 
23 7 615 331 37 42 -1 -1 -1 0 
24 2 1128 307 134 74 -1 -1 -1 0 
24 6 840 334 35 33 -1 -1 -1 0 
24 7 615 331 36 41 -1 -1 -1 0 
25 2 1135 308 134 72 -1 -1 -1 0 
25 6 838 334 37 33 -1 -1 -1 0 
25 7 618 333 32 37 -1 -1 -1 0 
26 2 1143 310 134 69 -1 -1 -1 0 
26 6 838 330 37 35 -1 -1 -1 0 
26 7 618 331 32 38 -1 -1 -1 0 
27 2 1148 314 129 65 -1 -1 -1 0 
27 6 838 331 39 34 -1 -1 -1 0 
27 7 616 331 34 37 -1 -1 -1 0 
28 2 1154 315 119 65 -1 -1 -1 0 
28 6 838 332 36 33 -1 -1 -1 0 
28 7 614 330 35 38 -1 -1 -1 0 
29 2 1161 318 110 64 -1 -1 -1 0 
29 6 836 334 37 33 -1 -1 -1 0 
29 7 613 331 34 39 -1 -1 -1 0 
30 2 1168 319 103 65 -1 -1 -1 0 
30 6 837 338 37 31 -1 -1 -1 0 
30 7 612 334 36 36 -1 -1 -1 0 
30 20 464 335 40 33 -1 -1 -1 0 
31 2 1169 319 109 69 -1 -1 -1 0 
31 6 838 338 36 32 -1 -1 -1 0 
31 7 615 337 34 34 -1 -1 -1 0 
31 20 446 336 47 34 -1 -1 -1 0 
32 2 1174 320 105 69 -1 -1 -1 0 
32 6 838 338 36 32 -1 -1 -1 0 
32 7 618 338 31 34 -1 -1 -1 0 
32 20 427 334 47 38 -1 -1 -1 0 
33 2 1182 320 97 68 -1 -1 -1 0 
33 6 837 339 37 31 -1 -1 -1 0 
33 7 617 339 31 34 -1 -1 -1 0 
33 20 403 335 56 39 -1 -1 -1 0 
34 2 1189 322 90 66 -1 -1 -1 0 
34 6 836 339 38 30 -1 -1 -1 0 
34 7 617 337 31 35 -1 -1 -1 0 
34 20 375 334 60 42 -1 -1 -1 0 
35 2 1196 319 82 69 -1 -1 -1 0 
35 6 838 338 35 31 -1 -1 -1 0 
35 7 615 337 32 35 -1 -1 -1 0 
35 20 342 332 63 48 -1 -1 -1 0 
36 2 1203 318 75 70 -1 -1 -1 0 
36 6 837 338 37 30 -1 -1 -1 0 
36 7 614 337 33 35 -1 -1 -1 0 
36 20 299 331 78 51 -1 -1 -1 0 
37 2 1210 318 69 71 -1 -1 -1 0 
37 6 838 340 35 29 -1 -1 -1 0 
37 7 613 337 34 35 -1 -1 -1 0 
37 20 274 330 83 54 -1 -1 -1 0 
37 22 408 336 46 37 -1 -1 -1 0 
38 2 1222 320 56 69 -1 -1 -1 0 
38 6 839 340 34 29 -1 -1 -1 0 
38 7 612 337 34 36 -1 -1 -1 0 
38 22 391 337 50 37 -1 -1 -1 0 
39 2 1229 320 50 70 -1 -1 -1 0 
39 6 838 339 35 31 -1 -1 -1 0 
39 7 614 339 31 34 -1 -1 -1 0 
39 22 370 338 57 39 -1 -1 -1 0 
40 6 837 340 36 31 -1 -1 -1 0 
40 7 620 339 25 32 -1 -1 -1 0 
40 20 227 346 94 50 -1 -1 -1 0 
40 22 349 341 62 41 -1 -1 -1 0 
40 26 420 341 33 32 -1 -1 -1 0 
