3 1 602 326 52 60 -1 -1 -1 0 
3 2 773 332 42 42 -1 -1 -1 0 
4 1 604 325 50 60 -1 -1 -1 0 
4 2 773 332 42 41 -1 -1 -1 0 
5 1 603 326 51 58 -1 -1 -1 0 
5 2 774 331 42 42 -1 -1 -1 0 
6 1 604 326 49 58 -1 -1 -1 0 
6 2 774 331 42 42 -1 -1 -1 0 
7 1 604 326 49 58 -1 -1 -1 0 
7 2 775 331 42 42 -1 -1 -1 0 
7 3 510 340 23 24 -1 -1 -1 0 
8 1 604 326 49 58 -1 -1 -1 0 
8 2 776 331 43 42 -1 -1 -1 0 
8 3 501 340 25 27 -1 -1 -1 0 
9 1 604 326 49 58 -1 -1 -1 0 
9 2 777 331 42 42 -1 -1 -1 0 
9 3 495 339 25 29 -1 -1 -1 0 
10 1 604 325 49 59 -1 -1 -1 0 
10 2 777 331 42 43 -1 -1 -1 0 
10 3 482 340 29 29 -1 -1 -1 0 
11 1 605 325 49 59 -1 -1 -1 0 
11 2 776 331 45 43 -1 -1 -1 0 
11 3 470 341 32 30 -1 -1 -1 0 
12 1 605 325 50 59 -1 -1 -1 0 
12 2 777 331 44 43 -1 -1 -1 0 
12 3 457 341 35 31 -1 -1 -1 0 
12 5 327 334 46 47 -1 -1 -1 0 
13 1 606 325 48 58 -1 -1 -1 0 
13 2 778 330 42 44 -1 -1 -1 0 
13 3 446 339 38 34 -1 -1 -1 0 
13 5 316 336 45 46 -1 -1 -1 0 
14 1 607 325 48 58 -1 -1 -1 0 
14 2 777 330 45 44 -1 -1 -1 0 
14 3 430 337 41 37 -1 -1 -1 0 
15 1 607 324 48 58 -1 -1 -1 0 
15 2 777 330 46 44 -1 -1 -1 0 
15 3 412 339 47 36 -1 -1 -1 0 
16 1 606 324 49 58 -1 -1 -1 0 
16 2 777 330 47 44 -1 -1 -1 0 
16 3 393 337 48 41 -1 -1 -1 0 
17 1 606 324 49 58 -1 -1 -1 0 
17 2 778 330 47 44 -1 -1 -1 0 
17 3 367 335 58 46 -1 -1 -1 0 
18 1 607 323 47 58 -1 -1 -1 0 
18 2 779 330 47 45 -1 -1 -1 0 
18 3 341 333 64 52 -1 -1 -1 0 
19 1 606 323 49 58 -1 -1 -1 0 
19 2 780 330 46 45 -1 -1 -1 0 
19 3 309 333 63 54 -1 -1 -1 0 
19 5 492 330 43 40 -1 -1 -1 0 
20 1 606 324 49 57 -1 -1 -1 0 
20 2 780 329 47 46 -1 -1 -1 0 
20 3 266 337 72 52 -1 -1 -1 0 
20 5 511 329 42 40 -1 -1 -1 0 
21 1 607 324 48 57 -1 -1 -1 0 
21 2 781 329 46 47 -1 -1 -1 0 
21 3 222 339 98 53 -1 -1 -1 0 
21 5 488 329 45 40 -1 -1 -1 0 
22 1 607 324 47 57 -1 -1 -1 0 
22 2 781 329 48 47 -1 -1 -1 0 
22 3 152 343 114 58 -1 -1 -1 0 
22 5 472 331 47 39 -1 -1 -1 0 
23 1 608 324 47 57 -1 -1 -1 0 
23 2 782 329 48 46 -1 -1 -1 0 
23 3 121 344 103 60 -1 -1 -1 0 
23 5 454 332 48 41 -1 -1 -1 0 
24 1 608 324 47 57 -1 -1 -1 0 
24 2 783 330 47 46 -1 -1 -1 0 
24 3 86 345 110 61 -1 -1 -1 0 
24 5 465 332 48 41 -1 -1 -1 0 
25 1 608 325 47 56 -1 -1 -1 0 
25 2 784 331 47 44 -1 -1 -1 0 
26 1 608 325 47 56 -1 -1 -1 0 
26 2 784 331 48 44 -1 -1 -1 0 
26 5 462 332 34 38 -1 -1 -1 0 
27 1 608 327 47 54 -1 -1 -1 0 
27 2 784 331 48 45 -1 -1 -1 0 
27 5 451 332 39 40 -1 -1 -1 0 
28 1 608 326 47 55 -1 -1 -1 0 
28 2 785 332 48 44 -1 -1 -1 0 
28 5 437 331 43 41 -1 -1 -1 0 
29 1 608 327 48 54 -1 -1 -1 0 
29 2 785 332 48 44 -1 -1 -1 0 
29 5 423 333 46 39 -1 -1 -1 0 
30 1 609 327 46 55 -1 -1 -1 0 
30 2 785 332 49 44 -1 -1 -1 0 
30 5 426 333 45 39 -1 -1 -1 0 
31 1 609 328 46 54 -1 -1 -1 0 
31 2 785 332 50 45 -1 -1 -1 0 
32 1 608 326 46 56 -1 -1 -1 0 
32 2 785 332 50 45 -1 -1 -1 0 
33 1 607 326 48 55 -1 -1 -1 0 
33 2 785 332 50 45 -1 -1 -1 0 
34 1 607 326 47 55 -1 -1 -1 0 
34 2 785 332 51 45 -1 -1 -1 0 
35 1 608 326 46 54 -1 -1 -1 0 
35 2 786 331 51 45 -1 -1 -1 0 
35 5 698 328 24 38 -1 -1 -1 0 
36 1 607 326 48 54 -1 -1 -1 0 
36 2 788 330 49 46 -1 -1 -1 0 
36 5 723 328 23 37 -1 -1 -1 0 
37 1 608 328 46 53 -1 -1 -1 0 
37 2 786 330 53 47 -1 -1 -1 0 
38 1 609 328 45 53 -1 -1 -1 0 
38 2 787 330 51 47 -1 -1 -1 0 
39 1 609 329 45 51 -1 -1 -1 0 
39 2 787 330 53 47 -1 -1 -1 0 
39 21 196 343 57 42 -1 -1 -1 0 
40 1 611 328 42 51 -1 -1 -1 0 
40 2 788 329 52 48 -1 -1 -1 0 
40 21 198 343 55 41 -1 -1 -1 0 
