3 1 661 321 53 66 -1 -1 -1 0 
3 2 1062 359 216 232 -1 -1 -1 0 
3 3 605 322 41 52 -1 -1 -1 0 
4 1 662 320 51 66 -1 -1 -1 0 
4 2 1052 365 226 223 -1 -1 -1 0 
4 3 605 321 41 52 -1 -1 -1 0 
5 1 662 320 52 65 -1 -1 -1 0 
5 2 1036 360 243 224 -1 -1 -1 0 
5 3 605 322 42 51 -1 -1 -1 0 
6 1 662 319 51 66 -1 -1 -1 0 
6 2 1018 356 261 224 -1 -1 -1 0 
6 3 606 322 41 51 -1 -1 -1 0 
7 1 661 320 52 64 -1 -1 -1 0 
7 2 1008 352 270 225 -1 -1 -1 0 
7 3 606 321 40 51 -1 -1 -1 0 
8 1 662 320 50 64 -1 -1 -1 0 
8 2 996 346 282 230 -1 -1 -1 0 
8 3 606 321 39 51 -1 -1 -1 0 
9 1 661 320 52 64 -1 -1 -1 0 
9 2 981 347 298 230 -1 -1 -1 0 
9 3 605 321 41 51 -1 -1 -1 0 
10 1 661 321 51 64 -1 -1 -1 0 
10 2 971 347 308 230 -1 -1 -1 0 
10 3 605 323 41 49 -1 -1 -1 0 
11 1 660 320 52 65 -1 -1 -1 0 
11 2 960 349 316 226 -1 -1 -1 0 
11 3 605 323 40 49 -1 -1 -1 0 
12 1 659 320 54 65 -1 -1 -1 0 
12 2 949 351 326 219 -1 -1 -1 0 
12 3 605 323 41 49 -1 -1 -1 0 
12 10 497 321 26 36 -1 -1 -1 0 
13 1 660 320 52 65 -1 -1 -1 0 
13 2 936 350 343 213 -1 -1 -1 0 
13 3 605 323 40 48 -1 -1 -1 0 
13 10 491 320 26 37 -1 -1 -1 0 
14 1 659 320 53 65 -1 -1 -1 0 
14 2 930 347 349 211 -1 -1 -1 0 
14 3 605 323 39 49 -1 -1 -1 0 
14 10 489 323 21 34 -1 -1 -1 0 
15 1 659 320 53 65 -1 -1 -1 0 
15 2 921 343 358 210 -1 -1 -1 0 
15 3 605 323 39 49 -1 -1 -1 0 
15 10 485 324 20 33 -1 -1 -1 0 
16 1 659 320 53 65 -1 -1 -1 0 
16 2 915 345 363 203 -1 -1 -1 0 
16 3 605 324 40 47 -1 -1 -1 0 
16 10 472 326 24 35 -1 -1 -1 0 
17 1 658 321 54 64 -1 -1 -1 0 
17 2 909 347 370 196 -1 -1 -1 0 
17 3 605 324 39 48 -1 -1 -1 0 
17 10 463 328 24 33 -1 -1 -1 0 
18 1 658 321 53 64 -1 -1 -1 0 
18 2 904 350 373 189 -1 -1 -1 0 
18 3 606 325 37 47 -1 -1 -1 0 
18 10 454 331 24 31 -1 -1 -1 0 
19 1 657 322 53 64 -1 -1 -1 0 
19 2 890 352 389 179 -1 -1 -1 0 
19 3 606 327 38 45 -1 -1 -1 0 
19 10 504 329 19 28 -1 -1 -1 0 
20 1 657 322 52 65 -1 -1 -1 0 
20 2 885 350 390 176 -1 -1 -1 0 
20 3 606 327 37 45 -1 -1 -1 0 
20 10 506 330 18 27 -1 -1 -1 0 
21 1 656 323 53 64 -1 -1 -1 0 
21 2 886 349 346 169 -1 -1 -1 0 
21 3 607 328 36 44 -1 -1 -1 0 
22 1 655 323 53 64 -1 -1 -1 0 
22 2 881 351 324 161 -1 -1 -1 0 
22 3 606 329 37 43 -1 -1 -1 0 
23 1 655 324 52 63 -1 -1 -1 0 
23 2 884 349 300 158 -1 -1 -1 0 
23 3 606 329 36 43 -1 -1 -1 0 
24 1 655 323 52 64 -1 -1 -1 0 
24 2 867 347 302 152 -1 -1 -1 0 
24 3 605 329 37 44 -1 -1 -1 0 
24 10 385 333 39 36 -1 -1 -1 0 
25 1 654 323 53 65 -1 -1 -1 0 
25 2 860 348 288 143 -1 -1 -1 0 
25 3 604 329 39 44 -1 -1 -1 0 
25 10 360 336 32 35 -1 -1 -1 0 
26 1 653 323 54 65 -1 -1 -1 0 
26 2 854 348 274 136 -1 -1 -1 0 
26 3 605 328 36 46 -1 -1 -1 0 
26 10 400 337 30 33 -1 -1 -1 0 
27 1 652 323 55 66 -1 -1 -1 0 
27 2 850 348 260 133 -1 -1 -1 0 
27 3 605 328 36 46 -1 -1 -1 0 
27 10 402 337 30 35 -1 -1 -1 0 
28 1 651 323 56 66 -1 -1 -1 0 
28 2 846 348 250 130 -1 -1 -1 0 
28 3 606 328 35 46 -1 -1 -1 0 
28 10 398 338 31 35 -1 -1 -1 0 
29 1 652 324 53 65 -1 -1 -1 0 
29 2 848 348 227 128 -1 -1 -1 0 
29 3 605 328 37 46 -1 -1 -1 0 
29 10 365 335 38 39 -1 -1 -1 0 
30 1 651 324 54 66 -1 -1 -1 0 
30 2 846 352 224 121 -1 -1 -1 0 
30 3 605 329 36 45 -1 -1 -1 0 
30 10 358 336 39 40 -1 -1 -1 0 
31 1 650 325 55 65 -1 -1 -1 0 
31 2 839 352 223 118 -1 -1 -1 0 
31 3 606 329 35 45 -1 -1 -1 0 
32 1 649 325 56 66 -1 -1 -1 0 
32 2 832 351 217 114 -1 -1 -1 0 
32 3 606 330 34 45 -1 -1 -1 0 
33 1 650 327 54 64 -1 -1 -1 0 
33 2 829 352 209 111 -1 -1 -1 0 
33 3 606 331 34 44 -1 -1 -1 0 
34 1 650 327 53 65 -1 -1 -1 0 
34 2 827 353 201 109 -1 -1 -1 0 
34 3 606 331 33 44 -1 -1 -1 0 
35 1 649 327 54 66 -1 -1 -1 0 
35 2 823 353 195 107 -1 -1 -1 0 
35 3 606 332 33 44 -1 -1 -1 0 
35 10 436 341 20 26 -1 -1 -1 0 
36 1 648 326 56 66 -1 -1 -1 0 
36 2 819 353 188 104 -1 -1 -1 0 
36 3 606 331 34 44 -1 -1 -1 0 
36 10 435 340 19 25 -1 -1 -1 0 
37 1 648 326 54 66 -1 -1 -1 0 
37 2 817 353 181 103 -1 -1 -1 0 
37 3 606 331 33 43 -1 -1 -1 0 
37 10 426 339 23 26 -1 -1 -1 0 
38 1 647 325 55 66 -1 -1 -1 0 
38 2 814 353 177 100 -1 -1 -1 0 
38 3 606 330 33 44 -1 -1 -1 0 
38 10 416 339 23 28 -1 -1 -1 0 
39 1 646 325 57 65 -1 -1 -1 0 
39 2 813 353 174 97 -1 -1 -1 0 
39 3 606 330 33 44 -1 -1 -1 0 
39 10 403 338 25 30 -1 -1 -1 0 
40 1 647 325 55 65 -1 -1 -1 0 
40 2 809 352 167 96 -1 -1 -1 0 
40 3 605 329 34 44 -1 -1 -1 0 
40 10 388 338 27 30 -1 -1 -1 0 
