3 1 314 316 225 156 -1 -1 -1 0 
3 2 663 336 28 38 -1 -1 -1 0 
4 1 321 315 221 154 -1 -1 -1 0 
4 2 663 337 29 36 -1 -1 -1 0 
5 1 327 317 220 151 -1 -1 -1 0 
5 2 663 336 29 37 -1 -1 -1 0 
6 1 336 319 210 145 -1 -1 -1 0 
6 2 662 335 31 39 -1 -1 -1 0 
7 1 346 320 202 141 -1 -1 -1 0 
7 2 662 335 32 39 -1 -1 -1 0 
8 1 353 318 196 142 -1 -1 -1 0 
8 2 662 334 32 41 -1 -1 -1 0 
9 1 359 319 191 138 -1 -1 -1 0 
9 2 661 334 34 42 -1 -1 -1 0 
10 1 365 320 183 135 -1 -1 -1 0 
10 2 661 335 34 41 -1 -1 -1 0 
11 1 369 320 179 132 -1 -1 -1 0 
11 2 661 335 34 41 -1 -1 -1 0 
12 1 378 323 169 125 -1 -1 -1 0 
12 2 662 336 33 40 -1 -1 -1 0 
13 1 388 323 162 125 -1 -1 -1 0 
13 2 662 336 33 40 -1 -1 -1 0 
14 1 391 321 163 127 -1 -1 -1 0 
14 2 662 337 33 38 -1 -1 -1 0 
15 1 395 321 160 125 -1 -1 -1 0 
15 2 663 336 31 39 -1 -1 -1 0 
16 1 399 322 157 123 -1 -1 -1 0 
16 2 663 336 32 39 -1 -1 -1 0 
17 1 404 325 153 118 -1 -1 -1 0 
17 2 664 336 31 39 -1 -1 -1 0 
18 1 412 327 147 113 -1 -1 -1 0 
18 2 664 335 31 40 -1 -1 -1 0 
19 1 419 327 142 111 -1 -1 -1 0 
19 2 665 338 30 37 -1 -1 -1 0 
20 1 421 326 143 110 -1 -1 -1 0 
20 2 665 338 30 37 -1 -1 -1 0 
21 1 427 327 140 108 -1 -1 -1 0 
21 2 666 338 29 37 -1 -1 -1 0 
22 1 432 327 136 107 -1 -1 -1 0 
22 2 665 339 30 36 -1 -1 -1 0 
23 1 437 326 133 108 -1 -1 -1 0 
23 2 666 339 30 36 -1 -1 -1 0 
24 1 436 324 140 110 -1 -1 -1 0 
24 2 665 338 31 37 -1 -1 -1 0 
25 1 442 326 136 105 -1 -1 -1 0 
25 2 666 338 29 37 -1 -1 -1 0 
26 1 447 328 132 101 -1 -1 -1 0 
26 2 665 337 30 37 -1 -1 -1 0 
27 1 450 328 130 99 -1 -1 -1 0 
27 2 665 336 30 38 -1 -1 -1 0 
28 1 453 329 127 96 -1 -1 -1 0 
28 2 665 336 30 38 -1 -1 -1 0 
29 1 457 327 125 97 -1 -1 -1 0 
29 2 665 336 31 38 -1 -1 -1 0 
30 1 459 327 125 98 -1 -1 -1 0 
30 2 665 335 31 39 -1 -1 -1 0 
31 1 463 327 122 97 -1 -1 -1 0 
31 2 666 335 31 40 -1 -1 -1 0 
32 1 467 327 119 96 -1 -1 -1 0 
32 2 666 336 31 39 -1 -1 -1 0 
33 1 470 326 119 96 -1 -1 -1 0 
33 2 666 336 31 38 -1 -1 -1 0 
34 1 474 327 117 95 -1 -1 -1 0 
34 2 666 336 31 38 -1 -1 -1 0 
35 1 478 328 116 92 -1 -1 -1 0 
35 2 666 335 32 39 -1 -1 -1 0 
36 1 484 330 108 88 -1 -1 -1 0 
36 2 666 335 31 39 -1 -1 -1 0 
37 1 489 330 103 86 -1 -1 -1 0 
37 2 667 335 31 39 -1 -1 -1 0 
38 1 490 331 103 84 -1 -1 -1 0 
38 2 667 335 30 40 -1 -1 -1 0 
39 1 491 329 106 85 -1 -1 -1 0 
39 2 666 335 32 39 -1 -1 -1 0 
40 1 492 328 107 85 -1 -1 -1 0 
40 2 667 335 31 39 -1 -1 -1 0 
