3 1 561 327 56 68 -1 -1 -1 0 
3 2 668 335 43 53 -1 -1 -1 0 
4 1 562 328 55 66 -1 -1 -1 0 
4 2 667 335 44 53 -1 -1 -1 0 
5 1 562 329 55 65 -1 -1 -1 0 
5 2 667 336 44 52 -1 -1 -1 0 
6 1 563 330 53 64 -1 -1 -1 0 
6 2 667 337 44 51 -1 -1 -1 0 
7 1 564 330 52 65 -1 -1 -1 0 
7 2 666 337 44 51 -1 -1 -1 0 
8 1 564 329 52 65 -1 -1 -1 0 
8 2 666 337 44 52 -1 -1 -1 0 
9 1 564 330 52 64 -1 -1 -1 0 
9 2 665 337 45 51 -1 -1 -1 0 
10 1 565 331 51 62 -1 -1 -1 0 
10 2 665 337 44 51 -1 -1 -1 0 
11 1 565 330 50 63 -1 -1 -1 0 
11 2 664 337 46 52 -1 -1 -1 0 
12 1 565 330 50 62 -1 -1 -1 0 
12 2 664 337 45 52 -1 -1 -1 0 
13 1 566 330 49 62 -1 -1 -1 0 
13 2 664 336 43 53 -1 -1 -1 0 
14 1 566 330 49 62 -1 -1 -1 0 
14 2 663 336 44 53 -1 -1 -1 0 
15 1 566 329 49 63 -1 -1 -1 0 
15 2 662 336 45 53 -1 -1 -1 0 
16 1 566 329 49 62 -1 -1 -1 0 
16 2 661 337 46 52 -1 -1 -1 0 
17 1 566 329 49 63 -1 -1 -1 0 
17 2 661 337 44 53 -1 -1 -1 0 
18 1 566 330 49 62 -1 -1 -1 0 
18 2 660 337 45 53 -1 -1 -1 0 
19 1 567 330 48 62 -1 -1 -1 0 
19 2 660 337 44 53 -1 -1 -1 0 
20 1 567 330 49 61 -1 -1 -1 0 
20 2 660 335 43 55 -1 -1 -1 0 
21 1 568 330 48 61 -1 -1 -1 0 
21 2 659 335 44 55 -1 -1 -1 0 
22 1 568 329 49 60 -1 -1 -1 0 
22 2 658 335 46 54 -1 -1 -1 0 
23 1 570 329 46 61 -1 -1 -1 0 
23 2 659 335 43 54 -1 -1 -1 0 
24 1 570 327 47 63 -1 -1 -1 0 
24 2 658 335 45 54 -1 -1 -1 0 
25 1 570 327 48 61 -1 -1 -1 0 
25 2 658 335 44 54 -1 -1 -1 0 
26 1 570 328 48 60 -1 -1 -1 0 
26 2 657 336 46 53 -1 -1 -1 0 
27 1 572 328 45 59 -1 -1 -1 0 
27 2 657 336 45 53 -1 -1 -1 0 
28 1 571 328 47 59 -1 -1 -1 0 
28 2 656 337 45 52 -1 -1 -1 0 
29 1 573 326 45 59 -1 -1 -1 0 
29 2 656 337 45 51 -1 -1 -1 0 
30 1 573 327 45 59 -1 -1 -1 0 
30 2 656 337 45 53 -1 -1 -1 0 
31 1 573 327 46 59 -1 -1 -1 0 
31 2 655 337 46 52 -1 -1 -1 0 
32 1 573 326 46 59 -1 -1 -1 0 
32 2 654 337 46 52 -1 -1 -1 0 
33 1 574 327 44 58 -1 -1 -1 0 
33 2 655 337 44 52 -1 -1 -1 0 
34 1 574 327 44 58 -1 -1 -1 0 
34 2 654 337 45 52 -1 -1 -1 0 
35 1 575 327 43 58 -1 -1 -1 0 
35 2 653 337 46 52 -1 -1 -1 0 
36 1 575 327 44 57 -1 -1 -1 0 
36 2 653 336 46 53 -1 -1 -1 0 
37 1 575 326 43 57 -1 -1 -1 0 
37 2 653 336 46 53 -1 -1 -1 0 
38 1 575 325 43 58 -1 -1 -1 0 
38 2 652 334 47 54 -1 -1 -1 0 
39 1 576 325 42 58 -1 -1 -1 0 
39 2 652 334 48 54 -1 -1 -1 0 
40 1 576 325 42 58 -1 -1 -1 0 
40 2 652 333 47 55 -1 -1 -1 0 
