3 1 656 320 82 92 -1 -1 -1 0 
3 2 605 326 39 48 -1 -1 -1 0 
3 3 906 323 128 80 -1 -1 -1 0 
4 1 656 320 80 90 -1 -1 -1 0 
4 2 606 326 38 47 -1 -1 -1 0 
4 3 906 322 129 81 -1 -1 -1 0 
5 1 654 319 80 90 -1 -1 -1 0 
5 2 606 327 39 46 -1 -1 -1 0 
5 3 908 321 126 81 -1 -1 -1 0 
6 1 652 318 80 91 -1 -1 -1 0 
6 2 607 327 38 45 -1 -1 -1 0 
6 3 907 322 128 79 -1 -1 -1 0 
7 1 651 317 79 93 -1 -1 -1 0 
7 2 608 327 36 44 -1 -1 -1 0 
7 3 907 322 128 80 -1 -1 -1 0 
8 1 649 317 81 93 -1 -1 -1 0 
8 2 608 328 37 43 -1 -1 -1 0 
8 3 907 322 127 81 -1 -1 -1 0 
9 1 648 318 81 91 -1 -1 -1 0 
9 2 610 329 34 42 -1 -1 -1 0 
9 3 909 324 125 79 -1 -1 -1 0 
9 12 394 333 60 43 -1 -1 -1 0 
10 1 647 318 81 92 -1 -1 -1 0 
10 2 611 329 33 42 -1 -1 -1 0 
10 3 909 324 125 79 -1 -1 -1 0 
10 12 374 332 67 47 -1 -1 -1 0 
11 1 646 319 82 91 -1 -1 -1 0 
11 2 611 329 34 42 -1 -1 -1 0 
11 3 910 324 124 79 -1 -1 -1 0 
11 12 363 333 69 47 -1 -1 -1 0 
12 1 646 319 81 91 -1 -1 -1 0 
12 2 611 330 34 40 -1 -1 -1 0 
12 3 907 324 127 78 -1 -1 -1 0 
12 14 2 368 390 284 -1 -1 -1 0 
13 1 645 319 82 91 -1 -1 -1 0 
13 2 612 330 33 40 -1 -1 -1 0 
13 3 907 324 127 78 -1 -1 -1 0 
13 12 302 328 91 53 -1 -1 -1 0 
13 14 10 359 393 295 -1 -1 -1 0 
14 1 645 320 80 89 -1 -1 -1 0 
14 2 613 331 32 39 -1 -1 -1 0 
14 3 907 324 127 78 -1 -1 -1 0 
14 12 285 328 94 54 -1 -1 -1 0 
14 14 10 347 411 297 -1 -1 -1 0 
15 1 645 321 80 89 -1 -1 -1 0 
15 2 615 331 30 39 -1 -1 -1 0 
15 3 908 327 126 75 -1 -1 -1 0 
15 14 13 326 421 314 -1 -1 -1 0 
16 1 646 322 78 88 -1 -1 -1 0 
16 2 616 332 30 38 -1 -1 -1 0 
16 3 909 327 125 75 -1 -1 -1 0 
16 14 18 318 439 318 -1 -1 -1 0 
17 1 646 323 77 87 -1 -1 -1 0 
17 2 617 333 30 37 -1 -1 -1 0 
17 3 915 328 117 75 -1 -1 -1 0 
17 14 0 335 478 293 -1 -1 -1 0 
17 16 708 300 44 64 -1 -1 -1 0 
18 1 646 324 77 86 -1 -1 -1 0 
18 2 619 333 29 38 -1 -1 -1 0 
18 3 915 328 117 75 -1 -1 -1 0 
18 14 0 343 482 281 -1 -1 -1 0 
18 16 710 301 41 62 -1 -1 -1 0 
19 1 646 323 77 87 -1 -1 -1 0 
19 2 620 332 28 39 -1 -1 -1 0 
19 3 912 326 121 77 -1 -1 -1 0 
19 14 0 340 490 280 -1 -1 -1 0 
19 16 708 300 44 65 -1 -1 -1 0 
20 1 645 324 78 86 -1 -1 -1 0 
20 2 620 332 29 39 -1 -1 -1 0 
20 3 918 327 116 76 -1 -1 -1 0 
20 16 709 302 43 63 -1 -1 -1 0 
20 18 183 367 293 203 -1 -1 -1 0 
21 1 645 324 78 86 -1 -1 -1 0 
21 2 620 333 30 38 -1 -1 -1 0 
21 3 915 327 119 76 -1 -1 -1 0 
21 16 709 300 43 63 -1 -1 -1 0 
21 18 179 363 303 205 -1 -1 -1 0 
22 1 645 324 78 86 -1 -1 -1 0 
22 2 622 333 28 38 -1 -1 -1 0 
22 3 934 328 96 75 -1 -1 -1 0 
22 16 711 301 41 63 -1 -1 -1 0 
22 18 93 361 418 211 -1 -1 -1 0 
23 1 646 324 76 84 -1 -1 -1 0 
23 2 622 332 29 37 -1 -1 -1 0 
23 3 917 328 119 75 -1 -1 -1 0 
23 16 712 302 40 62 -1 -1 -1 0 
23 18 98 361 406 202 -1 -1 -1 0 
24 1 646 324 76 84 -1 -1 -1 0 
24 2 622 332 29 37 -1 -1 -1 0 
24 3 916 328 117 74 -1 -1 -1 0 
24 16 711 301 42 61 -1 -1 -1 0 
24 18 184 363 298 183 -1 -1 -1 0 
25 1 647 325 75 82 -1 -1 -1 0 
25 2 624 331 28 37 -1 -1 -1 0 
25 3 910 329 125 73 -1 -1 -1 0 
25 14 162 363 235 172 -1 -1 -1 0 
25 16 712 301 40 62 -1 -1 -1 0 
25 18 260 365 222 165 -1 -1 -1 0 
26 1 647 325 75 82 -1 -1 -1 0 
26 2 624 332 28 36 -1 -1 -1 0 
26 3 925 329 105 74 -1 -1 -1 0 
26 14 175 364 220 162 -1 -1 -1 0 
26 16 713 303 39 60 -1 -1 -1 0 
26 18 228 362 280 164 -1 -1 -1 0 
27 1 648 326 74 81 -1 -1 -1 0 
27 2 625 331 28 36 -1 -1 -1 0 
27 3 936 329 93 74 -1 -1 -1 0 
27 16 713 304 39 59 -1 -1 -1 0 
27 18 225 362 290 156 -1 -1 -1 0 
28 1 648 326 74 81 -1 -1 -1 0 
28 2 627 331 26 37 -1 -1 -1 0 
28 3 939 329 92 74 -1 -1 -1 0 
28 16 713 305 39 59 -1 -1 -1 0 
28 18 238 362 277 150 -1 -1 -1 0 
28 21 1024 333 40 45 -1 -1 -1 0 
29 1 648 327 74 81 -1 -1 -1 0 
29 2 627 331 27 38 -1 -1 -1 0 
29 3 928 329 106 74 -1 -1 -1 0 
29 16 712 306 40 58 -1 -1 -1 0 
29 18 251 362 268 144 -1 -1 -1 0 
29 21 1025 334 45 44 -1 -1 -1 0 
30 1 647 327 75 81 -1 -1 -1 0 
30 2 627 331 27 38 -1 -1 -1 0 
30 3 925 330 106 73 -1 -1 -1 0 
30 16 712 305 39 59 -1 -1 -1 0 
30 18 265 359 258 143 -1 -1 -1 0 
30 21 1027 334 49 44 -1 -1 -1 0 
31 1 647 328 76 80 -1 -1 -1 0 
31 2 627 331 27 38 -1 -1 -1 0 
31 3 918 330 113 72 -1 -1 -1 0 
31 16 711 304 40 61 -1 -1 -1 0 
31 18 282 356 243 140 -1 -1 -1 0 
31 21 1028 334 53 44 -1 -1 -1 0 
32 1 648 327 74 80 -1 -1 -1 0 
32 2 626 331 29 36 -1 -1 -1 0 
32 3 918 329 112 73 -1 -1 -1 0 
32 16 712 303 39 62 -1 -1 -1 0 
32 18 294 354 233 136 -1 -1 -1 0 
32 21 1030 334 54 44 -1 -1 -1 0 
33 1 648 326 73 81 -1 -1 -1 0 
33 2 627 331 28 36 -1 -1 -1 0 
33 3 911 329 119 73 -1 -1 -1 0 
33 16 711 303 41 62 -1 -1 -1 0 
33 18 306 353 223 131 -1 -1 -1 0 
33 21 1033 334 54 44 -1 -1 -1 0 
34 1 647 326 74 82 -1 -1 -1 0 
34 2 627 332 27 36 -1 -1 -1 0 
34 3 909 330 118 72 -1 -1 -1 0 
34 16 710 303 42 62 -1 -1 -1 0 
34 18 315 354 219 126 -1 -1 -1 0 
34 21 1036 334 53 44 -1 -1 -1 0 
35 1 647 327 74 81 -1 -1 -1 0 
35 2 628 332 25 37 -1 -1 -1 0 
35 3 910 330 116 73 -1 -1 -1 0 
35 16 709 301 42 65 -1 -1 -1 0 
35 18 326 354 209 121 -1 -1 -1 0 
35 21 1040 335 52 45 -1 -1 -1 0 
36 1 647 327 74 82 -1 -1 -1 0 
36 2 627 333 27 36 -1 -1 -1 0 
36 3 906 331 120 73 -1 -1 -1 0 
36 16 708 302 43 65 -1 -1 -1 0 
36 18 340 352 197 122 -1 -1 -1 0 
36 21 1045 334 51 46 -1 -1 -1 0 
37 1 647 327 74 82 -1 -1 -1 0 
37 2 627 333 27 36 -1 -1 -1 0 
37 3 904 331 123 73 -1 -1 -1 0 
37 16 707 302 44 65 -1 -1 -1 0 
37 18 347 352 195 118 -1 -1 -1 0 
37 21 1044 334 58 47 -1 -1 -1 0 
38 1 646 328 75 82 -1 -1 -1 0 
38 2 626 334 28 35 -1 -1 -1 0 
38 3 913 328 106 78 -1 -1 -1 0 
38 16 708 304 42 63 -1 -1 -1 0 
38 18 358 353 185 114 -1 -1 -1 0 
38 21 1045 333 61 48 -1 -1 -1 0 
39 1 647 328 73 82 -1 -1 -1 0 
39 2 627 335 27 34 -1 -1 -1 0 
39 3 905 328 119 78 -1 -1 -1 0 
39 16 708 304 41 63 -1 -1 -1 0 
39 18 367 352 178 113 -1 -1 -1 0 
39 21 1050 333 59 48 -1 -1 -1 0 
40 1 646 328 74 82 -1 -1 -1 0 
40 2 627 335 26 34 -1 -1 -1 0 
40 3 905 329 118 77 -1 -1 -1 0 
40 16 707 304 42 64 -1 -1 -1 0 
40 18 374 350 176 111 -1 -1 -1 0 
40 21 1052 335 64 46 -1 -1 -1 0 
