3 1 556 329 78 77 -1 -1 -1 0 
3 3 697 327 34 44 -1 -1 -1 0 
3 4 767 329 33 40 -1 -1 -1 0 
3 5 732 329 17 27 -1 -1 -1 0 
4 1 558 330 77 76 -1 -1 -1 0 
4 3 697 327 34 44 -1 -1 -1 0 
4 4 766 329 33 41 -1 -1 -1 0 
4 5 731 329 17 27 -1 -1 -1 0 
5 1 560 330 74 75 -1 -1 -1 0 
5 3 698 328 32 42 -1 -1 -1 0 
5 4 765 329 33 41 -1 -1 -1 0 
5 5 730 329 17 28 -1 -1 -1 0 
5 8 792 328 28 34 -1 -1 -1 0 
6 1 561 330 74 74 -1 -1 -1 0 
6 3 699 329 30 41 -1 -1 -1 0 
6 4 765 330 31 41 -1 -1 -1 0 
6 5 729 328 18 29 -1 -1 -1 0 
6 8 793 328 26 34 -1 -1 -1 0 
7 1 561 331 73 74 -1 -1 -1 0 
7 3 698 330 31 41 -1 -1 -1 0 
7 4 763 330 33 42 -1 -1 -1 0 
7 5 728 329 19 28 -1 -1 -1 0 
7 8 792 329 26 35 -1 -1 -1 0 
8 1 562 330 72 75 -1 -1 -1 0 
8 3 697 329 31 42 -1 -1 -1 0 
8 4 762 331 34 41 -1 -1 -1 0 
8 5 728 328 18 30 -1 -1 -1 0 
8 8 791 329 27 35 -1 -1 -1 0 
9 1 562 330 72 74 -1 -1 -1 0 
9 3 696 329 32 43 -1 -1 -1 0 
9 4 761 330 33 42 -1 -1 -1 0 
9 5 727 328 19 30 -1 -1 -1 0 
9 8 791 329 27 34 -1 -1 -1 0 
10 1 564 330 70 73 -1 -1 -1 0 
10 3 696 328 31 43 -1 -1 -1 0 
10 4 761 330 32 41 -1 -1 -1 0 
10 5 727 328 19 29 -1 -1 -1 0 
10 8 791 328 27 35 -1 -1 -1 0 
11 1 564 330 71 73 -1 -1 -1 0 
11 3 696 329 31 42 -1 -1 -1 0 
11 4 761 331 32 40 -1 -1 -1 0 
11 5 726 328 20 28 -1 -1 -1 0 
11 8 792 329 25 35 -1 -1 -1 0 
12 1 565 331 70 72 -1 -1 -1 0 
12 3 695 329 32 42 -1 -1 -1 0 
12 4 760 331 33 40 -1 -1 -1 0 
12 5 726 328 20 28 -1 -1 -1 0 
12 8 791 329 26 35 -1 -1 -1 0 
13 1 565 330 70 71 -1 -1 -1 0 
13 3 696 330 30 41 -1 -1 -1 0 
13 4 761 331 31 40 -1 -1 -1 0 
13 5 727 328 18 28 -1 -1 -1 0 
13 8 791 329 27 34 -1 -1 -1 0 
14 1 565 330 70 71 -1 -1 -1 0 
14 3 696 330 31 40 -1 -1 -1 0 
14 4 761 331 31 40 -1 -1 -1 0 
14 5 728 330 18 27 -1 -1 -1 0 
14 8 790 328 28 34 -1 -1 -1 0 
15 1 565 330 71 70 -1 -1 -1 0 
15 3 697 330 30 40 -1 -1 -1 0 
15 4 761 331 30 39 -1 -1 -1 0 
15 5 727 330 19 27 -1 -1 -1 0 
15 8 790 327 28 34 -1 -1 -1 0 
16 1 565 329 71 71 -1 -1 -1 0 
16 3 697 330 30 40 -1 -1 -1 0 
16 4 760 331 32 39 -1 -1 -1 0 
16 5 728 330 18 27 -1 -1 -1 0 
16 8 790 327 29 33 -1 -1 -1 0 
17 1 565 329 71 71 -1 -1 -1 0 
17 3 697 329 31 41 -1 -1 -1 0 
17 4 761 331 31 39 -1 -1 -1 0 
17 5 727 330 19 27 -1 -1 -1 0 
17 8 791 325 28 35 -1 -1 -1 0 
18 1 567 328 68 71 -1 -1 -1 0 
18 3 698 329 30 41 -1 -1 -1 0 
18 4 761 331 31 39 -1 -1 -1 0 
18 8 790 326 30 34 -1 -1 -1 0 
19 1 568 329 67 70 -1 -1 -1 0 
19 3 698 330 31 40 -1 -1 -1 0 
19 4 761 331 31 39 -1 -1 -1 0 
19 5 728 330 18 28 -1 -1 -1 0 
19 8 791 327 28 34 -1 -1 -1 0 
20 1 568 329 68 70 -1 -1 -1 0 
20 3 698 330 31 40 -1 -1 -1 0 
20 4 760 331 33 38 -1 -1 -1 0 
20 5 728 329 19 28 -1 -1 -1 0 
20 8 791 327 29 34 -1 -1 -1 0 
21 1 570 329 65 69 -1 -1 -1 0 
21 3 698 331 31 39 -1 -1 -1 0 
21 4 761 331 31 38 -1 -1 -1 0 
21 5 728 329 19 28 -1 -1 -1 0 
21 8 792 326 28 35 -1 -1 -1 0 
22 1 570 328 65 69 -1 -1 -1 0 
22 3 699 331 30 40 -1 -1 -1 0 
22 4 761 331 32 39 -1 -1 -1 0 
22 8 791 326 29 37 -1 -1 -1 0 
23 1 570 330 66 67 -1 -1 -1 0 
23 3 699 332 31 39 -1 -1 -1 0 
23 4 760 331 34 40 -1 -1 -1 0 
23 8 792 327 28 36 -1 -1 -1 0 
24 1 570 332 66 66 -1 -1 -1 0 
24 3 700 333 30 39 -1 -1 -1 0 
24 4 762 333 32 38 -1 -1 -1 0 
24 5 730 331 18 26 -1 -1 -1 0 
24 8 792 327 27 36 -1 -1 -1 0 
25 1 572 330 62 68 -1 -1 -1 0 
25 3 700 333 29 39 -1 -1 -1 0 
25 4 763 333 30 38 -1 -1 -1 0 
25 5 730 331 19 26 -1 -1 -1 0 
25 8 792 327 29 37 -1 -1 -1 0 
26 1 571 330 65 67 -1 -1 -1 0 
26 3 701 332 29 39 -1 -1 -1 0 
26 4 763 332 31 37 -1 -1 -1 0 
26 5 730 331 20 26 -1 -1 -1 0 
26 8 794 325 29 37 -1 -1 -1 0 
27 1 572 331 63 65 -1 -1 -1 0 
27 3 702 331 28 40 -1 -1 -1 0 
27 4 763 331 31 38 -1 -1 -1 0 
27 8 794 325 29 36 -1 -1 -1 0 
27 23 521 332 27 38 -1 -1 -1 0 
28 1 574 329 61 66 -1 -1 -1 0 
28 3 701 331 30 40 -1 -1 -1 0 
28 4 764 331 30 37 -1 -1 -1 0 
28 5 732 330 18 27 -1 -1 -1 0 
28 8 794 325 29 36 -1 -1 -1 0 
28 23 517 331 28 38 -1 -1 -1 0 
28 24 342 335 46 43 -1 -1 -1 0 
29 1 575 327 59 66 -1 -1 -1 0 
29 3 702 330 30 40 -1 -1 -1 0 
29 4 764 332 30 36 -1 -1 -1 0 
29 5 733 330 18 27 -1 -1 -1 0 
29 8 795 325 28 35 -1 -1 -1 0 
29 24 342 333 47 44 -1 -1 -1 0 
29 25 449 336 43 38 -1 -1 -1 0 
30 1 575 328 61 66 -1 -1 -1 0 
30 3 702 330 30 39 -1 -1 -1 0 
30 4 764 332 30 35 -1 -1 -1 0 
30 8 795 325 29 34 -1 -1 -1 0 
30 24 212 339 80 55 -1 -1 -1 0 
30 25 441 336 45 39 -1 -1 -1 0 
31 1 575 328 62 66 -1 -1 -1 0 
31 3 702 331 30 38 -1 -1 -1 0 
31 4 765 332 28 35 -1 -1 -1 0 
31 5 554 335 27 30 -1 -1 -1 0 
31 8 796 327 27 32 -1 -1 -1 0 
31 23 344 339 36 31 -1 -1 -1 0 
31 24 132 343 101 59 -1 -1 -1 0 
31 25 429 337 37 39 -1 -1 -1 0 
32 1 576 328 60 65 -1 -1 -1 0 
32 3 702 331 31 38 -1 -1 -1 0 
32 4 764 332 30 35 -1 -1 -1 0 
32 5 518 335 25 30 -1 -1 -1 0 
32 8 796 327 27 32 -1 -1 -1 0 
32 23 314 335 44 36 -1 -1 -1 0 
32 24 33 343 131 68 -1 -1 -1 0 
32 25 419 337 37 40 -1 -1 -1 0 
33 1 576 329 59 63 -1 -1 -1 0 
33 3 704 331 28 38 -1 -1 -1 0 
33 4 765 332 29 35 -1 -1 -1 0 
33 5 502 335 27 35 -1 -1 -1 0 
33 8 796 327 28 32 -1 -1 -1 0 
33 23 283 335 45 37 -1 -1 -1 0 
33 24 0 345 65 73 -1 -1 -1 0 
34 1 577 330 59 63 -1 -1 -1 0 
34 3 704 331 29 37 -1 -1 -1 0 
34 4 764 332 30 35 -1 -1 -1 0 
34 5 482 336 34 34 -1 -1 -1 0 
34 8 797 327 28 32 -1 -1 -1 0 
34 24 0 346 7 77 -1 -1 -1 0 
34 25 392 340 31 34 -1 -1 -1 0 
35 1 579 331 60 62 -1 -1 -1 0 
35 3 704 331 28 37 -1 -1 -1 0 
35 4 765 332 28 35 -1 -1 -1 0 
35 5 384 341 44 34 -1 -1 -1 0 
35 8 798 327 27 32 -1 -1 -1 0 
35 25 378 343 29 33 -1 -1 -1 0 
36 1 582 329 55 61 -1 -1 -1 0 
36 3 705 331 28 36 -1 -1 -1 0 
36 4 764 332 30 35 -1 -1 -1 0 
36 5 328 342 39 38 -1 -1 -1 0 
36 8 796 327 30 32 -1 -1 -1 0 
36 25 358 344 35 32 -1 -1 -1 0 
36 32 5 331 88 77 -1 -1 -1 0 
37 1 583 329 54 60 -1 -1 -1 0 
37 3 705 330 28 37 -1 -1 -1 0 
37 4 764 332 31 34 -1 -1 -1 0 
37 5 291 343 41 39 -1 -1 -1 0 
37 8 798 328 26 30 -1 -1 -1 0 
37 25 344 342 31 35 -1 -1 -1 0 
37 32 0 329 85 79 -1 -1 -1 0 
38 1 583 329 56 59 -1 -1 -1 0 
38 3 704 330 30 37 -1 -1 -1 0 
38 4 765 332 30 34 -1 -1 -1 0 
38 8 797 327 29 31 -1 -1 -1 0 
38 25 331 342 31 35 -1 -1 -1 0 
39 1 583 325 57 63 -1 -1 -1 0 
39 3 705 330 29 37 -1 -1 -1 0 
39 4 765 332 29 33 -1 -1 -1 0 
39 8 794 327 33 31 -1 -1 -1 0 
39 36 506 332 34 37 -1 -1 -1 0 
40 1 583 324 59 65 -1 -1 -1 0 
40 3 706 331 29 37 -1 -1 -1 0 
40 4 765 331 29 34 -1 -1 -1 0 
40 8 796 327 33 31 -1 -1 -1 0 
40 36 501 332 34 37 -1 -1 -1 0 
