3 1 638 324 41 55 -1 -1 -1 0 
27 4 561 327 25 33 -1 -1 -1 0 
29 4 560 327 26 32 -1 -1 -1 0 
30 4 560 328 25 30 -1 -1 -1 0 
31 4 561 327 24 31 -1 -1 -1 0 
32 4 560 327 26 31 -1 -1 -1 0 
32 5 625 320 42 59 -1 -1 -1 0 
33 4 561 327 24 31 -1 -1 -1 0 
33 5 625 320 41 58 -1 -1 -1 0 
34 4 561 327 24 31 -1 -1 -1 0 
34 5 625 319 40 57 -1 -1 -1 0 
35 5 624 319 40 56 -1 -1 -1 0 
36 5 623 320 41 54 -1 -1 -1 0 
37 5 624 321 39 53 -1 -1 -1 0 
38 5 623 321 39 52 -1 -1 -1 0 
39 4 562 327 23 31 -1 -1 -1 0 
39 5 624 322 38 53 -1 -1 -1 0 
40 4 563 328 22 30 -1 -1 -1 0 
40 5 624 323 37 51 -1 -1 -1 0 
