3 1 671 332 32 40 -1 -1 -1 0 
3 2 567 332 31 41 -1 -1 -1 0 
3 3 844 327 33 33 -1 -1 -1 0 
3 4 608 329 25 33 -1 -1 -1 0 
4 1 670 333 33 39 -1 -1 -1 0 
4 2 568 333 30 41 -1 -1 -1 0 
4 3 844 327 33 33 -1 -1 -1 0 
4 4 609 330 24 32 -1 -1 -1 0 
5 1 671 333 31 39 -1 -1 -1 0 
5 2 569 334 30 40 -1 -1 -1 0 
5 3 844 328 33 32 -1 -1 -1 0 
5 4 609 330 23 32 -1 -1 -1 0 
6 1 671 333 31 39 -1 -1 -1 0 
6 3 844 331 30 29 -1 -1 -1 0 
6 4 609 330 23 32 -1 -1 -1 0 
7 1 671 333 31 40 -1 -1 -1 0 
7 3 844 331 29 29 -1 -1 -1 0 
8 1 670 333 33 40 -1 -1 -1 0 
8 3 840 332 31 27 -1 -1 -1 0 
9 1 670 332 33 40 -1 -1 -1 0 
9 2 527 322 27 36 -1 -1 -1 0 
9 3 842 330 30 29 -1 -1 -1 0 
9 4 609 329 23 32 -1 -1 -1 0 
10 1 670 332 32 40 -1 -1 -1 0 
10 2 519 320 29 38 -1 -1 -1 0 
10 3 843 330 31 29 -1 -1 -1 0 
10 4 609 329 23 32 -1 -1 -1 0 
11 1 670 332 32 40 -1 -1 -1 0 
11 2 514 320 30 38 -1 -1 -1 0 
11 3 843 330 33 29 -1 -1 -1 0 
11 4 609 329 23 32 -1 -1 -1 0 
12 1 670 333 33 39 -1 -1 -1 0 
12 2 509 320 31 39 -1 -1 -1 0 
12 3 843 330 33 29 -1 -1 -1 0 
12 4 610 330 22 31 -1 -1 -1 0 
13 1 670 333 32 39 -1 -1 -1 0 
13 2 505 319 31 41 -1 -1 -1 0 
13 3 841 329 36 32 -1 -1 -1 0 
13 4 579 333 28 37 -1 -1 -1 0 
14 1 670 333 32 40 -1 -1 -1 0 
14 2 500 318 30 41 -1 -1 -1 0 
14 3 841 329 36 33 -1 -1 -1 0 
14 4 576 334 28 37 -1 -1 -1 0 
15 1 669 333 33 40 -1 -1 -1 0 
15 3 843 329 34 32 -1 -1 -1 0 
16 1 669 334 33 40 -1 -1 -1 0 
16 3 843 329 35 32 -1 -1 -1 0 
17 1 670 333 32 40 -1 -1 -1 0 
17 3 843 329 35 32 -1 -1 -1 0 
18 1 670 333 32 40 -1 -1 -1 0 
18 3 843 329 35 32 -1 -1 -1 0 
19 1 670 333 32 40 -1 -1 -1 0 
19 2 568 332 28 37 -1 -1 -1 0 
19 3 842 329 37 32 -1 -1 -1 0 
20 1 671 333 32 40 -1 -1 -1 0 
20 2 573 333 28 37 -1 -1 -1 0 
20 3 840 328 42 33 -1 -1 -1 0 
21 1 670 333 33 40 -1 -1 -1 0 
21 2 575 334 28 36 -1 -1 -1 0 
21 3 840 328 41 32 -1 -1 -1 0 
22 1 670 333 33 40 -1 -1 -1 0 
22 2 576 334 27 36 -1 -1 -1 0 
22 3 842 327 38 34 -1 -1 -1 0 
23 1 671 333 33 40 -1 -1 -1 0 
23 2 577 334 28 36 -1 -1 -1 0 
23 3 843 327 37 34 -1 -1 -1 0 
24 1 670 333 34 40 -1 -1 -1 0 
24 2 579 335 26 35 -1 -1 -1 0 
24 3 846 327 35 34 -1 -1 -1 0 
25 1 671 333 32 40 -1 -1 -1 0 
25 2 579 335 26 35 -1 -1 -1 0 
25 3 846 327 35 34 -1 -1 -1 0 
26 1 671 333 33 39 -1 -1 -1 0 
26 2 579 335 26 34 -1 -1 -1 0 
26 3 847 327 35 34 -1 -1 -1 0 
27 1 672 332 31 40 -1 -1 -1 0 
27 2 579 336 26 33 -1 -1 -1 0 
27 3 843 326 41 35 -1 -1 -1 0 
28 1 671 332 33 40 -1 -1 -1 0 
28 2 580 335 26 34 -1 -1 -1 0 
28 3 843 326 42 35 -1 -1 -1 0 
29 1 672 332 32 40 -1 -1 -1 0 
29 2 580 335 26 34 -1 -1 -1 0 
30 1 671 333 33 40 -1 -1 -1 0 
30 2 579 335 27 35 -1 -1 -1 0 
31 1 671 333 34 40 -1 -1 -1 0 
31 2 580 336 26 34 -1 -1 -1 0 
32 1 673 333 31 41 -1 -1 -1 0 
32 2 581 336 25 34 -1 -1 -1 0 
33 1 672 333 34 41 -1 -1 -1 0 
33 2 582 336 25 34 -1 -1 -1 0 
34 1 672 333 34 41 -1 -1 -1 0 
34 2 582 336 25 34 -1 -1 -1 0 
35 1 672 332 34 42 -1 -1 -1 0 
35 2 581 334 27 36 -1 -1 -1 0 
35 3 842 327 42 35 -1 -1 -1 0 
36 1 672 332 33 42 -1 -1 -1 0 
36 2 581 334 27 36 -1 -1 -1 0 
36 3 843 327 40 37 -1 -1 -1 0 
37 1 672 332 34 42 -1 -1 -1 0 
37 2 580 334 28 36 -1 -1 -1 0 
37 3 843 327 40 37 -1 -1 -1 0 
38 1 673 332 32 41 -1 -1 -1 0 
38 2 581 334 26 35 -1 -1 -1 0 
38 3 842 327 41 37 -1 -1 -1 0 
39 1 673 332 32 41 -1 -1 -1 0 
39 2 582 334 25 35 -1 -1 -1 0 
39 3 841 328 42 36 -1 -1 -1 0 
40 1 672 332 33 41 -1 -1 -1 0 
40 2 582 335 26 34 -1 -1 -1 0 
40 3 841 328 42 36 -1 -1 -1 0 
