3 1 559 339 59 53 -1 -1 -1 0 
3 2 663 332 27 31 -1 -1 -1 0 
4 1 560 337 56 54 -1 -1 -1 0 
4 2 662 332 28 31 -1 -1 -1 0 
5 1 559 337 58 54 -1 -1 -1 0 
5 2 662 332 28 30 -1 -1 -1 0 
6 1 559 337 59 53 -1 -1 -1 0 
6 2 663 332 27 30 -1 -1 -1 0 
7 1 560 338 57 53 -1 -1 -1 0 
7 2 663 332 27 30 -1 -1 -1 0 
8 1 562 339 54 53 -1 -1 -1 0 
8 2 663 332 27 30 -1 -1 -1 0 
9 1 562 339 56 55 -1 -1 -1 0 
9 2 665 334 25 30 -1 -1 -1 0 
10 1 562 340 56 55 -1 -1 -1 0 
10 2 665 334 25 30 -1 -1 -1 0 
11 1 561 340 57 55 -1 -1 -1 0 
11 2 666 335 24 30 -1 -1 -1 0 
12 1 562 340 55 53 -1 -1 -1 0 
12 2 666 335 24 30 -1 -1 -1 0 
13 1 563 340 53 52 -1 -1 -1 0 
13 2 665 336 25 29 -1 -1 -1 0 
14 1 563 341 52 50 -1 -1 -1 0 
14 2 666 336 24 28 -1 -1 -1 0 
15 1 563 339 52 52 -1 -1 -1 0 
15 2 666 334 24 29 -1 -1 -1 0 
16 1 562 339 55 51 -1 -1 -1 0 
16 2 666 333 25 30 -1 -1 -1 0 
17 1 562 339 55 49 -1 -1 -1 0 
17 2 667 333 24 30 -1 -1 -1 0 
18 1 561 340 57 48 -1 -1 -1 0 
18 2 667 332 25 31 -1 -1 -1 0 
19 1 561 340 57 48 -1 -1 -1 0 
19 2 667 332 25 31 -1 -1 -1 0 
20 1 563 340 55 50 -1 -1 -1 0 
20 2 666 333 27 32 -1 -1 -1 0 
21 1 564 340 55 51 -1 -1 -1 0 
21 2 667 334 26 32 -1 -1 -1 0 
22 1 564 340 54 52 -1 -1 -1 0 
22 2 667 334 26 32 -1 -1 -1 0 
23 1 564 339 54 53 -1 -1 -1 0 
23 2 666 333 27 32 -1 -1 -1 0 
24 1 564 338 54 53 -1 -1 -1 0 
24 2 666 333 26 31 -1 -1 -1 0 
25 1 563 336 56 53 -1 -1 -1 0 
25 2 667 331 24 31 -1 -1 -1 0 
26 1 562 334 56 54 -1 -1 -1 0 
26 2 649 332 23 28 -1 -1 -1 0 
27 1 562 332 56 54 -1 -1 -1 0 
27 2 661 329 22 30 -1 -1 -1 0 
28 1 561 331 57 53 -1 -1 -1 0 
28 2 665 327 24 31 -1 -1 -1 0 
29 1 559 333 59 52 -1 -1 -1 0 
29 2 650 330 20 27 -1 -1 -1 0 
30 1 560 335 57 52 -1 -1 -1 0 
30 2 644 332 19 27 -1 -1 -1 0 
31 1 560 335 56 53 -1 -1 -1 0 
31 2 641 333 20 27 -1 -1 -1 0 
31 7 665 332 25 29 -1 -1 -1 0 
32 1 561 336 55 54 -1 -1 -1 0 
32 2 639 333 19 27 -1 -1 -1 0 
32 7 663 334 28 28 -1 -1 -1 0 
33 1 561 337 56 53 -1 -1 -1 0 
33 7 664 335 27 28 -1 -1 -1 0 
34 1 561 337 56 53 -1 -1 -1 0 
34 7 664 335 27 28 -1 -1 -1 0 
35 1 561 337 56 54 -1 -1 -1 0 
35 7 664 335 28 28 -1 -1 -1 0 
36 1 561 338 56 52 -1 -1 -1 0 
36 7 665 336 27 28 -1 -1 -1 0 
37 1 561 338 56 51 -1 -1 -1 0 
37 7 663 334 29 29 -1 -1 -1 0 
38 1 561 336 55 53 -1 -1 -1 0 
38 7 664 331 28 30 -1 -1 -1 0 
39 1 561 336 56 52 -1 -1 -1 0 
39 7 664 331 28 30 -1 -1 -1 0 
40 1 562 336 54 52 -1 -1 -1 0 
40 7 663 330 30 32 -1 -1 -1 0 
