3 1 649 326 45 53 -1 -1 -1 0 
4 1 650 326 44 54 -1 -1 -1 0 
5 1 650 326 44 54 -1 -1 -1 0 
6 1 650 326 44 55 -1 -1 -1 0 
7 1 649 326 46 55 -1 -1 -1 0 
8 1 649 326 46 55 -1 -1 -1 0 
9 1 649 327 46 52 -1 -1 -1 0 
10 1 649 327 46 52 -1 -1 -1 0 
11 1 650 327 45 52 -1 -1 -1 0 
12 1 651 328 44 52 -1 -1 -1 0 
13 1 650 328 45 51 -1 -1 -1 0 
14 1 651 328 44 51 -1 -1 -1 0 
15 1 651 328 43 51 -1 -1 -1 0 
16 1 651 328 43 50 -1 -1 -1 0 
17 1 652 328 42 50 -1 -1 -1 0 
18 1 653 329 39 48 -1 -1 -1 0 
19 1 653 329 40 48 -1 -1 -1 0 
20 1 654 329 39 47 -1 -1 -1 0 
21 1 654 329 39 47 -1 -1 -1 0 
22 1 654 329 39 47 -1 -1 -1 0 
23 1 654 329 39 47 -1 -1 -1 0 
24 1 655 328 38 48 -1 -1 -1 0 
25 1 654 328 40 48 -1 -1 -1 0 
26 1 655 328 39 48 -1 -1 -1 0 
27 1 656 329 37 47 -1 -1 -1 0 
28 1 656 328 38 47 -1 -1 -1 0 
29 1 656 329 38 46 -1 -1 -1 0 
30 1 656 329 38 46 -1 -1 -1 0 
31 1 657 330 37 45 -1 -1 -1 0 
32 1 657 330 38 45 -1 -1 -1 0 
32 3 0 367 209 265 -1 -1 -1 0 
33 1 658 330 37 45 -1 -1 -1 0 
33 3 0 371 221 255 -1 -1 -1 0 
34 1 658 331 38 44 -1 -1 -1 0 
34 3 7 376 215 244 -1 -1 -1 0 
35 1 658 331 39 44 -1 -1 -1 0 
36 1 660 331 36 44 -1 -1 -1 0 
37 1 660 331 36 44 -1 -1 -1 0 
38 1 661 331 36 44 -1 -1 -1 0 
39 1 661 331 36 44 -1 -1 -1 0 
40 1 661 331 36 44 -1 -1 -1 0 
