3 1 477 343 108 89 -1 -1 -1 0 
4 1 478 343 108 89 -1 -1 -1 0 
5 1 481 342 106 89 -1 -1 -1 0 
6 1 484 342 105 87 -1 -1 -1 0 
7 1 485 345 105 84 -1 -1 -1 0 
8 1 488 347 101 82 -1 -1 -1 0 
9 1 492 348 97 80 -1 -1 -1 0 
10 1 493 347 97 80 -1 -1 -1 0 
11 1 495 347 97 80 -1 -1 -1 0 
12 1 500 346 93 79 -1 -1 -1 0 
13 1 498 345 98 77 -1 -1 -1 0 
14 1 498 346 98 76 -1 -1 -1 0 
15 1 504 345 91 76 -1 -1 -1 0 
16 1 506 345 89 75 -1 -1 -1 0 
17 1 507 345 90 74 -1 -1 -1 0 
18 1 510 344 87 74 -1 -1 -1 0 
19 1 512 346 85 71 -1 -1 -1 0 
20 1 514 347 84 69 -1 -1 -1 0 
21 1 516 348 85 69 -1 -1 -1 0 
22 1 518 350 84 67 -1 -1 -1 0 
23 1 520 349 84 67 -1 -1 -1 0 
24 1 520 351 85 66 -1 -1 -1 0 
25 1 521 351 86 65 -1 -1 -1 0 
26 1 526 349 77 66 -1 -1 -1 0 
27 1 527 347 79 68 -1 -1 -1 0 
28 1 528 347 79 67 -1 -1 -1 0 
29 1 531 345 78 68 -1 -1 -1 0 
30 1 534 345 75 69 -1 -1 -1 0 
31 1 535 347 75 67 -1 -1 -1 0 
32 1 537 349 74 65 -1 -1 -1 0 
33 1 539 349 71 66 -1 -1 -1 0 
33 4 705 334 27 37 -1 -1 -1 0 
34 1 540 347 70 68 -1 -1 -1 0 
34 4 704 333 29 37 -1 -1 -1 0 
35 1 541 343 69 69 -1 -1 -1 0 
35 4 704 331 30 37 -1 -1 -1 0 
36 1 542 340 69 72 -1 -1 -1 0 
36 4 705 330 30 37 -1 -1 -1 0 
37 1 543 338 70 72 -1 -1 -1 0 
38 1 544 338 69 71 -1 -1 -1 0 
39 1 544 339 70 70 -1 -1 -1 0 
40 1 544 341 70 69 -1 -1 -1 0 
