3 1 457 319 116 113 -1 -1 -1 0 
3 2 659 325 70 81 -1 -1 -1 0 
3 3 820 331 52 50 -1 -1 -1 0 
3 4 722 297 58 84 -1 -1 -1 0 
3 5 602 325 42 59 -1 -1 -1 0 
4 1 462 317 113 113 -1 -1 -1 0 
4 2 660 325 69 80 -1 -1 -1 0 
4 3 820 331 53 50 -1 -1 -1 0 
4 4 722 297 58 84 -1 -1 -1 0 
4 5 603 325 41 59 -1 -1 -1 0 
5 1 465 317 114 112 -1 -1 -1 0 
5 2 662 325 66 79 -1 -1 -1 0 
5 3 821 331 52 49 -1 -1 -1 0 
5 4 724 297 56 84 -1 -1 -1 0 
5 5 604 325 40 59 -1 -1 -1 0 
6 1 472 315 110 112 -1 -1 -1 0 
6 2 662 324 67 80 -1 -1 -1 0 
6 3 821 331 52 49 -1 -1 -1 0 
6 4 724 296 56 86 -1 -1 -1 0 
6 5 606 326 39 58 -1 -1 -1 0 
6 7 452 309 48 57 -1 -1 -1 0 
7 1 478 320 105 105 -1 -1 -1 0 
7 2 662 324 68 80 -1 -1 -1 0 
7 3 820 330 53 49 -1 -1 -1 0 
7 4 724 295 57 85 -1 -1 -1 0 
7 5 607 326 38 55 -1 -1 -1 0 
7 7 442 309 55 56 -1 -1 -1 0 
8 1 484 325 100 98 -1 -1 -1 0 
8 2 663 324 67 79 -1 -1 -1 0 
8 3 820 330 53 49 -1 -1 -1 0 
8 4 725 295 56 85 -1 -1 -1 0 
8 5 608 329 37 51 -1 -1 -1 0 
8 7 431 313 58 52 -1 -1 -1 0 
9 1 489 323 96 98 -1 -1 -1 0 
9 2 664 324 66 78 -1 -1 -1 0 
9 3 822 329 50 48 -1 -1 -1 0 
9 4 726 293 54 86 -1 -1 -1 0 
9 5 610 329 38 49 -1 -1 -1 0 
9 7 423 314 57 51 -1 -1 -1 0 
10 1 491 323 99 96 -1 -1 -1 0 
10 2 664 325 67 77 -1 -1 -1 0 
10 3 821 329 51 48 -1 -1 -1 0 
10 4 726 293 55 86 -1 -1 -1 0 
10 5 612 330 38 47 -1 -1 -1 0 
10 7 412 315 61 51 -1 -1 -1 0 
11 1 497 326 92 91 -1 -1 -1 0 
11 2 665 326 65 75 -1 -1 -1 0 
11 3 821 328 51 48 -1 -1 -1 0 
11 4 726 292 55 87 -1 -1 -1 0 
11 5 613 331 37 45 -1 -1 -1 0 
11 7 400 316 64 51 -1 -1 -1 0 
12 1 500 330 92 85 -1 -1 -1 0 
12 2 665 326 64 74 -1 -1 -1 0 
12 3 821 327 51 48 -1 -1 -1 0 
12 4 726 291 55 87 -1 -1 -1 0 
12 5 613 331 36 44 -1 -1 -1 0 
12 7 388 320 64 47 -1 -1 -1 0 
13 1 502 328 90 85 -1 -1 -1 0 
13 2 664 326 66 71 -1 -1 -1 0 
13 3 820 326 52 47 -1 -1 -1 0 
13 4 722 290 58 87 -1 -1 -1 0 
13 5 612 329 38 45 -1 -1 -1 0 
13 7 376 319 62 48 -1 -1 -1 0 
14 1 502 327 91 84 -1 -1 -1 0 
14 2 665 324 63 73 -1 -1 -1 0 
14 3 820 326 51 47 -1 -1 -1 0 
14 4 719 289 60 87 -1 -1 -1 0 
14 5 612 327 38 46 -1 -1 -1 0 
14 7 358 321 66 46 -1 -1 -1 0 
15 1 509 323 82 86 -1 -1 -1 0 
15 2 665 323 63 73 -1 -1 -1 0 
15 3 821 326 49 47 -1 -1 -1 0 
15 4 718 288 60 87 -1 -1 -1 0 
15 5 611 326 39 47 -1 -1 -1 0 
15 7 346 320 56 49 -1 -1 -1 0 
16 1 509 321 84 86 -1 -1 -1 0 
16 2 664 323 64 74 -1 -1 -1 0 
16 3 823 327 46 46 -1 -1 -1 0 
16 4 717 290 60 86 -1 -1 -1 0 
16 5 611 326 38 47 -1 -1 -1 0 
16 7 327 320 57 49 -1 -1 -1 0 
17 1 510 323 82 85 -1 -1 -1 0 
17 2 664 324 64 73 -1 -1 -1 0 
17 3 822 329 47 46 -1 -1 -1 0 
17 4 716 290 61 86 -1 -1 -1 0 
17 5 612 325 37 48 -1 -1 -1 0 
17 7 305 315 80 55 -1 -1 -1 0 
18 1 513 324 80 84 -1 -1 -1 0 
18 2 663 324 65 73 -1 -1 -1 0 
18 3 821 329 47 47 -1 -1 -1 0 
18 4 716 292 60 85 -1 -1 -1 0 
18 5 612 326 36 47 -1 -1 -1 0 
18 7 285 315 84 57 -1 -1 -1 0 
19 1 516 324 79 83 -1 -1 -1 0 
19 2 664 325 64 72 -1 -1 -1 0 
19 3 820 331 48 47 -1 -1 -1 0 
19 4 718 293 57 85 -1 -1 -1 0 
19 5 612 326 36 47 -1 -1 -1 0 
19 7 264 319 65 54 -1 -1 -1 0 
20 1 519 327 79 76 -1 -1 -1 0 
20 2 664 325 64 72 -1 -1 -1 0 
20 3 820 331 49 47 -1 -1 -1 0 
20 4 718 293 57 85 -1 -1 -1 0 
20 5 612 325 36 48 -1 -1 -1 0 
20 7 238 319 63 56 -1 -1 -1 0 
21 1 524 326 73 76 -1 -1 -1 0 
21 2 664 325 64 72 -1 -1 -1 0 
21 3 819 330 49 49 -1 -1 -1 0 
21 4 719 294 56 84 -1 -1 -1 0 
21 5 614 325 34 48 -1 -1 -1 0 
21 7 201 311 124 68 -1 -1 -1 0 
22 1 527 327 71 75 -1 -1 -1 0 
22 2 665 325 63 71 -1 -1 -1 0 
22 3 818 328 50 50 -1 -1 -1 0 
22 4 721 294 54 84 -1 -1 -1 0 
22 5 614 325 35 49 -1 -1 -1 0 
22 7 178 312 78 72 -1 -1 -1 0 
23 1 530 330 70 71 -1 -1 -1 0 
23 2 666 325 63 71 -1 -1 -1 0 
23 3 818 326 51 52 -1 -1 -1 0 
23 4 724 295 52 85 -1 -1 -1 0 
23 5 616 327 34 47 -1 -1 -1 0 
23 7 135 309 83 81 -1 -1 -1 0 
24 1 533 333 70 68 -1 -1 -1 0 
24 2 667 326 62 70 -1 -1 -1 0 
24 3 817 324 53 54 -1 -1 -1 0 
24 4 723 296 55 84 -1 -1 -1 0 
24 5 618 329 33 45 -1 -1 -1 0 
24 7 78 318 101 78 -1 -1 -1 0 
25 1 538 332 64 70 -1 -1 -1 0 
25 2 669 326 60 69 -1 -1 -1 0 
25 3 819 324 51 54 -1 -1 -1 0 
25 4 724 296 54 84 -1 -1 -1 0 
25 5 620 329 31 45 -1 -1 -1 0 
25 7 45 318 109 80 -1 -1 -1 0 
25 17 138 269 128 137 -1 -1 -1 0 
26 1 539 331 65 71 -1 -1 -1 0 
26 2 671 325 57 69 -1 -1 -1 0 
26 3 820 323 51 55 -1 -1 -1 0 
26 4 724 297 55 82 -1 -1 -1 0 
26 5 621 330 31 44 -1 -1 -1 0 
26 17 116 262 139 149 -1 -1 -1 0 
27 1 540 331 68 70 -1 -1 -1 0 
27 2 671 325 58 70 -1 -1 -1 0 
27 3 820 322 52 57 -1 -1 -1 0 
27 4 724 297 55 82 -1 -1 -1 0 
27 5 622 329 31 45 -1 -1 -1 0 
28 1 541 334 70 68 -1 -1 -1 0 
28 2 671 325 58 71 -1 -1 -1 0 
28 3 820 322 53 57 -1 -1 -1 0 
28 4 725 298 55 82 -1 -1 -1 0 
28 5 623 329 31 45 -1 -1 -1 0 
29 1 543 334 71 66 -1 -1 -1 0 
29 2 670 325 61 71 -1 -1 -1 0 
29 3 821 321 52 58 -1 -1 -1 0 
29 4 725 299 55 81 -1 -1 -1 0 
29 5 623 329 32 45 -1 -1 -1 0 
30 1 547 334 67 66 -1 -1 -1 0 
30 2 671 325 59 71 -1 -1 -1 0 
30 3 821 322 54 59 -1 -1 -1 0 
30 4 726 299 54 81 -1 -1 -1 0 
30 5 623 329 32 45 -1 -1 -1 0 
31 1 548 335 67 64 -1 -1 -1 0 
31 2 671 325 60 71 -1 -1 -1 0 
31 3 822 321 54 60 -1 -1 -1 0 
31 4 726 299 55 81 -1 -1 -1 0 
31 5 622 329 33 44 -1 -1 -1 0 
32 1 550 335 67 63 -1 -1 -1 0 
32 2 670 326 61 70 -1 -1 -1 0 
32 3 824 321 51 60 -1 -1 -1 0 
32 4 727 299 54 81 -1 -1 -1 0 
32 5 625 330 30 42 -1 -1 -1 0 
33 1 551 331 67 67 -1 -1 -1 0 
33 2 670 326 61 70 -1 -1 -1 0 
33 3 824 323 53 59 -1 -1 -1 0 
33 4 727 298 55 81 -1 -1 -1 0 
33 5 627 331 28 41 -1 -1 -1 0 
34 1 553 327 67 72 -1 -1 -1 0 
34 2 670 327 62 69 -1 -1 -1 0 
34 3 824 323 54 59 -1 -1 -1 0 
34 4 728 298 55 81 -1 -1 -1 0 
34 5 629 333 27 38 -1 -1 -1 0 
35 1 555 325 67 73 -1 -1 -1 0 
35 2 671 328 61 68 -1 -1 -1 0 
35 3 825 327 53 54 -1 -1 -1 0 
35 4 728 298 55 81 -1 -1 -1 0 
35 5 630 333 27 38 -1 -1 -1 0 
36 1 555 326 70 72 -1 -1 -1 0 
36 2 672 328 59 68 -1 -1 -1 0 
36 3 826 329 52 52 -1 -1 -1 0 
36 4 728 298 56 80 -1 -1 -1 0 
36 5 631 334 26 36 -1 -1 -1 0 
37 1 560 328 64 68 -1 -1 -1 0 
37 2 671 328 61 68 -1 -1 -1 0 
37 3 828 332 51 49 -1 -1 -1 0 
37 4 729 298 56 79 -1 -1 -1 0 
38 1 564 330 62 65 -1 -1 -1 0 
38 2 672 329 60 66 -1 -1 -1 0 
38 3 830 333 49 47 -1 -1 -1 0 
38 4 730 298 54 79 -1 -1 -1 0 
39 1 565 333 63 60 -1 -1 -1 0 
39 2 673 328 58 65 -1 -1 -1 0 
39 3 833 333 46 45 -1 -1 -1 0 
39 4 730 296 56 80 -1 -1 -1 0 
40 1 569 332 59 59 -1 -1 -1 0 
40 2 673 328 58 65 -1 -1 -1 0 
40 3 833 332 47 45 -1 -1 -1 0 
40 4 730 296 57 79 -1 -1 -1 0 
