3 1 606 330 37 44 -1 -1 -1 0 
3 2 659 334 39 46 -1 -1 -1 0 
4 1 607 330 35 44 -1 -1 -1 0 
4 2 660 334 38 46 -1 -1 -1 0 
5 1 606 330 37 44 -1 -1 -1 0 
5 2 661 334 38 46 -1 -1 -1 0 
6 1 607 330 35 43 -1 -1 -1 0 
6 2 660 334 39 46 -1 -1 -1 0 
7 1 608 330 34 43 -1 -1 -1 0 
7 2 659 335 40 45 -1 -1 -1 0 
8 1 607 329 36 44 -1 -1 -1 0 
8 2 660 335 38 44 -1 -1 -1 0 
9 1 607 329 35 44 -1 -1 -1 0 
9 2 660 335 38 45 -1 -1 -1 0 
10 1 607 329 35 44 -1 -1 -1 0 
10 2 660 335 38 45 -1 -1 -1 0 
11 1 607 330 36 43 -1 -1 -1 0 
11 2 660 335 39 45 -1 -1 -1 0 
12 1 608 330 34 43 -1 -1 -1 0 
12 2 660 335 38 44 -1 -1 -1 0 
13 1 607 331 35 41 -1 -1 -1 0 
13 2 660 335 38 44 -1 -1 -1 0 
14 1 608 331 34 41 -1 -1 -1 0 
14 2 660 335 38 44 -1 -1 -1 0 
15 1 609 331 33 41 -1 -1 -1 0 
15 2 659 334 40 45 -1 -1 -1 0 
16 1 609 331 33 41 -1 -1 -1 0 
16 2 660 334 39 45 -1 -1 -1 0 
17 1 610 331 33 41 -1 -1 -1 0 
17 2 660 334 39 45 -1 -1 -1 0 
18 1 610 331 33 41 -1 -1 -1 0 
18 2 660 333 40 47 -1 -1 -1 0 
19 1 611 332 32 40 -1 -1 -1 0 
19 2 661 333 39 47 -1 -1 -1 0 
20 1 611 332 33 40 -1 -1 -1 0 
20 2 661 334 39 48 -1 -1 -1 0 
21 1 612 332 32 41 -1 -1 -1 0 
21 2 661 334 40 48 -1 -1 -1 0 
22 1 612 332 32 41 -1 -1 -1 0 
22 2 661 334 40 49 -1 -1 -1 0 
23 1 612 332 33 41 -1 -1 -1 0 
23 2 661 335 40 48 -1 -1 -1 0 
23 9 269 341 58 45 -1 -1 -1 0 
24 1 611 332 34 42 -1 -1 -1 0 
24 2 660 334 41 49 -1 -1 -1 0 
24 9 246 339 66 47 -1 -1 -1 0 
25 1 612 333 34 40 -1 -1 -1 0 
25 2 660 334 42 49 -1 -1 -1 0 
25 9 217 341 73 47 -1 -1 -1 0 
26 1 613 332 32 41 -1 -1 -1 0 
26 2 661 332 41 50 -1 -1 -1 0 
26 9 186 344 75 47 -1 -1 -1 0 
27 1 613 332 33 41 -1 -1 -1 0 
27 2 661 332 42 50 -1 -1 -1 0 
27 9 150 343 81 53 -1 -1 -1 0 
28 1 613 332 33 40 -1 -1 -1 0 
28 2 660 332 43 50 -1 -1 -1 0 
28 9 108 344 92 56 -1 -1 -1 0 
29 1 613 332 33 40 -1 -1 -1 0 
29 2 661 332 41 50 -1 -1 -1 0 
29 9 56 344 109 59 -1 -1 -1 0 
30 1 613 332 33 41 -1 -1 -1 0 
30 2 661 332 41 50 -1 -1 -1 0 
30 9 14 344 108 61 -1 -1 -1 0 
31 1 613 332 33 41 -1 -1 -1 0 
31 2 661 332 42 50 -1 -1 -1 0 
31 9 1 338 63 71 -1 -1 -1 0 
32 1 613 332 33 41 -1 -1 -1 0 
32 2 661 333 41 50 -1 -1 -1 0 
32 9 0 338 29 73 -1 -1 -1 0 
33 1 614 332 32 41 -1 -1 -1 0 
33 2 660 333 42 50 -1 -1 -1 0 
34 1 614 332 33 40 -1 -1 -1 0 
34 2 660 333 42 50 -1 -1 -1 0 
35 1 613 332 35 40 -1 -1 -1 0 
35 2 660 333 42 50 -1 -1 -1 0 
36 1 614 332 33 40 -1 -1 -1 0 
36 2 660 333 42 50 -1 -1 -1 0 
37 1 614 332 34 41 -1 -1 -1 0 
37 2 660 333 42 50 -1 -1 -1 0 
38 1 614 332 34 42 -1 -1 -1 0 
38 2 659 335 43 49 -1 -1 -1 0 
39 1 614 334 35 40 -1 -1 -1 0 
39 2 659 337 43 48 -1 -1 -1 0 
40 1 614 334 35 41 -1 -1 -1 0 
40 2 660 337 41 48 -1 -1 -1 0 
