3 1 436 348 156 121 -1 -1 -1 0 
3 2 817 344 135 99 -1 -1 -1 0 
3 3 112 293 145 98 -1 -1 -1 0 
3 4 687 323 37 55 -1 -1 -1 0 
4 1 439 348 153 119 -1 -1 -1 0 
4 2 814 345 137 98 -1 -1 -1 0 
4 3 69 279 170 114 -1 -1 -1 0 
4 4 686 326 39 53 -1 -1 -1 0 
5 1 443 342 150 124 -1 -1 -1 0 
5 2 814 346 135 94 -1 -1 -1 0 
5 3 17 259 172 139 -1 -1 -1 0 
5 4 686 326 39 53 -1 -1 -1 0 
6 1 445 344 152 117 -1 -1 -1 0 
6 2 814 347 132 92 -1 -1 -1 0 
6 3 3 253 121 153 -1 -1 -1 0 
6 4 687 326 38 52 -1 -1 -1 0 
7 1 447 346 152 115 -1 -1 -1 0 
7 2 814 346 130 92 -1 -1 -1 0 
7 3 0 242 97 166 -1 -1 -1 0 
7 4 687 325 37 53 -1 -1 -1 0 
8 1 450 345 150 116 -1 -1 -1 0 
8 2 815 344 127 93 -1 -1 -1 0 
8 4 687 325 37 53 -1 -1 -1 0 
8 10 409 337 48 41 -1 -1 -1 0 
9 1 452 345 152 118 -1 -1 -1 0 
9 2 812 345 131 92 -1 -1 -1 0 
9 4 686 325 38 54 -1 -1 -1 0 
9 10 382 339 59 43 -1 -1 -1 0 
10 1 454 346 151 119 -1 -1 -1 0 
10 2 815 346 126 91 -1 -1 -1 0 
10 4 686 326 39 54 -1 -1 -1 0 
10 10 365 341 55 45 -1 -1 -1 0 
11 1 455 350 151 117 -1 -1 -1 0 
11 2 814 346 125 91 -1 -1 -1 0 
11 4 686 326 39 54 -1 -1 -1 0 
11 10 325 343 73 51 -1 -1 -1 0 
12 1 457 354 146 113 -1 -1 -1 0 
12 2 813 345 125 92 -1 -1 -1 0 
12 10 284 346 87 54 -1 -1 -1 0 
13 1 459 355 143 112 -1 -1 -1 0 
13 2 810 343 124 94 -1 -1 -1 0 
13 10 246 349 89 55 -1 -1 -1 0 
14 1 461 353 139 112 -1 -1 -1 0 
14 2 808 344 124 93 -1 -1 -1 0 
14 4 749 332 30 41 -1 -1 -1 0 
14 10 188 352 98 58 -1 -1 -1 0 
15 1 460 349 141 113 -1 -1 -1 0 
15 2 806 342 127 92 -1 -1 -1 0 
15 4 706 330 34 46 -1 -1 -1 0 
15 10 100 348 131 72 -1 -1 -1 0 
16 1 459 348 144 112 -1 -1 -1 0 
16 2 805 340 121 94 -1 -1 -1 0 
16 4 689 330 36 46 -1 -1 -1 0 
16 10 10 349 139 81 -1 -1 -1 0 
17 1 460 349 141 108 -1 -1 -1 0 
17 2 802 340 123 92 -1 -1 -1 0 
17 4 683 328 34 48 -1 -1 -1 0 
17 10 0 350 100 85 -1 -1 -1 0 
18 1 462 351 138 105 -1 -1 -1 0 
18 2 801 340 120 91 -1 -1 -1 0 
18 4 680 328 34 47 -1 -1 -1 0 
19 1 463 350 136 106 -1 -1 -1 0 
19 2 799 338 118 93 -1 -1 -1 0 
19 4 679 329 34 46 -1 -1 -1 0 
20 1 464 351 136 106 -1 -1 -1 0 
20 2 797 336 118 96 -1 -1 -1 0 
20 4 678 329 34 46 -1 -1 -1 0 
21 1 466 351 132 106 -1 -1 -1 0 
21 2 797 336 118 95 -1 -1 -1 0 
21 4 678 329 34 46 -1 -1 -1 0 
21 17 377 342 41 39 -1 -1 -1 0 
22 1 467 352 132 105 -1 -1 -1 0 
22 2 798 337 115 95 -1 -1 -1 0 
22 4 678 332 34 43 -1 -1 -1 0 
22 17 360 344 46 39 -1 -1 -1 0 
23 1 470 350 128 105 -1 -1 -1 0 
23 2 797 336 114 94 -1 -1 -1 0 
23 4 678 331 34 44 -1 -1 -1 0 
23 17 340 345 51 40 -1 -1 -1 0 
24 1 471 350 129 103 -1 -1 -1 0 
24 2 796 335 116 93 -1 -1 -1 0 
24 4 678 331 34 44 -1 -1 -1 0 
24 17 320 346 54 41 -1 -1 -1 0 
25 1 472 351 128 101 -1 -1 -1 0 
25 2 795 333 114 95 -1 -1 -1 0 
25 4 678 332 33 43 -1 -1 -1 0 
25 17 296 347 60 42 -1 -1 -1 0 
25 20 713 333 24 36 -1 -1 -1 0 
26 1 474 351 125 98 -1 -1 -1 0 
26 2 791 331 117 96 -1 -1 -1 0 
26 4 677 332 34 42 -1 -1 -1 0 
26 17 338 344 41 39 -1 -1 -1 0 
26 20 712 332 25 36 -1 -1 -1 0 
27 1 475 351 124 97 -1 -1 -1 0 
27 2 793 330 113 96 -1 -1 -1 0 
27 4 676 334 33 38 -1 -1 -1 0 
27 17 340 342 41 38 -1 -1 -1 0 
27 20 713 332 23 35 -1 -1 -1 0 
28 1 475 351 123 96 -1 -1 -1 0 
28 2 793 331 109 94 -1 -1 -1 0 
28 4 676 333 31 40 -1 -1 -1 0 
28 17 328 343 46 35 -1 -1 -1 0 
28 20 643 335 31 37 -1 -1 -1 0 
29 1 476 350 121 95 -1 -1 -1 0 
29 2 791 330 107 94 -1 -1 -1 0 
29 4 675 333 31 40 -1 -1 -1 0 
29 17 315 343 45 37 -1 -1 -1 0 
29 20 627 336 32 37 -1 -1 -1 0 
30 1 476 350 120 95 -1 -1 -1 0 
30 2 788 331 109 92 -1 -1 -1 0 
30 4 674 332 32 41 -1 -1 -1 0 
30 17 298 343 48 38 -1 -1 -1 0 
30 20 614 336 34 39 -1 -1 -1 0 
31 1 476 350 118 94 -1 -1 -1 0 
31 2 787 330 108 94 -1 -1 -1 0 
31 4 673 334 32 39 -1 -1 -1 0 
31 17 278 343 51 41 -1 -1 -1 0 
31 20 599 336 35 40 -1 -1 -1 0 
31 26 53 350 109 68 -1 -1 -1 0 
32 1 475 350 118 94 -1 -1 -1 0 
32 2 785 332 110 91 -1 -1 -1 0 
32 4 672 335 33 38 -1 -1 -1 0 
32 17 254 344 60 43 -1 -1 -1 0 
32 26 5 351 89 71 -1 -1 -1 0 
33 1 476 350 117 94 -1 -1 -1 0 
33 2 784 333 110 90 -1 -1 -1 0 
33 4 672 336 32 38 -1 -1 -1 0 
33 17 228 346 65 43 -1 -1 -1 0 
33 20 607 337 35 41 -1 -1 -1 0 
33 26 0 351 58 74 -1 -1 -1 0 
34 1 476 350 117 93 -1 -1 -1 0 
34 2 783 333 108 90 -1 -1 -1 0 
34 4 673 337 30 38 -1 -1 -1 0 
34 17 207 348 64 43 -1 -1 -1 0 
34 20 607 337 36 41 -1 -1 -1 0 
35 1 476 350 116 92 -1 -1 -1 0 
35 2 781 333 105 90 -1 -1 -1 0 
35 4 672 337 30 38 -1 -1 -1 0 
35 17 179 349 64 45 -1 -1 -1 0 
35 20 607 337 37 42 -1 -1 -1 0 
36 1 477 350 114 91 -1 -1 -1 0 
36 2 780 333 104 90 -1 -1 -1 0 
36 4 672 337 30 38 -1 -1 -1 0 
36 17 146 350 68 47 -1 -1 -1 0 
36 20 607 337 37 41 -1 -1 -1 0 
37 1 478 348 114 93 -1 -1 -1 0 
37 2 780 331 102 89 -1 -1 -1 0 
37 4 671 335 32 39 -1 -1 -1 0 
37 17 111 353 69 47 -1 -1 -1 0 
37 20 608 337 36 42 -1 -1 -1 0 
38 1 479 347 113 93 -1 -1 -1 0 
38 2 780 330 102 90 -1 -1 -1 0 
38 4 672 334 31 40 -1 -1 -1 0 
38 17 88 354 71 48 -1 -1 -1 0 
38 20 609 337 36 42 -1 -1 -1 0 
39 1 479 346 116 94 -1 -1 -1 0 
39 2 779 328 103 92 -1 -1 -1 0 
39 4 672 334 32 40 -1 -1 -1 0 
39 20 611 336 35 42 -1 -1 -1 0 
40 1 480 346 115 94 -1 -1 -1 0 
40 2 778 330 105 89 -1 -1 -1 0 
40 4 673 333 32 40 -1 -1 -1 0 
40 20 612 336 36 43 -1 -1 -1 0 
