3 1 531 342 86 76 -1 -1 -1 0 
3 2 745 334 67 69 -1 -1 -1 0 
3 3 619 336 35 44 -1 -1 -1 0 
3 4 134 372 339 277 -1 -1 -1 0 
3 5 470 341 44 39 -1 -1 -1 0 
3 6 960 347 179 93 -1 -1 -1 0 
4 1 533 342 84 76 -1 -1 -1 0 
4 2 746 334 65 69 -1 -1 -1 0 
4 3 620 334 33 46 -1 -1 -1 0 
4 4 134 373 345 275 -1 -1 -1 0 
4 5 463 340 46 41 -1 -1 -1 0 
4 6 956 347 186 91 -1 -1 -1 0 
5 1 534 342 82 76 -1 -1 -1 0 
5 2 746 333 64 69 -1 -1 -1 0 
5 3 619 333 35 46 -1 -1 -1 0 
5 4 164 370 311 269 -1 -1 -1 0 
5 5 647 334 24 40 -1 -1 -1 0 
5 6 955 346 184 92 -1 -1 -1 0 
6 1 535 342 81 74 -1 -1 -1 0 
6 2 744 332 66 68 -1 -1 -1 0 
6 3 620 334 34 44 -1 -1 -1 0 
6 4 164 367 320 267 -1 -1 -1 0 
6 5 690 332 24 41 -1 -1 -1 0 
6 6 952 345 186 92 -1 -1 -1 0 
7 1 535 341 82 74 -1 -1 -1 0 
7 2 745 333 64 66 -1 -1 -1 0 
7 3 620 334 34 43 -1 -1 -1 0 
7 4 164 366 322 266 -1 -1 -1 0 
7 6 955 344 182 92 -1 -1 -1 0 
8 1 536 340 80 74 -1 -1 -1 0 
8 2 743 333 67 65 -1 -1 -1 0 
8 3 621 334 32 43 -1 -1 -1 0 
8 4 167 365 318 268 -1 -1 -1 0 
8 6 950 342 186 94 -1 -1 -1 0 
9 1 537 340 79 74 -1 -1 -1 0 
9 2 743 333 67 65 -1 -1 -1 0 
9 3 622 333 31 44 -1 -1 -1 0 
9 4 172 358 312 276 -1 -1 -1 0 
9 6 949 342 185 94 -1 -1 -1 0 
9 10 466 338 28 32 -1 -1 -1 0 
10 1 536 340 80 74 -1 -1 -1 0 
10 2 744 333 64 67 -1 -1 -1 0 
10 3 622 333 32 44 -1 -1 -1 0 
10 4 170 356 321 273 -1 -1 -1 0 
10 6 949 342 184 94 -1 -1 -1 0 
10 10 455 338 33 34 -1 -1 -1 0 
11 1 536 341 80 75 -1 -1 -1 0 
11 2 743 333 65 68 -1 -1 -1 0 
11 3 622 332 31 46 -1 -1 -1 0 
11 4 162 357 337 269 -1 -1 -1 0 
11 6 949 342 182 94 -1 -1 -1 0 
11 10 450 338 32 34 -1 -1 -1 0 
12 1 536 342 80 75 -1 -1 -1 0 
12 2 743 333 65 68 -1 -1 -1 0 
12 3 621 331 34 47 -1 -1 -1 0 
12 4 164 359 332 265 -1 -1 -1 0 
12 6 947 343 185 93 -1 -1 -1 0 
12 10 516 338 24 35 -1 -1 -1 0 
13 1 535 343 83 74 -1 -1 -1 0 
13 2 743 333 64 68 -1 -1 -1 0 
13 3 621 332 33 46 -1 -1 -1 0 
13 4 164 362 333 259 -1 -1 -1 0 
13 6 946 345 186 91 -1 -1 -1 0 
13 10 526 338 24 35 -1 -1 -1 0 
14 1 537 343 79 75 -1 -1 -1 0 
14 2 743 333 64 68 -1 -1 -1 0 
14 3 621 332 33 47 -1 -1 -1 0 
14 4 44 364 443 273 -1 -1 -1 0 
14 6 950 345 180 91 -1 -1 -1 0 
14 10 428 342 53 36 -1 -1 -1 0 
15 1 537 345 80 72 -1 -1 -1 0 
15 2 743 333 64 68 -1 -1 -1 0 
15 3 621 333 33 46 -1 -1 -1 0 
15 4 12 365 455 273 -1 -1 -1 0 
15 5 504 348 27 26 -1 -1 -1 0 
15 6 950 345 179 91 -1 -1 -1 0 
15 10 423 342 55 38 -1 -1 -1 0 
16 1 538 345 78 72 -1 -1 -1 0 
16 2 743 333 65 68 -1 -1 -1 0 
16 3 621 333 33 46 -1 -1 -1 0 
16 4 0 361 504 269 -1 -1 -1 0 
16 5 469 349 26 25 -1 -1 -1 0 
16 6 951 345 176 91 -1 -1 -1 0 
16 10 478 344 23 33 -1 -1 -1 0 
17 1 538 345 80 71 -1 -1 -1 0 
17 2 742 332 67 68 -1 -1 -1 0 
17 3 621 333 33 45 -1 -1 -1 0 
17 4 0 359 511 265 -1 -1 -1 0 
17 5 468 349 26 25 -1 -1 -1 0 
17 6 951 346 174 90 -1 -1 -1 0 
17 10 480 345 24 32 -1 -1 -1 0 
18 1 539 345 78 71 -1 -1 -1 0 
18 2 741 332 68 68 -1 -1 -1 0 
18 3 622 333 31 45 -1 -1 -1 0 
18 4 1 353 507 273 -1 -1 -1 0 
18 6 950 346 174 88 -1 -1 -1 0 
18 15 706 335 22 33 -1 -1 -1 0 
19 1 541 345 75 70 -1 -1 -1 0 
19 2 742 331 66 69 -1 -1 -1 0 
19 3 622 333 31 45 -1 -1 -1 0 
19 4 1 348 511 279 -1 -1 -1 0 
19 6 951 346 170 88 -1 -1 -1 0 
19 15 705 335 22 33 -1 -1 -1 0 
20 1 540 344 76 72 -1 -1 -1 0 
20 2 741 330 67 70 -1 -1 -1 0 
20 3 623 332 30 45 -1 -1 -1 0 
20 4 175 354 301 253 -1 -1 -1 0 
20 6 949 347 173 86 -1 -1 -1 0 
20 15 706 335 21 33 -1 -1 -1 0 
21 1 540 342 77 74 -1 -1 -1 0 
21 2 740 330 68 70 -1 -1 -1 0 
21 3 623 332 31 45 -1 -1 -1 0 
21 4 197 355 300 245 -1 -1 -1 0 
21 6 951 346 170 86 -1 -1 -1 0 
21 15 706 335 22 33 -1 -1 -1 0 
22 1 539 342 79 76 -1 -1 -1 0 
22 2 741 329 67 71 -1 -1 -1 0 
22 3 622 332 32 44 -1 -1 -1 0 
22 4 204 346 299 252 -1 -1 -1 0 
22 6 948 346 172 85 -1 -1 -1 0 
22 10 478 348 32 26 -1 -1 -1 0 
22 15 706 334 22 34 -1 -1 -1 0 
23 1 539 342 80 76 -1 -1 -1 0 
23 2 742 328 66 73 -1 -1 -1 0 
23 3 623 333 31 43 -1 -1 -1 0 
23 4 201 343 310 251 -1 -1 -1 0 
23 6 949 346 165 82 -1 -1 -1 0 
23 10 479 348 33 26 -1 -1 -1 0 
23 15 707 334 22 34 -1 -1 -1 0 
24 1 540 341 79 75 -1 -1 -1 0 
24 2 742 327 66 74 -1 -1 -1 0 
24 3 624 333 30 43 -1 -1 -1 0 
24 4 211 341 307 250 -1 -1 -1 0 
24 6 949 345 167 84 -1 -1 -1 0 
25 1 541 341 78 75 -1 -1 -1 0 
25 2 743 328 65 73 -1 -1 -1 0 
25 3 623 333 31 43 -1 -1 -1 0 
25 6 956 345 157 85 -1 -1 -1 0 
25 17 12 350 494 270 -1 -1 -1 0 
26 1 541 341 78 75 -1 -1 -1 0 
26 2 744 329 64 71 -1 -1 -1 0 
26 3 624 333 30 43 -1 -1 -1 0 
26 6 957 345 157 86 -1 -1 -1 0 
26 17 14 349 496 271 -1 -1 -1 0 
27 1 541 342 79 73 -1 -1 -1 0 
27 2 744 330 64 69 -1 -1 -1 0 
27 3 625 333 29 43 -1 -1 -1 0 
27 4 262 343 245 240 -1 -1 -1 0 
27 6 951 345 167 85 -1 -1 -1 0 
27 15 706 336 23 32 -1 -1 -1 0 
27 17 24 356 471 259 -1 -1 -1 0 
28 1 542 342 77 73 -1 -1 -1 0 
28 2 744 330 64 69 -1 -1 -1 0 
28 3 624 333 31 43 -1 -1 -1 0 
28 4 273 341 239 239 -1 -1 -1 0 
28 6 950 344 164 84 -1 -1 -1 0 
28 15 707 336 22 32 -1 -1 -1 0 
28 17 46 355 457 258 -1 -1 -1 0 
29 1 543 342 76 74 -1 -1 -1 0 
29 2 743 330 65 70 -1 -1 -1 0 
29 3 624 333 30 43 -1 -1 -1 0 
29 6 949 345 158 81 -1 -1 -1 0 
29 15 706 337 23 32 -1 -1 -1 0 
29 17 57 349 450 262 -1 -1 -1 0 
30 1 542 343 77 74 -1 -1 -1 0 
30 2 743 331 64 69 -1 -1 -1 0 
30 3 625 333 29 44 -1 -1 -1 0 
30 4 251 350 272 229 -1 -1 -1 0 
30 6 956 343 121 83 -1 -1 -1 0 
30 10 499 347 29 29 -1 -1 -1 0 
30 15 706 337 23 32 -1 -1 -1 0 
30 17 51 357 467 251 -1 -1 -1 0 
31 1 542 341 78 76 -1 -1 -1 0 
31 2 742 331 65 68 -1 -1 -1 0 
31 3 624 334 31 43 -1 -1 -1 0 
31 4 258 350 270 227 -1 -1 -1 0 
31 6 945 341 162 86 -1 -1 -1 0 
31 10 501 347 29 30 -1 -1 -1 0 
31 17 68 356 442 251 -1 -1 -1 0 
32 1 542 342 78 76 -1 -1 -1 0 
32 2 744 332 62 66 -1 -1 -1 0 
32 3 624 334 31 43 -1 -1 -1 0 
32 6 947 340 166 88 -1 -1 -1 0 
32 17 110 352 408 243 -1 -1 -1 0 
33 1 543 342 76 76 -1 -1 -1 0 
33 2 745 332 60 66 -1 -1 -1 0 
33 3 624 334 30 43 -1 -1 -1 0 
33 6 948 340 164 87 -1 -1 -1 0 
33 17 120 352 402 240 -1 -1 -1 0 
34 1 543 342 77 76 -1 -1 -1 0 
34 2 745 332 60 65 -1 -1 -1 0 
34 3 624 334 31 43 -1 -1 -1 0 
34 6 948 340 169 88 -1 -1 -1 0 
35 1 543 341 78 75 -1 -1 -1 0 
35 2 745 332 60 65 -1 -1 -1 0 
35 3 624 334 30 42 -1 -1 -1 0 
35 6 949 340 169 88 -1 -1 -1 0 
35 10 688 337 22 32 -1 -1 -1 0 
35 17 124 350 403 231 -1 -1 -1 0 
36 1 543 341 78 74 -1 -1 -1 0 
36 2 745 330 60 66 -1 -1 -1 0 
36 3 624 334 30 42 -1 -1 -1 0 
36 4 302 354 218 215 -1 -1 -1 0 
36 6 955 341 163 86 -1 -1 -1 0 
36 10 706 336 21 33 -1 -1 -1 0 
36 17 112 356 424 221 -1 -1 -1 0 
37 1 545 339 74 76 -1 -1 -1 0 
37 2 743 329 62 67 -1 -1 -1 0 
37 3 624 333 30 43 -1 -1 -1 0 
37 4 309 354 213 213 -1 -1 -1 0 
37 6 959 342 158 85 -1 -1 -1 0 
37 17 131 358 401 216 -1 -1 -1 0 
38 1 544 339 76 76 -1 -1 -1 0 
38 2 744 329 60 67 -1 -1 -1 0 
38 3 625 332 29 43 -1 -1 -1 0 
38 6 961 343 155 83 -1 -1 -1 0 
38 17 130 359 399 213 -1 -1 -1 0 
39 1 543 339 77 76 -1 -1 -1 0 
39 2 743 328 61 69 -1 -1 -1 0 
39 3 625 332 29 43 -1 -1 -1 0 
39 6 959 343 159 83 -1 -1 -1 0 
39 17 137 364 393 209 -1 -1 -1 0 
40 1 543 339 76 76 -1 -1 -1 0 
40 2 742 328 63 68 -1 -1 -1 0 
40 3 625 333 30 42 -1 -1 -1 0 
40 4 330 362 195 190 -1 -1 -1 0 
40 5 95 335 58 36 -1 -1 -1 0 
40 6 961 342 155 83 -1 -1 -1 0 
40 17 129 365 396 208 -1 -1 -1 0 
