3 1 582 324 59 70 -1 -1 -1 0 
3 2 676 332 52 54 -1 -1 -1 0 
4 1 582 324 60 69 -1 -1 -1 0 
4 2 682 332 47 54 -1 -1 -1 0 
5 1 583 324 59 68 -1 -1 -1 0 
5 2 683 332 47 54 -1 -1 -1 0 
6 1 584 324 59 68 -1 -1 -1 0 
6 2 684 333 46 53 -1 -1 -1 0 
7 1 585 324 58 68 -1 -1 -1 0 
7 2 683 333 48 53 -1 -1 -1 0 
8 1 587 325 56 68 -1 -1 -1 0 
8 2 683 334 48 53 -1 -1 -1 0 
9 1 587 325 57 68 -1 -1 -1 0 
9 2 681 335 49 53 -1 -1 -1 0 
10 1 587 326 58 67 -1 -1 -1 0 
10 2 682 335 48 53 -1 -1 -1 0 
11 1 588 325 57 68 -1 -1 -1 0 
11 2 683 335 47 52 -1 -1 -1 0 
12 1 589 325 56 68 -1 -1 -1 0 
12 2 683 335 46 53 -1 -1 -1 0 
13 1 588 325 58 68 -1 -1 -1 0 
13 2 683 335 47 53 -1 -1 -1 0 
13 9 839 324 35 40 -1 -1 -1 0 
14 1 589 325 58 67 -1 -1 -1 0 
14 2 682 335 48 53 -1 -1 -1 0 
14 9 841 322 39 42 -1 -1 -1 0 
15 1 590 325 57 67 -1 -1 -1 0 
15 2 683 334 47 54 -1 -1 -1 0 
15 9 846 322 41 45 -1 -1 -1 0 
15 11 812 325 48 40 -1 -1 -1 0 
16 1 590 325 58 67 -1 -1 -1 0 
16 2 682 334 49 53 -1 -1 -1 0 
16 9 851 321 41 46 -1 -1 -1 0 
16 11 819 323 44 42 -1 -1 -1 0 
17 1 591 325 57 67 -1 -1 -1 0 
17 2 683 334 48 53 -1 -1 -1 0 
17 9 855 323 42 44 -1 -1 -1 0 
17 11 823 325 42 41 -1 -1 -1 0 
18 1 591 325 58 68 -1 -1 -1 0 
18 2 683 335 49 53 -1 -1 -1 0 
18 9 862 324 41 42 -1 -1 -1 0 
18 11 831 325 46 41 -1 -1 -1 0 
19 1 593 325 56 68 -1 -1 -1 0 
19 2 683 335 49 53 -1 -1 -1 0 
19 9 871 324 37 43 -1 -1 -1 0 
19 11 836 325 46 43 -1 -1 -1 0 
20 1 593 325 56 68 -1 -1 -1 0 
20 2 683 335 49 53 -1 -1 -1 0 
20 9 874 324 45 44 -1 -1 -1 0 
20 11 839 325 45 43 -1 -1 -1 0 
21 1 593 326 56 68 -1 -1 -1 0 
21 2 684 335 49 53 -1 -1 -1 0 
21 9 886 325 41 43 -1 -1 -1 0 
21 11 844 325 54 45 -1 -1 -1 0 
22 1 594 326 55 68 -1 -1 -1 0 
22 2 684 335 49 53 -1 -1 -1 0 
22 9 890 324 45 44 -1 -1 -1 0 
22 11 851 325 50 46 -1 -1 -1 0 
23 1 594 326 55 67 -1 -1 -1 0 
23 2 685 335 48 54 -1 -1 -1 0 
23 9 898 324 49 45 -1 -1 -1 0 
23 11 855 325 53 46 -1 -1 -1 0 
24 1 595 325 53 68 -1 -1 -1 0 
24 2 684 335 50 54 -1 -1 -1 0 
24 9 916 325 37 45 -1 -1 -1 0 
24 11 871 325 56 46 -1 -1 -1 0 
25 1 595 326 54 67 -1 -1 -1 0 
25 2 685 335 48 54 -1 -1 -1 0 
25 9 905 325 49 48 -1 -1 -1 0 
25 11 875 326 37 46 -1 -1 -1 0 
26 1 597 326 51 66 -1 -1 -1 0 
26 2 685 335 48 53 -1 -1 -1 0 
26 9 922 325 51 46 -1 -1 -1 0 
26 11 890 326 60 46 -1 -1 -1 0 
27 1 596 326 53 66 -1 -1 -1 0 
27 2 685 335 48 53 -1 -1 -1 0 
27 9 948 326 38 46 -1 -1 -1 0 
27 11 892 325 40 49 -1 -1 -1 0 
28 1 596 326 53 66 -1 -1 -1 0 
28 2 684 335 49 53 -1 -1 -1 0 
28 9 957 326 38 46 -1 -1 -1 0 
28 11 894 324 83 53 -1 -1 -1 0 
29 1 596 326 53 66 -1 -1 -1 0 
29 2 684 334 49 54 -1 -1 -1 0 
29 11 918 324 76 55 -1 -1 -1 0 
30 1 595 326 54 66 -1 -1 -1 0 
30 2 683 334 49 54 -1 -1 -1 0 
30 9 996 328 35 46 -1 -1 -1 0 
30 11 927 324 85 58 -1 -1 -1 0 
31 1 594 326 55 66 -1 -1 -1 0 
31 2 683 334 48 54 -1 -1 -1 0 
31 9 1007 329 35 46 -1 -1 -1 0 
31 11 940 324 89 60 -1 -1 -1 0 
32 1 593 326 55 66 -1 -1 -1 0 
32 2 681 335 49 53 -1 -1 -1 0 
32 11 946 323 102 64 -1 -1 -1 0 
33 1 592 326 56 66 -1 -1 -1 0 
33 2 680 335 50 54 -1 -1 -1 0 
33 11 953 323 113 67 -1 -1 -1 0 
33 16 196 325 71 51 -1 -1 -1 0 
33 17 916 326 44 46 -1 -1 -1 0 
34 1 592 326 55 66 -1 -1 -1 0 
34 2 679 335 50 54 -1 -1 -1 0 
34 11 964 323 127 70 -1 -1 -1 0 
34 16 162 325 87 52 -1 -1 -1 0 
34 17 923 326 51 46 -1 -1 -1 0 
35 1 592 326 54 66 -1 -1 -1 0 
35 2 678 335 51 54 -1 -1 -1 0 
35 11 977 321 142 76 -1 -1 -1 0 
35 16 144 325 75 54 -1 -1 -1 0 
35 17 933 324 51 50 -1 -1 -1 0 
36 1 592 327 53 65 -1 -1 -1 0 
36 2 677 335 51 53 -1 -1 -1 0 
36 11 987 318 175 83 -1 -1 -1 0 
36 16 106 324 80 58 -1 -1 -1 0 
36 17 943 324 52 50 -1 -1 -1 0 
37 1 591 327 54 64 -1 -1 -1 0 
37 2 676 334 51 54 -1 -1 -1 0 
37 11 1011 315 183 89 -1 -1 -1 0 
37 16 83 324 56 62 -1 -1 -1 0 
37 17 955 326 55 49 -1 -1 -1 0 
38 1 591 327 53 64 -1 -1 -1 0 
38 2 675 333 51 55 -1 -1 -1 0 
38 11 1031 315 217 96 -1 -1 -1 0 
38 16 28 322 66 69 -1 -1 -1 0 
38 17 964 326 56 50 -1 -1 -1 0 
39 1 590 326 55 65 -1 -1 -1 0 
39 2 674 333 52 55 -1 -1 -1 0 
39 11 1063 314 209 101 -1 -1 -1 0 
39 16 0 321 60 72 -1 -1 -1 0 
39 17 978 326 65 51 -1 -1 -1 0 
40 1 590 326 54 64 -1 -1 -1 0 
40 2 674 334 52 53 -1 -1 -1 0 
40 11 1100 314 179 102 -1 -1 -1 0 
40 17 994 324 68 54 -1 -1 -1 0 
