3 1 898 344 362 164 -1 -1 -1 0 
3 2 670 323 54 62 -1 -1 -1 0 
3 4 584 328 35 41 -1 -1 -1 0 
4 1 900 345 332 152 -1 -1 -1 0 
4 2 671 322 53 64 -1 -1 -1 0 
4 4 583 329 35 40 -1 -1 -1 0 
5 1 896 343 308 149 -1 -1 -1 0 
5 2 670 322 54 64 -1 -1 -1 0 
5 4 583 329 35 40 -1 -1 -1 0 
6 1 888 344 299 144 -1 -1 -1 0 
6 2 670 322 55 65 -1 -1 -1 0 
6 4 583 329 35 40 -1 -1 -1 0 
7 1 887 345 276 139 -1 -1 -1 0 
7 2 670 322 55 65 -1 -1 -1 0 
7 4 583 329 35 40 -1 -1 -1 0 
8 1 876 346 277 133 -1 -1 -1 0 
8 2 671 322 53 65 -1 -1 -1 0 
8 4 583 328 35 41 -1 -1 -1 0 
8 5 642 333 27 35 -1 -1 -1 0 
9 1 875 347 251 126 -1 -1 -1 0 
9 2 670 321 55 66 -1 -1 -1 0 
9 4 584 328 35 41 -1 -1 -1 0 
9 5 643 332 26 36 -1 -1 -1 0 
10 1 871 345 236 121 -1 -1 -1 0 
10 2 670 320 54 68 -1 -1 -1 0 
10 4 584 328 35 41 -1 -1 -1 0 
10 5 643 330 28 38 -1 -1 -1 0 
11 1 869 341 219 123 -1 -1 -1 0 
11 2 670 321 55 67 -1 -1 -1 0 
11 4 586 328 33 41 -1 -1 -1 0 
11 5 643 331 28 38 -1 -1 -1 0 
12 1 859 345 218 111 -1 -1 -1 0 
12 2 670 322 55 65 -1 -1 -1 0 
12 4 588 328 31 41 -1 -1 -1 0 
12 5 644 331 27 38 -1 -1 -1 0 
13 1 856 345 211 108 -1 -1 -1 0 
13 2 672 324 52 64 -1 -1 -1 0 
13 4 569 330 29 39 -1 -1 -1 0 
13 5 645 331 27 38 -1 -1 -1 0 
14 1 853 346 202 104 -1 -1 -1 0 
14 2 671 324 54 64 -1 -1 -1 0 
14 4 561 331 30 38 -1 -1 -1 0 
14 5 645 331 27 38 -1 -1 -1 0 
15 1 852 347 186 100 -1 -1 -1 0 
15 2 672 324 52 64 -1 -1 -1 0 
15 4 559 333 29 36 -1 -1 -1 0 
15 5 644 331 29 39 -1 -1 -1 0 
15 6 591 329 30 41 -1 -1 -1 0 
16 1 847 348 183 96 -1 -1 -1 0 
16 2 672 324 51 63 -1 -1 -1 0 
16 4 558 334 30 36 -1 -1 -1 0 
16 5 645 332 28 38 -1 -1 -1 0 
16 6 590 329 31 40 -1 -1 -1 0 
17 1 844 346 178 95 -1 -1 -1 0 
17 2 672 324 51 63 -1 -1 -1 0 
17 4 559 335 29 34 -1 -1 -1 0 
17 5 645 332 28 38 -1 -1 -1 0 
17 6 591 329 31 40 -1 -1 -1 0 
18 1 839 344 174 96 -1 -1 -1 0 
18 2 672 324 52 63 -1 -1 -1 0 
18 4 559 335 30 34 -1 -1 -1 0 
18 5 646 331 28 39 -1 -1 -1 0 
18 6 591 328 32 41 -1 -1 -1 0 
19 1 834 344 170 94 -1 -1 -1 0 
19 2 672 324 51 63 -1 -1 -1 0 
19 4 561 335 29 34 -1 -1 -1 0 
19 5 646 331 28 39 -1 -1 -1 0 
19 6 591 327 32 42 -1 -1 -1 0 
20 1 833 346 162 90 -1 -1 -1 0 
20 2 672 324 52 62 -1 -1 -1 0 
20 4 562 334 30 36 -1 -1 -1 0 
20 5 645 330 29 41 -1 -1 -1 0 
20 6 590 326 34 44 -1 -1 -1 0 
21 1 831 343 155 92 -1 -1 -1 0 
21 2 673 322 51 64 -1 -1 -1 0 
21 4 564 332 29 38 -1 -1 -1 0 
21 5 645 330 30 41 -1 -1 -1 0 
21 6 589 326 35 44 -1 -1 -1 0 
22 1 826 341 154 93 -1 -1 -1 0 
22 2 673 324 51 62 -1 -1 -1 0 
22 4 564 333 28 37 -1 -1 -1 0 
22 5 645 329 30 43 -1 -1 -1 0 
22 6 590 326 33 44 -1 -1 -1 0 
23 1 827 341 143 91 -1 -1 -1 0 
23 2 674 324 49 61 -1 -1 -1 0 
23 5 644 329 32 43 -1 -1 -1 0 
23 6 588 326 36 44 -1 -1 -1 0 
24 1 824 335 136 97 -1 -1 -1 0 
24 2 672 324 53 61 -1 -1 -1 0 
24 5 645 329 33 42 -1 -1 -1 0 
24 6 583 326 41 45 -1 -1 -1 0 
25 1 818 335 138 96 -1 -1 -1 0 
25 2 673 323 51 61 -1 -1 -1 0 
25 4 578 325 42 45 -1 -1 -1 0 
25 5 645 325 32 46 -1 -1 -1 0 
25 6 573 328 37 42 -1 -1 -1 0 
26 1 809 336 143 92 -1 -1 -1 0 
26 2 672 322 52 62 -1 -1 -1 0 
26 4 576 324 47 47 -1 -1 -1 0 
26 5 645 323 33 48 -1 -1 -1 0 
26 6 572 328 36 42 -1 -1 -1 0 
27 1 811 336 128 90 -1 -1 -1 0 
27 2 672 322 52 61 -1 -1 -1 0 
27 4 574 323 50 48 -1 -1 -1 0 
27 5 645 324 34 47 -1 -1 -1 0 
28 1 809 334 124 89 -1 -1 -1 0 
28 2 672 322 52 61 -1 -1 -1 0 
28 4 577 323 48 49 -1 -1 -1 0 
28 5 646 326 32 44 -1 -1 -1 0 
29 1 807 335 123 88 -1 -1 -1 0 
29 2 673 323 51 61 -1 -1 -1 0 
29 4 579 323 47 49 -1 -1 -1 0 
29 5 647 326 31 44 -1 -1 -1 0 
30 1 806 334 119 87 -1 -1 -1 0 
30 2 673 323 50 61 -1 -1 -1 0 
30 4 577 323 50 50 -1 -1 -1 0 
30 5 646 327 32 43 -1 -1 -1 0 
31 1 805 335 118 86 -1 -1 -1 0 
31 2 672 324 51 61 -1 -1 -1 0 
31 4 575 324 51 49 -1 -1 -1 0 
31 5 647 329 30 43 -1 -1 -1 0 
32 1 801 334 119 86 -1 -1 -1 0 
32 2 672 324 51 61 -1 -1 -1 0 
32 4 578 326 49 47 -1 -1 -1 0 
32 5 647 329 31 43 -1 -1 -1 0 
33 1 802 333 111 89 -1 -1 -1 0 
33 2 673 324 50 61 -1 -1 -1 0 
33 4 579 325 48 49 -1 -1 -1 0 
33 5 648 328 31 44 -1 -1 -1 0 
34 1 798 334 113 87 -1 -1 -1 0 
34 2 673 323 51 62 -1 -1 -1 0 
34 4 579 325 49 48 -1 -1 -1 0 
34 5 648 328 31 44 -1 -1 -1 0 
35 1 795 335 113 85 -1 -1 -1 0 
35 2 673 323 51 62 -1 -1 -1 0 
35 4 581 324 47 49 -1 -1 -1 0 
36 1 793 336 111 83 -1 -1 -1 0 
36 2 673 323 52 61 -1 -1 -1 0 
36 4 582 324 46 49 -1 -1 -1 0 
36 5 648 328 31 42 -1 -1 -1 0 
37 1 791 338 110 78 -1 -1 -1 0 
37 2 673 323 52 61 -1 -1 -1 0 
37 4 583 324 45 48 -1 -1 -1 0 
37 5 649 328 30 42 -1 -1 -1 0 
38 1 791 340 105 74 -1 -1 -1 0 
38 2 674 323 51 61 -1 -1 -1 0 
38 4 583 324 45 46 -1 -1 -1 0 
39 1 792 341 100 71 -1 -1 -1 0 
39 2 674 324 52 60 -1 -1 -1 0 
39 4 583 323 45 47 -1 -1 -1 0 
40 1 792 342 96 69 -1 -1 -1 0 
40 2 674 325 53 59 -1 -1 -1 0 
40 4 583 322 45 48 -1 -1 -1 0 
