3 1 205 351 296 185 -1 -1 -1 0 
3 2 548 337 41 43 -1 -1 -1 0 
3 3 655 306 67 85 -1 -1 -1 0 
3 4 733 328 45 49 -1 -1 -1 0 
3 5 455 347 48 53 -1 -1 -1 0 
3 6 591 331 49 47 -1 -1 -1 0 
4 1 216 347 291 183 -1 -1 -1 0 
4 2 549 337 39 43 -1 -1 -1 0 
4 3 655 308 69 84 -1 -1 -1 0 
4 4 732 328 46 49 -1 -1 -1 0 
4 5 456 347 48 51 -1 -1 -1 0 
4 6 591 331 48 46 -1 -1 -1 0 
5 1 223 351 287 175 -1 -1 -1 0 
5 2 550 336 38 43 -1 -1 -1 0 
5 3 656 305 67 85 -1 -1 -1 0 
5 4 732 326 45 48 -1 -1 -1 0 
5 5 454 347 50 50 -1 -1 -1 0 
6 1 233 347 276 174 -1 -1 -1 0 
6 2 552 335 35 42 -1 -1 -1 0 
6 3 657 303 66 87 -1 -1 -1 0 
6 4 733 325 42 49 -1 -1 -1 0 
6 5 455 345 50 50 -1 -1 -1 0 
7 1 242 349 268 168 -1 -1 -1 0 
7 2 553 333 35 43 -1 -1 -1 0 
7 3 657 302 68 86 -1 -1 -1 0 
7 4 732 324 43 49 -1 -1 -1 0 
7 5 458 347 48 47 -1 -1 -1 0 
8 1 249 350 260 165 -1 -1 -1 0 
8 2 550 332 45 42 -1 -1 -1 0 
8 3 657 303 68 85 -1 -1 -1 0 
8 4 731 322 45 50 -1 -1 -1 0 
8 5 465 349 43 44 -1 -1 -1 0 
9 1 259 352 256 159 -1 -1 -1 0 
9 2 553 332 42 42 -1 -1 -1 0 
9 3 657 302 68 85 -1 -1 -1 0 
9 4 731 322 44 49 -1 -1 -1 0 
9 5 468 349 41 43 -1 -1 -1 0 
10 1 268 350 249 157 -1 -1 -1 0 
10 2 553 332 43 42 -1 -1 -1 0 
10 3 657 302 68 83 -1 -1 -1 0 
10 4 731 322 45 49 -1 -1 -1 0 
11 1 277 342 239 164 -1 -1 -1 0 
11 2 554 331 42 43 -1 -1 -1 0 
11 3 657 301 68 84 -1 -1 -1 0 
11 4 732 324 44 47 -1 -1 -1 0 
12 1 281 340 240 164 -1 -1 -1 0 
12 4 732 324 43 47 -1 -1 -1 0 
13 1 286 343 238 161 -1 -1 -1 0 
13 4 728 323 48 48 -1 -1 -1 0 
14 1 291 346 234 153 -1 -1 -1 0 
14 4 729 326 43 45 -1 -1 -1 0 
15 1 302 350 221 145 -1 -1 -1 0 
15 4 729 326 43 45 -1 -1 -1 0 
16 1 310 352 216 140 -1 -1 -1 0 
17 1 315 353 211 138 -1 -1 -1 0 
18 1 321 354 208 135 -1 -1 -1 0 
19 1 326 354 204 134 -1 -1 -1 0 
20 1 333 353 194 133 -1 -1 -1 0 
21 1 339 353 190 131 -1 -1 -1 0 
22 1 344 353 187 127 -1 -1 -1 0 
23 1 350 354 183 123 -1 -1 -1 0 
24 1 357 354 176 122 -1 -1 -1 0 
25 1 362 354 174 119 -1 -1 -1 0 
26 1 367 353 171 120 -1 -1 -1 0 
27 1 373 353 167 120 -1 -1 -1 0 
28 1 377 353 165 119 -1 -1 -1 0 
29 1 379 353 166 117 -1 -1 -1 0 
30 1 383 353 163 115 -1 -1 -1 0 
31 1 387 352 161 114 -1 -1 -1 0 
32 1 393 352 154 114 -1 -1 -1 0 
33 1 398 350 151 113 -1 -1 -1 0 
34 1 401 350 151 110 -1 -1 -1 0 
35 1 406 350 147 108 -1 -1 -1 0 
36 1 410 350 144 106 -1 -1 -1 0 
37 1 412 350 144 104 -1 -1 -1 0 
38 1 417 350 141 101 -1 -1 -1 0 
39 1 419 349 139 100 -1 -1 -1 0 
40 1 425 349 124 100 -1 -1 -1 0 
