3 1 5 287 450 339 -1 -1 -1 0 
3 2 672 333 37 39 -1 -1 -1 0 
3 3 595 335 26 33 -1 -1 -1 0 
4 1 18 289 453 325 -1 -1 -1 0 
4 2 673 333 36 39 -1 -1 -1 0 
4 3 595 334 27 34 -1 -1 -1 0 
5 1 24 291 449 321 -1 -1 -1 0 
5 2 673 333 36 39 -1 -1 -1 0 
5 3 596 334 26 33 -1 -1 -1 0 
6 2 673 333 36 38 -1 -1 -1 0 
6 3 595 334 28 32 -1 -1 -1 0 
7 1 19 289 472 332 -1 -1 -1 0 
7 2 673 333 35 38 -1 -1 -1 0 
7 3 598 333 26 33 -1 -1 -1 0 
8 1 66 290 427 325 -1 -1 -1 0 
8 2 673 333 36 39 -1 -1 -1 0 
8 3 599 333 25 33 -1 -1 -1 0 
9 1 106 293 396 302 -1 -1 -1 0 
9 2 673 333 35 39 -1 -1 -1 0 
9 3 600 333 25 33 -1 -1 -1 0 
10 1 66 296 475 290 -1 -1 -1 0 
10 2 672 333 36 39 -1 -1 -1 0 
10 3 600 333 25 33 -1 -1 -1 0 
11 1 197 297 302 262 -1 -1 -1 0 
11 2 672 333 35 39 -1 -1 -1 0 
11 3 601 334 24 31 -1 -1 -1 0 
12 1 124 302 422 250 -1 -1 -1 0 
12 2 672 333 36 38 -1 -1 -1 0 
12 3 602 335 23 30 -1 -1 -1 0 
13 1 142 302 395 245 -1 -1 -1 0 
13 2 672 332 36 40 -1 -1 -1 0 
13 3 602 335 22 30 -1 -1 -1 0 
14 1 160 304 387 231 -1 -1 -1 0 
14 2 672 332 36 40 -1 -1 -1 0 
14 3 602 335 22 30 -1 -1 -1 0 
15 1 220 307 319 209 -1 -1 -1 0 
15 2 671 331 37 41 -1 -1 -1 0 
15 3 603 335 22 30 -1 -1 -1 0 
16 1 245 307 302 198 -1 -1 -1 0 
16 2 671 331 36 41 -1 -1 -1 0 
16 3 603 335 22 30 -1 -1 -1 0 
17 1 264 306 286 193 -1 -1 -1 0 
17 2 671 331 36 41 -1 -1 -1 0 
17 3 602 334 23 32 -1 -1 -1 0 
18 1 276 306 279 186 -1 -1 -1 0 
18 2 670 331 36 41 -1 -1 -1 0 
18 3 602 334 23 32 -1 -1 -1 0 
18 6 183 335 49 41 -1 -1 -1 0 
19 1 292 308 267 173 -1 -1 -1 0 
19 2 670 330 36 41 -1 -1 -1 0 
19 3 602 333 24 33 -1 -1 -1 0 
19 6 178 336 48 40 -1 -1 -1 0 
20 1 314 309 245 167 -1 -1 -1 0 
20 2 669 330 36 41 -1 -1 -1 0 
20 3 602 333 24 33 -1 -1 -1 0 
20 6 164 335 56 41 -1 -1 -1 0 
21 1 328 309 232 161 -1 -1 -1 0 
21 2 669 330 36 41 -1 -1 -1 0 
21 3 602 333 24 33 -1 -1 -1 0 
21 6 162 336 46 40 -1 -1 -1 0 
22 1 340 310 221 155 -1 -1 -1 0 
22 2 669 328 34 43 -1 -1 -1 0 
22 3 602 332 24 35 -1 -1 -1 0 
22 6 158 337 48 45 -1 -1 -1 0 
23 1 350 310 215 151 -1 -1 -1 0 
23 2 668 329 36 42 -1 -1 -1 0 
23 3 602 332 24 35 -1 -1 -1 0 
23 6 140 337 54 50 -1 -1 -1 0 
24 1 365 313 201 143 -1 -1 -1 0 
24 2 668 329 35 42 -1 -1 -1 0 
24 3 602 332 24 35 -1 -1 -1 0 
24 6 109 341 49 48 -1 -1 -1 0 
25 1 377 314 188 137 -1 -1 -1 0 
25 2 667 329 36 43 -1 -1 -1 0 
25 6 97 343 45 46 -1 -1 -1 0 
26 1 385 313 183 135 -1 -1 -1 0 
26 2 666 328 37 44 -1 -1 -1 0 
26 6 95 339 68 49 -1 -1 -1 0 
27 1 395 314 175 131 -1 -1 -1 0 
27 2 666 328 36 44 -1 -1 -1 0 
27 3 600 331 26 36 -1 -1 -1 0 
27 6 97 337 69 47 -1 -1 -1 0 
28 1 403 317 170 125 -1 -1 -1 0 
28 2 666 329 36 43 -1 -1 -1 0 
28 3 600 330 26 37 -1 -1 -1 0 
28 6 91 337 64 47 -1 -1 -1 0 
29 1 411 317 163 123 -1 -1 -1 0 
29 2 666 329 36 44 -1 -1 -1 0 
29 3 600 330 26 36 -1 -1 -1 0 
29 6 82 337 59 46 -1 -1 -1 0 
30 1 420 316 154 125 -1 -1 -1 0 
30 2 665 329 36 44 -1 -1 -1 0 
30 3 601 331 24 35 -1 -1 -1 0 
30 6 71 339 58 52 -1 -1 -1 0 
31 1 426 317 151 122 -1 -1 -1 0 
31 2 664 328 37 45 -1 -1 -1 0 
31 3 601 333 25 33 -1 -1 -1 0 
31 6 58 341 39 50 -1 -1 -1 0 
32 1 434 319 144 119 -1 -1 -1 0 
32 2 664 329 36 44 -1 -1 -1 0 
32 3 602 333 23 34 -1 -1 -1 0 
32 6 43 343 40 46 -1 -1 -1 0 
33 1 437 319 143 117 -1 -1 -1 0 
33 2 664 329 35 44 -1 -1 -1 0 
33 3 601 333 25 34 -1 -1 -1 0 
33 6 32 344 39 46 -1 -1 -1 0 
34 1 440 321 142 111 -1 -1 -1 0 
34 2 664 330 35 43 -1 -1 -1 0 
34 3 602 333 24 35 -1 -1 -1 0 
35 1 446 324 136 103 -1 -1 -1 0 
35 2 664 331 35 42 -1 -1 -1 0 
36 1 453 324 127 101 -1 -1 -1 0 
36 2 664 331 34 42 -1 -1 -1 0 
36 3 601 333 25 35 -1 -1 -1 0 
37 1 457 323 122 100 -1 -1 -1 0 
37 2 663 331 35 42 -1 -1 -1 0 
37 3 601 333 25 35 -1 -1 -1 0 
37 6 0 342 43 52 -1 -1 -1 0 
38 1 459 324 120 96 -1 -1 -1 0 
38 2 663 331 35 42 -1 -1 -1 0 
38 3 601 333 24 34 -1 -1 -1 0 
38 6 0 340 34 54 -1 -1 -1 0 
39 1 463 325 117 93 -1 -1 -1 0 
39 2 663 331 34 42 -1 -1 -1 0 
39 3 602 333 22 34 -1 -1 -1 0 
39 6 0 330 43 62 -1 -1 -1 0 
40 1 467 326 113 91 -1 -1 -1 0 
40 2 663 331 33 42 -1 -1 -1 0 
40 3 602 334 23 33 -1 -1 -1 0 
40 6 0 329 40 63 -1 -1 -1 0 
