3 1 598 332 45 51 -1 -1 -1 0 
3 2 668 328 70 72 -1 -1 -1 0 
4 1 598 331 45 52 -1 -1 -1 0 
4 2 669 328 70 73 -1 -1 -1 0 
5 1 598 330 46 53 -1 -1 -1 0 
5 2 669 329 70 72 -1 -1 -1 0 
6 1 598 330 46 52 -1 -1 -1 0 
6 2 668 328 71 73 -1 -1 -1 0 
7 1 599 330 45 52 -1 -1 -1 0 
7 2 668 328 71 73 -1 -1 -1 0 
8 1 600 329 44 53 -1 -1 -1 0 
8 2 667 327 72 73 -1 -1 -1 0 
9 1 601 328 44 54 -1 -1 -1 0 
9 2 667 327 72 73 -1 -1 -1 0 
10 1 600 327 46 54 -1 -1 -1 0 
10 2 666 327 72 71 -1 -1 -1 0 
11 1 600 327 46 54 -1 -1 -1 0 
11 2 667 327 71 70 -1 -1 -1 0 
12 1 601 328 45 52 -1 -1 -1 0 
12 2 667 327 70 70 -1 -1 -1 0 
13 1 601 328 45 51 -1 -1 -1 0 
13 2 668 327 69 70 -1 -1 -1 0 
14 1 602 328 43 52 -1 -1 -1 0 
14 2 668 327 69 70 -1 -1 -1 0 
15 1 602 328 43 52 -1 -1 -1 0 
15 2 669 327 68 71 -1 -1 -1 0 
16 1 601 328 44 52 -1 -1 -1 0 
16 2 668 327 70 71 -1 -1 -1 0 
17 1 601 328 45 52 -1 -1 -1 0 
17 2 668 327 70 71 -1 -1 -1 0 
18 1 602 327 43 54 -1 -1 -1 0 
18 2 668 326 69 72 -1 -1 -1 0 
19 1 601 326 46 54 -1 -1 -1 0 
19 2 668 326 69 72 -1 -1 -1 0 
20 1 600 325 46 54 -1 -1 -1 0 
20 2 667 325 70 72 -1 -1 -1 0 
21 1 601 327 44 52 -1 -1 -1 0 
21 2 667 325 69 72 -1 -1 -1 0 
22 1 601 326 44 52 -1 -1 -1 0 
22 2 667 325 69 71 -1 -1 -1 0 
23 1 601 328 44 52 -1 -1 -1 0 
23 2 667 323 68 74 -1 -1 -1 0 
24 1 601 327 44 53 -1 -1 -1 0 
24 2 667 323 67 74 -1 -1 -1 0 
25 1 601 326 43 53 -1 -1 -1 0 
25 2 667 323 68 74 -1 -1 -1 0 
26 1 600 326 45 53 -1 -1 -1 0 
26 2 667 323 68 74 -1 -1 -1 0 
27 1 601 325 43 54 -1 -1 -1 0 
27 2 666 322 69 74 -1 -1 -1 0 
28 1 600 326 44 53 -1 -1 -1 0 
28 2 667 322 67 74 -1 -1 -1 0 
29 1 601 326 43 55 -1 -1 -1 0 
29 2 666 323 68 74 -1 -1 -1 0 
30 1 600 327 44 54 -1 -1 -1 0 
30 2 665 325 69 72 -1 -1 -1 0 
31 1 600 328 44 53 -1 -1 -1 0 
31 2 666 326 67 71 -1 -1 -1 0 
32 1 600 328 44 53 -1 -1 -1 0 
32 2 666 326 67 71 -1 -1 -1 0 
33 1 601 328 42 53 -1 -1 -1 0 
33 2 667 325 64 71 -1 -1 -1 0 
34 1 600 328 44 53 -1 -1 -1 0 
34 2 666 325 66 71 -1 -1 -1 0 
35 1 601 328 43 52 -1 -1 -1 0 
35 2 666 325 66 71 -1 -1 -1 0 
36 1 601 327 43 52 -1 -1 -1 0 
36 2 666 325 66 71 -1 -1 -1 0 
37 1 601 327 44 52 -1 -1 -1 0 
37 2 667 325 65 71 -1 -1 -1 0 
38 1 601 327 44 52 -1 -1 -1 0 
38 2 667 325 65 71 -1 -1 -1 0 
39 1 602 326 43 53 -1 -1 -1 0 
39 2 667 324 65 72 -1 -1 -1 0 
40 1 602 327 43 51 -1 -1 -1 0 
40 2 666 324 66 72 -1 -1 -1 0 
