3 1 567 333 59 63 -1 -1 -1 0 
3 2 668 329 52 58 -1 -1 -1 0 
4 1 567 332 61 64 -1 -1 -1 0 
4 2 667 330 53 57 -1 -1 -1 0 
5 1 568 332 61 62 -1 -1 -1 0 
5 2 668 329 51 58 -1 -1 -1 0 
6 1 568 332 61 62 -1 -1 -1 0 
6 2 668 329 50 57 -1 -1 -1 0 
7 1 569 331 61 61 -1 -1 -1 0 
7 2 668 328 50 57 -1 -1 -1 0 
8 1 570 329 62 62 -1 -1 -1 0 
8 2 668 328 50 55 -1 -1 -1 0 
9 1 572 329 62 59 -1 -1 -1 0 
9 2 668 327 50 55 -1 -1 -1 0 
10 1 573 328 62 59 -1 -1 -1 0 
10 2 667 326 52 55 -1 -1 -1 0 
11 1 575 327 60 59 -1 -1 -1 0 
11 2 668 326 51 55 -1 -1 -1 0 
12 1 576 326 60 59 -1 -1 -1 0 
12 2 669 326 50 55 -1 -1 -1 0 
13 1 577 326 59 58 -1 -1 -1 0 
13 2 669 325 50 56 -1 -1 -1 0 
14 1 578 326 58 59 -1 -1 -1 0 
14 2 668 326 51 55 -1 -1 -1 0 
15 1 578 327 59 57 -1 -1 -1 0 
15 2 669 326 49 56 -1 -1 -1 0 
16 1 580 327 57 57 -1 -1 -1 0 
16 2 669 326 49 56 -1 -1 -1 0 
16 3 715 329 21 29 -1 -1 -1 0 
17 1 580 328 58 56 -1 -1 -1 0 
17 2 669 326 49 57 -1 -1 -1 0 
17 3 716 329 21 30 -1 -1 -1 0 
18 1 581 329 57 54 -1 -1 -1 0 
18 2 669 326 49 57 -1 -1 -1 0 
18 3 716 328 22 32 -1 -1 -1 0 
19 1 582 329 57 53 -1 -1 -1 0 
19 2 669 326 50 57 -1 -1 -1 0 
19 3 717 328 21 32 -1 -1 -1 0 
20 1 583 329 56 53 -1 -1 -1 0 
20 2 669 326 50 56 -1 -1 -1 0 
20 3 717 328 22 31 -1 -1 -1 0 
21 1 583 329 57 53 -1 -1 -1 0 
21 2 668 326 52 56 -1 -1 -1 0 
21 3 718 327 22 32 -1 -1 -1 0 
22 1 584 331 55 51 -1 -1 -1 0 
22 2 669 326 51 56 -1 -1 -1 0 
22 3 719 327 23 31 -1 -1 -1 0 
23 1 586 331 53 50 -1 -1 -1 0 
23 2 668 326 53 56 -1 -1 -1 0 
23 3 720 327 22 30 -1 -1 -1 0 
24 1 588 332 50 49 -1 -1 -1 0 
24 2 669 325 51 57 -1 -1 -1 0 
24 3 721 328 22 30 -1 -1 -1 0 
25 1 588 332 49 49 -1 -1 -1 0 
25 2 670 325 50 57 -1 -1 -1 0 
25 3 722 328 22 30 -1 -1 -1 0 
26 1 589 332 50 48 -1 -1 -1 0 
26 2 670 325 51 57 -1 -1 -1 0 
27 1 591 332 47 48 -1 -1 -1 0 
27 2 669 327 51 55 -1 -1 -1 0 
27 3 723 329 23 30 -1 -1 -1 0 
28 1 590 332 49 49 -1 -1 -1 0 
28 2 668 327 53 57 -1 -1 -1 0 
28 3 724 329 22 30 -1 -1 -1 0 
29 1 591 333 49 48 -1 -1 -1 0 
29 2 668 327 53 58 -1 -1 -1 0 
29 3 723 331 23 31 -1 -1 -1 0 
30 1 592 333 49 48 -1 -1 -1 0 
30 2 668 328 53 57 -1 -1 -1 0 
30 3 723 331 23 31 -1 -1 -1 0 
30 7 1192 314 78 56 -1 -1 -1 0 
31 1 593 334 48 47 -1 -1 -1 0 
31 2 668 328 52 58 -1 -1 -1 0 
31 3 724 331 22 31 -1 -1 -1 0 
31 7 1216 301 60 72 -1 -1 -1 0 
32 1 596 333 44 48 -1 -1 -1 0 
32 2 667 329 54 57 -1 -1 -1 0 
32 3 724 331 23 31 -1 -1 -1 0 
32 7 1239 299 40 75 -1 -1 -1 0 
33 1 597 333 43 48 -1 -1 -1 0 
33 2 667 329 54 56 -1 -1 -1 0 
33 3 725 330 23 30 -1 -1 -1 0 
33 7 1251 297 28 79 -1 -1 -1 0 
34 1 598 333 43 47 -1 -1 -1 0 
34 2 668 329 53 55 -1 -1 -1 0 
34 3 728 329 20 29 -1 -1 -1 0 
35 1 599 331 43 47 -1 -1 -1 0 
35 2 669 327 52 56 -1 -1 -1 0 
35 3 728 327 21 31 -1 -1 -1 0 
36 1 600 330 42 47 -1 -1 -1 0 
36 2 668 326 54 56 -1 -1 -1 0 
36 3 729 327 21 30 -1 -1 -1 0 
37 1 600 330 43 47 -1 -1 -1 0 
37 2 669 326 53 56 -1 -1 -1 0 
37 3 728 326 23 31 -1 -1 -1 0 
38 1 601 330 43 47 -1 -1 -1 0 
38 2 669 325 52 56 -1 -1 -1 0 
38 3 728 326 23 31 -1 -1 -1 0 
39 1 601 330 43 47 -1 -1 -1 0 
39 2 667 327 55 54 -1 -1 -1 0 
39 3 729 326 23 31 -1 -1 -1 0 
40 1 601 330 43 46 -1 -1 -1 0 
40 2 668 327 53 55 -1 -1 -1 0 
40 3 728 326 25 32 -1 -1 -1 0 
