3 1 514 340 85 82 -1 -1 -1 0 
3 2 0 345 151 204 -1 -1 -1 0 
3 3 598 332 43 54 -1 -1 -1 0 
3 5 838 240 224 146 -1 -1 -1 0 
4 1 514 339 84 82 -1 -1 -1 0 
4 2 0 346 169 197 -1 -1 -1 0 
4 3 597 332 43 54 -1 -1 -1 0 
4 5 839 238 234 151 -1 -1 -1 0 
5 1 515 340 84 80 -1 -1 -1 0 
5 2 4 346 169 194 -1 -1 -1 0 
5 3 597 333 43 52 -1 -1 -1 0 
5 5 841 236 251 153 -1 -1 -1 0 
6 1 516 340 82 79 -1 -1 -1 0 
6 3 597 333 42 52 -1 -1 -1 0 
6 5 855 232 250 158 -1 -1 -1 0 
7 1 516 340 82 79 -1 -1 -1 0 
7 2 2 347 206 184 -1 -1 -1 0 
7 3 597 333 42 52 -1 -1 -1 0 
7 5 854 229 269 167 -1 -1 -1 0 
8 1 518 343 80 76 -1 -1 -1 0 
8 2 9 347 204 180 -1 -1 -1 0 
8 3 597 333 41 52 -1 -1 -1 0 
8 5 856 227 283 169 -1 -1 -1 0 
9 1 519 344 78 74 -1 -1 -1 0 
9 3 596 333 43 53 -1 -1 -1 0 
9 5 859 224 298 172 -1 -1 -1 0 
10 1 520 344 78 74 -1 -1 -1 0 
10 3 597 333 42 53 -1 -1 -1 0 
10 5 868 216 307 183 -1 -1 -1 0 
11 1 520 342 80 76 -1 -1 -1 0 
11 3 598 334 42 52 -1 -1 -1 0 
11 5 869 211 333 186 -1 -1 -1 0 
12 1 522 344 77 76 -1 -1 -1 0 
12 3 599 335 41 51 -1 -1 -1 0 
12 5 874 207 343 191 -1 -1 -1 0 
13 1 522 344 80 76 -1 -1 -1 0 
13 3 599 335 42 52 -1 -1 -1 0 
14 1 523 343 79 77 -1 -1 -1 0 
14 3 600 333 42 54 -1 -1 -1 0 
15 1 523 343 80 77 -1 -1 -1 0 
15 3 600 333 42 54 -1 -1 -1 0 
16 1 524 343 79 76 -1 -1 -1 0 
16 3 600 333 43 54 -1 -1 -1 0 
16 8 0 388 310 147 -1 -1 -1 0 
17 1 525 343 79 76 -1 -1 -1 0 
17 3 601 333 41 54 -1 -1 -1 0 
17 8 0 383 308 142 -1 -1 -1 0 
18 1 525 343 79 76 -1 -1 -1 0 
18 3 600 333 42 54 -1 -1 -1 0 
18 8 2 380 309 143 -1 -1 -1 0 
19 1 525 342 79 77 -1 -1 -1 0 
19 3 599 333 43 54 -1 -1 -1 0 
19 8 1 369 319 146 -1 -1 -1 0 
20 1 525 342 78 76 -1 -1 -1 0 
20 3 598 333 44 54 -1 -1 -1 0 
20 8 0 362 330 150 -1 -1 -1 0 
21 1 525 342 77 75 -1 -1 -1 0 
21 3 598 333 43 54 -1 -1 -1 0 
21 8 0 363 348 149 -1 -1 -1 0 
22 1 526 339 75 76 -1 -1 -1 0 
22 3 597 333 44 52 -1 -1 -1 0 
22 8 0 360 353 149 -1 -1 -1 0 
23 1 526 339 75 76 -1 -1 -1 0 
23 3 598 332 42 53 -1 -1 -1 0 
24 1 526 338 75 76 -1 -1 -1 0 
24 3 599 332 41 52 -1 -1 -1 0 
24 8 1 358 346 148 -1 -1 -1 0 
24 10 928 296 63 63 -1 -1 -1 0 
25 1 525 339 76 75 -1 -1 -1 0 
25 3 597 331 44 53 -1 -1 -1 0 
25 8 1 355 345 148 -1 -1 -1 0 
25 10 930 295 70 68 -1 -1 -1 0 
26 1 526 339 75 75 -1 -1 -1 0 
26 3 597 332 43 53 -1 -1 -1 0 
26 8 2 353 347 147 -1 -1 -1 0 
26 10 938 294 75 71 -1 -1 -1 0 
27 1 526 338 75 76 -1 -1 -1 0 
27 3 597 332 44 53 -1 -1 -1 0 
27 10 944 291 75 75 -1 -1 -1 0 
28 1 525 338 77 76 -1 -1 -1 0 
28 3 597 332 43 53 -1 -1 -1 0 
28 10 951 289 79 79 -1 -1 -1 0 
29 1 525 339 77 75 -1 -1 -1 0 
29 3 596 332 44 52 -1 -1 -1 0 
29 10 951 287 90 79 -1 -1 -1 0 
29 11 1060 196 214 175 -1 -1 -1 0 
30 1 526 340 76 74 -1 -1 -1 0 
30 3 597 332 42 52 -1 -1 -1 0 
30 10 959 285 87 80 -1 -1 -1 0 
30 11 1073 199 204 167 -1 -1 -1 0 
31 1 526 340 75 73 -1 -1 -1 0 
31 3 597 332 43 52 -1 -1 -1 0 
31 8 65 354 303 130 -1 -1 -1 0 
31 10 970 284 87 82 -1 -1 -1 0 
31 11 1091 201 186 171 -1 -1 -1 0 
32 1 526 340 74 72 -1 -1 -1 0 
32 3 596 333 44 51 -1 -1 -1 0 
32 8 73 356 299 126 -1 -1 -1 0 
32 10 978 282 94 84 -1 -1 -1 0 
32 11 1104 207 174 169 -1 -1 -1 0 
33 1 525 340 74 72 -1 -1 -1 0 
33 3 595 333 44 51 -1 -1 -1 0 
33 8 80 351 295 124 -1 -1 -1 0 
33 10 984 280 98 85 -1 -1 -1 0 
33 11 1118 208 160 170 -1 -1 -1 0 
34 1 525 341 73 72 -1 -1 -1 0 
34 3 594 335 43 50 -1 -1 -1 0 
34 8 105 353 270 122 -1 -1 -1 0 
34 10 989 278 102 87 -1 -1 -1 0 
34 11 1136 198 141 183 -1 -1 -1 0 
35 1 523 341 74 72 -1 -1 -1 0 
35 3 593 335 44 50 -1 -1 -1 0 
35 8 109 350 267 122 -1 -1 -1 0 
35 11 1154 197 125 183 -1 -1 -1 0 
36 1 522 342 75 71 -1 -1 -1 0 
36 3 592 336 44 49 -1 -1 -1 0 
36 8 113 347 263 124 -1 -1 -1 0 
36 10 1005 280 113 89 -1 -1 -1 0 
36 11 1176 199 102 186 -1 -1 -1 0 
37 1 522 342 72 73 -1 -1 -1 0 
37 3 591 337 44 48 -1 -1 -1 0 
37 8 120 344 256 125 -1 -1 -1 0 
37 10 1007 279 119 91 -1 -1 -1 0 
37 11 1194 192 84 191 -1 -1 -1 0 
38 1 521 343 73 72 -1 -1 -1 0 
38 3 593 338 40 48 -1 -1 -1 0 
38 8 117 350 266 119 -1 -1 -1 0 
38 10 1027 276 105 96 -1 -1 -1 0 
38 11 1208 190 71 193 -1 -1 -1 0 
39 1 520 344 74 71 -1 -1 -1 0 
39 3 593 339 40 49 -1 -1 -1 0 
39 8 123 352 262 115 -1 -1 -1 0 
39 10 1034 274 108 100 -1 -1 -1 0 
40 1 520 344 73 72 -1 -1 -1 0 
40 3 593 339 40 50 -1 -1 -1 0 
40 8 125 356 265 112 -1 -1 -1 0 
