3 1 383 343 192 146 -1 -1 -1 0 
3 2 953 332 326 201 -1 -1 -1 0 
3 3 746 325 36 42 -1 -1 -1 0 
4 1 385 344 191 143 -1 -1 -1 0 
4 2 951 331 328 201 -1 -1 -1 0 
4 3 747 326 34 42 -1 -1 -1 0 
5 1 388 346 187 140 -1 -1 -1 0 
5 2 950 330 329 202 -1 -1 -1 0 
5 3 747 327 34 41 -1 -1 -1 0 
6 1 391 348 183 138 -1 -1 -1 0 
6 2 950 329 329 203 -1 -1 -1 0 
6 3 746 327 35 41 -1 -1 -1 0 
7 1 394 348 180 136 -1 -1 -1 0 
7 2 951 329 328 198 -1 -1 -1 0 
7 3 745 328 36 40 -1 -1 -1 0 
8 1 397 349 178 133 -1 -1 -1 0 
8 2 950 329 329 197 -1 -1 -1 0 
8 3 745 327 36 41 -1 -1 -1 0 
9 1 401 348 174 133 -1 -1 -1 0 
9 2 952 329 325 198 -1 -1 -1 0 
9 3 745 326 36 42 -1 -1 -1 0 
10 1 402 348 174 131 -1 -1 -1 0 
10 2 953 331 325 197 -1 -1 -1 0 
10 3 745 326 36 42 -1 -1 -1 0 
11 1 405 347 171 132 -1 -1 -1 0 
11 2 946 331 333 194 -1 -1 -1 0 
11 3 745 327 36 40 -1 -1 -1 0 
12 1 409 345 166 134 -1 -1 -1 0 
12 2 946 335 333 189 -1 -1 -1 0 
12 3 651 330 30 37 -1 -1 -1 0 
13 1 411 345 163 133 -1 -1 -1 0 
13 2 948 339 331 185 -1 -1 -1 0 
13 3 614 331 30 36 -1 -1 -1 0 
14 1 413 345 161 132 -1 -1 -1 0 
14 2 949 340 330 185 -1 -1 -1 0 
14 3 602 331 30 36 -1 -1 -1 0 
15 1 414 345 164 130 -1 -1 -1 0 
15 2 949 339 330 185 -1 -1 -1 0 
15 3 598 331 29 36 -1 -1 -1 0 
16 1 418 345 159 126 -1 -1 -1 0 
16 2 950 336 328 188 -1 -1 -1 0 
16 3 597 331 30 36 -1 -1 -1 0 
17 1 422 341 155 126 -1 -1 -1 0 
17 2 950 327 326 193 -1 -1 -1 0 
17 3 599 330 28 35 -1 -1 -1 0 
18 1 422 342 158 123 -1 -1 -1 0 
18 2 947 322 330 193 -1 -1 -1 0 
18 3 600 329 28 36 -1 -1 -1 0 
19 1 425 341 154 123 -1 -1 -1 0 
19 2 945 320 333 190 -1 -1 -1 0 
19 3 601 328 28 36 -1 -1 -1 0 
20 1 429 340 148 123 -1 -1 -1 0 
20 2 946 320 332 189 -1 -1 -1 0 
20 3 602 328 29 37 -1 -1 -1 0 
21 1 432 339 147 124 -1 -1 -1 0 
21 2 947 321 330 189 -1 -1 -1 0 
21 3 602 329 29 38 -1 -1 -1 0 
22 1 433 338 149 123 -1 -1 -1 0 
22 2 943 322 335 194 -1 -1 -1 0 
22 3 604 330 27 39 -1 -1 -1 0 
23 1 436 338 147 122 -1 -1 -1 0 
23 2 939 325 340 195 -1 -1 -1 0 
23 3 603 331 30 39 -1 -1 -1 0 
24 1 439 338 144 120 -1 -1 -1 0 
24 2 940 329 339 193 -1 -1 -1 0 
24 3 604 332 29 39 -1 -1 -1 0 
25 1 443 338 142 120 -1 -1 -1 0 
25 2 940 333 339 187 -1 -1 -1 0 
25 3 605 334 29 38 -1 -1 -1 0 
26 1 448 340 136 118 -1 -1 -1 0 
26 2 942 335 337 185 -1 -1 -1 0 
26 3 606 335 28 37 -1 -1 -1 0 
27 1 451 339 136 118 -1 -1 -1 0 
27 2 942 338 337 182 -1 -1 -1 0 
27 3 607 335 29 37 -1 -1 -1 0 
28 1 453 340 135 115 -1 -1 -1 0 
28 2 943 340 336 180 -1 -1 -1 0 
28 3 605 335 29 37 -1 -1 -1 0 
29 1 456 341 133 113 -1 -1 -1 0 
29 2 943 342 336 179 -1 -1 -1 0 
30 1 459 341 130 113 -1 -1 -1 0 
30 2 945 344 333 178 -1 -1 -1 0 
31 1 462 340 128 112 -1 -1 -1 0 
31 2 943 347 336 175 -1 -1 -1 0 
32 1 463 341 129 110 -1 -1 -1 0 
32 2 943 348 336 174 -1 -1 -1 0 
33 1 466 341 126 111 -1 -1 -1 0 
33 2 942 348 337 174 -1 -1 -1 0 
34 1 468 342 125 109 -1 -1 -1 0 
34 2 941 347 337 176 -1 -1 -1 0 
35 1 469 342 126 108 -1 -1 -1 0 
35 2 939 344 340 177 -1 -1 -1 0 
35 3 609 338 26 33 -1 -1 -1 0 
36 1 471 342 123 106 -1 -1 -1 0 
36 2 934 338 345 182 -1 -1 -1 0 
36 3 609 337 26 34 -1 -1 -1 0 
37 1 471 342 122 105 -1 -1 -1 0 
37 2 930 335 349 180 -1 -1 -1 0 
37 3 697 333 33 37 -1 -1 -1 0 
38 1 472 340 119 106 -1 -1 -1 0 
38 2 931 332 348 180 -1 -1 -1 0 
38 3 646 333 27 37 -1 -1 -1 0 
39 1 472 338 121 105 -1 -1 -1 0 
39 2 935 332 344 177 -1 -1 -1 0 
39 3 622 333 26 37 -1 -1 -1 0 
40 1 475 336 118 106 -1 -1 -1 0 
40 2 933 332 346 176 -1 -1 -1 0 
40 3 613 333 26 36 -1 -1 -1 0 
