3 1 671 332 37 43 -1 -1 -1 0 
3 2 624 334 27 37 -1 -1 -1 0 
4 1 672 332 35 43 -1 -1 -1 0 
4 2 624 334 26 37 -1 -1 -1 0 
5 1 673 333 34 42 -1 -1 -1 0 
5 2 625 334 25 37 -1 -1 -1 0 
5 3 95 327 293 152 -1 -1 -1 0 
6 1 673 332 34 43 -1 -1 -1 0 
6 2 624 334 27 36 -1 -1 -1 0 
6 3 114 327 284 149 -1 -1 -1 0 
7 1 672 332 35 42 -1 -1 -1 0 
7 2 624 334 27 36 -1 -1 -1 0 
7 3 138 325 268 146 -1 -1 -1 0 
8 1 672 332 36 42 -1 -1 -1 0 
8 2 625 335 25 34 -1 -1 -1 0 
8 3 168 326 252 139 -1 -1 -1 0 
9 1 672 332 35 42 -1 -1 -1 0 
9 2 626 335 24 34 -1 -1 -1 0 
9 3 189 324 238 137 -1 -1 -1 0 
10 1 672 333 34 42 -1 -1 -1 0 
10 2 625 335 26 35 -1 -1 -1 0 
10 3 207 325 228 131 -1 -1 -1 0 
11 1 672 334 33 42 -1 -1 -1 0 
11 2 625 335 25 36 -1 -1 -1 0 
11 3 226 326 218 127 -1 -1 -1 0 
12 1 672 335 33 41 -1 -1 -1 0 
12 2 625 336 25 35 -1 -1 -1 0 
12 3 247 326 203 124 -1 -1 -1 0 
13 1 672 334 33 41 -1 -1 -1 0 
13 2 624 335 27 36 -1 -1 -1 0 
13 3 264 325 192 120 -1 -1 -1 0 
14 1 672 334 33 41 -1 -1 -1 0 
14 2 625 335 26 36 -1 -1 -1 0 
14 3 282 326 178 116 -1 -1 -1 0 
15 1 672 333 33 41 -1 -1 -1 0 
15 2 625 335 26 35 -1 -1 -1 0 
15 3 286 326 187 115 -1 -1 -1 0 
16 1 672 333 33 41 -1 -1 -1 0 
16 2 625 335 26 35 -1 -1 -1 0 
16 3 305 324 169 111 -1 -1 -1 0 
17 1 673 333 32 40 -1 -1 -1 0 
17 2 625 335 26 35 -1 -1 -1 0 
17 3 320 323 160 110 -1 -1 -1 0 
18 1 673 333 32 41 -1 -1 -1 0 
18 2 626 335 24 35 -1 -1 -1 0 
18 3 331 323 155 106 -1 -1 -1 0 
19 1 673 333 32 41 -1 -1 -1 0 
19 2 625 335 26 35 -1 -1 -1 0 
19 3 340 323 150 102 -1 -1 -1 0 
20 1 672 333 33 41 -1 -1 -1 0 
20 2 625 335 26 35 -1 -1 -1 0 
20 3 353 325 140 97 -1 -1 -1 0 
21 1 672 333 33 40 -1 -1 -1 0 
21 2 626 334 25 35 -1 -1 -1 0 
21 3 364 324 129 96 -1 -1 -1 0 
22 1 673 333 31 40 -1 -1 -1 0 
22 2 626 334 25 35 -1 -1 -1 0 
22 3 370 325 130 91 -1 -1 -1 0 
23 1 673 333 31 39 -1 -1 -1 0 
23 2 626 333 26 35 -1 -1 -1 0 
23 3 379 323 126 92 -1 -1 -1 0 
24 1 672 332 31 40 -1 -1 -1 0 
24 2 626 334 26 34 -1 -1 -1 0 
24 3 387 323 122 91 -1 -1 -1 0 
25 1 672 333 31 39 -1 -1 -1 0 
25 2 627 334 25 34 -1 -1 -1 0 
25 3 394 324 118 90 -1 -1 -1 0 
26 1 672 333 31 39 -1 -1 -1 0 
26 2 627 334 25 34 -1 -1 -1 0 
26 3 402 325 114 87 -1 -1 -1 0 
27 1 672 333 31 39 -1 -1 -1 0 
27 2 627 334 25 34 -1 -1 -1 0 
27 3 406 327 112 84 -1 -1 -1 0 
28 1 673 334 30 38 -1 -1 -1 0 
28 2 627 334 25 34 -1 -1 -1 0 
28 3 414 327 105 83 -1 -1 -1 0 
29 1 673 334 31 39 -1 -1 -1 0 
29 2 627 334 25 34 -1 -1 -1 0 
29 3 422 327 99 82 -1 -1 -1 0 
30 1 673 334 31 39 -1 -1 -1 0 
30 2 628 334 24 35 -1 -1 -1 0 
30 3 429 327 96 80 -1 -1 -1 0 
31 1 674 333 30 40 -1 -1 -1 0 
31 2 627 334 26 35 -1 -1 -1 0 
31 3 432 329 99 76 -1 -1 -1 0 
32 1 673 333 32 40 -1 -1 -1 0 
32 2 628 335 25 34 -1 -1 -1 0 
32 3 439 329 92 74 -1 -1 -1 0 
33 1 674 333 30 40 -1 -1 -1 0 
33 2 629 335 24 34 -1 -1 -1 0 
33 3 445 329 89 73 -1 -1 -1 0 
34 1 673 332 31 41 -1 -1 -1 0 
34 2 629 336 24 33 -1 -1 -1 0 
34 3 449 329 90 72 -1 -1 -1 0 
35 1 673 332 32 40 -1 -1 -1 0 
35 2 629 335 24 34 -1 -1 -1 0 
35 3 455 329 86 70 -1 -1 -1 0 
36 1 674 332 30 40 -1 -1 -1 0 
36 2 628 335 25 34 -1 -1 -1 0 
36 3 459 329 84 69 -1 -1 -1 0 
37 1 673 333 31 38 -1 -1 -1 0 
37 2 629 334 23 35 -1 -1 -1 0 
37 3 465 329 81 67 -1 -1 -1 0 
38 1 674 333 29 38 -1 -1 -1 0 
38 2 628 334 25 34 -1 -1 -1 0 
38 3 467 328 82 67 -1 -1 -1 0 
39 1 673 333 30 38 -1 -1 -1 0 
39 2 629 334 23 34 -1 -1 -1 0 
39 3 469 328 81 66 -1 -1 -1 0 
40 1 673 333 30 38 -1 -1 -1 0 
40 2 629 334 23 34 -1 -1 -1 0 
40 3 474 328 78 67 -1 -1 -1 0 
