3 1 665 332 30 35 -1 -1 -1 0 
3 2 583 333 48 46 -1 -1 -1 0 
4 1 666 333 29 35 -1 -1 -1 0 
4 2 581 332 50 48 -1 -1 -1 0 
5 1 665 333 30 35 -1 -1 -1 0 
5 2 581 333 50 47 -1 -1 -1 0 
6 1 664 333 31 36 -1 -1 -1 0 
6 2 581 333 50 48 -1 -1 -1 0 
7 1 664 333 31 36 -1 -1 -1 0 
7 2 583 333 48 46 -1 -1 -1 0 
8 1 664 333 31 36 -1 -1 -1 0 
8 2 583 332 49 47 -1 -1 -1 0 
9 1 664 333 31 36 -1 -1 -1 0 
10 1 664 331 32 36 -1 -1 -1 0 
10 2 583 333 47 44 -1 -1 -1 0 
11 1 665 332 30 36 -1 -1 -1 0 
11 2 583 333 47 43 -1 -1 -1 0 
12 1 664 331 32 35 -1 -1 -1 0 
12 2 584 333 46 43 -1 -1 -1 0 
13 1 664 331 31 35 -1 -1 -1 0 
13 2 585 334 46 43 -1 -1 -1 0 
14 1 664 332 32 35 -1 -1 -1 0 
14 2 586 334 45 43 -1 -1 -1 0 
14 6 991 347 28 28 -1 -1 -1 0 
15 1 664 332 32 35 -1 -1 -1 0 
15 2 586 333 46 45 -1 -1 -1 0 
15 6 955 345 42 30 -1 -1 -1 0 
15 7 1035 344 45 36 -1 -1 -1 0 
16 1 665 332 30 36 -1 -1 -1 0 
16 2 585 334 47 46 -1 -1 -1 0 
16 6 1045 348 36 31 -1 -1 -1 0 
16 7 1038 346 40 38 -1 -1 -1 0 
17 1 665 332 31 36 -1 -1 -1 0 
17 2 585 333 46 47 -1 -1 -1 0 
17 6 1166 346 44 35 -1 -1 -1 0 
17 7 1038 345 49 40 -1 -1 -1 0 
17 12 1123 346 38 33 -1 -1 -1 0 
18 1 664 333 31 36 -1 -1 -1 0 
18 2 584 334 48 47 -1 -1 -1 0 
18 6 1153 347 46 35 -1 -1 -1 0 
18 7 1045 345 50 43 -1 -1 -1 0 
18 12 1172 346 38 36 -1 -1 -1 0 
19 1 664 333 31 36 -1 -1 -1 0 
19 2 585 335 47 45 -1 -1 -1 0 
19 6 1193 347 38 36 -1 -1 -1 0 
19 7 1044 346 52 41 -1 -1 -1 0 
19 12 1146 346 43 35 -1 -1 -1 0 
19 14 1095 347 46 38 -1 -1 -1 0 
20 1 664 333 30 37 -1 -1 -1 0 
20 2 585 335 47 45 -1 -1 -1 0 
20 6 1212 345 37 40 -1 -1 -1 0 
20 7 1050 347 40 37 -1 -1 -1 0 
20 12 1140 346 50 36 -1 -1 -1 0 
20 14 1156 346 34 37 -1 -1 -1 0 
21 1 664 334 31 36 -1 -1 -1 0 
21 6 1221 345 41 42 -1 -1 -1 0 
21 7 1057 349 43 38 -1 -1 -1 0 
21 12 1146 347 44 34 -1 -1 -1 0 
21 14 1175 345 36 38 -1 -1 -1 0 
22 1 664 334 31 36 -1 -1 -1 0 
22 2 589 335 41 43 -1 -1 -1 0 
22 6 1228 343 41 44 -1 -1 -1 0 
22 7 1123 347 42 35 -1 -1 -1 0 
22 12 1094 349 31 33 -1 -1 -1 0 
22 14 1131 344 42 39 -1 -1 -1 0 
23 1 665 334 29 36 -1 -1 -1 0 
23 2 590 335 39 43 -1 -1 -1 0 
23 6 1232 346 47 41 -1 -1 -1 0 
23 7 1173 349 37 34 -1 -1 -1 0 
23 12 1142 348 33 33 -1 -1 -1 0 
23 14 1136 346 37 37 -1 -1 -1 0 
24 1 664 334 30 36 -1 -1 -1 0 
24 6 1239 346 40 42 -1 -1 -1 0 
24 7 1195 349 35 34 -1 -1 -1 0 
24 12 1165 348 32 33 -1 -1 -1 0 
24 14 1096 346 44 38 -1 -1 -1 0 
25 1 665 334 28 35 -1 -1 -1 0 
25 2 592 336 38 41 -1 -1 -1 0 
25 6 1184 345 47 40 -1 -1 -1 0 
25 7 1124 347 41 32 -1 -1 -1 0 
25 12 1222 349 31 36 -1 -1 -1 0 
25 14 1094 346 46 38 -1 -1 -1 0 
26 1 665 334 29 34 -1 -1 -1 0 
26 2 593 336 36 40 -1 -1 -1 0 
26 6 1193 346 48 38 -1 -1 -1 0 
26 7 1103 345 38 34 -1 -1 -1 0 
26 12 1243 342 28 40 -1 -1 -1 0 
27 1 665 333 29 35 -1 -1 -1 0 
27 2 592 336 38 40 -1 -1 -1 0 
27 6 1233 344 35 42 -1 -1 -1 0 
27 7 1092 347 46 37 -1 -1 -1 0 
27 12 1223 342 53 44 -1 -1 -1 0 
28 1 665 333 30 35 -1 -1 -1 0 
28 2 591 336 40 40 -1 -1 -1 0 
28 6 1098 347 41 40 -1 -1 -1 0 
28 7 1099 348 43 34 -1 -1 -1 0 
28 12 1221 342 56 45 -1 -1 -1 0 
29 1 665 333 29 36 -1 -1 -1 0 
29 2 592 336 39 40 -1 -1 -1 0 
29 6 1128 349 46 43 -1 -1 -1 0 
29 7 1100 347 35 36 -1 -1 -1 0 
29 12 1227 346 52 44 -1 -1 -1 0 
29 14 1169 348 57 42 -1 -1 -1 0 
30 1 665 333 29 36 -1 -1 -1 0 
30 6 1090 348 32 38 -1 -1 -1 0 
30 7 1103 347 34 36 -1 -1 -1 0 
30 12 1246 347 33 44 -1 -1 -1 0 
30 14 1190 348 50 44 -1 -1 -1 0 
31 1 664 333 31 36 -1 -1 -1 0 
31 2 591 337 40 40 -1 -1 -1 0 
31 6 1086 348 33 39 -1 -1 -1 0 
31 12 1245 345 34 49 -1 -1 -1 0 
31 14 1193 346 60 53 -1 -1 -1 0 
32 1 664 334 31 35 -1 -1 -1 0 
32 2 591 336 39 41 -1 -1 -1 0 
32 12 1254 344 25 49 -1 -1 -1 0 
32 14 1201 346 63 55 -1 -1 -1 0 
33 1 665 332 29 36 -1 -1 -1 0 
33 2 591 336 39 41 -1 -1 -1 0 
33 6 1124 348 39 37 -1 -1 -1 0 
33 12 1240 348 39 50 -1 -1 -1 0 
33 14 1187 345 57 48 -1 -1 -1 0 
34 1 665 331 31 37 -1 -1 -1 0 
34 2 591 335 40 40 -1 -1 -1 0 
34 6 1144 349 37 38 -1 -1 -1 0 
34 12 1242 345 37 49 -1 -1 -1 0 
34 14 1208 346 56 52 -1 -1 -1 0 
35 1 667 330 31 36 -1 -1 -1 0 
35 2 592 335 39 40 -1 -1 -1 0 
35 6 1164 351 38 40 -1 -1 -1 0 
35 12 1216 347 40 46 -1 -1 -1 0 
35 14 1217 349 54 55 -1 -1 -1 0 
36 1 667 329 31 36 -1 -1 -1 0 
36 2 592 334 38 41 -1 -1 -1 0 
36 6 1169 352 40 40 -1 -1 -1 0 
36 12 1217 347 43 46 -1 -1 -1 0 
36 14 1235 345 40 60 -1 -1 -1 0 
37 1 668 329 31 34 -1 -1 -1 0 
37 2 592 333 38 41 -1 -1 -1 0 
37 6 1178 349 47 42 -1 -1 -1 0 
37 12 1185 348 32 39 -1 -1 -1 0 
37 14 1245 345 34 61 -1 -1 -1 0 
38 1 669 329 30 34 -1 -1 -1 0 
38 2 595 333 34 40 -1 -1 -1 0 
38 6 1183 350 50 41 -1 -1 -1 0 
38 7 1192 348 73 54 -1 -1 -1 0 
38 12 1182 348 34 39 -1 -1 -1 0 
39 1 670 329 30 34 -1 -1 -1 0 
39 2 595 333 35 40 -1 -1 -1 0 
39 6 1199 350 50 49 -1 -1 -1 0 
39 7 1213 350 55 54 -1 -1 -1 0 
40 1 670 330 30 35 -1 -1 -1 0 
40 2 596 333 33 39 -1 -1 -1 0 
40 6 1205 351 52 49 -1 -1 -1 0 
40 7 1222 351 56 54 -1 -1 -1 0 
