3 1 550 322 78 77 -1 -1 -1 0 
4 1 550 322 78 78 -1 -1 -1 0 
5 1 551 321 75 80 -1 -1 -1 0 
6 1 551 321 75 80 -1 -1 -1 0 
7 1 552 320 74 81 -1 -1 -1 0 
8 1 552 320 75 81 -1 -1 -1 0 
9 1 552 320 75 81 -1 -1 -1 0 
10 1 551 322 75 79 -1 -1 -1 0 
11 1 551 322 74 78 -1 -1 -1 0 
12 1 552 322 73 78 -1 -1 -1 0 
13 1 553 322 71 79 -1 -1 -1 0 
14 1 553 322 71 79 -1 -1 -1 0 
15 1 553 323 71 78 -1 -1 -1 0 
16 1 552 325 73 76 -1 -1 -1 0 
17 1 553 325 70 76 -1 -1 -1 0 
18 1 552 326 72 75 -1 -1 -1 0 
19 1 552 326 72 75 -1 -1 -1 0 
20 1 553 326 71 76 -1 -1 -1 0 
21 1 552 328 72 74 -1 -1 -1 0 
22 1 552 332 67 69 -1 -1 -1 0 
23 1 553 335 64 66 -1 -1 -1 0 
24 1 554 326 65 75 -1 -1 -1 0 
24 11 451 338 27 32 -1 -1 -1 0 
25 1 553 321 69 79 -1 -1 -1 0 
25 11 449 338 26 31 -1 -1 -1 0 
26 1 551 318 74 82 -1 -1 -1 0 
27 1 551 316 74 83 -1 -1 -1 0 
27 14 188 347 65 44 -1 -1 -1 0 
28 1 552 317 73 81 -1 -1 -1 0 
28 11 451 338 22 28 -1 -1 -1 0 
28 14 140 348 82 49 -1 -1 -1 0 
29 1 552 318 72 81 -1 -1 -1 0 
29 11 447 340 22 28 -1 -1 -1 0 
29 14 101 352 83 51 -1 -1 -1 0 
30 1 550 318 75 81 -1 -1 -1 0 
30 11 440 338 24 30 -1 -1 -1 0 
30 14 35 352 100 59 -1 -1 -1 0 
30 15 376 341 32 35 -1 -1 -1 0 
31 1 551 318 73 82 -1 -1 -1 0 
31 11 438 338 24 30 -1 -1 -1 0 
31 14 0 356 80 56 -1 -1 -1 0 
31 15 358 343 37 34 -1 -1 -1 0 
32 1 550 317 74 84 -1 -1 -1 0 
32 11 422 338 26 30 -1 -1 -1 0 
32 14 0 357 39 59 -1 -1 -1 0 
32 15 347 345 31 34 -1 -1 -1 0 
33 1 550 314 75 87 -1 -1 -1 0 
33 11 419 338 25 29 -1 -1 -1 0 
33 15 337 346 24 33 -1 -1 -1 0 
34 1 549 313 77 89 -1 -1 -1 0 
34 11 432 338 25 29 -1 -1 -1 0 
34 15 379 342 27 32 -1 -1 -1 0 
34 16 283 347 34 39 -1 -1 -1 0 
35 1 550 313 77 87 -1 -1 -1 0 
35 11 431 338 24 29 -1 -1 -1 0 
35 15 386 339 29 33 -1 -1 -1 0 
35 16 263 346 36 42 -1 -1 -1 0 
36 1 550 313 77 86 -1 -1 -1 0 
36 11 457 338 30 28 -1 -1 -1 0 
36 15 380 340 31 32 -1 -1 -1 0 
36 16 252 347 37 41 -1 -1 -1 0 
37 1 550 314 77 84 -1 -1 -1 0 
37 11 458 337 28 29 -1 -1 -1 0 
37 15 369 338 30 36 -1 -1 -1 0 
37 16 213 348 51 42 -1 -1 -1 0 
38 1 551 314 75 84 -1 -1 -1 0 
38 11 459 337 29 28 -1 -1 -1 0 
38 15 368 338 31 36 -1 -1 -1 0 
38 16 164 350 63 44 -1 -1 -1 0 
39 1 550 316 77 82 -1 -1 -1 0 
39 11 445 338 30 27 -1 -1 -1 0 
39 16 106 351 72 45 -1 -1 -1 0 
40 1 550 316 77 82 -1 -1 -1 0 
40 11 445 338 30 27 -1 -1 -1 0 
40 15 314 340 55 39 -1 -1 -1 0 
40 16 75 352 76 46 -1 -1 -1 0 
