3 1 269 334 231 158 -1 -1 -1 0 
3 2 684 336 29 38 -1 -1 -1 0 
3 3 606 341 30 34 -1 -1 -1 0 
3 4 657 334 21 28 -1 -1 -1 0 
4 1 279 335 225 153 -1 -1 -1 0 
4 2 683 335 31 40 -1 -1 -1 0 
4 3 610 341 30 33 -1 -1 -1 0 
4 4 658 333 21 28 -1 -1 -1 0 
5 1 288 333 219 155 -1 -1 -1 0 
5 2 683 335 31 40 -1 -1 -1 0 
5 3 612 341 30 33 -1 -1 -1 0 
5 4 657 333 22 28 -1 -1 -1 0 
6 1 296 334 215 153 -1 -1 -1 0 
6 2 684 336 30 39 -1 -1 -1 0 
6 3 613 342 27 33 -1 -1 -1 0 
6 4 658 333 21 27 -1 -1 -1 0 
7 1 306 334 207 151 -1 -1 -1 0 
7 2 684 336 30 39 -1 -1 -1 0 
7 3 613 343 27 33 -1 -1 -1 0 
8 1 312 336 205 145 -1 -1 -1 0 
8 2 684 336 30 39 -1 -1 -1 0 
8 3 612 342 29 34 -1 -1 -1 0 
8 4 659 334 21 29 -1 -1 -1 0 
9 1 320 338 199 138 -1 -1 -1 0 
9 2 684 337 29 38 -1 -1 -1 0 
9 3 613 342 29 34 -1 -1 -1 0 
9 4 660 335 21 28 -1 -1 -1 0 
10 1 328 340 193 133 -1 -1 -1 0 
10 2 685 336 28 39 -1 -1 -1 0 
10 3 614 340 29 36 -1 -1 -1 0 
10 4 660 335 21 28 -1 -1 -1 0 
11 1 336 341 185 128 -1 -1 -1 0 
11 2 685 336 28 39 -1 -1 -1 0 
11 3 614 338 31 38 -1 -1 -1 0 
11 4 661 336 20 26 -1 -1 -1 0 
12 1 342 339 181 127 -1 -1 -1 0 
12 2 684 335 30 38 -1 -1 -1 0 
12 3 615 337 31 38 -1 -1 -1 0 
12 4 661 336 21 25 -1 -1 -1 0 
13 1 347 339 180 125 -1 -1 -1 0 
13 2 685 335 28 38 -1 -1 -1 0 
13 3 615 337 32 38 -1 -1 -1 0 
13 4 662 336 20 25 -1 -1 -1 0 
14 1 353 339 178 123 -1 -1 -1 0 
14 2 685 335 29 38 -1 -1 -1 0 
14 3 616 337 31 38 -1 -1 -1 0 
14 4 663 336 20 25 -1 -1 -1 0 
15 1 362 341 171 117 -1 -1 -1 0 
15 2 685 335 28 38 -1 -1 -1 0 
15 3 616 336 32 39 -1 -1 -1 0 
15 4 663 336 19 25 -1 -1 -1 0 
16 1 369 339 166 120 -1 -1 -1 0 
16 2 685 335 29 38 -1 -1 -1 0 
16 3 616 336 33 39 -1 -1 -1 0 
16 4 663 336 19 25 -1 -1 -1 0 
17 1 374 340 163 118 -1 -1 -1 0 
17 2 686 335 28 38 -1 -1 -1 0 
17 3 617 336 32 39 -1 -1 -1 0 
18 1 380 340 160 116 -1 -1 -1 0 
18 2 686 335 28 38 -1 -1 -1 0 
18 3 617 336 32 40 -1 -1 -1 0 
19 1 385 341 158 112 -1 -1 -1 0 
19 2 686 335 29 38 -1 -1 -1 0 
19 3 617 335 34 41 -1 -1 -1 0 
20 1 393 339 149 113 -1 -1 -1 0 
20 2 686 334 29 39 -1 -1 -1 0 
20 3 618 336 34 39 -1 -1 -1 0 
21 1 398 338 146 113 -1 -1 -1 0 
21 2 687 336 28 37 -1 -1 -1 0 
21 3 619 336 33 39 -1 -1 -1 0 
22 1 401 337 146 114 -1 -1 -1 0 
22 2 687 336 28 37 -1 -1 -1 0 
22 3 621 336 31 39 -1 -1 -1 0 
23 1 404 337 147 113 -1 -1 -1 0 
23 2 688 336 28 37 -1 -1 -1 0 
23 3 621 336 33 39 -1 -1 -1 0 
24 1 409 337 143 111 -1 -1 -1 0 
24 2 687 337 29 36 -1 -1 -1 0 
24 3 622 336 32 39 -1 -1 -1 0 
25 1 414 338 141 109 -1 -1 -1 0 
25 2 688 337 27 36 -1 -1 -1 0 
25 3 621 335 33 40 -1 -1 -1 0 
26 1 418 339 138 107 -1 -1 -1 0 
26 2 689 337 27 35 -1 -1 -1 0 
26 3 622 335 32 40 -1 -1 -1 0 
27 1 423 339 136 106 -1 -1 -1 0 
27 2 689 337 27 35 -1 -1 -1 0 
27 3 622 334 32 41 -1 -1 -1 0 
28 1 427 339 132 104 -1 -1 -1 0 
28 2 690 337 25 35 -1 -1 -1 0 
28 3 622 334 32 40 -1 -1 -1 0 
29 1 431 339 131 103 -1 -1 -1 0 
29 2 689 336 27 35 -1 -1 -1 0 
29 3 622 334 33 39 -1 -1 -1 0 
30 1 436 339 128 101 -1 -1 -1 0 
30 2 689 335 26 36 -1 -1 -1 0 
30 3 624 335 31 37 -1 -1 -1 0 
31 1 441 339 125 100 -1 -1 -1 0 
31 2 689 335 26 36 -1 -1 -1 0 
31 3 625 335 30 37 -1 -1 -1 0 
32 1 447 339 121 100 -1 -1 -1 0 
32 2 689 335 27 36 -1 -1 -1 0 
32 3 626 336 29 35 -1 -1 -1 0 
33 1 451 337 119 101 -1 -1 -1 0 
33 2 690 335 26 35 -1 -1 -1 0 
33 3 627 337 28 34 -1 -1 -1 0 
34 1 453 338 119 98 -1 -1 -1 0 
34 2 690 335 26 35 -1 -1 -1 0 
34 3 628 337 27 34 -1 -1 -1 0 
35 1 457 338 114 97 -1 -1 -1 0 
35 2 690 335 25 36 -1 -1 -1 0 
35 3 628 338 27 33 -1 -1 -1 0 
36 1 459 339 114 95 -1 -1 -1 0 
36 2 690 335 25 36 -1 -1 -1 0 
36 3 629 338 27 33 -1 -1 -1 0 
37 1 462 339 110 96 -1 -1 -1 0 
37 2 689 336 27 35 -1 -1 -1 0 
37 3 629 338 27 33 -1 -1 -1 0 
38 1 464 340 112 92 -1 -1 -1 0 
38 2 689 336 28 35 -1 -1 -1 0 
38 3 629 338 27 34 -1 -1 -1 0 
39 1 467 340 111 90 -1 -1 -1 0 
39 2 690 336 27 35 -1 -1 -1 0 
39 3 629 339 28 33 -1 -1 -1 0 
40 1 471 341 111 88 -1 -1 -1 0 
40 2 689 337 28 34 -1 -1 -1 0 
40 3 629 339 28 33 -1 -1 -1 0 
