3 1 25 323 458 281 -1 -1 -1 0 
3 2 669 333 58 59 -1 -1 -1 0 
4 1 25 322 465 269 -1 -1 -1 0 
4 2 670 334 58 58 -1 -1 -1 0 
5 1 51 328 439 250 -1 -1 -1 0 
5 2 669 334 57 58 -1 -1 -1 0 
6 1 84 329 403 241 -1 -1 -1 0 
6 2 669 334 57 58 -1 -1 -1 0 
7 1 109 333 388 227 -1 -1 -1 0 
7 2 667 335 60 57 -1 -1 -1 0 
8 1 128 340 374 211 -1 -1 -1 0 
8 2 668 335 58 57 -1 -1 -1 0 
9 1 153 347 354 194 -1 -1 -1 0 
9 2 667 336 59 56 -1 -1 -1 0 
10 1 180 350 322 184 -1 -1 -1 0 
10 2 667 336 60 57 -1 -1 -1 0 
11 1 198 355 310 172 -1 -1 -1 0 
11 2 668 336 59 57 -1 -1 -1 0 
12 1 215 360 299 164 -1 -1 -1 0 
12 2 669 335 55 58 -1 -1 -1 0 
13 1 232 359 285 159 -1 -1 -1 0 
13 2 669 335 55 59 -1 -1 -1 0 
14 1 243 362 281 150 -1 -1 -1 0 
14 2 669 335 55 59 -1 -1 -1 0 
14 7 127 348 70 45 -1 -1 -1 0 
15 1 260 365 259 142 -1 -1 -1 0 
15 2 668 335 56 59 -1 -1 -1 0 
15 7 71 348 97 49 -1 -1 -1 0 
15 8 855 349 31 35 -1 -1 -1 0 
16 1 271 368 250 135 -1 -1 -1 0 
16 2 668 335 56 60 -1 -1 -1 0 
16 7 33 350 91 50 -1 -1 -1 0 
16 8 855 349 30 35 -1 -1 -1 0 
17 1 287 365 237 136 -1 -1 -1 0 
17 2 668 335 56 60 -1 -1 -1 0 
17 7 4 347 69 58 -1 -1 -1 0 
17 8 854 348 31 35 -1 -1 -1 0 
18 1 298 362 233 137 -1 -1 -1 0 
18 2 669 335 55 60 -1 -1 -1 0 
18 7 0 348 22 60 -1 -1 -1 0 
18 8 854 348 30 35 -1 -1 -1 0 
19 1 308 360 233 137 -1 -1 -1 0 
19 2 668 334 56 61 -1 -1 -1 0 
19 7 0 349 -11 62 -1 -1 -1 0 
19 8 850 347 35 36 -1 -1 -1 0 
20 1 318 358 228 135 -1 -1 -1 0 
20 2 668 334 56 61 -1 -1 -1 0 
20 8 847 347 36 36 -1 -1 -1 0 
21 1 329 355 218 136 -1 -1 -1 0 
21 2 668 334 57 61 -1 -1 -1 0 
21 8 849 346 33 37 -1 -1 -1 0 
22 1 336 353 215 134 -1 -1 -1 0 
22 2 667 336 60 58 -1 -1 -1 0 
22 8 847 347 34 37 -1 -1 -1 0 
23 1 345 353 208 128 -1 -1 -1 0 
23 2 669 335 55 60 -1 -1 -1 0 
23 8 844 348 37 36 -1 -1 -1 0 
24 1 356 349 190 131 -1 -1 -1 0 
24 2 668 334 57 59 -1 -1 -1 0 
24 8 844 348 34 36 -1 -1 -1 0 
25 1 363 348 191 131 -1 -1 -1 0 
25 2 666 336 60 57 -1 -1 -1 0 
25 8 844 348 34 36 -1 -1 -1 0 
26 1 369 350 186 126 -1 -1 -1 0 
26 2 669 335 55 60 -1 -1 -1 0 
26 8 843 348 34 34 -1 -1 -1 0 
27 1 378 350 179 125 -1 -1 -1 0 
27 2 669 334 55 61 -1 -1 -1 0 
27 8 844 347 31 34 -1 -1 -1 0 
28 1 386 348 177 125 -1 -1 -1 0 
28 2 668 334 57 61 -1 -1 -1 0 
28 8 843 347 33 32 -1 -1 -1 0 
29 1 392 346 173 126 -1 -1 -1 0 
29 2 668 334 57 60 -1 -1 -1 0 
29 8 842 347 34 31 -1 -1 -1 0 
30 1 400 343 167 127 -1 -1 -1 0 
30 2 668 334 57 60 -1 -1 -1 0 
30 8 840 347 36 29 -1 -1 -1 0 
31 1 406 342 163 125 -1 -1 -1 0 
31 2 669 334 55 60 -1 -1 -1 0 
31 8 839 346 34 30 -1 -1 -1 0 
32 1 411 344 163 122 -1 -1 -1 0 
32 2 669 334 56 59 -1 -1 -1 0 
32 8 838 345 35 32 -1 -1 -1 0 
33 1 417 345 158 119 -1 -1 -1 0 
33 2 669 333 56 60 -1 -1 -1 0 
33 8 842 345 30 31 -1 -1 -1 0 
34 1 423 345 152 117 -1 -1 -1 0 
34 2 669 333 57 60 -1 -1 -1 0 
34 8 842 347 31 29 -1 -1 -1 0 
35 1 426 345 153 114 -1 -1 -1 0 
35 8 836 346 35 28 -1 -1 -1 0 
36 1 433 344 146 114 -1 -1 -1 0 
36 2 670 333 56 60 -1 -1 -1 0 
36 8 836 345 33 28 -1 -1 -1 0 
37 1 438 345 140 111 -1 -1 -1 0 
37 2 670 333 56 60 -1 -1 -1 0 
37 8 835 345 34 28 -1 -1 -1 0 
38 1 441 345 140 109 -1 -1 -1 0 
38 2 670 333 55 60 -1 -1 -1 0 
38 8 838 345 28 31 -1 -1 -1 0 
39 1 448 345 133 107 -1 -1 -1 0 
39 2 670 333 56 60 -1 -1 -1 0 
39 8 840 346 26 31 -1 -1 -1 0 
40 1 451 343 133 109 -1 -1 -1 0 
40 2 670 332 56 61 -1 -1 -1 0 
40 8 840 346 26 31 -1 -1 -1 0 
