3 1 435 340 131 98 -1 -1 -1 0 
3 3 897 329 114 76 -1 -1 -1 0 
3 4 644 321 74 89 -1 -1 -1 0 
3 5 1093 333 71 50 -1 -1 -1 0 
3 7 625 332 26 33 -1 -1 -1 0 
4 1 442 338 126 98 -1 -1 -1 0 
4 3 892 329 118 75 -1 -1 -1 0 
4 4 644 321 75 89 -1 -1 -1 0 
4 5 1096 334 71 50 -1 -1 -1 0 
4 7 625 332 26 33 -1 -1 -1 0 
5 1 447 337 123 96 -1 -1 -1 0 
5 3 889 328 119 76 -1 -1 -1 0 
5 4 644 323 75 87 -1 -1 -1 0 
5 5 1081 332 97 53 -1 -1 -1 0 
5 7 626 332 25 32 -1 -1 -1 0 
6 1 452 332 119 100 -1 -1 -1 0 
6 3 885 328 122 76 -1 -1 -1 0 
6 4 645 322 74 88 -1 -1 -1 0 
6 5 1102 335 77 50 -1 -1 -1 0 
6 7 627 332 24 32 -1 -1 -1 0 
7 1 454 330 119 100 -1 -1 -1 0 
7 3 887 328 117 76 -1 -1 -1 0 
7 4 644 322 76 88 -1 -1 -1 0 
7 5 1092 336 65 47 -1 -1 -1 0 
7 7 627 332 23 33 -1 -1 -1 0 
8 1 458 328 115 101 -1 -1 -1 0 
8 3 885 328 118 76 -1 -1 -1 0 
8 4 644 322 75 89 -1 -1 -1 0 
8 5 1084 334 101 51 -1 -1 -1 0 
8 7 627 332 23 33 -1 -1 -1 0 
9 1 460 330 113 98 -1 -1 -1 0 
9 3 882 327 120 77 -1 -1 -1 0 
9 4 644 322 74 88 -1 -1 -1 0 
9 5 1088 332 109 55 -1 -1 -1 0 
9 7 627 332 23 34 -1 -1 -1 0 
10 1 464 331 107 96 -1 -1 -1 0 
10 3 883 326 118 78 -1 -1 -1 0 
10 4 645 321 73 89 -1 -1 -1 0 
10 5 1091 331 110 56 -1 -1 -1 0 
11 1 468 327 105 99 -1 -1 -1 0 
11 3 878 326 123 77 -1 -1 -1 0 
11 4 645 320 73 89 -1 -1 -1 0 
11 5 1097 329 115 59 -1 -1 -1 0 
11 7 626 331 23 31 -1 -1 -1 0 
11 12 701 297 37 72 -1 -1 -1 0 
12 1 470 327 108 97 -1 -1 -1 0 
12 3 880 326 118 76 -1 -1 -1 0 
12 4 645 320 74 89 -1 -1 -1 0 
12 5 1103 329 122 58 -1 -1 -1 0 
12 7 627 331 21 31 -1 -1 -1 0 
12 12 701 296 37 73 -1 -1 -1 0 
13 1 475 327 103 94 -1 -1 -1 0 
13 3 882 326 114 75 -1 -1 -1 0 
13 4 645 322 74 86 -1 -1 -1 0 
13 5 1110 330 117 57 -1 -1 -1 0 
13 7 626 331 23 31 -1 -1 -1 0 
13 12 700 296 39 74 -1 -1 -1 0 
13 14 433 338 32 29 -1 -1 -1 0 
14 1 478 329 102 91 -1 -1 -1 0 
14 3 882 326 112 75 -1 -1 -1 0 
14 4 645 322 73 86 -1 -1 -1 0 
14 5 1117 331 116 57 -1 -1 -1 0 
14 7 627 331 21 31 -1 -1 -1 0 
14 12 699 296 40 73 -1 -1 -1 0 
14 14 423 338 31 31 -1 -1 -1 0 
15 1 482 331 98 88 -1 -1 -1 0 
15 3 881 326 114 76 -1 -1 -1 0 
15 4 645 322 74 86 -1 -1 -1 0 
15 5 1119 330 119 61 -1 -1 -1 0 
15 7 626 329 26 34 -1 -1 -1 0 
15 12 699 298 39 71 -1 -1 -1 0 
15 14 413 338 35 33 -1 -1 -1 0 
16 1 485 331 97 88 -1 -1 -1 0 
16 3 877 325 119 77 -1 -1 -1 0 
16 4 645 322 73 86 -1 -1 -1 0 
16 5 1126 330 127 62 -1 -1 -1 0 
16 7 626 329 26 34 -1 -1 -1 0 
16 12 700 299 37 70 -1 -1 -1 0 
16 14 401 339 38 33 -1 -1 -1 0 
17 1 486 333 98 84 -1 -1 -1 0 
17 3 880 326 114 76 -1 -1 -1 0 
17 4 646 323 73 85 -1 -1 -1 0 
17 5 1130 331 132 61 -1 -1 -1 0 
17 12 699 299 39 69 -1 -1 -1 0 
17 14 393 339 39 35 -1 -1 -1 0 
18 1 491 332 92 84 -1 -1 -1 0 
18 3 882 326 110 76 -1 -1 -1 0 
18 4 645 323 75 85 -1 -1 -1 0 
18 5 1138 333 134 60 -1 -1 -1 0 
18 7 627 328 28 34 -1 -1 -1 0 
18 12 699 300 39 68 -1 -1 -1 0 
18 14 371 338 46 37 -1 -1 -1 0 
19 1 493 334 91 81 -1 -1 -1 0 
19 3 877 325 114 77 -1 -1 -1 0 
19 4 646 323 74 86 -1 -1 -1 0 
19 5 1144 331 129 64 -1 -1 -1 0 
19 7 628 330 24 34 -1 -1 -1 0 
19 12 699 299 39 70 -1 -1 -1 0 
19 14 360 338 49 39 -1 -1 -1 0 
20 1 495 333 92 81 -1 -1 -1 0 
20 3 878 325 112 77 -1 -1 -1 0 
20 4 646 322 74 86 -1 -1 -1 0 
20 5 1156 331 105 63 -1 -1 -1 0 
20 7 628 330 24 34 -1 -1 -1 0 
20 12 699 298 39 71 -1 -1 -1 0 
20 14 340 341 54 37 -1 -1 -1 0 
21 1 497 334 92 79 -1 -1 -1 0 
21 3 877 327 113 75 -1 -1 -1 0 
21 4 646 322 75 86 -1 -1 -1 0 
21 5 1160 329 100 65 -1 -1 -1 0 
21 12 699 298 39 71 -1 -1 -1 0 
21 14 322 342 52 38 -1 -1 -1 0 
22 1 502 333 87 79 -1 -1 -1 0 
22 3 876 327 114 74 -1 -1 -1 0 
22 4 647 323 73 85 -1 -1 -1 0 
22 5 1163 331 102 64 -1 -1 -1 0 
22 12 699 298 39 71 -1 -1 -1 0 
22 14 308 342 53 38 -1 -1 -1 0 
23 1 504 333 86 78 -1 -1 -1 0 
23 3 877 328 111 74 -1 -1 -1 0 
23 4 647 322 73 87 -1 -1 -1 0 
23 5 1170 331 101 66 -1 -1 -1 0 
23 12 699 298 40 71 -1 -1 -1 0 
23 14 295 342 55 39 -1 -1 -1 0 
24 1 504 334 86 76 -1 -1 -1 0 
24 3 874 328 114 74 -1 -1 -1 0 
24 4 647 322 74 87 -1 -1 -1 0 
24 5 1178 332 100 64 -1 -1 -1 0 
24 14 251 343 55 43 -1 -1 -1 0 
25 1 506 335 84 75 -1 -1 -1 0 
25 3 874 328 113 74 -1 -1 -1 0 
25 4 648 320 72 88 -1 -1 -1 0 
25 5 1186 334 93 61 -1 -1 -1 0 
25 14 221 345 46 44 -1 -1 -1 0 
26 1 510 337 79 71 -1 -1 -1 0 
26 3 873 327 115 75 -1 -1 -1 0 
26 4 648 320 72 87 -1 -1 -1 0 
26 5 1199 335 79 60 -1 -1 -1 0 
26 14 201 346 47 45 -1 -1 -1 0 
27 1 514 335 75 72 -1 -1 -1 0 
27 3 873 327 114 75 -1 -1 -1 0 
27 4 650 319 71 87 -1 -1 -1 0 
27 5 1210 333 67 65 -1 -1 -1 0 
28 1 515 332 77 76 -1 -1 -1 0 
28 3 875 326 109 76 -1 -1 -1 0 
28 4 650 318 72 87 -1 -1 -1 0 
28 5 1217 332 61 66 -1 -1 -1 0 
28 7 631 330 26 30 -1 -1 -1 0 
28 12 697 297 43 73 -1 -1 -1 0 
29 1 517 332 79 76 -1 -1 -1 0 
29 3 873 325 111 77 -1 -1 -1 0 
29 4 651 317 71 87 -1 -1 -1 0 
29 5 1224 334 55 63 -1 -1 -1 0 
29 7 632 330 25 30 -1 -1 -1 0 
29 12 696 297 43 76 -1 -1 -1 0 
30 1 520 331 78 74 -1 -1 -1 0 
30 3 873 327 112 75 -1 -1 -1 0 
30 4 652 317 70 86 -1 -1 -1 0 
30 5 1238 330 39 71 -1 -1 -1 0 
30 7 632 330 25 29 -1 -1 -1 0 
30 12 696 296 43 77 -1 -1 -1 0 
31 1 523 332 77 72 -1 -1 -1 0 
31 3 873 327 112 74 -1 -1 -1 0 
31 4 651 317 72 86 -1 -1 -1 0 
31 5 1247 330 31 72 -1 -1 -1 0 
31 7 634 330 23 29 -1 -1 -1 0 
31 12 695 296 44 78 -1 -1 -1 0 
32 1 524 333 79 70 -1 -1 -1 0 
32 3 871 325 114 76 -1 -1 -1 0 
32 4 652 317 71 86 -1 -1 -1 0 
32 7 634 330 23 30 -1 -1 -1 0 
32 12 694 295 46 80 -1 -1 -1 0 
32 29 427 341 38 29 -1 -1 -1 0 
33 1 528 333 76 69 -1 -1 -1 0 
33 3 873 325 109 76 -1 -1 -1 0 
33 4 653 317 71 86 -1 -1 -1 0 
33 7 634 330 24 30 -1 -1 -1 0 
33 29 413 341 36 30 -1 -1 -1 0 
34 1 532 333 74 68 -1 -1 -1 0 
34 3 872 325 111 75 -1 -1 -1 0 
34 4 654 316 71 86 -1 -1 -1 0 
34 7 635 330 24 30 -1 -1 -1 0 
34 29 404 341 37 31 -1 -1 -1 0 
35 1 534 332 72 69 -1 -1 -1 0 
35 3 875 325 106 75 -1 -1 -1 0 
35 4 654 317 70 85 -1 -1 -1 0 
35 12 694 295 47 78 -1 -1 -1 0 
35 29 488 341 25 25 -1 -1 -1 0 
36 1 536 330 72 70 -1 -1 -1 0 
36 3 873 325 108 75 -1 -1 -1 0 
36 4 654 317 71 84 -1 -1 -1 0 
36 12 695 295 46 78 -1 -1 -1 0 
36 29 500 341 24 24 -1 -1 -1 0 
37 1 538 330 72 69 -1 -1 -1 0 
37 3 872 325 109 75 -1 -1 -1 0 
37 4 655 319 71 82 -1 -1 -1 0 
37 12 695 295 47 78 -1 -1 -1 0 
37 31 23 355 392 260 -1 -1 -1 0 
38 1 541 330 69 67 -1 -1 -1 0 
38 3 871 324 110 76 -1 -1 -1 0 
38 4 656 319 70 81 -1 -1 -1 0 
38 31 89 351 325 254 -1 -1 -1 0 
39 1 543 331 69 63 -1 -1 -1 0 
39 3 870 324 111 76 -1 -1 -1 0 
39 4 656 319 71 81 -1 -1 -1 0 
39 31 124 346 303 247 -1 -1 -1 0 
40 1 544 331 70 62 -1 -1 -1 0 
40 3 871 323 110 77 -1 -1 -1 0 
40 4 657 320 71 80 -1 -1 -1 0 
40 7 536 328 21 32 -1 -1 -1 0 
40 31 171 342 265 240 -1 -1 -1 0 
