3 1 510 334 84 85 -1 -1 -1 0 
3 2 667 333 44 54 -1 -1 -1 0 
4 1 511 335 84 84 -1 -1 -1 0 
4 2 668 332 43 54 -1 -1 -1 0 
5 1 512 335 82 84 -1 -1 -1 0 
5 2 668 331 43 55 -1 -1 -1 0 
6 1 512 334 83 84 -1 -1 -1 0 
6 2 668 330 44 55 -1 -1 -1 0 
7 1 513 334 83 84 -1 -1 -1 0 
7 2 669 330 44 55 -1 -1 -1 0 
8 1 515 333 81 85 -1 -1 -1 0 
8 2 669 331 43 54 -1 -1 -1 0 
9 1 516 333 81 84 -1 -1 -1 0 
9 2 669 331 43 54 -1 -1 -1 0 
10 1 518 332 80 84 -1 -1 -1 0 
10 2 669 331 43 54 -1 -1 -1 0 
11 1 520 333 78 82 -1 -1 -1 0 
11 2 670 332 42 53 -1 -1 -1 0 
12 1 522 332 77 83 -1 -1 -1 0 
12 2 670 332 42 53 -1 -1 -1 0 
13 1 522 331 79 84 -1 -1 -1 0 
13 2 670 331 42 55 -1 -1 -1 0 
14 1 524 331 79 83 -1 -1 -1 0 
14 2 669 332 44 54 -1 -1 -1 0 
15 1 526 331 78 83 -1 -1 -1 0 
15 2 670 332 42 52 -1 -1 -1 0 
16 1 528 331 77 82 -1 -1 -1 0 
16 2 670 333 42 51 -1 -1 -1 0 
17 1 528 331 78 82 -1 -1 -1 0 
17 2 670 333 43 51 -1 -1 -1 0 
18 1 529 332 77 80 -1 -1 -1 0 
18 2 671 334 41 51 -1 -1 -1 0 
19 1 531 332 75 79 -1 -1 -1 0 
19 2 671 334 42 51 -1 -1 -1 0 
20 1 532 332 74 78 -1 -1 -1 0 
20 2 671 334 42 50 -1 -1 -1 0 
21 1 533 331 74 79 -1 -1 -1 0 
21 2 672 334 40 50 -1 -1 -1 0 
22 1 534 331 74 78 -1 -1 -1 0 
22 2 671 334 42 51 -1 -1 -1 0 
23 1 536 329 73 79 -1 -1 -1 0 
23 2 672 334 41 51 -1 -1 -1 0 
24 1 536 329 74 79 -1 -1 -1 0 
24 2 671 335 42 50 -1 -1 -1 0 
25 1 537 329 74 78 -1 -1 -1 0 
25 2 671 335 41 51 -1 -1 -1 0 
26 1 538 330 74 77 -1 -1 -1 0 
26 2 671 335 41 52 -1 -1 -1 0 
27 1 540 330 73 77 -1 -1 -1 0 
27 2 670 336 42 51 -1 -1 -1 0 
28 1 540 330 74 77 -1 -1 -1 0 
28 2 669 336 44 52 -1 -1 -1 0 
29 1 541 330 73 76 -1 -1 -1 0 
29 2 669 337 44 51 -1 -1 -1 0 
30 1 542 331 72 75 -1 -1 -1 0 
30 2 670 338 42 50 -1 -1 -1 0 
31 1 543 331 71 75 -1 -1 -1 0 
31 2 671 337 41 51 -1 -1 -1 0 
32 1 543 331 72 74 -1 -1 -1 0 
32 2 670 337 43 52 -1 -1 -1 0 
33 1 544 331 72 74 -1 -1 -1 0 
33 2 669 336 44 53 -1 -1 -1 0 
34 1 546 331 70 73 -1 -1 -1 0 
34 2 669 336 44 53 -1 -1 -1 0 
35 1 547 332 69 72 -1 -1 -1 0 
35 2 669 335 44 54 -1 -1 -1 0 
36 1 547 332 70 72 -1 -1 -1 0 
36 2 668 335 46 54 -1 -1 -1 0 
37 1 549 333 69 70 -1 -1 -1 0 
37 2 669 336 43 54 -1 -1 -1 0 
38 1 551 333 67 70 -1 -1 -1 0 
38 2 668 336 45 53 -1 -1 -1 0 
39 1 551 333 67 69 -1 -1 -1 0 
39 2 668 336 45 53 -1 -1 -1 0 
40 1 553 332 64 67 -1 -1 -1 0 
40 2 669 335 43 52 -1 -1 -1 0 
