3 1 585 326 51 53 -1 -1 -1 0 
3 2 736 312 72 67 -1 -1 -1 0 
3 3 721 323 34 48 -1 -1 -1 0 
4 1 586 326 51 53 -1 -1 -1 0 
4 2 735 312 73 67 -1 -1 -1 0 
4 3 721 322 35 49 -1 -1 -1 0 
5 1 588 326 50 53 -1 -1 -1 0 
5 2 736 313 72 65 -1 -1 -1 0 
5 3 722 323 33 48 -1 -1 -1 0 
6 1 588 326 51 52 -1 -1 -1 0 
6 2 738 312 70 66 -1 -1 -1 0 
6 3 722 323 33 48 -1 -1 -1 0 
7 1 588 325 51 53 -1 -1 -1 0 
7 2 737 313 71 65 -1 -1 -1 0 
7 3 722 324 33 47 -1 -1 -1 0 
8 1 588 325 52 52 -1 -1 -1 0 
8 2 737 313 72 65 -1 -1 -1 0 
8 3 722 324 32 47 -1 -1 -1 0 
9 1 589 325 51 52 -1 -1 -1 0 
9 2 737 313 71 65 -1 -1 -1 0 
9 3 721 323 34 48 -1 -1 -1 0 
10 1 590 325 49 51 -1 -1 -1 0 
10 2 736 312 73 66 -1 -1 -1 0 
10 3 721 323 36 48 -1 -1 -1 0 
11 1 591 325 48 51 -1 -1 -1 0 
11 2 734 312 76 67 -1 -1 -1 0 
11 3 721 323 37 48 -1 -1 -1 0 
12 1 591 326 48 50 -1 -1 -1 0 
12 2 733 310 76 69 -1 -1 -1 0 
12 3 721 323 38 49 -1 -1 -1 0 
13 1 591 326 48 50 -1 -1 -1 0 
13 2 734 312 72 67 -1 -1 -1 0 
13 3 721 323 36 49 -1 -1 -1 0 
13 7 1183 295 73 48 -1 -1 -1 0 
14 1 592 326 46 50 -1 -1 -1 0 
14 2 732 312 73 67 -1 -1 -1 0 
14 3 721 323 36 49 -1 -1 -1 0 
14 7 1194 295 78 48 -1 -1 -1 0 
15 1 592 326 47 49 -1 -1 -1 0 
15 2 731 313 75 66 -1 -1 -1 0 
15 3 720 323 37 48 -1 -1 -1 0 
15 7 1219 298 59 46 -1 -1 -1 0 
16 1 592 326 47 49 -1 -1 -1 0 
16 2 730 317 73 61 -1 -1 -1 0 
16 3 720 323 38 48 -1 -1 -1 0 
16 7 1229 299 50 45 -1 -1 -1 0 
17 1 591 327 48 49 -1 -1 -1 0 
17 2 729 317 74 61 -1 -1 -1 0 
17 3 721 322 54 52 -1 -1 -1 0 
18 1 591 326 47 50 -1 -1 -1 0 
18 2 729 315 72 63 -1 -1 -1 0 
18 3 722 321 55 53 -1 -1 -1 0 
18 7 1233 286 46 49 -1 -1 -1 0 
19 1 593 326 47 50 -1 -1 -1 0 
19 2 730 315 71 63 -1 -1 -1 0 
19 3 723 320 48 55 -1 -1 -1 0 
19 7 1239 280 40 55 -1 -1 -1 0 
19 8 573 332 25 36 -1 -1 -1 0 
20 1 594 326 47 50 -1 -1 -1 0 
20 2 729 313 75 67 -1 -1 -1 0 
20 3 723 320 50 55 -1 -1 -1 0 
20 7 1247 278 32 56 -1 -1 -1 0 
20 8 573 331 26 38 -1 -1 -1 0 
21 1 595 326 46 50 -1 -1 -1 0 
21 2 730 312 74 68 -1 -1 -1 0 
21 8 572 332 27 37 -1 -1 -1 0 
22 1 595 326 46 50 -1 -1 -1 0 
22 2 731 312 74 68 -1 -1 -1 0 
22 8 573 332 25 37 -1 -1 -1 0 
23 1 596 326 46 50 -1 -1 -1 0 
23 2 730 311 74 70 -1 -1 -1 0 
23 8 573 333 26 36 -1 -1 -1 0 
24 1 597 326 44 51 -1 -1 -1 0 
24 2 728 312 74 69 -1 -1 -1 0 
24 7 931 299 53 44 -1 -1 -1 0 
24 8 574 334 26 36 -1 -1 -1 0 
25 1 597 327 43 50 -1 -1 -1 0 
25 2 727 312 75 69 -1 -1 -1 0 
25 7 903 300 55 43 -1 -1 -1 0 
26 1 597 327 44 49 -1 -1 -1 0 
26 2 725 312 76 69 -1 -1 -1 0 
27 1 598 326 43 48 -1 -1 -1 0 
27 2 723 311 78 70 -1 -1 -1 0 
28 1 599 327 42 45 -1 -1 -1 0 
28 2 721 310 80 71 -1 -1 -1 0 
29 1 599 327 41 45 -1 -1 -1 0 
29 2 718 310 82 70 -1 -1 -1 0 
30 1 600 328 40 43 -1 -1 -1 0 
30 2 717 309 82 71 -1 -1 -1 0 
30 7 909 298 63 44 -1 -1 -1 0 
31 1 600 328 41 43 -1 -1 -1 0 
31 2 717 311 83 69 -1 -1 -1 0 
31 7 926 296 61 45 -1 -1 -1 0 
32 1 599 329 43 42 -1 -1 -1 0 
32 2 717 311 84 69 -1 -1 -1 0 
32 7 917 296 62 45 -1 -1 -1 0 
33 1 599 329 43 41 -1 -1 -1 0 
33 2 718 311 83 69 -1 -1 -1 0 
34 1 599 328 43 42 -1 -1 -1 0 
34 2 720 311 80 69 -1 -1 -1 0 
35 1 598 328 44 43 -1 -1 -1 0 
35 2 719 311 82 68 -1 -1 -1 0 
36 1 599 328 43 43 -1 -1 -1 0 
36 2 719 311 83 68 -1 -1 -1 0 
37 1 597 328 46 43 -1 -1 -1 0 
37 2 720 309 80 70 -1 -1 -1 0 
38 1 598 328 44 43 -1 -1 -1 0 
38 2 721 309 78 71 -1 -1 -1 0 
39 1 599 327 43 44 -1 -1 -1 0 
39 2 722 307 79 73 -1 -1 -1 0 
40 1 598 327 45 44 -1 -1 -1 0 
40 2 721 308 80 72 -1 -1 -1 0 
