3 1 707 337 27 36 -1 -1 -1 0 
4 1 707 335 27 37 -1 -1 -1 0 
5 1 706 334 29 37 -1 -1 -1 0 
6 1 707 333 28 37 -1 -1 -1 0 
7 1 707 334 28 36 -1 -1 -1 0 
8 1 708 333 28 38 -1 -1 -1 0 
9 1 708 333 29 40 -1 -1 -1 0 
10 1 707 335 31 38 -1 -1 -1 0 
11 1 708 336 29 38 -1 -1 -1 0 
12 1 707 337 30 37 -1 -1 -1 0 
12 4 629 334 45 51 -1 -1 -1 0 
13 1 707 337 30 38 -1 -1 -1 0 
13 4 629 334 45 51 -1 -1 -1 0 
14 1 707 338 28 36 -1 -1 -1 0 
14 4 629 334 45 50 -1 -1 -1 0 
15 1 706 338 30 36 -1 -1 -1 0 
15 4 629 333 45 50 -1 -1 -1 0 
16 1 706 338 29 35 -1 -1 -1 0 
16 4 630 333 44 49 -1 -1 -1 0 
17 1 706 336 28 37 -1 -1 -1 0 
17 4 630 331 45 51 -1 -1 -1 0 
18 1 705 336 29 38 -1 -1 -1 0 
18 4 630 331 45 50 -1 -1 -1 0 
19 1 705 337 30 37 -1 -1 -1 0 
19 4 629 334 44 47 -1 -1 -1 0 
20 1 705 338 30 36 -1 -1 -1 0 
20 4 630 336 42 46 -1 -1 -1 0 
20 6 0 309 439 310 -1 -1 -1 0 
21 1 705 338 30 36 -1 -1 -1 0 
21 4 630 336 42 45 -1 -1 -1 0 
21 6 0 312 442 306 -1 -1 -1 0 
22 1 705 338 29 38 -1 -1 -1 0 
22 4 629 334 44 49 -1 -1 -1 0 
22 6 0 321 454 295 -1 -1 -1 0 
23 1 704 338 30 38 -1 -1 -1 0 
23 4 629 333 45 51 -1 -1 -1 0 
23 6 3 312 446 300 -1 -1 -1 0 
24 1 704 339 30 38 -1 -1 -1 0 
24 4 629 333 44 51 -1 -1 -1 0 
24 6 1 308 448 298 -1 -1 -1 0 
25 1 703 338 31 38 -1 -1 -1 0 
25 4 629 333 45 51 -1 -1 -1 0 
25 6 0 304 454 293 -1 -1 -1 0 
26 1 703 338 30 38 -1 -1 -1 0 
26 4 629 332 44 51 -1 -1 -1 0 
26 6 0 310 460 284 -1 -1 -1 0 
27 1 702 338 31 38 -1 -1 -1 0 
27 4 628 333 45 50 -1 -1 -1 0 
27 6 0 317 461 269 -1 -1 -1 0 
28 1 701 336 31 40 -1 -1 -1 0 
28 4 629 333 44 49 -1 -1 -1 0 
28 6 0 321 462 258 -1 -1 -1 0 
29 1 700 336 32 39 -1 -1 -1 0 
29 4 629 333 44 48 -1 -1 -1 0 
29 6 1 321 459 256 -1 -1 -1 0 
30 1 700 336 31 39 -1 -1 -1 0 
30 4 629 334 43 47 -1 -1 -1 0 
30 6 6 323 458 251 -1 -1 -1 0 
31 1 699 336 32 39 -1 -1 -1 0 
31 4 630 334 41 47 -1 -1 -1 0 
31 6 22 327 449 241 -1 -1 -1 0 
32 1 699 336 31 38 -1 -1 -1 0 
32 4 630 334 41 47 -1 -1 -1 0 
32 6 36 329 439 230 -1 -1 -1 0 
33 1 699 336 31 38 -1 -1 -1 0 
33 4 630 333 40 48 -1 -1 -1 0 
33 6 59 333 418 221 -1 -1 -1 0 
34 1 699 336 31 38 -1 -1 -1 0 
34 4 629 333 42 48 -1 -1 -1 0 
34 6 74 334 404 215 -1 -1 -1 0 
35 1 699 336 32 38 -1 -1 -1 0 
35 4 629 333 41 48 -1 -1 -1 0 
35 6 94 334 383 212 -1 -1 -1 0 
36 1 699 336 31 38 -1 -1 -1 0 
36 4 629 333 41 48 -1 -1 -1 0 
36 6 110 336 371 207 -1 -1 -1 0 
37 1 698 336 31 38 -1 -1 -1 0 
37 4 628 333 43 48 -1 -1 -1 0 
37 6 125 337 361 204 -1 -1 -1 0 
38 1 697 337 33 38 -1 -1 -1 0 
38 4 629 333 41 49 -1 -1 -1 0 
38 6 139 336 354 201 -1 -1 -1 0 
39 1 698 337 31 38 -1 -1 -1 0 
39 4 629 331 41 51 -1 -1 -1 0 
39 6 151 337 345 194 -1 -1 -1 0 
40 1 698 336 31 38 -1 -1 -1 0 
40 4 629 331 42 50 -1 -1 -1 0 
40 6 164 337 331 190 -1 -1 -1 0 
