3 1 552 322 67 75 -1 -1 -1 0 
3 2 670 330 50 56 -1 -1 -1 0 
4 1 553 322 67 76 -1 -1 -1 0 
4 2 671 330 50 56 -1 -1 -1 0 
4 4 626 333 26 34 -1 -1 -1 0 
5 1 554 322 66 76 -1 -1 -1 0 
5 2 671 331 50 56 -1 -1 -1 0 
5 4 627 333 24 33 -1 -1 -1 0 
6 1 554 322 66 76 -1 -1 -1 0 
6 2 671 331 50 56 -1 -1 -1 0 
6 4 626 333 25 33 -1 -1 -1 0 
7 1 556 322 65 76 -1 -1 -1 0 
7 2 672 331 48 57 -1 -1 -1 0 
7 4 626 334 25 32 -1 -1 -1 0 
8 1 557 322 65 76 -1 -1 -1 0 
8 2 671 332 50 56 -1 -1 -1 0 
8 4 627 334 24 34 -1 -1 -1 0 
8 8 25 346 107 60 -1 -1 -1 0 
9 1 558 323 64 74 -1 -1 -1 0 
9 2 672 332 49 56 -1 -1 -1 0 
9 4 626 335 26 33 -1 -1 -1 0 
9 8 6 347 104 62 -1 -1 -1 0 
10 1 560 323 62 73 -1 -1 -1 0 
10 2 672 332 49 56 -1 -1 -1 0 
10 4 627 334 24 33 -1 -1 -1 0 
10 8 6 346 75 64 -1 -1 -1 0 
11 1 561 323 61 71 -1 -1 -1 0 
11 2 672 332 50 55 -1 -1 -1 0 
11 4 627 334 24 33 -1 -1 -1 0 
11 8 0 346 52 66 -1 -1 -1 0 
12 1 562 323 60 70 -1 -1 -1 0 
12 2 672 332 49 52 -1 -1 -1 0 
12 8 0 345 34 69 -1 -1 -1 0 
13 1 563 322 60 70 -1 -1 -1 0 
13 2 673 331 48 53 -1 -1 -1 0 
13 9 526 332 37 48 -1 -1 -1 0 
14 1 564 322 59 68 -1 -1 -1 0 
14 2 673 331 50 53 -1 -1 -1 0 
14 4 628 333 25 32 -1 -1 -1 0 
14 9 520 331 42 49 -1 -1 -1 0 
15 1 565 321 58 70 -1 -1 -1 0 
15 2 674 331 49 53 -1 -1 -1 0 
15 4 628 333 25 31 -1 -1 -1 0 
15 9 516 330 45 53 -1 -1 -1 0 
16 1 564 322 61 70 -1 -1 -1 0 
16 2 674 332 49 52 -1 -1 -1 0 
16 9 513 331 46 52 -1 -1 -1 0 
17 1 567 322 60 70 -1 -1 -1 0 
17 2 676 332 47 53 -1 -1 -1 0 
17 9 509 330 48 55 -1 -1 -1 0 
18 1 568 323 60 70 -1 -1 -1 0 
18 2 675 332 48 54 -1 -1 -1 0 
18 9 505 331 53 56 -1 -1 -1 0 
19 1 570 323 59 70 -1 -1 -1 0 
19 2 676 331 48 56 -1 -1 -1 0 
19 9 500 333 54 55 -1 -1 -1 0 
20 1 571 323 59 70 -1 -1 -1 0 
20 2 677 333 47 53 -1 -1 -1 0 
20 9 493 333 61 57 -1 -1 -1 0 
20 12 109 347 89 49 -1 -1 -1 0 
21 1 573 324 58 69 -1 -1 -1 0 
21 2 678 334 45 53 -1 -1 -1 0 
21 9 488 334 61 57 -1 -1 -1 0 
21 12 80 344 91 54 -1 -1 -1 0 
22 1 573 325 59 69 -1 -1 -1 0 
22 2 678 334 46 53 -1 -1 -1 0 
22 9 484 335 59 57 -1 -1 -1 0 
22 12 35 345 106 60 -1 -1 -1 0 
23 1 574 325 59 69 -1 -1 -1 0 
23 2 679 333 45 55 -1 -1 -1 0 
23 9 478 334 61 60 -1 -1 -1 0 
23 12 2 346 97 60 -1 -1 -1 0 
24 1 576 325 58 68 -1 -1 -1 0 
24 2 678 335 48 51 -1 -1 -1 0 
24 9 471 334 67 62 -1 -1 -1 0 
24 12 0 346 70 63 -1 -1 -1 0 
25 1 579 324 56 67 -1 -1 -1 0 
25 2 679 334 46 53 -1 -1 -1 0 
25 9 466 334 65 63 -1 -1 -1 0 
26 1 581 324 55 68 -1 -1 -1 0 
26 2 681 336 46 50 -1 -1 -1 0 
26 9 459 335 62 65 -1 -1 -1 0 
27 1 582 323 55 68 -1 -1 -1 0 
27 2 682 335 48 51 -1 -1 -1 0 
27 9 449 335 66 67 -1 -1 -1 0 
28 1 582 323 57 68 -1 -1 -1 0 
28 2 682 335 49 51 -1 -1 -1 0 
28 9 442 336 67 68 -1 -1 -1 0 
29 1 584 324 56 66 -1 -1 -1 0 
29 2 682 335 51 52 -1 -1 -1 0 
29 9 433 336 66 69 -1 -1 -1 0 
30 1 586 324 54 66 -1 -1 -1 0 
30 2 685 336 49 50 -1 -1 -1 0 
30 9 422 336 69 71 -1 -1 -1 0 
31 1 587 325 55 65 -1 -1 -1 0 
31 2 687 336 46 50 -1 -1 -1 0 
31 9 411 337 70 72 -1 -1 -1 0 
32 1 589 324 55 66 -1 -1 -1 0 
32 2 688 336 45 48 -1 -1 -1 0 
32 9 398 335 82 76 -1 -1 -1 0 
33 1 590 324 56 66 -1 -1 -1 0 
33 2 689 337 44 47 -1 -1 -1 0 
33 9 385 334 90 81 -1 -1 -1 0 
34 1 592 324 54 66 -1 -1 -1 0 
34 2 689 337 45 46 -1 -1 -1 0 
34 9 370 334 99 82 -1 -1 -1 0 
35 1 593 324 54 66 -1 -1 -1 0 
35 2 690 337 44 46 -1 -1 -1 0 
35 9 352 334 119 85 -1 -1 -1 0 
36 1 593 324 54 65 -1 -1 -1 0 
36 2 690 337 44 45 -1 -1 -1 0 
36 9 334 334 120 89 -1 -1 -1 0 
37 1 593 323 54 66 -1 -1 -1 0 
37 2 690 336 44 46 -1 -1 -1 0 
37 9 312 332 136 93 -1 -1 -1 0 
38 1 593 323 54 65 -1 -1 -1 0 
38 2 691 336 43 46 -1 -1 -1 0 
38 9 284 332 156 98 -1 -1 -1 0 
39 1 594 323 53 65 -1 -1 -1 0 
39 2 689 336 45 46 -1 -1 -1 0 
39 9 255 333 181 102 -1 -1 -1 0 
40 1 594 324 53 64 -1 -1 -1 0 
40 2 691 336 42 46 -1 -1 -1 0 
40 9 225 337 167 104 -1 -1 -1 0 
