3 1 1052 323 227 121 -1 -1 -1 0 
3 2 528 330 81 84 -1 -1 -1 0 
3 3 733 331 43 46 -1 -1 -1 0 
3 4 674 327 23 30 -1 -1 -1 0 
4 1 1056 323 223 122 -1 -1 -1 0 
4 2 530 331 80 84 -1 -1 -1 0 
4 3 734 332 42 46 -1 -1 -1 0 
4 4 674 327 23 31 -1 -1 -1 0 
5 1 1054 325 225 121 -1 -1 -1 0 
5 2 530 332 81 82 -1 -1 -1 0 
5 3 734 333 42 45 -1 -1 -1 0 
5 4 674 328 22 31 -1 -1 -1 0 
6 1 1055 327 224 120 -1 -1 -1 0 
6 2 531 331 81 82 -1 -1 -1 0 
6 3 734 333 42 45 -1 -1 -1 0 
6 4 673 328 23 31 -1 -1 -1 0 
7 1 1057 328 222 119 -1 -1 -1 0 
7 2 532 329 82 83 -1 -1 -1 0 
7 3 733 331 43 46 -1 -1 -1 0 
7 4 673 328 23 29 -1 -1 -1 0 
8 1 1060 329 219 116 -1 -1 -1 0 
8 2 533 329 82 82 -1 -1 -1 0 
8 3 733 330 42 47 -1 -1 -1 0 
8 4 673 327 22 30 -1 -1 -1 0 
9 1 1061 330 217 113 -1 -1 -1 0 
9 2 534 329 82 81 -1 -1 -1 0 
9 3 732 329 45 48 -1 -1 -1 0 
9 4 673 326 22 29 -1 -1 -1 0 
10 1 1066 329 209 114 -1 -1 -1 0 
10 2 536 328 81 81 -1 -1 -1 0 
10 3 731 329 46 48 -1 -1 -1 0 
10 4 672 326 23 29 -1 -1 -1 0 
11 1 1071 325 202 120 -1 -1 -1 0 
11 2 535 327 80 81 -1 -1 -1 0 
11 3 732 328 45 49 -1 -1 -1 0 
11 4 672 326 23 28 -1 -1 -1 0 
12 1 1071 324 205 122 -1 -1 -1 0 
12 2 536 327 79 81 -1 -1 -1 0 
12 3 731 329 46 48 -1 -1 -1 0 
12 4 673 326 21 28 -1 -1 -1 0 
13 1 1072 325 206 121 -1 -1 -1 0 
13 2 538 326 77 83 -1 -1 -1 0 
13 3 732 328 45 49 -1 -1 -1 0 
13 4 673 325 22 30 -1 -1 -1 0 
14 1 1071 328 207 116 -1 -1 -1 0 
14 2 538 326 79 83 -1 -1 -1 0 
14 3 731 328 45 50 -1 -1 -1 0 
14 4 673 326 21 31 -1 -1 -1 0 
15 1 1081 328 190 112 -1 -1 -1 0 
15 2 537 326 80 83 -1 -1 -1 0 
15 3 731 327 45 51 -1 -1 -1 0 
15 4 672 326 22 31 -1 -1 -1 0 
16 1 1081 329 195 115 -1 -1 -1 0 
16 2 538 327 79 81 -1 -1 -1 0 
16 3 730 329 46 50 -1 -1 -1 0 
16 4 671 327 24 30 -1 -1 -1 0 
17 1 1082 329 196 116 -1 -1 -1 0 
17 2 539 327 78 81 -1 -1 -1 0 
17 3 731 328 44 51 -1 -1 -1 0 
17 4 672 327 22 30 -1 -1 -1 0 
18 1 1086 329 193 116 -1 -1 -1 0 
18 2 539 326 78 81 -1 -1 -1 0 
18 3 731 328 44 50 -1 -1 -1 0 
18 4 671 326 23 30 -1 -1 -1 0 
19 1 1089 330 190 117 -1 -1 -1 0 
19 2 541 327 75 79 -1 -1 -1 0 
19 3 731 328 44 50 -1 -1 -1 0 
19 4 671 326 23 30 -1 -1 -1 0 
20 1 1093 330 186 119 -1 -1 -1 0 
20 2 542 327 74 79 -1 -1 -1 0 
20 3 730 328 46 50 -1 -1 -1 0 
20 4 672 326 21 30 -1 -1 -1 0 
21 1 1100 330 178 119 -1 -1 -1 0 
21 2 543 327 72 79 -1 -1 -1 0 
21 3 729 327 47 52 -1 -1 -1 0 
21 4 671 325 22 31 -1 -1 -1 0 
22 1 1102 331 177 117 -1 -1 -1 0 
22 2 542 328 74 77 -1 -1 -1 0 
22 3 729 329 46 50 -1 -1 -1 0 
22 4 670 325 24 31 -1 -1 -1 0 
23 1 1102 334 177 113 -1 -1 -1 0 
23 2 543 328 72 78 -1 -1 -1 0 
23 3 729 329 46 50 -1 -1 -1 0 
23 4 671 325 22 32 -1 -1 -1 0 
24 1 1107 335 172 112 -1 -1 -1 0 
24 2 543 328 73 78 -1 -1 -1 0 
24 3 730 330 45 49 -1 -1 -1 0 
24 4 670 325 23 32 -1 -1 -1 0 
25 1 1111 337 166 111 -1 -1 -1 0 
25 2 545 328 71 75 -1 -1 -1 0 
25 3 731 330 44 49 -1 -1 -1 0 
25 4 670 325 23 33 -1 -1 -1 0 
26 1 1114 339 163 109 -1 -1 -1 0 
26 2 546 329 70 73 -1 -1 -1 0 
26 3 731 331 45 48 -1 -1 -1 0 
26 4 670 325 24 33 -1 -1 -1 0 
27 1 1119 339 157 110 -1 -1 -1 0 
27 2 547 328 69 73 -1 -1 -1 0 
27 3 733 331 41 48 -1 -1 -1 0 
27 4 671 325 23 33 -1 -1 -1 0 
28 1 1124 338 153 114 -1 -1 -1 0 
28 2 549 328 68 72 -1 -1 -1 0 
28 3 733 331 41 48 -1 -1 -1 0 
28 4 670 325 24 33 -1 -1 -1 0 
29 1 1129 335 147 120 -1 -1 -1 0 
29 2 549 329 69 70 -1 -1 -1 0 
29 3 732 331 43 47 -1 -1 -1 0 
29 4 670 325 23 33 -1 -1 -1 0 
30 1 1129 335 150 119 -1 -1 -1 0 
30 2 550 329 68 70 -1 -1 -1 0 
30 3 732 331 43 47 -1 -1 -1 0 
30 4 670 325 25 31 -1 -1 -1 0 
31 1 1134 335 145 119 -1 -1 -1 0 
31 2 552 329 65 69 -1 -1 -1 0 
31 3 731 331 45 47 -1 -1 -1 0 
31 4 670 325 25 31 -1 -1 -1 0 
32 1 1140 338 139 117 -1 -1 -1 0 
32 2 552 328 67 70 -1 -1 -1 0 
32 3 732 329 44 48 -1 -1 -1 0 
32 4 671 325 23 31 -1 -1 -1 0 
33 1 1145 341 134 113 -1 -1 -1 0 
33 2 552 328 67 69 -1 -1 -1 0 
33 3 732 328 43 50 -1 -1 -1 0 
33 4 671 325 22 31 -1 -1 -1 0 
34 1 1153 343 125 111 -1 -1 -1 0 
34 2 553 328 66 69 -1 -1 -1 0 
34 3 732 328 44 50 -1 -1 -1 0 
34 4 670 324 24 32 -1 -1 -1 0 
35 1 1160 344 118 113 -1 -1 -1 0 
35 2 553 327 66 69 -1 -1 -1 0 
35 3 731 328 46 50 -1 -1 -1 0 
35 4 670 325 23 31 -1 -1 -1 0 
36 1 1163 346 115 111 -1 -1 -1 0 
36 2 553 327 66 69 -1 -1 -1 0 
36 3 732 328 44 51 -1 -1 -1 0 
36 4 669 325 25 31 -1 -1 -1 0 
37 1 1170 345 107 114 -1 -1 -1 0 
37 2 553 327 66 69 -1 -1 -1 0 
37 3 732 329 44 50 -1 -1 -1 0 
37 4 669 325 25 31 -1 -1 -1 0 
38 1 1176 348 102 112 -1 -1 -1 0 
38 2 554 327 65 69 -1 -1 -1 0 
38 3 733 329 42 50 -1 -1 -1 0 
38 4 669 325 24 30 -1 -1 -1 0 
39 1 1185 341 90 123 -1 -1 -1 0 
39 2 555 327 64 69 -1 -1 -1 0 
39 3 732 329 45 50 -1 -1 -1 0 
39 4 669 326 25 29 -1 -1 -1 0 
40 1 1190 335 87 130 -1 -1 -1 0 
40 2 554 327 66 69 -1 -1 -1 0 
40 3 731 328 46 50 -1 -1 -1 0 
40 4 670 326 23 29 -1 -1 -1 0 
