3 1 640 336 39 44 -1 -1 -1 0 
4 1 640 336 38 43 -1 -1 -1 0 
5 1 640 336 37 41 -1 -1 -1 0 
6 1 640 336 37 41 -1 -1 -1 0 
7 1 641 336 36 42 -1 -1 -1 0 
8 1 641 337 37 41 -1 -1 -1 0 
9 1 641 337 36 42 -1 -1 -1 0 
10 1 642 337 35 43 -1 -1 -1 0 
11 1 641 338 37 42 -1 -1 -1 0 
12 1 641 338 37 42 -1 -1 -1 0 
13 1 641 336 36 44 -1 -1 -1 0 
14 1 641 337 37 41 -1 -1 -1 0 
15 1 642 338 36 38 -1 -1 -1 0 
16 1 642 338 36 38 -1 -1 -1 0 
17 1 641 336 36 41 -1 -1 -1 0 
18 1 641 335 36 42 -1 -1 -1 0 
19 1 642 335 35 41 -1 -1 -1 0 
20 1 642 337 36 39 -1 -1 -1 0 
21 1 642 337 36 39 -1 -1 -1 0 
22 1 643 337 35 39 -1 -1 -1 0 
23 1 644 337 34 39 -1 -1 -1 0 
24 1 644 337 34 39 -1 -1 -1 0 
25 1 644 336 34 41 -1 -1 -1 0 
26 1 644 336 34 41 -1 -1 -1 0 
27 1 644 336 35 41 -1 -1 -1 0 
28 1 644 336 35 40 -1 -1 -1 0 
29 1 643 336 36 40 -1 -1 -1 0 
29 13 0 323 89 333 -1 -1 -1 0 
30 1 644 334 36 43 -1 -1 -1 0 
30 13 0 305 113 327 -1 -1 -1 0 
31 1 644 335 36 42 -1 -1 -1 0 
31 13 1 289 119 325 -1 -1 -1 0 
32 1 644 336 35 41 -1 -1 -1 0 
33 1 645 336 34 42 -1 -1 -1 0 
34 1 645 336 35 42 -1 -1 -1 0 
35 1 646 337 34 41 -1 -1 -1 0 
36 1 647 337 32 41 -1 -1 -1 0 
37 1 647 337 33 40 -1 -1 -1 0 
38 1 647 337 33 40 -1 -1 -1 0 
39 1 648 338 32 39 -1 -1 -1 0 
40 1 648 336 32 40 -1 -1 -1 0 
