3 1 314 326 218 179 -1 -1 -1 0 
3 2 919 303 171 111 -1 -1 -1 0 
3 3 588 335 52 52 -1 -1 -1 0 
3 4 698 318 62 55 -1 -1 -1 0 
3 5 559 336 30 35 -1 -1 -1 0 
4 1 324 330 215 170 -1 -1 -1 0 
4 2 918 307 168 106 -1 -1 -1 0 
4 3 590 336 50 51 -1 -1 -1 0 
4 4 698 319 62 53 -1 -1 -1 0 
4 5 560 336 30 34 -1 -1 -1 0 
5 1 335 329 208 165 -1 -1 -1 0 
5 2 912 306 168 106 -1 -1 -1 0 
5 3 592 336 48 51 -1 -1 -1 0 
5 4 698 319 62 53 -1 -1 -1 0 
5 7 41 340 65 49 -1 -1 -1 0 
6 1 344 327 204 163 -1 -1 -1 0 
6 2 909 306 166 104 -1 -1 -1 0 
6 3 593 336 48 51 -1 -1 -1 0 
6 4 699 322 60 49 -1 -1 -1 0 
6 7 39 342 63 47 -1 -1 -1 0 
7 1 353 322 201 164 -1 -1 -1 0 
7 2 908 307 162 99 -1 -1 -1 0 
7 3 594 334 47 53 -1 -1 -1 0 
7 4 697 322 62 49 -1 -1 -1 0 
8 1 360 321 195 163 -1 -1 -1 0 
8 2 905 307 161 98 -1 -1 -1 0 
8 3 595 333 47 54 -1 -1 -1 0 
8 4 698 323 60 48 -1 -1 -1 0 
9 1 370 322 185 160 -1 -1 -1 0 
9 2 905 306 153 98 -1 -1 -1 0 
9 3 596 332 46 55 -1 -1 -1 0 
9 9 0 298 122 221 -1 -1 -1 0 
10 1 379 319 181 162 -1 -1 -1 0 
10 2 903 305 149 99 -1 -1 -1 0 
10 3 596 332 46 55 -1 -1 -1 0 
10 4 692 323 64 51 -1 -1 -1 0 
10 9 0 307 143 207 -1 -1 -1 0 
11 1 386 328 177 147 -1 -1 -1 0 
11 2 900 306 149 99 -1 -1 -1 0 
11 3 598 333 45 54 -1 -1 -1 0 
11 4 695 322 61 52 -1 -1 -1 0 
11 9 0 306 167 207 -1 -1 -1 0 
12 1 394 332 169 140 -1 -1 -1 0 
12 2 897 306 149 99 -1 -1 -1 0 
12 3 599 333 46 54 -1 -1 -1 0 
12 4 694 323 63 52 -1 -1 -1 0 
12 9 0 308 188 203 -1 -1 -1 0 
13 1 404 334 158 135 -1 -1 -1 0 
13 2 895 306 147 99 -1 -1 -1 0 
13 3 601 334 44 53 -1 -1 -1 0 
13 4 699 324 57 49 -1 -1 -1 0 
13 9 0 309 211 200 -1 -1 -1 0 
14 1 409 331 158 137 -1 -1 -1 0 
14 2 895 302 141 102 -1 -1 -1 0 
14 3 602 334 44 53 -1 -1 -1 0 
14 4 701 323 56 50 -1 -1 -1 0 
14 9 1 315 223 192 -1 -1 -1 0 
15 1 412 331 160 136 -1 -1 -1 0 
15 2 893 299 141 104 -1 -1 -1 0 
15 3 602 334 45 53 -1 -1 -1 0 
15 4 702 322 55 52 -1 -1 -1 0 
15 9 4 320 231 185 -1 -1 -1 0 
16 1 418 337 156 126 -1 -1 -1 0 
16 2 891 296 141 106 -1 -1 -1 0 
16 3 603 334 44 51 -1 -1 -1 0 
16 4 701 320 57 53 -1 -1 -1 0 
16 9 4 320 242 181 -1 -1 -1 0 
17 1 425 333 150 127 -1 -1 -1 0 
17 2 891 298 133 103 -1 -1 -1 0 
17 3 604 335 44 50 -1 -1 -1 0 
17 4 699 318 59 55 -1 -1 -1 0 
17 9 6 320 252 180 -1 -1 -1 0 
18 1 427 335 150 122 -1 -1 -1 0 
18 2 889 299 130 101 -1 -1 -1 0 
18 3 605 335 44 49 -1 -1 -1 0 
18 4 699 316 59 56 -1 -1 -1 0 
18 9 5 321 268 177 -1 -1 -1 0 
19 1 435 331 144 122 -1 -1 -1 0 
19 2 886 300 133 100 -1 -1 -1 0 
19 3 606 334 42 49 -1 -1 -1 0 
19 4 699 315 60 57 -1 -1 -1 0 
19 9 7 322 275 175 -1 -1 -1 0 
20 1 443 329 136 122 -1 -1 -1 0 
20 2 880 303 138 96 -1 -1 -1 0 
20 3 606 335 43 49 -1 -1 -1 0 
20 4 699 316 60 56 -1 -1 -1 0 
20 9 4 322 286 171 -1 -1 -1 0 
21 1 446 329 135 119 -1 -1 -1 0 
21 2 880 299 133 100 -1 -1 -1 0 
21 3 607 334 42 49 -1 -1 -1 0 
21 4 699 316 60 56 -1 -1 -1 0 
21 9 7 320 277 174 -1 -1 -1 0 
22 1 451 329 130 117 -1 -1 -1 0 
22 2 877 297 132 103 -1 -1 -1 0 
22 3 606 333 43 51 -1 -1 -1 0 
22 4 700 316 57 57 -1 -1 -1 0 
22 9 4 319 299 170 -1 -1 -1 0 
23 1 455 331 128 113 -1 -1 -1 0 
23 2 874 295 132 104 -1 -1 -1 0 
23 3 607 333 43 50 -1 -1 -1 0 
23 4 700 316 59 56 -1 -1 -1 0 
23 9 6 317 290 168 -1 -1 -1 0 
24 1 458 330 128 113 -1 -1 -1 0 
24 2 870 298 133 101 -1 -1 -1 0 
24 3 607 332 43 51 -1 -1 -1 0 
24 4 699 317 60 55 -1 -1 -1 0 
24 9 0 320 325 158 -1 -1 -1 0 
25 1 460 325 127 117 -1 -1 -1 0 
25 2 868 302 133 96 -1 -1 -1 0 
25 3 608 332 42 50 -1 -1 -1 0 
25 4 694 323 33 47 -1 -1 -1 0 
25 9 21 320 306 152 -1 -1 -1 0 
26 1 461 322 127 119 -1 -1 -1 0 
26 2 867 303 129 93 -1 -1 -1 0 
26 3 607 332 43 50 -1 -1 -1 0 
26 4 695 319 52 52 -1 -1 -1 0 
26 9 51 319 278 148 -1 -1 -1 0 
27 1 465 323 123 116 -1 -1 -1 0 
27 2 866 303 126 93 -1 -1 -1 0 
27 3 608 332 42 49 -1 -1 -1 0 
27 4 698 317 56 55 -1 -1 -1 0 
27 9 76 321 265 142 -1 -1 -1 0 
28 1 468 322 123 117 -1 -1 -1 0 
28 2 864 305 125 92 -1 -1 -1 0 
28 3 607 332 44 49 -1 -1 -1 0 
28 4 698 316 60 57 -1 -1 -1 0 
28 9 94 319 258 139 -1 -1 -1 0 
29 1 471 328 124 109 -1 -1 -1 0 
29 2 863 303 121 95 -1 -1 -1 0 
29 3 609 334 42 47 -1 -1 -1 0 
29 4 699 316 59 58 -1 -1 -1 0 
29 9 114 321 246 133 -1 -1 -1 0 
29 13 0 300 127 170 -1 -1 -1 0 
30 1 476 331 118 104 -1 -1 -1 0 
30 2 861 306 122 92 -1 -1 -1 0 
30 3 610 335 40 47 -1 -1 -1 0 
30 4 698 316 61 58 -1 -1 -1 0 
30 9 132 324 232 127 -1 -1 -1 0 
30 13 3 298 129 170 -1 -1 -1 0 
31 1 478 334 118 99 -1 -1 -1 0 
31 2 859 306 119 91 -1 -1 -1 0 
31 3 610 334 40 48 -1 -1 -1 0 
31 4 698 316 60 57 -1 -1 -1 0 
31 9 151 325 215 124 -1 -1 -1 0 
32 1 484 338 110 93 -1 -1 -1 0 
32 2 856 309 119 87 -1 -1 -1 0 
32 3 610 333 41 49 -1 -1 -1 0 
32 4 699 316 58 57 -1 -1 -1 0 
32 9 163 324 209 124 -1 -1 -1 0 
33 1 488 337 106 92 -1 -1 -1 0 
33 2 855 306 117 89 -1 -1 -1 0 
33 3 610 332 41 50 -1 -1 -1 0 
33 4 701 316 56 57 -1 -1 -1 0 
33 9 174 326 212 121 -1 -1 -1 0 
34 1 491 340 102 89 -1 -1 -1 0 
34 2 852 309 119 85 -1 -1 -1 0 
34 3 610 332 42 50 -1 -1 -1 0 
34 4 701 317 57 57 -1 -1 -1 0 
34 9 192 327 197 118 -1 -1 -1 0 
35 1 493 340 101 87 -1 -1 -1 0 
35 2 852 312 117 82 -1 -1 -1 0 
35 3 611 332 41 49 -1 -1 -1 0 
35 4 701 319 57 55 -1 -1 -1 0 
35 9 203 327 194 115 -1 -1 -1 0 
35 16 684 328 29 42 -1 -1 -1 0 
36 1 497 337 97 91 -1 -1 -1 0 
36 2 852 310 112 83 -1 -1 -1 0 
36 3 611 333 41 48 -1 -1 -1 0 
36 4 700 319 58 56 -1 -1 -1 0 
36 9 217 326 186 115 -1 -1 -1 0 
36 16 684 328 28 43 -1 -1 -1 0 
37 1 500 332 94 95 -1 -1 -1 0 
37 2 850 309 111 83 -1 -1 -1 0 
37 3 612 333 40 48 -1 -1 -1 0 
37 4 699 318 59 57 -1 -1 -1 0 
37 9 227 325 185 113 -1 -1 -1 0 
37 16 684 329 28 42 -1 -1 -1 0 
38 1 502 333 93 93 -1 -1 -1 0 
38 2 848 311 111 80 -1 -1 -1 0 
38 3 612 333 40 47 -1 -1 -1 0 
38 4 699 318 59 57 -1 -1 -1 0 
38 9 241 322 177 113 -1 -1 -1 0 
38 16 684 328 29 43 -1 -1 -1 0 
39 1 503 335 93 89 -1 -1 -1 0 
39 2 849 313 108 78 -1 -1 -1 0 
39 3 613 333 39 47 -1 -1 -1 0 
39 4 700 318 58 57 -1 -1 -1 0 
39 9 251 322 171 112 -1 -1 -1 0 
39 16 685 328 28 43 -1 -1 -1 0 
40 1 505 336 92 87 -1 -1 -1 0 
40 2 849 313 106 79 -1 -1 -1 0 
40 3 613 333 39 46 -1 -1 -1 0 
40 4 701 318 57 57 -1 -1 -1 0 
40 9 261 322 164 109 -1 -1 -1 0 
40 16 685 328 28 43 -1 -1 -1 0 
