3 2 381 333 63 46 -1 -1 -1 0 
4 2 372 333 64 47 -1 -1 -1 0 
5 2 323 333 61 54 -1 -1 -1 0 
6 2 281 332 71 57 -1 -1 -1 0 
6 6 793 296 69 79 -1 -1 -1 0 
7 2 255 332 74 60 -1 -1 -1 0 
7 6 795 299 71 77 -1 -1 -1 0 
8 6 798 298 71 80 -1 -1 -1 0 
9 6 798 300 75 81 -1 -1 -1 0 
10 6 800 302 76 79 -1 -1 -1 0 
10 15 346 341 49 40 -1 -1 -1 0 
11 6 801 304 81 80 -1 -1 -1 0 
11 15 322 342 56 42 -1 -1 -1 0 
12 6 804 303 81 82 -1 -1 -1 0 
12 15 292 340 67 47 -1 -1 -1 0 
13 6 804 304 85 82 -1 -1 -1 0 
13 15 255 340 84 53 -1 -1 -1 0 
14 6 806 304 88 81 -1 -1 -1 0 
14 15 213 346 63 49 -1 -1 -1 0 
15 6 811 299 86 85 -1 -1 -1 0 
15 15 185 347 65 52 -1 -1 -1 0 
16 6 814 300 86 82 -1 -1 -1 0 
16 15 106 348 124 67 -1 -1 -1 0 
17 6 817 300 85 80 -1 -1 -1 0 
17 15 18 350 137 72 -1 -1 -1 0 
18 6 819 302 89 78 -1 -1 -1 0 
18 15 0 351 115 77 -1 -1 -1 0 
19 6 822 299 90 82 -1 -1 -1 0 
20 6 824 297 94 85 -1 -1 -1 0 
21 6 824 302 100 82 -1 -1 -1 0 
22 6 828 303 97 83 -1 -1 -1 0 
23 6 827 307 104 81 -1 -1 -1 0 
24 6 831 306 103 84 -1 -1 -1 0 
25 6 836 305 104 86 -1 -1 -1 0 
26 2 395 325 57 47 -1 -1 -1 0 
26 6 837 308 110 84 -1 -1 -1 0 
27 2 390 325 60 49 -1 -1 -1 0 
27 6 842 309 108 84 -1 -1 -1 0 
28 2 375 327 64 48 -1 -1 -1 0 
28 6 846 306 108 86 -1 -1 -1 0 
29 2 355 328 72 50 -1 -1 -1 0 
29 6 850 300 105 93 -1 -1 -1 0 
30 2 332 327 78 54 -1 -1 -1 0 
30 6 851 290 113 103 -1 -1 -1 0 
31 2 311 330 76 52 -1 -1 -1 0 
31 6 853 286 118 108 -1 -1 -1 0 
31 24 458 328 39 44 -1 -1 -1 0 
32 2 266 331 95 58 -1 -1 -1 0 
32 6 856 284 121 111 -1 -1 -1 0 
32 24 454 328 40 45 -1 -1 -1 0 
33 2 232 331 103 63 -1 -1 -1 0 
33 6 857 290 128 108 -1 -1 -1 0 
34 2 158 332 150 71 -1 -1 -1 0 
34 6 863 293 127 108 -1 -1 -1 0 
34 24 420 334 48 47 -1 -1 -1 0 
35 2 97 333 164 79 -1 -1 -1 0 
35 6 868 293 128 111 -1 -1 -1 0 
35 24 405 335 52 49 -1 -1 -1 0 
36 2 22 334 177 84 -1 -1 -1 0 
36 6 870 290 135 115 -1 -1 -1 0 
36 24 382 336 61 50 -1 -1 -1 0 
37 2 7 327 92 99 -1 -1 -1 0 
37 6 874 289 141 117 -1 -1 -1 0 
37 24 359 335 64 54 -1 -1 -1 0 
38 2 0 327 64 103 -1 -1 -1 0 
38 6 877 288 146 118 -1 -1 -1 0 
38 24 329 334 68 56 -1 -1 -1 0 
39 6 880 287 152 122 -1 -1 -1 0 
39 24 284 333 107 64 -1 -1 -1 0 
40 6 889 282 148 127 -1 -1 -1 0 
40 24 235 334 121 69 -1 -1 -1 0 
