3 1 586 328 66 66 -1 -1 -1 0 
4 1 588 329 64 65 -1 -1 -1 0 
5 1 589 329 64 65 -1 -1 -1 0 
6 1 591 329 64 65 -1 -1 -1 0 
7 1 593 329 62 64 -1 -1 -1 0 
8 1 595 329 62 64 -1 -1 -1 0 
9 1 596 329 63 62 -1 -1 -1 0 
10 1 597 328 63 62 -1 -1 -1 0 
11 1 599 327 63 62 -1 -1 -1 0 
12 1 600 327 65 64 -1 -1 -1 0 
13 1 602 326 63 65 -1 -1 -1 0 
14 1 604 326 62 65 -1 -1 -1 0 
15 1 604 325 64 66 -1 -1 -1 0 
16 1 605 325 64 66 -1 -1 -1 0 
17 1 607 325 62 65 -1 -1 -1 0 
18 1 608 326 62 63 -1 -1 -1 0 
19 1 610 325 62 64 -1 -1 -1 0 
19 4 1215 341 63 79 -1 -1 -1 0 
20 1 611 325 62 64 -1 -1 -1 0 
20 4 1220 342 59 78 -1 -1 -1 0 
21 1 613 325 61 64 -1 -1 -1 0 
22 1 614 326 61 63 -1 -1 -1 0 
23 1 614 326 62 63 -1 -1 -1 0 
24 1 615 326 61 63 -1 -1 -1 0 
25 1 616 326 60 62 -1 -1 -1 0 
26 1 617 326 60 62 -1 -1 -1 0 
27 1 618 325 60 62 -1 -1 -1 0 
28 1 619 325 60 62 -1 -1 -1 0 
29 1 620 325 59 62 -1 -1 -1 0 
30 1 622 325 57 61 -1 -1 -1 0 
31 1 624 326 55 59 -1 -1 -1 0 
32 1 626 326 53 58 -1 -1 -1 0 
33 1 628 327 51 58 -1 -1 -1 0 
34 1 629 327 51 58 -1 -1 -1 0 
35 1 628 329 52 56 -1 -1 -1 0 
36 1 629 329 52 56 -1 -1 -1 0 
37 1 629 329 51 57 -1 -1 -1 0 
38 1 629 329 52 58 -1 -1 -1 0 
39 1 629 330 53 57 -1 -1 -1 0 
40 1 631 331 51 56 -1 -1 -1 0 
