3 1 533 325 103 101 -1 -1 -1 0 
4 1 537 323 98 102 -1 -1 -1 0 
5 1 539 324 97 99 -1 -1 -1 0 
5 2 444 326 42 44 -1 -1 -1 0 
6 1 543 327 95 95 -1 -1 -1 0 
6 2 424 328 47 43 -1 -1 -1 0 
7 1 547 326 92 96 -1 -1 -1 0 
7 2 406 327 50 45 -1 -1 -1 0 
8 1 550 325 91 97 -1 -1 -1 0 
8 2 388 325 49 50 -1 -1 -1 0 
9 1 554 327 89 95 -1 -1 -1 0 
9 2 364 326 52 52 -1 -1 -1 0 
10 1 555 331 91 90 -1 -1 -1 0 
10 2 347 326 54 53 -1 -1 -1 0 
11 1 559 332 86 88 -1 -1 -1 0 
12 1 561 333 84 87 -1 -1 -1 0 
13 1 563 335 84 84 -1 -1 -1 0 
14 1 565 334 81 85 -1 -1 -1 0 
15 1 566 335 80 84 -1 -1 -1 0 
16 1 568 334 77 85 -1 -1 -1 0 
17 1 568 334 80 85 -1 -1 -1 0 
18 1 570 335 78 83 -1 -1 -1 0 
19 1 570 333 77 83 -1 -1 -1 0 
20 1 570 331 77 84 -1 -1 -1 0 
21 1 570 329 77 85 -1 -1 -1 0 
22 1 572 329 75 85 -1 -1 -1 0 
23 1 573 327 73 86 -1 -1 -1 0 
24 1 573 328 73 85 -1 -1 -1 0 
25 1 570 324 78 88 -1 -1 -1 0 
26 1 573 326 74 86 -1 -1 -1 0 
27 1 573 328 74 83 -1 -1 -1 0 
28 1 571 327 78 82 -1 -1 -1 0 
28 2 252 323 70 66 -1 -1 -1 0 
29 1 572 329 75 79 -1 -1 -1 0 
29 2 199 330 106 64 -1 -1 -1 0 
30 1 571 331 75 76 -1 -1 -1 0 
30 2 189 330 110 65 -1 -1 -1 0 
31 1 571 330 73 76 -1 -1 -1 0 
32 1 572 331 72 73 -1 -1 -1 0 
32 11 2 315 137 96 -1 -1 -1 0 
33 1 575 330 68 74 -1 -1 -1 0 
33 11 20 296 69 111 -1 -1 -1 0 
34 1 575 328 67 77 -1 -1 -1 0 
34 11 22 280 75 123 -1 -1 -1 0 
35 1 573 328 69 78 -1 -1 -1 0 
36 1 573 329 69 77 -1 -1 -1 0 
37 1 573 329 68 75 -1 -1 -1 0 
38 1 573 329 67 73 -1 -1 -1 0 
39 1 574 329 65 72 -1 -1 -1 0 
40 1 574 330 64 71 -1 -1 -1 0 
