3 1 648 330 62 63 -1 -1 -1 0 
4 1 647 331 64 63 -1 -1 -1 0 
5 1 646 332 65 62 -1 -1 -1 0 
6 1 647 332 62 61 -1 -1 -1 0 
7 1 647 332 62 61 -1 -1 -1 0 
8 1 648 332 61 61 -1 -1 -1 0 
9 1 648 332 60 61 -1 -1 -1 0 
9 2 248 342 63 38 -1 -1 -1 0 
10 1 647 331 61 62 -1 -1 -1 0 
10 2 222 340 57 42 -1 -1 -1 0 
11 1 648 331 60 61 -1 -1 -1 0 
11 2 191 340 54 44 -1 -1 -1 0 
12 1 649 330 58 62 -1 -1 -1 0 
12 2 155 342 73 44 -1 -1 -1 0 
13 1 649 330 58 61 -1 -1 -1 0 
13 2 132 346 63 44 -1 -1 -1 0 
14 1 649 329 58 62 -1 -1 -1 0 
14 2 75 347 83 49 -1 -1 -1 0 
15 1 650 329 57 61 -1 -1 -1 0 
15 2 19 348 88 54 -1 -1 -1 0 
16 1 649 330 59 61 -1 -1 -1 0 
16 2 2 340 43 68 -1 -1 -1 0 
17 1 650 331 58 61 -1 -1 -1 0 
17 2 0 341 6 70 -1 -1 -1 0 
18 1 650 332 58 60 -1 -1 -1 0 
19 1 650 332 58 60 -1 -1 -1 0 
20 1 650 332 57 60 -1 -1 -1 0 
21 1 649 332 59 61 -1 -1 -1 0 
22 1 650 332 59 61 -1 -1 -1 0 
23 1 649 333 61 61 -1 -1 -1 0 
24 1 649 333 62 61 -1 -1 -1 0 
25 1 649 334 63 59 -1 -1 -1 0 
26 1 650 334 61 58 -1 -1 -1 0 
27 1 651 334 60 58 -1 -1 -1 0 
28 1 651 334 61 58 -1 -1 -1 0 
29 1 650 334 62 57 -1 -1 -1 0 
30 1 649 334 63 57 -1 -1 -1 0 
31 1 649 334 64 56 -1 -1 -1 0 
32 1 650 333 62 57 -1 -1 -1 0 
33 1 650 333 62 57 -1 -1 -1 0 
34 1 649 333 63 60 -1 -1 -1 0 
35 1 649 333 64 61 -1 -1 -1 0 
36 1 650 333 63 62 -1 -1 -1 0 
37 1 651 332 62 63 -1 -1 -1 0 
37 4 105 344 77 49 -1 -1 -1 0 
38 1 651 331 63 65 -1 -1 -1 0 
38 4 86 344 81 51 -1 -1 -1 0 
39 1 652 331 63 65 -1 -1 -1 0 
39 4 7 345 89 58 -1 -1 -1 0 
40 1 654 330 60 65 -1 -1 -1 0 
40 4 0 345 63 62 -1 -1 -1 0 
