3 1 811 335 162 104 -1 -1 -1 0 
3 2 566 334 51 59 -1 -1 -1 0 
3 3 723 331 35 39 -1 -1 -1 0 
4 1 811 335 161 105 -1 -1 -1 0 
4 2 567 335 49 59 -1 -1 -1 0 
4 3 723 332 36 39 -1 -1 -1 0 
5 1 811 334 160 106 -1 -1 -1 0 
5 2 567 336 50 58 -1 -1 -1 0 
5 3 724 333 35 38 -1 -1 -1 0 
6 1 811 334 159 106 -1 -1 -1 0 
6 2 568 336 50 59 -1 -1 -1 0 
6 3 725 333 35 39 -1 -1 -1 0 
7 1 811 334 156 106 -1 -1 -1 0 
7 2 567 335 53 59 -1 -1 -1 0 
7 3 725 332 37 39 -1 -1 -1 0 
8 1 811 333 155 107 -1 -1 -1 0 
8 2 568 334 53 59 -1 -1 -1 0 
8 3 727 331 35 39 -1 -1 -1 0 
9 1 809 333 156 104 -1 -1 -1 0 
9 2 570 334 52 57 -1 -1 -1 0 
9 3 728 329 35 40 -1 -1 -1 0 
10 1 810 332 154 105 -1 -1 -1 0 
10 2 571 333 51 58 -1 -1 -1 0 
10 3 730 328 34 41 -1 -1 -1 0 
11 1 809 331 153 104 -1 -1 -1 0 
11 2 573 333 49 57 -1 -1 -1 0 
11 3 732 328 32 41 -1 -1 -1 0 
12 1 810 332 151 102 -1 -1 -1 0 
12 2 574 331 49 59 -1 -1 -1 0 
12 3 731 328 35 41 -1 -1 -1 0 
13 1 808 333 152 100 -1 -1 -1 0 
13 2 574 331 51 58 -1 -1 -1 0 
13 3 733 328 33 41 -1 -1 -1 0 
14 1 809 334 149 99 -1 -1 -1 0 
14 2 576 332 50 57 -1 -1 -1 0 
14 3 733 328 34 41 -1 -1 -1 0 
15 1 809 334 148 98 -1 -1 -1 0 
15 2 577 332 49 57 -1 -1 -1 0 
15 3 733 330 34 40 -1 -1 -1 0 
16 1 809 336 147 99 -1 -1 -1 0 
16 2 577 333 51 56 -1 -1 -1 0 
16 3 733 330 35 40 -1 -1 -1 0 
17 1 809 337 144 100 -1 -1 -1 0 
17 2 578 333 49 58 -1 -1 -1 0 
17 3 734 334 33 39 -1 -1 -1 0 
18 1 808 338 145 99 -1 -1 -1 0 
18 2 578 333 49 58 -1 -1 -1 0 
18 3 734 334 33 39 -1 -1 -1 0 
19 1 806 338 146 99 -1 -1 -1 0 
19 2 578 332 49 59 -1 -1 -1 0 
19 3 733 334 34 40 -1 -1 -1 0 
20 1 805 338 145 99 -1 -1 -1 0 
20 2 577 332 49 58 -1 -1 -1 0 
20 3 733 334 34 40 -1 -1 -1 0 
21 1 805 337 144 98 -1 -1 -1 0 
21 2 577 332 49 57 -1 -1 -1 0 
21 3 733 333 34 39 -1 -1 -1 0 
22 1 804 336 143 98 -1 -1 -1 0 
22 2 578 332 48 56 -1 -1 -1 0 
22 3 733 331 33 41 -1 -1 -1 0 
23 1 805 335 141 100 -1 -1 -1 0 
23 2 578 332 48 55 -1 -1 -1 0 
23 3 733 329 34 41 -1 -1 -1 0 
24 1 805 334 139 100 -1 -1 -1 0 
24 2 579 332 46 54 -1 -1 -1 0 
24 3 733 328 34 41 -1 -1 -1 0 
25 1 803 333 141 99 -1 -1 -1 0 
25 2 579 331 46 54 -1 -1 -1 0 
25 3 733 328 34 41 -1 -1 -1 0 
26 1 802 333 142 99 -1 -1 -1 0 
26 2 579 331 46 55 -1 -1 -1 0 
26 3 733 327 34 41 -1 -1 -1 0 
27 1 802 333 141 99 -1 -1 -1 0 
27 2 579 331 46 55 -1 -1 -1 0 
27 3 734 326 33 43 -1 -1 -1 0 
28 1 801 334 143 100 -1 -1 -1 0 
28 2 579 331 46 55 -1 -1 -1 0 
28 3 734 326 34 43 -1 -1 -1 0 
29 1 799 336 145 98 -1 -1 -1 0 
29 2 579 331 46 56 -1 -1 -1 0 
29 3 734 326 35 44 -1 -1 -1 0 
30 1 799 337 144 97 -1 -1 -1 0 
30 2 579 332 46 55 -1 -1 -1 0 
30 3 733 325 37 45 -1 -1 -1 0 
31 1 798 337 144 97 -1 -1 -1 0 
31 2 579 332 46 54 -1 -1 -1 0 
31 3 734 325 37 47 -1 -1 -1 0 
32 1 797 338 144 95 -1 -1 -1 0 
32 2 580 332 44 54 -1 -1 -1 0 
32 3 734 326 38 46 -1 -1 -1 0 
33 1 797 337 142 97 -1 -1 -1 0 
33 2 580 331 44 55 -1 -1 -1 0 
33 3 735 327 37 46 -1 -1 -1 0 
34 1 796 339 141 93 -1 -1 -1 0 
34 2 580 331 44 55 -1 -1 -1 0 
34 3 735 328 37 45 -1 -1 -1 0 
35 1 797 339 139 92 -1 -1 -1 0 
35 2 580 331 44 55 -1 -1 -1 0 
35 3 735 330 36 43 -1 -1 -1 0 
36 1 797 340 138 90 -1 -1 -1 0 
36 2 580 331 44 54 -1 -1 -1 0 
36 3 735 330 36 42 -1 -1 -1 0 
37 1 797 338 137 90 -1 -1 -1 0 
37 2 580 330 44 55 -1 -1 -1 0 
37 3 736 331 36 41 -1 -1 -1 0 
38 1 797 338 137 90 -1 -1 -1 0 
38 2 581 330 43 55 -1 -1 -1 0 
38 3 737 331 34 41 -1 -1 -1 0 
39 1 797 338 137 89 -1 -1 -1 0 
39 2 581 330 44 55 -1 -1 -1 0 
39 3 737 331 35 40 -1 -1 -1 0 
40 1 797 338 137 89 -1 -1 -1 0 
40 2 580 330 45 55 -1 -1 -1 0 
40 3 738 331 34 40 -1 -1 -1 0 
