3 1 504 332 60 60 -1 -1 -1 0 
4 1 505 330 59 62 -1 -1 -1 0 
5 1 505 332 59 60 -1 -1 -1 0 
6 1 505 332 59 59 -1 -1 -1 0 
7 1 506 334 59 56 -1 -1 -1 0 
8 1 506 335 59 55 -1 -1 -1 0 
9 1 506 335 58 54 -1 -1 -1 0 
10 1 505 336 60 54 -1 -1 -1 0 
11 1 507 336 57 54 -1 -1 -1 0 
12 1 507 336 56 55 -1 -1 -1 0 
13 1 508 335 56 56 -1 -1 -1 0 
14 1 507 335 58 56 -1 -1 -1 0 
15 1 507 335 59 55 -1 -1 -1 0 
16 1 508 335 58 55 -1 -1 -1 0 
17 1 507 335 59 55 -1 -1 -1 0 
18 1 507 334 59 55 -1 -1 -1 0 
19 1 507 334 58 54 -1 -1 -1 0 
20 1 506 334 59 54 -1 -1 -1 0 
21 1 507 334 58 54 -1 -1 -1 0 
22 1 507 334 58 54 -1 -1 -1 0 
23 1 506 335 60 52 -1 -1 -1 0 
24 1 507 335 58 53 -1 -1 -1 0 
25 1 507 334 57 54 -1 -1 -1 0 
26 1 508 334 57 54 -1 -1 -1 0 
27 1 508 334 57 54 -1 -1 -1 0 
28 1 507 333 59 55 -1 -1 -1 0 
29 1 507 333 59 55 -1 -1 -1 0 
30 1 508 332 59 56 -1 -1 -1 0 
31 1 509 332 59 57 -1 -1 -1 0 
32 1 509 331 60 58 -1 -1 -1 0 
33 1 508 331 60 57 -1 -1 -1 0 
34 1 509 331 58 57 -1 -1 -1 0 
35 1 508 332 59 56 -1 -1 -1 0 
36 1 509 332 58 56 -1 -1 -1 0 
37 1 509 332 58 55 -1 -1 -1 0 
38 1 510 333 57 54 -1 -1 -1 0 
39 1 510 333 58 54 -1 -1 -1 0 
40 1 511 333 56 54 -1 -1 -1 0 
40 5 680 335 23 27 -1 -1 -1 0 
