3 1 831 322 48 55 -1 -1 -1 0 
4 1 829 324 50 53 -1 -1 -1 0 
4 2 967 364 312 195 -1 -1 -1 0 
5 1 829 324 49 53 -1 -1 -1 0 
5 2 972 355 305 200 -1 -1 -1 0 
6 1 830 324 48 53 -1 -1 -1 0 
6 2 971 344 307 209 -1 -1 -1 0 
7 1 830 324 48 53 -1 -1 -1 0 
7 2 968 337 311 213 -1 -1 -1 0 
8 1 830 324 48 53 -1 -1 -1 0 
8 2 958 334 321 214 -1 -1 -1 0 
9 1 832 323 45 54 -1 -1 -1 0 
9 2 953 333 326 213 -1 -1 -1 0 
10 1 831 322 46 55 -1 -1 -1 0 
10 2 953 335 326 209 -1 -1 -1 0 
11 1 831 322 46 55 -1 -1 -1 0 
11 2 954 335 325 205 -1 -1 -1 0 
12 1 830 322 47 55 -1 -1 -1 0 
12 2 955 337 324 200 -1 -1 -1 0 
13 1 830 322 47 55 -1 -1 -1 0 
13 2 956 337 323 197 -1 -1 -1 0 
14 1 829 323 48 54 -1 -1 -1 0 
14 2 952 330 327 202 -1 -1 -1 0 
15 1 829 323 47 54 -1 -1 -1 0 
15 2 948 326 331 204 -1 -1 -1 0 
16 1 829 322 47 55 -1 -1 -1 0 
16 2 946 327 333 202 -1 -1 -1 0 
17 1 828 322 48 56 -1 -1 -1 0 
17 2 944 322 335 205 -1 -1 -1 0 
18 1 828 322 48 56 -1 -1 -1 0 
18 2 944 311 332 216 -1 -1 -1 0 
19 1 827 322 49 56 -1 -1 -1 0 
19 2 942 302 335 224 -1 -1 -1 0 
19 6 468 307 74 60 -1 -1 -1 0 
20 1 828 322 46 56 -1 -1 -1 0 
20 2 937 297 340 226 -1 -1 -1 0 
20 6 452 307 82 59 -1 -1 -1 0 
20 7 196 327 81 61 -1 -1 -1 0 
21 1 828 322 47 55 -1 -1 -1 0 
21 2 934 294 340 225 -1 -1 -1 0 
21 6 441 307 85 60 -1 -1 -1 0 
21 7 150 332 92 60 -1 -1 -1 0 
22 1 828 322 46 55 -1 -1 -1 0 
22 2 933 295 338 219 -1 -1 -1 0 
22 6 424 308 91 60 -1 -1 -1 0 
22 7 94 334 107 63 -1 -1 -1 0 
23 1 827 321 47 55 -1 -1 -1 0 
23 2 931 295 341 216 -1 -1 -1 0 
23 6 407 307 94 64 -1 -1 -1 0 
23 7 28 335 131 66 -1 -1 -1 0 
24 1 827 321 47 55 -1 -1 -1 0 
24 2 928 296 341 211 -1 -1 -1 0 
24 6 388 305 95 67 -1 -1 -1 0 
24 7 3 332 88 72 -1 -1 -1 0 
24 8 488 334 41 40 -1 -1 -1 0 
25 1 826 323 47 53 -1 -1 -1 0 
25 2 922 294 346 208 -1 -1 -1 0 
25 6 364 304 107 70 -1 -1 -1 0 
25 7 0 332 49 75 -1 -1 -1 0 
25 8 474 335 40 40 -1 -1 -1 0 
26 1 825 323 48 53 -1 -1 -1 0 
26 2 921 289 334 210 -1 -1 -1 0 
26 6 348 303 77 74 -1 -1 -1 0 
26 8 457 335 42 42 -1 -1 -1 0 
27 1 825 323 47 53 -1 -1 -1 0 
27 2 920 288 309 206 -1 -1 -1 0 
27 6 312 305 102 73 -1 -1 -1 0 
27 8 438 335 47 44 -1 -1 -1 0 
28 1 825 324 47 52 -1 -1 -1 0 
28 2 913 290 310 201 -1 -1 -1 0 
28 6 285 303 106 79 -1 -1 -1 0 
28 8 414 334 56 46 -1 -1 -1 0 
29 1 824 324 47 53 -1 -1 -1 0 
29 2 901 290 357 198 -1 -1 -1 0 
29 6 250 304 106 82 -1 -1 -1 0 
29 8 390 334 61 48 -1 -1 -1 0 
30 1 824 324 47 53 -1 -1 -1 0 
30 2 897 292 372 193 -1 -1 -1 0 
30 6 204 294 148 93 -1 -1 -1 0 
30 8 363 338 67 46 -1 -1 -1 0 
31 1 824 324 46 53 -1 -1 -1 0 
31 2 915 297 302 187 -1 -1 -1 0 
31 6 150 290 193 100 -1 -1 -1 0 
31 8 332 342 70 46 -1 -1 -1 0 
32 1 823 324 47 54 -1 -1 -1 0 
32 2 909 296 289 187 -1 -1 -1 0 
32 6 106 289 156 110 -1 -1 -1 0 
32 8 312 343 72 47 -1 -1 -1 0 
33 1 822 324 49 54 -1 -1 -1 0 
33 2 906 296 267 187 -1 -1 -1 0 
33 6 32 279 143 130 -1 -1 -1 0 
34 1 822 323 49 56 -1 -1 -1 0 
34 2 902 299 259 182 -1 -1 -1 0 
34 6 0 276 121 135 -1 -1 -1 0 
35 1 821 323 50 56 -1 -1 -1 0 
35 2 897 304 256 175 -1 -1 -1 0 
35 6 0 274 78 140 -1 -1 -1 0 
35 10 1194 314 85 153 -1 -1 -1 0 
36 1 821 323 50 57 -1 -1 -1 0 
36 2 895 309 250 169 -1 -1 -1 0 
36 10 1195 312 84 156 -1 -1 -1 0 
37 1 821 324 50 55 -1 -1 -1 0 
37 2 892 313 246 165 -1 -1 -1 0 
37 10 1196 311 82 158 -1 -1 -1 0 
38 1 821 324 50 55 -1 -1 -1 0 
38 2 891 311 240 167 -1 -1 -1 0 
38 10 1195 308 82 163 -1 -1 -1 0 
39 1 821 325 50 54 -1 -1 -1 0 
39 2 888 313 242 163 -1 -1 -1 0 
39 10 1193 307 86 162 -1 -1 -1 0 
40 1 820 325 51 53 -1 -1 -1 0 
40 2 890 325 227 146 -1 -1 -1 0 
40 10 1195 305 83 163 -1 -1 -1 0 
