3 1 784 335 47 48 -1 -1 -1 0 
3 2 677 338 24 33 -1 -1 -1 0 
4 1 784 335 47 49 -1 -1 -1 0 
4 2 677 338 25 34 -1 -1 -1 0 
4 3 323 319 182 182 -1 -1 -1 0 
5 1 783 335 49 49 -1 -1 -1 0 
5 2 675 338 27 34 -1 -1 -1 0 
5 3 313 319 198 175 -1 -1 -1 0 
6 1 784 335 48 49 -1 -1 -1 0 
6 2 675 338 27 34 -1 -1 -1 0 
6 3 318 318 191 170 -1 -1 -1 0 
7 1 785 335 47 48 -1 -1 -1 0 
7 3 391 317 120 169 -1 -1 -1 0 
8 1 786 334 46 48 -1 -1 -1 0 
8 2 676 338 26 32 -1 -1 -1 0 
8 3 403 316 115 165 -1 -1 -1 0 
9 1 786 334 48 47 -1 -1 -1 0 
9 2 676 337 26 32 -1 -1 -1 0 
10 1 786 334 48 47 -1 -1 -1 0 
10 2 676 335 26 34 -1 -1 -1 0 
11 1 787 334 48 46 -1 -1 -1 0 
11 2 676 335 26 34 -1 -1 -1 0 
12 1 787 333 47 47 -1 -1 -1 0 
12 2 675 335 27 34 -1 -1 -1 0 
12 6 1130 264 140 103 -1 -1 -1 0 
13 1 788 333 46 48 -1 -1 -1 0 
13 2 676 336 25 34 -1 -1 -1 0 
13 6 1148 266 125 98 -1 -1 -1 0 
14 1 788 333 46 49 -1 -1 -1 0 
14 2 676 336 26 34 -1 -1 -1 0 
14 3 255 340 292 166 -1 -1 -1 0 
14 6 1178 266 95 100 -1 -1 -1 0 
15 1 788 333 47 49 -1 -1 -1 0 
15 2 676 335 26 35 -1 -1 -1 0 
15 3 263 338 284 165 -1 -1 -1 0 
15 6 1187 267 92 98 -1 -1 -1 0 
16 1 788 334 47 49 -1 -1 -1 0 
16 2 676 335 27 36 -1 -1 -1 0 
16 3 278 338 273 159 -1 -1 -1 0 
17 1 789 334 47 49 -1 -1 -1 0 
17 2 676 336 27 34 -1 -1 -1 0 
17 3 285 337 267 159 -1 -1 -1 0 
18 1 790 334 45 49 -1 -1 -1 0 
18 2 677 336 25 34 -1 -1 -1 0 
18 3 297 335 258 158 -1 -1 -1 0 
19 1 790 334 46 49 -1 -1 -1 0 
19 2 677 336 25 34 -1 -1 -1 0 
19 3 314 330 239 160 -1 -1 -1 0 
19 6 1224 256 55 111 -1 -1 -1 0 
19 10 712 331 23 38 -1 -1 -1 0 
20 1 791 333 47 49 -1 -1 -1 0 
20 2 676 336 26 33 -1 -1 -1 0 
20 3 325 329 235 159 -1 -1 -1 0 
20 6 1233 255 46 112 -1 -1 -1 0 
20 10 711 330 25 39 -1 -1 -1 0 
21 1 792 333 45 49 -1 -1 -1 0 
21 2 676 336 26 33 -1 -1 -1 0 
21 3 334 331 232 153 -1 -1 -1 0 
22 1 792 332 46 50 -1 -1 -1 0 
22 2 677 336 25 34 -1 -1 -1 0 
22 3 349 328 217 153 -1 -1 -1 0 
23 1 793 332 47 49 -1 -1 -1 0 
23 2 676 335 27 35 -1 -1 -1 0 
23 3 354 325 216 151 -1 -1 -1 0 
24 1 794 332 47 49 -1 -1 -1 0 
24 2 676 335 27 35 -1 -1 -1 0 
24 3 363 324 210 150 -1 -1 -1 0 
25 1 795 330 45 50 -1 -1 -1 0 
25 2 676 335 26 35 -1 -1 -1 0 
25 3 378 326 198 143 -1 -1 -1 0 
26 1 795 330 46 50 -1 -1 -1 0 
26 2 676 335 26 35 -1 -1 -1 0 
26 3 382 325 196 141 -1 -1 -1 0 
27 1 797 329 44 50 -1 -1 -1 0 
27 2 676 334 27 36 -1 -1 -1 0 
27 3 388 327 191 134 -1 -1 -1 0 
28 1 798 329 43 49 -1 -1 -1 0 
28 2 676 334 27 35 -1 -1 -1 0 
28 3 396 323 186 137 -1 -1 -1 0 
29 1 797 330 45 48 -1 -1 -1 0 
29 2 676 333 26 36 -1 -1 -1 0 
29 3 403 324 181 133 -1 -1 -1 0 
30 1 798 330 44 49 -1 -1 -1 0 
30 2 675 334 28 35 -1 -1 -1 0 
30 3 410 326 174 129 -1 -1 -1 0 
31 1 799 330 44 49 -1 -1 -1 0 
31 2 675 334 28 35 -1 -1 -1 0 
31 3 415 330 171 123 -1 -1 -1 0 
32 1 798 331 46 48 -1 -1 -1 0 
32 2 675 336 27 34 -1 -1 -1 0 
32 3 424 332 158 118 -1 -1 -1 0 
33 1 798 331 47 48 -1 -1 -1 0 
33 2 676 336 25 34 -1 -1 -1 0 
33 3 426 333 160 115 -1 -1 -1 0 
34 1 800 332 44 47 -1 -1 -1 0 
34 2 676 336 25 34 -1 -1 -1 0 
34 3 431 333 155 116 -1 -1 -1 0 
35 1 802 333 44 46 -1 -1 -1 0 
35 3 438 332 151 117 -1 -1 -1 0 
36 1 803 334 44 46 -1 -1 -1 0 
36 3 443 333 148 114 -1 -1 -1 0 
37 1 804 334 43 47 -1 -1 -1 0 
37 3 449 333 145 114 -1 -1 -1 0 
38 1 804 334 45 47 -1 -1 -1 0 
38 3 455 333 142 113 -1 -1 -1 0 
39 1 805 333 44 49 -1 -1 -1 0 
39 3 457 333 142 112 -1 -1 -1 0 
40 1 805 335 44 47 -1 -1 -1 0 
40 3 459 334 141 111 -1 -1 -1 0 
