3 1 1149 305 130 163 -1 -1 -1 0 
3 2 792 330 103 92 -1 -1 -1 0 
4 1 1148 304 131 164 -1 -1 -1 0 
4 2 792 329 100 93 -1 -1 -1 0 
5 1 1144 304 135 163 -1 -1 -1 0 
5 2 791 329 100 92 -1 -1 -1 0 
6 1 1141 304 138 159 -1 -1 -1 0 
6 2 790 329 99 91 -1 -1 -1 0 
7 1 1139 303 139 157 -1 -1 -1 0 
7 2 789 329 97 89 -1 -1 -1 0 
8 1 1133 301 143 165 -1 -1 -1 0 
8 2 788 329 96 88 -1 -1 -1 0 
9 1 1129 301 145 174 -1 -1 -1 0 
9 2 788 328 93 88 -1 -1 -1 0 
10 1 1126 301 146 175 -1 -1 -1 0 
10 2 787 328 92 87 -1 -1 -1 0 
11 2 786 327 92 88 -1 -1 -1 0 
11 4 1125 286 154 320 -1 -1 -1 0 
12 2 785 327 91 87 -1 -1 -1 0 
12 4 1109 280 167 323 -1 -1 -1 0 
13 2 784 327 91 85 -1 -1 -1 0 
13 4 1085 283 194 319 -1 -1 -1 0 
14 2 784 326 90 86 -1 -1 -1 0 
14 4 1066 293 213 304 -1 -1 -1 0 
15 2 783 326 90 85 -1 -1 -1 0 
15 4 1055 292 223 305 -1 -1 -1 0 
16 2 783 325 88 86 -1 -1 -1 0 
16 4 1037 295 242 300 -1 -1 -1 0 
17 2 783 326 88 84 -1 -1 -1 0 
17 4 1022 300 257 290 -1 -1 -1 0 
17 5 661 328 37 45 -1 -1 -1 0 
18 2 782 327 87 81 -1 -1 -1 0 
18 4 1010 302 269 286 -1 -1 -1 0 
18 5 662 327 37 46 -1 -1 -1 0 
19 2 782 327 84 81 -1 -1 -1 0 
19 4 998 304 279 282 -1 -1 -1 0 
19 5 661 327 40 46 -1 -1 -1 0 
20 2 780 326 84 83 -1 -1 -1 0 
20 4 982 314 297 265 -1 -1 -1 0 
20 5 662 327 39 46 -1 -1 -1 0 
21 2 779 328 82 80 -1 -1 -1 0 
21 4 972 322 307 252 -1 -1 -1 0 
21 5 663 327 38 46 -1 -1 -1 0 
22 2 779 328 80 79 -1 -1 -1 0 
22 4 966 325 309 254 -1 -1 -1 0 
22 5 664 327 37 46 -1 -1 -1 0 
23 2 777 328 81 79 -1 -1 -1 0 
23 4 958 326 317 255 -1 -1 -1 0 
23 5 665 327 36 46 -1 -1 -1 0 
24 2 775 329 81 78 -1 -1 -1 0 
24 4 945 326 333 249 -1 -1 -1 0 
24 5 664 326 38 47 -1 -1 -1 0 
25 2 776 328 79 79 -1 -1 -1 0 
25 4 940 325 331 248 -1 -1 -1 0 
25 5 664 326 39 47 -1 -1 -1 0 
26 2 775 328 79 80 -1 -1 -1 0 
26 4 932 328 332 236 -1 -1 -1 0 
26 5 665 326 38 47 -1 -1 -1 0 
27 2 774 328 79 80 -1 -1 -1 0 
27 4 917 329 356 232 -1 -1 -1 0 
27 5 666 327 36 46 -1 -1 -1 0 
28 2 773 328 80 79 -1 -1 -1 0 
28 4 902 328 367 233 -1 -1 -1 0 
28 5 666 327 37 47 -1 -1 -1 0 
29 2 772 328 79 77 -1 -1 -1 0 
29 4 919 330 274 216 -1 -1 -1 0 
29 5 666 326 38 47 -1 -1 -1 0 
30 2 772 329 78 75 -1 -1 -1 0 
30 4 911 335 248 201 -1 -1 -1 0 
30 5 667 326 38 46 -1 -1 -1 0 
31 2 772 329 77 74 -1 -1 -1 0 
31 4 898 337 258 192 -1 -1 -1 0 
31 5 667 325 38 47 -1 -1 -1 0 
32 2 771 329 77 73 -1 -1 -1 0 
32 4 900 338 217 182 -1 -1 -1 0 
32 5 667 325 39 47 -1 -1 -1 0 
33 2 771 327 76 76 -1 -1 -1 0 
33 4 868 335 371 194 -1 -1 -1 0 
33 5 668 324 38 47 -1 -1 -1 0 
34 2 770 327 77 76 -1 -1 -1 0 
34 4 878 334 358 193 -1 -1 -1 0 
34 5 668 323 38 48 -1 -1 -1 0 
35 2 769 327 77 76 -1 -1 -1 0 
35 4 880 336 344 188 -1 -1 -1 0 
35 5 669 323 37 47 -1 -1 -1 0 
36 2 769 328 76 74 -1 -1 -1 0 
36 4 882 337 328 184 -1 -1 -1 0 
36 5 669 325 36 45 -1 -1 -1 0 
37 2 770 329 73 71 -1 -1 -1 0 
37 4 885 337 301 178 -1 -1 -1 0 
37 5 669 325 37 45 -1 -1 -1 0 
37 7 1160 288 119 176 -1 -1 -1 0 
38 2 771 331 70 68 -1 -1 -1 0 
38 4 893 341 170 154 -1 -1 -1 0 
38 5 671 325 34 45 -1 -1 -1 0 
38 7 1142 294 137 166 -1 -1 -1 0 
39 2 770 331 71 67 -1 -1 -1 0 
39 4 875 340 150 145 -1 -1 -1 0 
39 5 671 327 35 43 -1 -1 -1 0 
39 7 1127 297 152 159 -1 -1 -1 0 
40 2 771 332 68 65 -1 -1 -1 0 
40 4 845 338 268 153 -1 -1 -1 0 
40 5 672 327 34 43 -1 -1 -1 0 
40 7 1122 296 154 158 -1 -1 -1 0 
