3 1 797 329 89 76 -1 -1 -1 0 
3 2 478 334 68 59 -1 -1 -1 0 
3 3 665 330 51 60 -1 -1 -1 0 
3 4 29 337 295 323 -1 -1 -1 0 
3 5 717 326 25 38 -1 -1 -1 0 
4 1 797 329 91 77 -1 -1 -1 0 
4 2 478 335 69 58 -1 -1 -1 0 
4 3 665 331 51 59 -1 -1 -1 0 
4 4 32 334 299 324 -1 -1 -1 0 
4 5 716 326 26 39 -1 -1 -1 0 
5 1 798 329 91 78 -1 -1 -1 0 
5 2 478 336 68 57 -1 -1 -1 0 
5 3 665 331 52 58 -1 -1 -1 0 
5 4 40 330 292 323 -1 -1 -1 0 
5 5 718 327 24 38 -1 -1 -1 0 
6 1 797 328 94 78 -1 -1 -1 0 
6 2 479 334 66 58 -1 -1 -1 0 
6 3 665 329 51 60 -1 -1 -1 0 
6 4 43 328 292 324 -1 -1 -1 0 
6 5 719 327 24 36 -1 -1 -1 0 
7 1 798 328 94 77 -1 -1 -1 0 
7 2 479 333 67 58 -1 -1 -1 0 
7 3 665 329 52 59 -1 -1 -1 0 
7 4 68 330 269 316 -1 -1 -1 0 
7 5 720 327 23 36 -1 -1 -1 0 
8 1 800 327 92 77 -1 -1 -1 0 
8 2 478 332 69 58 -1 -1 -1 0 
8 3 664 329 54 57 -1 -1 -1 0 
8 4 82 331 255 309 -1 -1 -1 0 
8 5 720 326 23 37 -1 -1 -1 0 
9 1 801 325 93 78 -1 -1 -1 0 
9 2 479 331 68 58 -1 -1 -1 0 
9 3 666 328 51 56 -1 -1 -1 0 
9 4 77 330 265 309 -1 -1 -1 0 
10 1 803 325 92 78 -1 -1 -1 0 
10 2 480 331 67 57 -1 -1 -1 0 
10 3 666 328 51 55 -1 -1 -1 0 
10 4 76 329 268 308 -1 -1 -1 0 
11 1 803 324 92 79 -1 -1 -1 0 
11 2 481 331 67 57 -1 -1 -1 0 
11 3 666 328 51 56 -1 -1 -1 0 
11 4 79 330 268 305 -1 -1 -1 0 
12 1 802 326 94 78 -1 -1 -1 0 
12 2 484 331 64 59 -1 -1 -1 0 
12 3 665 329 54 57 -1 -1 -1 0 
12 4 96 329 250 304 -1 -1 -1 0 
12 5 720 326 25 36 -1 -1 -1 0 
13 1 802 326 95 80 -1 -1 -1 0 
13 2 484 332 65 58 -1 -1 -1 0 
13 3 665 330 54 57 -1 -1 -1 0 
13 4 97 332 253 299 -1 -1 -1 0 
13 5 720 326 24 36 -1 -1 -1 0 
14 1 802 326 96 82 -1 -1 -1 0 
14 2 485 334 66 57 -1 -1 -1 0 
14 3 666 331 53 57 -1 -1 -1 0 
14 4 64 332 293 301 -1 -1 -1 0 
14 5 721 328 23 36 -1 -1 -1 0 
15 1 802 327 97 81 -1 -1 -1 0 
15 2 485 334 67 57 -1 -1 -1 0 
15 3 667 331 52 58 -1 -1 -1 0 
15 4 76 328 278 304 -1 -1 -1 0 
15 5 721 328 24 36 -1 -1 -1 0 
16 1 803 327 97 82 -1 -1 -1 0 
16 2 486 334 65 57 -1 -1 -1 0 
16 3 666 331 53 58 -1 -1 -1 0 
16 4 117 329 233 289 -1 -1 -1 0 
16 5 721 327 24 37 -1 -1 -1 0 
17 1 803 327 98 80 -1 -1 -1 0 
17 2 485 334 66 55 -1 -1 -1 0 
17 3 666 331 53 58 -1 -1 -1 0 
17 4 138 337 219 269 -1 -1 -1 0 
17 5 721 328 24 35 -1 -1 -1 0 
18 1 805 327 96 79 -1 -1 -1 0 
18 2 487 333 64 56 -1 -1 -1 0 
18 3 665 330 55 59 -1 -1 -1 0 
18 4 147 333 211 273 -1 -1 -1 0 
18 5 721 328 24 35 -1 -1 -1 0 
19 1 806 328 95 78 -1 -1 -1 0 
19 2 487 333 66 56 -1 -1 -1 0 
19 3 667 329 53 60 -1 -1 -1 0 
19 4 153 331 208 274 -1 -1 -1 0 
19 5 722 329 22 34 -1 -1 -1 0 
20 1 807 327 96 80 -1 -1 -1 0 
20 2 488 333 65 56 -1 -1 -1 0 
20 3 667 329 54 60 -1 -1 -1 0 
20 4 154 333 210 267 -1 -1 -1 0 
20 5 722 328 22 35 -1 -1 -1 0 
21 1 807 327 97 81 -1 -1 -1 0 
21 2 489 333 64 56 -1 -1 -1 0 
21 3 668 328 53 61 -1 -1 -1 0 
21 4 158 335 205 261 -1 -1 -1 0 
21 5 722 327 23 37 -1 -1 -1 0 
22 1 806 328 101 82 -1 -1 -1 0 
22 2 490 334 63 55 -1 -1 -1 0 
22 3 668 328 53 61 -1 -1 -1 0 
22 4 164 335 201 257 -1 -1 -1 0 
22 5 721 327 25 37 -1 -1 -1 0 
23 1 808 329 98 82 -1 -1 -1 0 
23 2 490 334 64 55 -1 -1 -1 0 
23 3 668 330 55 60 -1 -1 -1 0 
23 5 722 327 23 38 -1 -1 -1 0 
24 1 808 329 100 83 -1 -1 -1 0 
24 2 493 333 61 57 -1 -1 -1 0 
24 3 668 330 55 60 -1 -1 -1 0 
24 5 722 327 24 38 -1 -1 -1 0 
25 1 808 332 102 81 -1 -1 -1 0 
25 2 494 335 62 55 -1 -1 -1 0 
25 3 669 330 54 61 -1 -1 -1 0 
25 4 16 355 364 277 -1 -1 -1 0 
25 5 722 328 24 38 -1 -1 -1 0 
26 1 809 332 102 81 -1 -1 -1 0 
26 2 495 335 61 55 -1 -1 -1 0 
26 3 669 331 55 61 -1 -1 -1 0 
26 4 8 355 354 278 -1 -1 -1 0 
26 5 722 328 23 39 -1 -1 -1 0 
27 1 809 333 104 81 -1 -1 -1 0 
27 2 496 336 60 55 -1 -1 -1 0 
27 3 669 331 55 61 -1 -1 -1 0 
27 4 0 360 374 272 -1 -1 -1 0 
27 5 722 329 24 38 -1 -1 -1 0 
28 1 810 333 104 82 -1 -1 -1 0 
28 2 497 336 61 54 -1 -1 -1 0 
28 3 669 331 56 61 -1 -1 -1 0 
28 4 0 360 372 269 -1 -1 -1 0 
28 5 722 329 24 39 -1 -1 -1 0 
29 1 811 332 106 83 -1 -1 -1 0 
29 2 498 334 60 56 -1 -1 -1 0 
29 3 670 331 55 61 -1 -1 -1 0 
29 4 0 362 374 267 -1 -1 -1 0 
29 5 721 328 25 40 -1 -1 -1 0 
30 1 811 331 109 85 -1 -1 -1 0 
30 2 499 332 60 57 -1 -1 -1 0 
30 3 671 328 54 63 -1 -1 -1 0 
30 5 722 326 24 42 -1 -1 -1 0 
31 1 812 330 110 86 -1 -1 -1 0 
31 2 500 330 59 58 -1 -1 -1 0 
31 3 671 327 55 64 -1 -1 -1 0 
31 4 13 352 361 271 -1 -1 -1 0 
31 5 721 326 26 41 -1 -1 -1 0 
32 1 813 330 110 86 -1 -1 -1 0 
32 2 500 330 60 58 -1 -1 -1 0 
32 3 671 326 55 65 -1 -1 -1 0 
32 4 8 353 369 270 -1 -1 -1 0 
32 5 722 325 25 42 -1 -1 -1 0 
33 1 812 329 114 88 -1 -1 -1 0 
33 2 501 330 60 57 -1 -1 -1 0 
33 3 670 325 57 65 -1 -1 -1 0 
33 5 722 325 26 42 -1 -1 -1 0 
34 1 812 329 115 88 -1 -1 -1 0 
34 2 499 330 64 57 -1 -1 -1 0 
34 3 671 326 58 64 -1 -1 -1 0 
34 5 721 324 27 43 -1 -1 -1 0 
35 1 811 328 117 90 -1 -1 -1 0 
35 2 501 330 62 56 -1 -1 -1 0 
35 3 671 326 58 64 -1 -1 -1 0 
35 5 722 323 26 44 -1 -1 -1 0 
36 1 811 328 120 90 -1 -1 -1 0 
36 2 502 331 63 55 -1 -1 -1 0 
36 3 671 327 60 63 -1 -1 -1 0 
36 5 722 325 26 43 -1 -1 -1 0 
37 1 812 328 120 90 -1 -1 -1 0 
37 2 503 331 64 55 -1 -1 -1 0 
37 3 672 327 58 64 -1 -1 -1 0 
37 5 721 324 27 44 -1 -1 -1 0 
38 1 813 328 118 91 -1 -1 -1 0 
38 2 505 331 63 56 -1 -1 -1 0 
38 3 672 326 58 65 -1 -1 -1 0 
38 5 721 324 28 44 -1 -1 -1 0 
39 1 813 327 120 92 -1 -1 -1 0 
39 2 505 331 65 56 -1 -1 -1 0 
39 3 672 327 58 64 -1 -1 -1 0 
39 4 91 351 291 252 -1 -1 -1 0 
39 5 722 324 26 45 -1 -1 -1 0 
40 1 814 329 120 91 -1 -1 -1 0 
40 2 505 331 67 55 -1 -1 -1 0 
40 3 673 327 56 64 -1 -1 -1 0 
40 4 166 345 212 235 -1 -1 -1 0 
40 5 721 324 28 45 -1 -1 -1 0 
