3 1 250 341 67 42 -1 -1 -1 0 
4 1 234 344 59 39 -1 -1 -1 0 
5 1 194 345 71 41 -1 -1 -1 0 
6 1 165 346 71 45 -1 -1 -1 0 
7 1 125 347 77 47 -1 -1 -1 0 
8 1 67 348 101 50 -1 -1 -1 0 
9 1 12 349 98 52 -1 -1 -1 0 
10 1 1 344 55 63 -1 -1 -1 0 
11 1 0 345 19 65 -1 -1 -1 0 
14 3 671 327 57 68 -1 -1 -1 0 
15 3 670 327 59 68 -1 -1 -1 0 
16 3 670 327 58 69 -1 -1 -1 0 
16 4 432 334 27 33 -1 -1 -1 0 
17 3 668 327 61 69 -1 -1 -1 0 
17 4 423 334 31 33 -1 -1 -1 0 
18 3 669 326 60 70 -1 -1 -1 0 
18 4 416 332 31 36 -1 -1 -1 0 
19 3 668 327 62 67 -1 -1 -1 0 
19 4 366 335 44 37 -1 -1 -1 0 
20 3 669 327 60 67 -1 -1 -1 0 
20 4 338 335 48 39 -1 -1 -1 0 
21 3 668 327 61 66 -1 -1 -1 0 
21 4 319 337 48 39 -1 -1 -1 0 
21 7 390 335 32 35 -1 -1 -1 0 
22 3 668 327 60 66 -1 -1 -1 0 
22 4 300 340 49 39 -1 -1 -1 0 
22 7 380 335 35 37 -1 -1 -1 0 
23 3 669 327 58 67 -1 -1 -1 0 
23 4 277 340 59 41 -1 -1 -1 0 
23 7 371 336 35 37 -1 -1 -1 0 
24 3 669 328 58 67 -1 -1 -1 0 
24 4 254 338 61 46 -1 -1 -1 0 
24 7 359 336 41 38 -1 -1 -1 0 
25 3 667 328 61 67 -1 -1 -1 0 
25 4 227 342 70 44 -1 -1 -1 0 
25 7 349 336 41 39 -1 -1 -1 0 
26 3 667 329 60 66 -1 -1 -1 0 
26 4 197 343 73 46 -1 -1 -1 0 
26 7 337 336 40 40 -1 -1 -1 0 
27 3 667 329 60 66 -1 -1 -1 0 
27 4 172 346 72 44 -1 -1 -1 0 
27 7 323 337 44 39 -1 -1 -1 0 
28 3 667 328 59 67 -1 -1 -1 0 
28 4 136 347 76 45 -1 -1 -1 0 
28 7 310 335 45 42 -1 -1 -1 0 
29 3 666 328 59 65 -1 -1 -1 0 
29 4 100 348 74 47 -1 -1 -1 0 
29 7 295 333 48 44 -1 -1 -1 0 
30 3 667 328 57 65 -1 -1 -1 0 
30 4 25 347 105 51 -1 -1 -1 0 
30 7 279 333 50 43 -1 -1 -1 0 
31 3 666 327 57 65 -1 -1 -1 0 
31 4 0 349 73 53 -1 -1 -1 0 
31 7 261 331 53 46 -1 -1 -1 0 
31 9 332 336 45 36 -1 -1 -1 0 
32 3 664 328 60 63 -1 -1 -1 0 
32 4 0 350 37 54 -1 -1 -1 0 
32 7 242 331 53 47 -1 -1 -1 0 
32 9 312 340 45 36 -1 -1 -1 0 
33 3 666 328 55 63 -1 -1 -1 0 
33 7 219 331 62 48 -1 -1 -1 0 
33 9 293 340 46 40 -1 -1 -1 0 
34 3 665 329 57 62 -1 -1 -1 0 
34 7 196 332 61 50 -1 -1 -1 0 
34 9 272 343 49 37 -1 -1 -1 0 
35 3 665 329 56 62 -1 -1 -1 0 
35 7 173 334 59 49 -1 -1 -1 0 
35 9 257 345 49 37 -1 -1 -1 0 
35 10 380 335 41 37 -1 -1 -1 0 
36 3 666 329 54 63 -1 -1 -1 0 
36 7 140 334 71 51 -1 -1 -1 0 
36 10 365 336 43 38 -1 -1 -1 0 
37 3 664 330 57 62 -1 -1 -1 0 
37 7 106 333 75 55 -1 -1 -1 0 
37 10 353 335 45 40 -1 -1 -1 0 
38 3 665 330 55 61 -1 -1 -1 0 
38 7 69 334 72 55 -1 -1 -1 0 
38 9 161 354 54 34 -1 -1 -1 0 
38 10 343 335 47 40 -1 -1 -1 0 
39 3 664 330 55 61 -1 -1 -1 0 
39 7 23 336 77 57 -1 -1 -1 0 
39 9 118 356 67 37 -1 -1 -1 0 
39 10 319 337 55 38 -1 -1 -1 0 
40 3 665 328 52 62 -1 -1 -1 0 
40 7 1 334 53 62 -1 -1 -1 0 
40 9 73 355 75 42 -1 -1 -1 0 
40 10 301 335 54 41 -1 -1 -1 0 
