3 1 942 331 66 50 -1 -1 -1 0 
3 2 667 335 32 42 -1 -1 -1 0 
4 1 950 331 68 52 -1 -1 -1 0 
4 2 668 336 31 42 -1 -1 -1 0 
5 1 960 329 68 54 -1 -1 -1 0 
5 2 669 336 30 42 -1 -1 -1 0 
6 1 966 329 72 55 -1 -1 -1 0 
6 2 669 336 30 42 -1 -1 -1 0 
7 1 975 328 74 56 -1 -1 -1 0 
7 2 669 336 30 41 -1 -1 -1 0 
7 6 257 354 42 37 -1 -1 -1 0 
8 1 982 328 78 57 -1 -1 -1 0 
8 2 670 336 29 41 -1 -1 -1 0 
8 6 223 357 48 37 -1 -1 -1 0 
9 1 991 327 81 56 -1 -1 -1 0 
9 2 669 334 30 41 -1 -1 -1 0 
9 6 163 357 72 40 -1 -1 -1 0 
10 1 1004 328 78 56 -1 -1 -1 0 
10 2 670 334 29 40 -1 -1 -1 0 
10 6 109 358 80 45 -1 -1 -1 0 
11 1 1010 327 85 58 -1 -1 -1 0 
11 2 670 334 30 39 -1 -1 -1 0 
11 6 36 358 97 50 -1 -1 -1 0 
12 1 1025 326 79 60 -1 -1 -1 0 
12 2 671 334 29 38 -1 -1 -1 0 
12 6 1 358 56 58 -1 -1 -1 0 
13 1 1032 328 89 60 -1 -1 -1 0 
13 2 671 334 29 38 -1 -1 -1 0 
13 6 0 359 9 61 -1 -1 -1 0 
14 1 1044 329 93 60 -1 -1 -1 0 
14 2 671 334 28 39 -1 -1 -1 0 
15 1 1056 330 97 60 -1 -1 -1 0 
15 2 670 334 30 41 -1 -1 -1 0 
16 1 1071 331 101 60 -1 -1 -1 0 
16 2 670 334 31 40 -1 -1 -1 0 
17 1 1090 333 98 59 -1 -1 -1 0 
17 2 670 334 30 41 -1 -1 -1 0 
18 1 1100 331 114 63 -1 -1 -1 0 
18 2 670 334 30 41 -1 -1 -1 0 
19 1 1115 332 123 64 -1 -1 -1 0 
19 2 671 333 30 43 -1 -1 -1 0 
20 1 1130 332 125 66 -1 -1 -1 0 
20 2 670 333 32 43 -1 -1 -1 0 
21 1 1142 332 134 69 -1 -1 -1 0 
21 2 671 333 31 43 -1 -1 -1 0 
22 1 1186 330 87 72 -1 -1 -1 0 
22 2 672 333 30 43 -1 -1 -1 0 
23 1 1201 330 78 73 -1 -1 -1 0 
23 2 671 333 32 43 -1 -1 -1 0 
24 1 1210 329 69 75 -1 -1 -1 0 
24 2 671 333 33 43 -1 -1 -1 0 
25 1 1230 329 49 76 -1 -1 -1 0 
25 2 671 333 34 41 -1 -1 -1 0 
25 8 355 340 50 38 -1 -1 -1 0 
26 1 1246 328 33 79 -1 -1 -1 0 
26 2 672 333 33 41 -1 -1 -1 0 
26 8 340 341 51 38 -1 -1 -1 0 
28 2 672 333 33 41 -1 -1 -1 0 
29 2 673 333 32 41 -1 -1 -1 0 
29 8 264 345 69 40 -1 -1 -1 0 
30 2 671 334 36 40 -1 -1 -1 0 
30 8 228 344 77 45 -1 -1 -1 0 
31 2 672 334 35 40 -1 -1 -1 0 
31 8 205 346 69 47 -1 -1 -1 0 
32 2 673 334 33 40 -1 -1 -1 0 
32 8 172 346 72 50 -1 -1 -1 0 
33 2 672 335 35 39 -1 -1 -1 0 
33 8 103 347 103 53 -1 -1 -1 0 
34 2 673 335 34 39 -1 -1 -1 0 
34 8 28 346 131 61 -1 -1 -1 0 
35 2 673 335 34 39 -1 -1 -1 0 
35 8 5 342 84 67 -1 -1 -1 0 
36 2 673 334 34 40 -1 -1 -1 0 
36 8 0 342 48 70 -1 -1 -1 0 
37 2 674 333 32 42 -1 -1 -1 0 
38 2 675 333 31 43 -1 -1 -1 0 
