3 1 625 326 34 44 -1 -1 -1 0 
3 2 4 314 364 282 -1 -1 -1 0 
4 1 625 325 32 45 -1 -1 -1 0 
4 2 3 311 377 282 -1 -1 -1 0 
5 1 625 326 33 44 -1 -1 -1 0 
5 2 8 310 372 284 -1 -1 -1 0 
6 1 626 326 32 44 -1 -1 -1 0 
6 2 3 307 388 286 -1 -1 -1 0 
7 1 626 327 33 43 -1 -1 -1 0 
7 2 4 304 393 287 -1 -1 -1 0 
8 1 627 327 31 44 -1 -1 -1 0 
8 2 6 303 395 287 -1 -1 -1 0 
9 1 627 326 31 45 -1 -1 -1 0 
10 1 626 326 33 45 -1 -1 -1 0 
10 2 5 306 412 282 -1 -1 -1 0 
11 1 627 326 33 44 -1 -1 -1 0 
11 2 7 305 414 283 -1 -1 -1 0 
12 1 628 324 32 45 -1 -1 -1 0 
13 1 627 324 34 45 -1 -1 -1 0 
13 2 17 303 407 302 -1 -1 -1 0 
14 1 628 324 34 45 -1 -1 -1 0 
14 2 39 310 387 294 -1 -1 -1 0 
15 1 628 323 35 47 -1 -1 -1 0 
15 2 43 310 387 295 -1 -1 -1 0 
16 1 627 323 37 47 -1 -1 -1 0 
16 2 91 328 349 271 -1 -1 -1 0 
17 1 627 324 38 46 -1 -1 -1 0 
17 2 100 330 345 269 -1 -1 -1 0 
18 1 628 324 37 46 -1 -1 -1 0 
18 2 144 315 293 274 -1 -1 -1 0 
19 1 627 324 38 46 -1 -1 -1 0 
19 2 44 325 461 272 -1 -1 -1 0 
20 1 627 324 39 47 -1 -1 -1 0 
20 2 160 313 279 274 -1 -1 -1 0 
21 1 629 325 36 46 -1 -1 -1 0 
21 2 165 312 285 274 -1 -1 -1 0 
22 1 629 325 38 46 -1 -1 -1 0 
22 2 9 342 499 239 -1 -1 -1 0 
23 1 629 327 37 44 -1 -1 -1 0 
23 2 0 368 505 206 -1 -1 -1 0 
24 1 630 328 36 43 -1 -1 -1 0 
24 2 7 377 490 194 -1 -1 -1 0 
25 1 631 328 34 43 -1 -1 -1 0 
25 2 17 371 469 200 -1 -1 -1 0 
26 1 632 329 34 43 -1 -1 -1 0 
26 2 11 375 484 194 -1 -1 -1 0 
27 1 631 329 35 43 -1 -1 -1 0 
28 1 631 329 34 43 -1 -1 -1 0 
29 1 631 330 34 42 -1 -1 -1 0 
30 1 630 331 34 41 -1 -1 -1 0 
30 2 111 326 373 220 -1 -1 -1 0 
31 1 630 331 33 41 -1 -1 -1 0 
31 2 124 321 367 220 -1 -1 -1 0 
32 1 630 330 34 41 -1 -1 -1 0 
32 2 138 313 355 222 -1 -1 -1 0 
33 1 630 330 33 40 -1 -1 -1 0 
33 2 153 307 341 223 -1 -1 -1 0 
34 1 630 329 32 41 -1 -1 -1 0 
34 2 164 314 338 212 -1 -1 -1 0 
35 1 629 329 34 41 -1 -1 -1 0 
35 2 178 317 328 202 -1 -1 -1 0 
36 1 628 330 35 40 -1 -1 -1 0 
36 2 191 321 318 194 -1 -1 -1 0 
37 1 628 330 34 40 -1 -1 -1 0 
37 2 202 322 312 188 -1 -1 -1 0 
38 1 629 331 32 39 -1 -1 -1 0 
38 2 216 322 301 184 -1 -1 -1 0 
39 1 628 332 34 39 -1 -1 -1 0 
39 2 229 322 290 180 -1 -1 -1 0 
40 1 627 332 34 39 -1 -1 -1 0 
40 2 242 321 278 178 -1 -1 -1 0 
