3 1 813 343 102 78 -1 -1 -1 0 
3 2 30 343 135 96 -1 -1 -1 0 
4 1 813 344 103 78 -1 -1 -1 0 
4 2 0 339 93 95 -1 -1 -1 0 
5 1 812 342 103 80 -1 -1 -1 0 
5 2 0 336 50 103 -1 -1 -1 0 
6 1 809 340 107 82 -1 -1 -1 0 
7 1 812 341 103 81 -1 -1 -1 0 
8 1 813 342 102 80 -1 -1 -1 0 
8 8 166 347 102 54 -1 -1 -1 0 
9 1 813 343 103 80 -1 -1 -1 0 
9 8 148 347 108 57 -1 -1 -1 0 
10 1 813 343 103 79 -1 -1 -1 0 
10 8 72 346 129 67 -1 -1 -1 0 
11 1 817 343 97 77 -1 -1 -1 0 
11 8 17 349 125 72 -1 -1 -1 0 
12 1 818 343 98 77 -1 -1 -1 0 
12 8 0 350 107 77 -1 -1 -1 0 
13 1 818 343 97 77 -1 -1 -1 0 
13 11 443 343 36 33 -1 -1 -1 0 
13 12 377 337 56 44 -1 -1 -1 0 
14 1 818 344 97 76 -1 -1 -1 0 
14 11 426 343 41 34 -1 -1 -1 0 
14 12 361 339 53 44 -1 -1 -1 0 
15 1 818 344 97 76 -1 -1 -1 0 
15 11 409 342 47 37 -1 -1 -1 0 
15 12 343 342 51 43 -1 -1 -1 0 
16 1 819 344 97 77 -1 -1 -1 0 
16 11 397 342 49 39 -1 -1 -1 0 
16 12 330 344 51 44 -1 -1 -1 0 
17 1 819 343 97 78 -1 -1 -1 0 
17 11 465 343 31 33 -1 -1 -1 0 
17 12 290 346 53 42 -1 -1 -1 0 
18 1 816 343 104 78 -1 -1 -1 0 
18 11 466 344 34 31 -1 -1 -1 0 
18 12 256 344 59 46 -1 -1 -1 0 
19 1 815 343 106 78 -1 -1 -1 0 
19 11 459 345 35 31 -1 -1 -1 0 
19 12 234 345 60 47 -1 -1 -1 0 
20 1 815 342 106 79 -1 -1 -1 0 
20 11 448 345 37 31 -1 -1 -1 0 
20 12 248 347 55 47 -1 -1 -1 0 
21 1 818 342 100 79 -1 -1 -1 0 
21 11 432 345 42 32 -1 -1 -1 0 
21 12 240 349 59 46 -1 -1 -1 0 
21 14 360 342 43 39 -1 -1 -1 0 
22 1 819 342 98 79 -1 -1 -1 0 
22 11 418 344 43 36 -1 -1 -1 0 
22 12 190 349 76 52 -1 -1 -1 0 
22 14 353 342 44 40 -1 -1 -1 0 
23 1 818 341 99 80 -1 -1 -1 0 
23 11 414 344 45 36 -1 -1 -1 0 
23 12 171 350 79 53 -1 -1 -1 0 
24 1 818 341 100 80 -1 -1 -1 0 
24 19 11 355 100 66 -1 -1 -1 0 
25 1 819 342 98 81 -1 -1 -1 0 
25 11 353 344 58 43 -1 -1 -1 0 
25 19 5 339 43 81 -1 -1 -1 0 
26 1 818 342 100 81 -1 -1 -1 0 
26 11 343 344 61 44 -1 -1 -1 0 
26 19 0 335 30 87 -1 -1 -1 0 
27 1 818 344 101 80 -1 -1 -1 0 
28 1 818 344 102 80 -1 -1 -1 0 
29 1 819 344 101 80 -1 -1 -1 0 
29 11 393 344 45 38 -1 -1 -1 0 
30 1 820 344 100 80 -1 -1 -1 0 
30 11 387 344 45 38 -1 -1 -1 0 
30 12 162 354 86 51 -1 -1 -1 0 
31 1 819 343 101 82 -1 -1 -1 0 
31 11 371 343 49 39 -1 -1 -1 0 
31 12 156 354 87 52 -1 -1 -1 0 
31 14 441 337 48 39 -1 -1 -1 0 
32 1 818 343 102 82 -1 -1 -1 0 
32 11 351 343 53 40 -1 -1 -1 0 
32 14 448 337 48 38 -1 -1 -1 0 
33 1 819 343 100 83 -1 -1 -1 0 
33 11 329 343 55 43 -1 -1 -1 0 
34 1 819 343 100 83 -1 -1 -1 0 
34 11 370 342 51 41 -1 -1 -1 0 
34 14 442 340 39 36 -1 -1 -1 0 
35 1 818 343 102 84 -1 -1 -1 0 
35 11 371 342 50 41 -1 -1 -1 0 
35 14 433 341 38 36 -1 -1 -1 0 
36 1 819 344 101 83 -1 -1 -1 0 
36 11 353 342 58 45 -1 -1 -1 0 
36 12 224 353 73 45 -1 -1 -1 0 
36 14 420 343 43 36 -1 -1 -1 0 
37 1 820 344 101 81 -1 -1 -1 0 
37 11 325 340 70 48 -1 -1 -1 0 
37 12 201 353 84 48 -1 -1 -1 0 
37 14 407 344 44 37 -1 -1 -1 0 
38 1 820 342 101 83 -1 -1 -1 0 
38 11 292 340 80 51 -1 -1 -1 0 
38 12 162 356 92 48 -1 -1 -1 0 
38 14 390 346 50 36 -1 -1 -1 0 
38 24 555 338 22 28 -1 -1 -1 0 
39 1 819 342 103 82 -1 -1 -1 0 
39 11 250 340 99 54 -1 -1 -1 0 
39 12 159 356 94 49 -1 -1 -1 0 
39 14 378 344 46 40 -1 -1 -1 0 
39 24 484 339 30 31 -1 -1 -1 0 
40 1 819 341 102 83 -1 -1 -1 0 
40 11 196 343 115 58 -1 -1 -1 0 
40 14 358 344 52 41 -1 -1 -1 0 
40 24 528 336 24 32 -1 -1 -1 0 
