5 1 736 338 35 36 -1 -1 -1 0 
6 1 737 337 33 37 -1 -1 -1 0 
14 1 737 337 34 38 -1 -1 -1 0 
19 1 739 337 34 38 -1 -1 -1 0 
20 1 740 337 33 38 -1 -1 -1 0 
21 1 740 336 34 39 -1 -1 -1 0 
21 3 676 337 16 27 -1 -1 -1 0 
22 1 741 336 34 40 -1 -1 -1 0 
22 3 675 337 17 27 -1 -1 -1 0 
23 1 741 335 35 40 -1 -1 -1 0 
23 3 676 336 16 28 -1 -1 -1 0 
24 1 741 335 36 40 -1 -1 -1 0 
24 3 675 336 17 27 -1 -1 -1 0 
25 1 741 335 36 39 -1 -1 -1 0 
25 3 676 335 16 27 -1 -1 -1 0 
26 1 743 335 33 39 -1 -1 -1 0 
26 3 676 334 16 28 -1 -1 -1 0 
27 1 743 335 34 39 -1 -1 -1 0 
27 3 675 334 17 27 -1 -1 -1 0 
28 1 743 336 35 39 -1 -1 -1 0 
28 3 675 335 17 27 -1 -1 -1 0 
29 1 743 336 35 39 -1 -1 -1 0 
29 3 675 335 16 27 -1 -1 -1 0 
30 1 743 336 35 40 -1 -1 -1 0 
31 1 743 335 34 41 -1 -1 -1 0 
32 1 743 335 34 41 -1 -1 -1 0 
33 1 744 334 33 42 -1 -1 -1 0 
34 1 744 334 34 41 -1 -1 -1 0 
35 1 743 334 35 40 -1 -1 -1 0 
36 1 744 334 33 40 -1 -1 -1 0 
37 1 743 333 34 41 -1 -1 -1 0 
38 1 742 333 36 41 -1 -1 -1 0 
38 3 671 335 16 27 -1 -1 -1 0 
39 1 742 333 36 41 -1 -1 -1 0 
39 3 670 335 16 27 -1 -1 -1 0 
40 1 742 334 35 41 -1 -1 -1 0 
