3 1 729 335 26 34 -1 -1 -1 0 
3 3 796 331 39 39 -1 -1 -1 0 
4 1 728 334 28 36 -1 -1 -1 0 
4 3 797 332 39 39 -1 -1 -1 0 
5 1 728 337 28 32 -1 -1 -1 0 
5 3 796 332 40 39 -1 -1 -1 0 
6 1 729 337 27 32 -1 -1 -1 0 
6 3 797 333 39 38 -1 -1 -1 0 
7 1 728 337 28 32 -1 -1 -1 0 
7 3 796 334 40 38 -1 -1 -1 0 
8 1 730 337 25 32 -1 -1 -1 0 
8 3 797 334 39 38 -1 -1 -1 0 
9 1 730 337 25 32 -1 -1 -1 0 
9 3 796 334 41 38 -1 -1 -1 0 
10 1 730 338 26 31 -1 -1 -1 0 
10 3 796 334 41 38 -1 -1 -1 0 
11 1 730 338 27 31 -1 -1 -1 0 
11 3 797 335 40 37 -1 -1 -1 0 
12 1 731 338 25 31 -1 -1 -1 0 
12 3 796 335 41 37 -1 -1 -1 0 
13 1 732 336 25 32 -1 -1 -1 0 
13 3 797 334 40 38 -1 -1 -1 0 
14 1 732 336 25 32 -1 -1 -1 0 
14 3 796 334 42 38 -1 -1 -1 0 
15 1 732 338 27 31 -1 -1 -1 0 
15 3 797 335 42 38 -1 -1 -1 0 
16 1 731 338 28 32 -1 -1 -1 0 
16 3 798 335 42 39 -1 -1 -1 0 
17 1 731 339 28 31 -1 -1 -1 0 
17 3 799 335 41 39 -1 -1 -1 0 
18 1 731 339 28 31 -1 -1 -1 0 
18 3 798 335 44 40 -1 -1 -1 0 
19 1 732 337 26 33 -1 -1 -1 0 
19 3 798 333 44 42 -1 -1 -1 0 
20 1 732 337 27 33 -1 -1 -1 0 
20 3 798 333 44 42 -1 -1 -1 0 
21 1 732 337 26 33 -1 -1 -1 0 
21 3 798 333 44 40 -1 -1 -1 0 
21 4 756 336 21 29 -1 -1 -1 0 
22 1 732 337 26 33 -1 -1 -1 0 
22 3 799 333 43 40 -1 -1 -1 0 
22 4 756 336 21 28 -1 -1 -1 0 
23 1 732 337 26 33 -1 -1 -1 0 
23 3 800 333 41 40 -1 -1 -1 0 
23 4 756 335 22 29 -1 -1 -1 0 
24 1 732 337 27 33 -1 -1 -1 0 
24 3 800 332 42 41 -1 -1 -1 0 
24 4 756 335 22 29 -1 -1 -1 0 
25 1 733 336 26 34 -1 -1 -1 0 
25 3 800 332 41 42 -1 -1 -1 0 
25 4 757 335 21 29 -1 -1 -1 0 
26 1 732 337 28 34 -1 -1 -1 0 
26 3 801 333 41 41 -1 -1 -1 0 
26 4 758 334 21 29 -1 -1 -1 0 
27 1 733 336 26 35 -1 -1 -1 0 
27 3 802 333 42 41 -1 -1 -1 0 
28 1 733 336 26 34 -1 -1 -1 0 
28 3 803 333 42 39 -1 -1 -1 0 
28 4 758 334 20 29 -1 -1 -1 0 
29 1 733 336 26 34 -1 -1 -1 0 
29 3 804 333 40 39 -1 -1 -1 0 
29 4 758 334 20 28 -1 -1 -1 0 
30 1 733 336 26 34 -1 -1 -1 0 
30 3 806 332 37 40 -1 -1 -1 0 
30 4 758 334 20 28 -1 -1 -1 0 
31 1 732 337 27 33 -1 -1 -1 0 
31 3 806 332 39 40 -1 -1 -1 0 
31 4 758 335 20 27 -1 -1 -1 0 
32 1 732 337 27 33 -1 -1 -1 0 
32 3 806 332 39 40 -1 -1 -1 0 
32 4 758 335 20 27 -1 -1 -1 0 
33 1 733 336 26 34 -1 -1 -1 0 
33 3 806 332 39 41 -1 -1 -1 0 
33 4 759 335 19 28 -1 -1 -1 0 
34 1 732 336 27 35 -1 -1 -1 0 
34 3 808 332 37 41 -1 -1 -1 0 
34 4 758 335 21 29 -1 -1 -1 0 
35 1 731 336 29 35 -1 -1 -1 0 
35 3 807 331 39 42 -1 -1 -1 0 
35 4 758 335 21 29 -1 -1 -1 0 
36 1 731 336 29 36 -1 -1 -1 0 
36 3 807 330 40 44 -1 -1 -1 0 
36 4 758 334 22 30 -1 -1 -1 0 
37 1 732 336 27 36 -1 -1 -1 0 
37 3 810 332 37 42 -1 -1 -1 0 
37 4 757 334 23 30 -1 -1 -1 0 
38 1 731 336 28 35 -1 -1 -1 0 
38 3 810 331 37 43 -1 -1 -1 0 
38 4 757 334 23 30 -1 -1 -1 0 
39 1 730 336 30 35 -1 -1 -1 0 
39 3 810 331 37 42 -1 -1 -1 0 
39 4 758 334 21 30 -1 -1 -1 0 
40 1 730 336 30 35 -1 -1 -1 0 
40 3 809 331 39 42 -1 -1 -1 0 
40 4 757 335 23 29 -1 -1 -1 0 
