3 1 691 329 43 53 -1 -1 -1 0 
4 1 689 328 45 53 -1 -1 -1 0 
4 3 843 250 124 95 -1 -1 -1 0 
5 1 688 326 46 54 -1 -1 -1 0 
5 3 847 244 125 101 -1 -1 -1 0 
6 3 838 234 143 112 -1 -1 -1 0 
6 5 490 322 77 64 -1 -1 -1 0 
7 1 685 326 46 56 -1 -1 -1 0 
7 3 837 228 151 120 -1 -1 -1 0 
7 5 488 320 79 65 -1 -1 -1 0 
8 1 683 325 47 57 -1 -1 -1 0 
8 3 834 221 161 127 -1 -1 -1 0 
8 5 487 319 79 65 -1 -1 -1 0 
9 1 682 325 47 58 -1 -1 -1 0 
9 3 834 216 167 133 -1 -1 -1 0 
10 1 681 325 48 59 -1 -1 -1 0 
10 3 837 208 178 138 -1 -1 -1 0 
10 5 484 318 82 66 -1 -1 -1 0 
11 3 838 203 184 143 -1 -1 -1 0 
11 5 487 318 78 66 -1 -1 -1 0 
12 1 680 325 47 56 -1 -1 -1 0 
12 3 858 210 173 132 -1 -1 -1 0 
12 5 493 321 73 63 -1 -1 -1 0 
13 1 679 325 47 56 -1 -1 -1 0 
13 3 869 209 170 132 -1 -1 -1 0 
13 5 492 323 75 60 -1 -1 -1 0 
14 1 676 328 48 53 -1 -1 -1 0 
14 3 873 205 174 135 -1 -1 -1 0 
14 5 497 323 69 60 -1 -1 -1 0 
15 1 674 328 49 52 -1 -1 -1 0 
15 5 495 324 72 57 -1 -1 -1 0 
16 5 500 324 66 57 -1 -1 -1 0 
17 5 505 326 60 54 -1 -1 -1 0 
18 1 672 328 47 52 -1 -1 -1 0 
18 5 509 329 56 50 -1 -1 -1 0 
19 1 671 328 47 52 -1 -1 -1 0 
19 5 509 331 56 47 -1 -1 -1 0 
20 1 670 328 47 52 -1 -1 -1 0 
20 5 509 330 56 47 -1 -1 -1 0 
20 7 1192 77 87 284 -1 -1 -1 0 
21 5 511 330 53 48 -1 -1 -1 0 
21 7 1197 64 82 287 -1 -1 -1 0 
22 1 668 327 48 55 -1 -1 -1 0 
22 5 513 331 50 47 -1 -1 -1 0 
23 1 666 326 49 56 -1 -1 -1 0 
23 5 514 332 49 46 -1 -1 -1 0 
24 5 516 332 47 46 -1 -1 -1 0 
25 1 666 327 46 56 -1 -1 -1 0 
25 5 515 331 49 47 -1 -1 -1 0 
26 1 666 328 46 55 -1 -1 -1 0 
26 5 512 330 52 47 -1 -1 -1 0 
27 1 665 328 46 55 -1 -1 -1 0 
27 5 505 329 60 48 -1 -1 -1 0 
28 1 665 327 46 57 -1 -1 -1 0 
28 5 511 331 52 45 -1 -1 -1 0 
29 1 664 327 47 58 -1 -1 -1 0 
29 5 510 330 53 45 -1 -1 -1 0 
30 1 663 326 46 59 -1 -1 -1 0 
30 5 511 329 52 46 -1 -1 -1 0 
31 1 661 326 49 59 -1 -1 -1 0 
31 5 509 327 55 48 -1 -1 -1 0 
32 1 661 327 49 59 -1 -1 -1 0 
32 5 507 329 58 46 -1 -1 -1 0 
33 1 660 328 50 58 -1 -1 -1 0 
33 5 509 327 55 47 -1 -1 -1 0 
34 1 660 328 49 59 -1 -1 -1 0 
34 5 511 327 52 47 -1 -1 -1 0 
35 1 659 329 49 58 -1 -1 -1 0 
35 5 512 330 53 45 -1 -1 -1 0 
36 1 659 330 50 56 -1 -1 -1 0 
36 5 520 332 46 44 -1 -1 -1 0 
37 1 659 331 49 55 -1 -1 -1 0 
37 5 521 332 45 44 -1 -1 -1 0 
38 1 659 331 49 55 -1 -1 -1 0 
39 1 659 331 49 55 -1 -1 -1 0 
39 5 515 330 52 45 -1 -1 -1 0 
40 1 659 331 49 55 -1 -1 -1 0 
40 5 520 332 49 43 -1 -1 -1 0 
