3 1 724 328 29 35 -1 -1 -1 0 
3 2 666 332 53 53 -1 -1 -1 0 
3 4 176 362 306 213 -1 -1 -1 0 
4 1 725 327 28 37 -1 -1 -1 0 
4 2 667 332 50 51 -1 -1 -1 0 
4 4 186 364 303 197 -1 -1 -1 0 
5 1 724 328 29 36 -1 -1 -1 0 
5 2 667 335 49 48 -1 -1 -1 0 
5 4 199 355 314 196 -1 -1 -1 0 
6 1 725 328 27 36 -1 -1 -1 0 
6 2 668 336 48 47 -1 -1 -1 0 
6 4 213 352 316 188 -1 -1 -1 0 
6 5 61 351 115 57 -1 -1 -1 0 
7 1 725 328 27 37 -1 -1 -1 0 
7 2 668 334 48 52 -1 -1 -1 0 
7 4 234 357 301 174 -1 -1 -1 0 
7 5 4 351 117 63 -1 -1 -1 0 
8 1 723 328 30 37 -1 -1 -1 0 
8 2 667 335 48 50 -1 -1 -1 0 
8 4 257 357 277 167 -1 -1 -1 0 
8 5 0 351 84 67 -1 -1 -1 0 
9 1 723 329 29 36 -1 -1 -1 0 
9 2 667 334 47 53 -1 -1 -1 0 
9 4 269 357 263 159 -1 -1 -1 0 
10 1 723 329 28 36 -1 -1 -1 0 
10 2 666 334 48 53 -1 -1 -1 0 
10 4 283 356 252 156 -1 -1 -1 0 
11 1 723 329 28 36 -1 -1 -1 0 
11 2 666 333 46 54 -1 -1 -1 0 
11 4 294 355 242 149 -1 -1 -1 0 
12 1 722 328 29 38 -1 -1 -1 0 
12 2 665 333 47 53 -1 -1 -1 0 
12 4 303 352 236 145 -1 -1 -1 0 
13 1 722 329 28 37 -1 -1 -1 0 
13 2 665 333 45 51 -1 -1 -1 0 
13 4 324 349 208 145 -1 -1 -1 0 
14 1 721 329 29 37 -1 -1 -1 0 
14 2 665 333 44 51 -1 -1 -1 0 
14 4 332 347 204 145 -1 -1 -1 0 
15 1 721 330 28 36 -1 -1 -1 0 
15 2 664 334 45 50 -1 -1 -1 0 
15 4 340 348 200 137 -1 -1 -1 0 
16 1 721 330 28 37 -1 -1 -1 0 
16 2 665 332 42 53 -1 -1 -1 0 
16 4 349 346 190 135 -1 -1 -1 0 
17 2 664 332 43 54 -1 -1 -1 0 
17 4 359 346 186 131 -1 -1 -1 0 
18 1 721 330 27 37 -1 -1 -1 0 
18 2 663 333 44 53 -1 -1 -1 0 
18 4 365 342 185 133 -1 -1 -1 0 
19 1 720 329 28 39 -1 -1 -1 0 
19 2 662 334 44 53 -1 -1 -1 0 
19 4 374 346 171 128 -1 -1 -1 0 
20 1 719 329 29 40 -1 -1 -1 0 
20 2 661 335 45 50 -1 -1 -1 0 
20 4 381 348 161 124 -1 -1 -1 0 
21 1 718 329 30 40 -1 -1 -1 0 
21 2 660 336 46 48 -1 -1 -1 0 
21 4 385 341 159 131 -1 -1 -1 0 
22 1 718 330 29 39 -1 -1 -1 0 
22 2 661 336 43 48 -1 -1 -1 0 
22 4 386 342 166 130 -1 -1 -1 0 
23 1 718 330 29 40 -1 -1 -1 0 
23 2 659 336 45 48 -1 -1 -1 0 
23 4 394 345 157 122 -1 -1 -1 0 
23 8 1 284 30 103 -1 -1 -1 0 
24 1 718 330 29 40 -1 -1 -1 0 
24 2 659 336 45 48 -1 -1 -1 0 
24 4 398 347 160 115 -1 -1 -1 0 
24 8 0 285 28 105 -1 -1 -1 0 
25 1 717 331 31 39 -1 -1 -1 0 
25 2 659 335 43 50 -1 -1 -1 0 
25 4 403 346 158 114 -1 -1 -1 0 
26 1 718 331 29 39 -1 -1 -1 0 
26 2 658 335 45 49 -1 -1 -1 0 
26 4 411 346 144 109 -1 -1 -1 0 
27 1 717 330 30 40 -1 -1 -1 0 
27 2 659 335 43 47 -1 -1 -1 0 
27 4 418 345 134 106 -1 -1 -1 0 
28 1 717 330 31 40 -1 -1 -1 0 
28 2 658 336 44 46 -1 -1 -1 0 
28 4 421 344 137 105 -1 -1 -1 0 
29 1 717 329 31 41 -1 -1 -1 0 
29 2 659 335 42 46 -1 -1 -1 0 
29 4 424 342 137 104 -1 -1 -1 0 
30 1 717 330 31 40 -1 -1 -1 0 
30 2 659 335 42 45 -1 -1 -1 0 
30 4 429 337 136 108 -1 -1 -1 0 
31 1 717 330 31 40 -1 -1 -1 0 
31 2 658 335 42 45 -1 -1 -1 0 
31 4 432 334 136 111 -1 -1 -1 0 
32 1 718 330 30 40 -1 -1 -1 0 
32 2 657 336 44 45 -1 -1 -1 0 
32 4 435 336 136 108 -1 -1 -1 0 
33 1 717 330 31 40 -1 -1 -1 0 
33 2 657 336 44 45 -1 -1 -1 0 
33 4 440 337 131 107 -1 -1 -1 0 
34 1 717 329 30 42 -1 -1 -1 0 
34 2 656 334 45 48 -1 -1 -1 0 
34 4 444 339 129 102 -1 -1 -1 0 
35 1 716 328 31 43 -1 -1 -1 0 
35 2 655 335 46 48 -1 -1 -1 0 
35 4 448 339 127 101 -1 -1 -1 0 
36 1 716 328 31 44 -1 -1 -1 0 
36 2 656 335 45 48 -1 -1 -1 0 
36 4 452 340 124 98 -1 -1 -1 0 
37 1 716 328 32 44 -1 -1 -1 0 
37 2 656 336 44 47 -1 -1 -1 0 
37 4 455 342 120 95 -1 -1 -1 0 
38 1 716 328 31 44 -1 -1 -1 0 
38 2 656 336 44 48 -1 -1 -1 0 
38 4 459 342 117 93 -1 -1 -1 0 
39 1 716 328 32 44 -1 -1 -1 0 
39 4 462 340 114 93 -1 -1 -1 0 
40 1 717 327 31 46 -1 -1 -1 0 
40 4 465 337 112 94 -1 -1 -1 0 
