3 1 670 333 28 39 -1 -1 -1 0 
3 2 772 335 51 52 -1 -1 -1 0 
3 3 708 323 28 44 -1 -1 -1 0 
4 1 671 334 27 38 -1 -1 -1 0 
4 2 773 336 50 51 -1 -1 -1 0 
4 3 709 323 27 45 -1 -1 -1 0 
5 1 671 334 27 39 -1 -1 -1 0 
5 2 772 337 53 51 -1 -1 -1 0 
5 3 709 324 28 44 -1 -1 -1 0 
6 1 671 334 27 40 -1 -1 -1 0 
6 2 772 337 55 51 -1 -1 -1 0 
6 3 710 324 27 44 -1 -1 -1 0 
7 1 670 333 28 40 -1 -1 -1 0 
7 2 773 337 53 51 -1 -1 -1 0 
7 3 709 325 28 42 -1 -1 -1 0 
8 1 669 333 30 40 -1 -1 -1 0 
8 2 774 337 53 51 -1 -1 -1 0 
8 3 709 325 28 42 -1 -1 -1 0 
9 1 670 331 28 41 -1 -1 -1 0 
9 2 775 336 52 50 -1 -1 -1 0 
9 3 709 323 28 43 -1 -1 -1 0 
10 1 669 331 30 40 -1 -1 -1 0 
10 2 776 336 51 50 -1 -1 -1 0 
10 3 710 322 27 44 -1 -1 -1 0 
11 1 670 331 28 40 -1 -1 -1 0 
11 2 775 336 54 50 -1 -1 -1 0 
11 3 709 323 29 43 -1 -1 -1 0 
12 1 669 332 29 39 -1 -1 -1 0 
12 2 776 336 53 51 -1 -1 -1 0 
12 3 709 324 30 42 -1 -1 -1 0 
13 1 669 332 30 39 -1 -1 -1 0 
13 2 776 337 53 50 -1 -1 -1 0 
13 3 709 324 31 42 -1 -1 -1 0 
14 1 669 332 29 39 -1 -1 -1 0 
14 2 776 335 53 53 -1 -1 -1 0 
14 3 709 324 31 43 -1 -1 -1 0 
14 5 631 335 25 32 -1 -1 -1 0 
15 1 669 332 29 40 -1 -1 -1 0 
15 2 776 335 54 54 -1 -1 -1 0 
15 3 709 324 31 43 -1 -1 -1 0 
15 5 631 335 24 33 -1 -1 -1 0 
16 1 668 332 30 40 -1 -1 -1 0 
16 2 774 335 58 54 -1 -1 -1 0 
16 3 709 323 31 44 -1 -1 -1 0 
16 5 631 335 24 33 -1 -1 -1 0 
17 1 668 332 30 40 -1 -1 -1 0 
17 2 773 334 59 55 -1 -1 -1 0 
17 3 708 323 32 44 -1 -1 -1 0 
17 5 630 335 25 33 -1 -1 -1 0 
18 1 668 332 29 40 -1 -1 -1 0 
18 2 772 334 60 54 -1 -1 -1 0 
18 3 708 324 32 43 -1 -1 -1 0 
18 5 630 335 24 32 -1 -1 -1 0 
19 1 668 332 28 39 -1 -1 -1 0 
19 2 773 334 59 54 -1 -1 -1 0 
19 3 708 324 31 43 -1 -1 -1 0 
20 1 667 331 29 39 -1 -1 -1 0 
20 2 773 334 58 54 -1 -1 -1 0 
20 3 709 323 30 44 -1 -1 -1 0 
21 1 667 332 28 38 -1 -1 -1 0 
21 2 773 334 58 54 -1 -1 -1 0 
21 3 709 324 30 43 -1 -1 -1 0 
22 1 666 332 29 38 -1 -1 -1 0 
22 2 772 335 59 53 -1 -1 -1 0 
22 3 708 324 31 43 -1 -1 -1 0 
23 1 665 332 29 38 -1 -1 -1 0 
23 2 772 335 59 53 -1 -1 -1 0 
23 3 708 324 31 43 -1 -1 -1 0 
24 1 665 333 29 37 -1 -1 -1 0 
24 2 771 335 60 52 -1 -1 -1 0 
24 3 708 323 30 44 -1 -1 -1 0 
25 1 666 333 28 38 -1 -1 -1 0 
25 2 772 336 57 53 -1 -1 -1 0 
25 3 708 323 30 44 -1 -1 -1 0 
26 1 665 334 28 38 -1 -1 -1 0 
26 2 772 337 58 52 -1 -1 -1 0 
26 3 708 324 31 44 -1 -1 -1 0 
27 1 665 334 28 38 -1 -1 -1 0 
27 2 772 337 58 52 -1 -1 -1 0 
27 3 709 324 30 44 -1 -1 -1 0 
28 1 665 335 28 38 -1 -1 -1 0 
28 2 771 337 60 52 -1 -1 -1 0 
28 3 710 323 29 46 -1 -1 -1 0 
29 1 666 335 27 38 -1 -1 -1 0 
29 2 771 337 60 52 -1 -1 -1 0 
29 3 709 323 31 46 -1 -1 -1 0 
30 1 665 335 28 38 -1 -1 -1 0 
30 2 771 337 60 53 -1 -1 -1 0 
30 3 710 323 30 46 -1 -1 -1 0 
31 1 666 334 28 38 -1 -1 -1 0 
31 2 772 336 60 52 -1 -1 -1 0 
31 3 709 322 33 46 -1 -1 -1 0 
32 1 666 334 28 38 -1 -1 -1 0 
32 2 773 335 58 53 -1 -1 -1 0 
32 3 709 322 32 46 -1 -1 -1 0 
33 1 666 334 29 37 -1 -1 -1 0 
33 2 772 335 60 53 -1 -1 -1 0 
33 3 709 322 33 46 -1 -1 -1 0 
34 1 667 334 27 37 -1 -1 -1 0 
34 2 773 334 58 54 -1 -1 -1 0 
34 3 710 322 32 46 -1 -1 -1 0 
34 5 634 336 20 29 -1 -1 -1 0 
35 1 666 334 28 37 -1 -1 -1 0 
35 2 772 335 60 53 -1 -1 -1 0 
35 3 709 322 33 46 -1 -1 -1 0 
35 5 634 337 21 27 -1 -1 -1 0 
36 1 665 334 28 39 -1 -1 -1 0 
36 2 772 336 60 52 -1 -1 -1 0 
36 3 709 323 33 45 -1 -1 -1 0 
36 5 635 337 20 27 -1 -1 -1 0 
37 1 665 334 28 39 -1 -1 -1 0 
37 2 772 336 60 53 -1 -1 -1 0 
37 3 710 323 32 45 -1 -1 -1 0 
37 5 632 335 23 31 -1 -1 -1 0 
38 1 664 333 29 40 -1 -1 -1 0 
38 2 772 336 60 53 -1 -1 -1 0 
38 3 709 323 34 46 -1 -1 -1 0 
38 5 632 335 24 31 -1 -1 -1 0 
39 1 664 333 29 40 -1 -1 -1 0 
39 2 771 336 62 54 -1 -1 -1 0 
39 3 709 323 33 46 -1 -1 -1 0 
39 5 633 336 22 30 -1 -1 -1 0 
40 1 663 333 30 40 -1 -1 -1 0 
40 2 769 336 64 54 -1 -1 -1 0 
40 3 708 323 34 46 -1 -1 -1 0 
40 5 633 336 22 30 -1 -1 -1 0 
