3 1 960 350 314 200 -1 -1 -1 0 
3 2 490 330 92 91 -1 -1 -1 0 
3 3 781 338 35 30 -1 -1 -1 0 
3 4 607 331 30 41 -1 -1 -1 0 
4 1 941 341 338 208 -1 -1 -1 0 
4 2 493 331 88 90 -1 -1 -1 0 
4 3 781 338 33 31 -1 -1 -1 0 
4 4 608 332 29 40 -1 -1 -1 0 
5 1 921 341 358 204 -1 -1 -1 0 
5 2 496 329 88 89 -1 -1 -1 0 
5 3 781 338 32 32 -1 -1 -1 0 
5 4 608 332 30 41 -1 -1 -1 0 
6 1 911 340 368 201 -1 -1 -1 0 
6 2 499 328 88 89 -1 -1 -1 0 
6 3 782 337 30 33 -1 -1 -1 0 
6 4 608 332 30 40 -1 -1 -1 0 
7 1 907 339 370 186 -1 -1 -1 0 
7 2 501 327 89 90 -1 -1 -1 0 
7 3 782 336 30 33 -1 -1 -1 0 
7 4 608 333 30 39 -1 -1 -1 0 
8 1 910 338 325 182 -1 -1 -1 0 
8 2 504 329 86 87 -1 -1 -1 0 
8 3 782 336 30 33 -1 -1 -1 0 
8 4 609 333 29 39 -1 -1 -1 0 
9 1 901 338 304 174 -1 -1 -1 0 
9 2 505 327 87 87 -1 -1 -1 0 
9 3 781 335 31 34 -1 -1 -1 0 
10 1 895 335 279 169 -1 -1 -1 0 
10 2 507 326 85 86 -1 -1 -1 0 
10 3 780 335 32 34 -1 -1 -1 0 
11 1 885 335 267 157 -1 -1 -1 0 
11 2 509 327 86 86 -1 -1 -1 0 
11 3 780 337 32 32 -1 -1 -1 0 
12 1 883 329 245 154 -1 -1 -1 0 
12 2 512 327 83 85 -1 -1 -1 0 
12 3 780 336 32 31 -1 -1 -1 0 
13 1 877 326 233 152 -1 -1 -1 0 
13 2 513 329 84 83 -1 -1 -1 0 
13 3 780 336 31 31 -1 -1 -1 0 
14 1 870 326 223 147 -1 -1 -1 0 
14 2 517 328 79 83 -1 -1 -1 0 
14 3 647 333 29 37 -1 -1 -1 0 
15 1 863 326 214 142 -1 -1 -1 0 
15 2 519 328 79 82 -1 -1 -1 0 
15 3 616 333 29 37 -1 -1 -1 0 
15 7 0 341 323 159 -1 -1 -1 0 
16 1 857 328 203 135 -1 -1 -1 0 
16 2 520 327 80 83 -1 -1 -1 0 
16 3 606 331 31 39 -1 -1 -1 0 
16 7 2 337 327 161 -1 -1 -1 0 
17 1 854 327 192 130 -1 -1 -1 0 
17 2 522 327 78 82 -1 -1 -1 0 
17 3 603 330 31 41 -1 -1 -1 0 
17 8 153 347 173 128 -1 -1 -1 0 
18 1 851 322 184 132 -1 -1 -1 0 
18 2 523 328 78 80 -1 -1 -1 0 
18 3 604 330 30 41 -1 -1 -1 0 
18 8 79 351 289 125 -1 -1 -1 0 
19 1 850 317 174 134 -1 -1 -1 0 
19 2 524 330 77 77 -1 -1 -1 0 
19 3 604 330 31 41 -1 -1 -1 0 
19 8 89 353 276 120 -1 -1 -1 0 
20 1 848 316 163 131 -1 -1 -1 0 
20 2 526 328 74 78 -1 -1 -1 0 
20 3 606 330 30 40 -1 -1 -1 0 
20 4 775 336 27 30 -1 -1 -1 0 
20 8 116 355 250 113 -1 -1 -1 0 
21 1 846 318 159 127 -1 -1 -1 0 
21 2 526 330 75 75 -1 -1 -1 0 
21 3 596 330 31 40 -1 -1 -1 0 
21 4 779 336 28 31 -1 -1 -1 0 
21 8 152 355 218 111 -1 -1 -1 0 
22 1 844 325 151 116 -1 -1 -1 0 
22 2 528 330 73 74 -1 -1 -1 0 
22 4 781 337 27 30 -1 -1 -1 0 
22 8 166 355 220 106 -1 -1 -1 0 
23 1 844 328 143 110 -1 -1 -1 0 
23 2 530 332 71 72 -1 -1 -1 0 
23 4 780 336 28 31 -1 -1 -1 0 
23 8 197 353 190 104 -1 -1 -1 0 
24 1 836 332 144 104 -1 -1 -1 0 
24 2 532 333 69 71 -1 -1 -1 0 
24 3 417 337 31 34 -1 -1 -1 0 
24 4 779 338 29 29 -1 -1 -1 0 
24 8 206 349 195 104 -1 -1 -1 0 
25 1 836 333 136 99 -1 -1 -1 0 
25 2 535 332 67 71 -1 -1 -1 0 
25 3 406 338 27 32 -1 -1 -1 0 
25 4 779 337 28 31 -1 -1 -1 0 
25 8 226 346 183 102 -1 -1 -1 0 
26 1 836 331 125 99 -1 -1 -1 0 
26 2 537 330 66 72 -1 -1 -1 0 
26 3 396 338 27 30 -1 -1 -1 0 
26 4 780 335 26 33 -1 -1 -1 0 
26 8 239 346 180 97 -1 -1 -1 0 
27 1 826 324 128 103 -1 -1 -1 0 
27 2 539 328 66 74 -1 -1 -1 0 
27 3 375 338 26 30 -1 -1 -1 0 
27 4 779 335 27 32 -1 -1 -1 0 
27 8 255 349 174 90 -1 -1 -1 0 
28 1 822 323 128 102 -1 -1 -1 0 
28 2 539 327 67 75 -1 -1 -1 0 
28 4 779 335 27 32 -1 -1 -1 0 
28 8 269 350 164 86 -1 -1 -1 0 
29 1 820 320 127 102 -1 -1 -1 0 
29 2 540 327 67 74 -1 -1 -1 0 
29 4 778 334 27 32 -1 -1 -1 0 
29 8 287 348 146 85 -1 -1 -1 0 
29 9 804 323 22 27 -1 -1 -1 0 
30 1 818 321 127 98 -1 -1 -1 0 
30 2 541 327 66 74 -1 -1 -1 0 
30 4 777 334 26 32 -1 -1 -1 0 
30 8 300 347 141 83 -1 -1 -1 0 
30 9 804 322 23 28 -1 -1 -1 0 
31 1 819 324 120 94 -1 -1 -1 0 
31 2 542 328 64 71 -1 -1 -1 0 
31 4 776 334 27 32 -1 -1 -1 0 
31 8 311 346 138 82 -1 -1 -1 0 
31 9 507 333 36 29 -1 -1 -1 0 
32 1 818 325 116 91 -1 -1 -1 0 
32 2 543 329 63 69 -1 -1 -1 0 
32 3 286 340 38 37 -1 -1 -1 0 
32 4 779 334 27 32 -1 -1 -1 0 
32 8 321 345 132 81 -1 -1 -1 0 
32 9 454 335 40 30 -1 -1 -1 0 
33 1 816 327 112 88 -1 -1 -1 0 
33 2 544 330 63 68 -1 -1 -1 0 
33 3 263 343 43 35 -1 -1 -1 0 
33 8 326 346 134 79 -1 -1 -1 0 
33 9 384 338 41 30 -1 -1 -1 0 
34 1 816 331 109 84 -1 -1 -1 0 
34 2 544 331 62 68 -1 -1 -1 0 
34 3 233 346 44 35 -1 -1 -1 0 
34 4 775 335 26 30 -1 -1 -1 0 
34 8 337 346 123 77 -1 -1 -1 0 
35 1 817 332 104 82 -1 -1 -1 0 
35 2 545 332 61 67 -1 -1 -1 0 
35 3 197 347 53 37 -1 -1 -1 0 
35 4 777 335 26 29 -1 -1 -1 0 
35 8 345 344 122 77 -1 -1 -1 0 
35 13 272 332 52 49 -1 -1 -1 0 
36 1 818 332 100 81 -1 -1 -1 0 
36 2 546 333 63 65 -1 -1 -1 0 
36 3 156 348 67 38 -1 -1 -1 0 
36 4 772 335 27 29 -1 -1 -1 0 
36 8 350 342 122 76 -1 -1 -1 0 
36 13 251 336 52 45 -1 -1 -1 0 
37 1 818 332 97 81 -1 -1 -1 0 
37 2 547 334 63 63 -1 -1 -1 0 
37 3 109 347 76 42 -1 -1 -1 0 
37 4 774 335 27 29 -1 -1 -1 0 
37 8 360 339 113 77 -1 -1 -1 0 
37 13 227 332 54 51 -1 -1 -1 0 
38 1 816 332 94 79 -1 -1 -1 0 
38 2 548 334 63 62 -1 -1 -1 0 
38 3 79 347 79 44 -1 -1 -1 0 
38 4 769 335 30 29 -1 -1 -1 0 
38 8 367 339 110 75 -1 -1 -1 0 
38 13 195 327 67 57 -1 -1 -1 0 
39 2 550 334 59 62 -1 -1 -1 0 
39 4 771 334 26 29 -1 -1 -1 0 
39 8 372 341 110 71 -1 -1 -1 0 
39 13 166 329 67 57 -1 -1 -1 0 
40 1 812 326 99 85 -1 -1 -1 0 
40 2 549 333 63 61 -1 -1 -1 0 
40 4 769 334 29 30 -1 -1 -1 0 
40 8 381 342 100 68 -1 -1 -1 0 
40 13 131 329 79 58 -1 -1 -1 0 
