3 1 583 324 52 63 -1 -1 -1 0 
3 2 672 332 35 45 -1 -1 -1 0 
4 1 583 326 55 60 -1 -1 -1 0 
4 2 673 332 35 45 -1 -1 -1 0 
5 1 584 326 54 60 -1 -1 -1 0 
5 2 673 332 35 45 -1 -1 -1 0 
6 1 584 326 54 59 -1 -1 -1 0 
6 2 673 332 35 45 -1 -1 -1 0 
7 1 585 327 53 57 -1 -1 -1 0 
7 2 673 332 35 45 -1 -1 -1 0 
7 7 166 337 76 52 -1 -1 -1 0 
8 1 585 327 53 57 -1 -1 -1 0 
8 2 672 332 36 44 -1 -1 -1 0 
8 7 114 338 92 57 -1 -1 -1 0 
9 1 587 327 51 57 -1 -1 -1 0 
9 2 672 331 36 45 -1 -1 -1 0 
9 7 54 342 114 58 -1 -1 -1 0 
10 1 588 327 49 58 -1 -1 -1 0 
10 2 673 331 35 45 -1 -1 -1 0 
10 7 6 336 102 68 -1 -1 -1 0 
11 1 588 327 50 58 -1 -1 -1 0 
11 2 673 331 35 45 -1 -1 -1 0 
11 7 0 336 67 72 -1 -1 -1 0 
12 1 589 327 49 58 -1 -1 -1 0 
12 2 673 331 34 45 -1 -1 -1 0 
13 1 589 327 50 58 -1 -1 -1 0 
13 2 672 331 36 45 -1 -1 -1 0 
14 1 589 327 50 58 -1 -1 -1 0 
14 2 673 331 35 45 -1 -1 -1 0 
15 1 590 327 48 59 -1 -1 -1 0 
15 2 672 331 36 46 -1 -1 -1 0 
16 1 590 327 49 59 -1 -1 -1 0 
16 2 672 332 36 45 -1 -1 -1 0 
17 1 590 328 50 59 -1 -1 -1 0 
17 2 672 332 37 46 -1 -1 -1 0 
18 1 590 329 51 58 -1 -1 -1 0 
18 2 672 333 38 45 -1 -1 -1 0 
19 1 590 330 52 57 -1 -1 -1 0 
19 2 673 333 36 45 -1 -1 -1 0 
20 1 591 330 51 58 -1 -1 -1 0 
20 2 672 333 37 44 -1 -1 -1 0 
21 1 591 330 51 57 -1 -1 -1 0 
21 2 672 333 37 44 -1 -1 -1 0 
22 1 592 331 51 56 -1 -1 -1 0 
22 2 672 333 37 44 -1 -1 -1 0 
23 1 593 330 49 57 -1 -1 -1 0 
23 2 673 333 35 44 -1 -1 -1 0 
24 1 593 330 50 56 -1 -1 -1 0 
24 2 673 333 35 43 -1 -1 -1 0 
25 1 593 330 51 55 -1 -1 -1 0 
25 2 673 333 35 43 -1 -1 -1 0 
26 1 594 331 50 54 -1 -1 -1 0 
26 2 672 333 37 43 -1 -1 -1 0 
27 1 596 333 48 51 -1 -1 -1 0 
27 2 672 334 37 42 -1 -1 -1 0 
28 1 596 334 48 50 -1 -1 -1 0 
28 2 672 334 37 42 -1 -1 -1 0 
29 1 598 335 45 49 -1 -1 -1 0 
29 2 673 335 35 41 -1 -1 -1 0 
30 1 598 335 46 50 -1 -1 -1 0 
30 2 673 335 35 42 -1 -1 -1 0 
31 1 598 336 46 49 -1 -1 -1 0 
31 2 673 335 35 42 -1 -1 -1 0 
32 1 599 337 44 48 -1 -1 -1 0 
32 2 673 335 35 42 -1 -1 -1 0 
32 9 335 336 59 41 -1 -1 -1 0 
33 1 599 337 44 48 -1 -1 -1 0 
33 2 673 335 34 42 -1 -1 -1 0 
33 9 319 336 58 43 -1 -1 -1 0 
34 1 600 337 44 47 -1 -1 -1 0 
34 2 673 335 34 42 -1 -1 -1 0 
34 9 299 337 60 46 -1 -1 -1 0 
35 1 600 337 45 46 -1 -1 -1 0 
35 2 673 335 34 43 -1 -1 -1 0 
35 9 277 337 62 46 -1 -1 -1 0 
36 1 601 337 45 46 -1 -1 -1 0 
36 2 672 335 37 42 -1 -1 -1 0 
36 9 255 337 64 49 -1 -1 -1 0 
37 1 602 336 44 46 -1 -1 -1 0 
37 2 673 335 35 42 -1 -1 -1 0 
37 9 229 337 70 51 -1 -1 -1 0 
38 1 602 336 45 46 -1 -1 -1 0 
38 2 673 335 35 42 -1 -1 -1 0 
38 9 198 339 77 51 -1 -1 -1 0 
39 1 602 336 44 46 -1 -1 -1 0 
39 2 673 335 35 42 -1 -1 -1 0 
39 9 154 339 89 53 -1 -1 -1 0 
40 1 602 335 45 47 -1 -1 -1 0 
40 2 673 335 35 42 -1 -1 -1 0 
40 9 127 342 76 52 -1 -1 -1 0 
