3 1 600 333 40 52 -1 -1 -1 0 
3 2 710 337 24 32 -1 -1 -1 0 
4 1 601 332 40 53 -1 -1 -1 0 
4 2 710 337 24 32 -1 -1 -1 0 
4 3 323 349 54 37 -1 -1 -1 0 
5 1 602 331 39 54 -1 -1 -1 0 
5 2 710 337 25 31 -1 -1 -1 0 
5 3 300 347 62 41 -1 -1 -1 0 
6 1 601 331 41 54 -1 -1 -1 0 
6 2 711 337 24 31 -1 -1 -1 0 
6 3 280 348 65 43 -1 -1 -1 0 
7 1 602 331 40 54 -1 -1 -1 0 
7 2 711 337 24 31 -1 -1 -1 0 
7 3 252 350 72 43 -1 -1 -1 0 
8 1 603 333 38 51 -1 -1 -1 0 
8 2 712 337 23 32 -1 -1 -1 0 
8 3 233 351 71 44 -1 -1 -1 0 
9 1 603 334 38 50 -1 -1 -1 0 
9 2 711 337 25 32 -1 -1 -1 0 
9 3 201 354 78 43 -1 -1 -1 0 
10 1 604 335 37 48 -1 -1 -1 0 
10 2 711 337 26 32 -1 -1 -1 0 
10 3 169 355 79 44 -1 -1 -1 0 
11 1 604 333 37 50 -1 -1 -1 0 
11 2 712 336 24 33 -1 -1 -1 0 
11 3 130 356 81 47 -1 -1 -1 0 
12 1 604 332 37 51 -1 -1 -1 0 
12 2 712 336 25 33 -1 -1 -1 0 
12 3 75 357 90 50 -1 -1 -1 0 
13 1 604 333 38 50 -1 -1 -1 0 
13 2 711 335 26 35 -1 -1 -1 0 
13 3 11 358 96 55 -1 -1 -1 0 
14 1 605 332 36 51 -1 -1 -1 0 
14 2 711 335 27 35 -1 -1 -1 0 
14 3 0 359 37 56 -1 -1 -1 0 
15 1 605 331 36 51 -1 -1 -1 0 
15 2 712 335 25 35 -1 -1 -1 0 
15 3 0 360 -4 57 -1 -1 -1 0 
16 1 605 330 37 52 -1 -1 -1 0 
16 2 712 335 26 35 -1 -1 -1 0 
17 1 606 329 36 53 -1 -1 -1 0 
17 2 711 334 27 36 -1 -1 -1 0 
18 1 604 328 40 54 -1 -1 -1 0 
18 2 711 334 27 36 -1 -1 -1 0 
19 1 604 328 40 54 -1 -1 -1 0 
19 2 711 334 27 36 -1 -1 -1 0 
20 1 604 329 41 53 -1 -1 -1 0 
20 2 711 335 27 35 -1 -1 -1 0 
21 1 604 329 40 53 -1 -1 -1 0 
21 2 711 335 27 35 -1 -1 -1 0 
22 1 605 329 39 53 -1 -1 -1 0 
22 2 712 335 26 35 -1 -1 -1 0 
23 1 605 330 40 51 -1 -1 -1 0 
23 2 712 335 27 36 -1 -1 -1 0 
24 1 606 330 38 51 -1 -1 -1 0 
24 2 712 336 27 34 -1 -1 -1 0 
25 1 607 330 38 51 -1 -1 -1 0 
25 2 713 336 26 34 -1 -1 -1 0 
26 1 607 329 37 52 -1 -1 -1 0 
26 2 713 336 26 34 -1 -1 -1 0 
27 1 607 329 38 52 -1 -1 -1 0 
27 2 712 336 28 34 -1 -1 -1 0 
28 1 608 330 37 49 -1 -1 -1 0 
28 2 713 335 26 35 -1 -1 -1 0 
29 1 609 331 35 48 -1 -1 -1 0 
29 2 713 335 27 34 -1 -1 -1 0 
30 1 608 331 36 47 -1 -1 -1 0 
30 2 713 334 27 35 -1 -1 -1 0 
31 1 609 331 34 47 -1 -1 -1 0 
31 2 714 334 26 34 -1 -1 -1 0 
32 1 608 331 36 47 -1 -1 -1 0 
32 2 713 334 26 34 -1 -1 -1 0 
33 1 608 330 36 48 -1 -1 -1 0 
33 2 713 334 26 34 -1 -1 -1 0 
34 1 608 329 35 49 -1 -1 -1 0 
34 2 713 334 26 34 -1 -1 -1 0 
35 1 608 328 35 50 -1 -1 -1 0 
35 2 714 335 25 32 -1 -1 -1 0 
36 1 608 328 35 51 -1 -1 -1 0 
36 2 714 335 25 33 -1 -1 -1 0 
37 1 608 327 35 52 -1 -1 -1 0 
37 2 714 335 26 33 -1 -1 -1 0 
38 1 608 326 35 53 -1 -1 -1 0 
38 2 714 336 26 32 -1 -1 -1 0 
39 1 608 326 35 53 -1 -1 -1 0 
39 2 715 336 25 31 -1 -1 -1 0 
40 1 608 326 36 53 -1 -1 -1 0 
40 2 716 336 23 31 -1 -1 -1 0 
