3 1 89 349 93 96 -1 -1 -1 0 
3 2 606 328 41 51 -1 -1 -1 0 
3 3 668 328 67 69 -1 -1 -1 0 
4 1 121 351 85 87 -1 -1 -1 0 
4 2 607 329 39 49 -1 -1 -1 0 
4 3 669 328 64 68 -1 -1 -1 0 
5 1 152 354 81 78 -1 -1 -1 0 
5 2 607 329 40 47 -1 -1 -1 0 
5 3 669 328 63 67 -1 -1 -1 0 
6 1 183 353 73 76 -1 -1 -1 0 
6 2 607 327 40 50 -1 -1 -1 0 
6 3 669 328 63 67 -1 -1 -1 0 
7 1 208 350 69 76 -1 -1 -1 0 
7 2 608 327 39 49 -1 -1 -1 0 
7 3 670 327 62 67 -1 -1 -1 0 
8 1 230 349 65 73 -1 -1 -1 0 
8 2 607 327 40 50 -1 -1 -1 0 
8 3 670 327 62 67 -1 -1 -1 0 
9 1 254 343 56 76 -1 -1 -1 0 
9 2 608 325 39 52 -1 -1 -1 0 
9 3 671 327 61 67 -1 -1 -1 0 
10 1 275 340 49 76 -1 -1 -1 0 
10 2 608 325 39 51 -1 -1 -1 0 
10 3 670 327 62 67 -1 -1 -1 0 
11 1 290 342 48 72 -1 -1 -1 0 
11 2 608 324 40 52 -1 -1 -1 0 
11 3 670 326 61 68 -1 -1 -1 0 
12 1 311 341 46 69 -1 -1 -1 0 
12 2 608 324 40 52 -1 -1 -1 0 
12 3 670 326 61 68 -1 -1 -1 0 
13 2 608 325 40 51 -1 -1 -1 0 
13 3 669 325 63 69 -1 -1 -1 0 
14 2 608 325 40 50 -1 -1 -1 0 
14 3 670 325 60 69 -1 -1 -1 0 
15 2 609 325 38 50 -1 -1 -1 0 
15 3 670 325 61 69 -1 -1 -1 0 
16 2 608 326 40 49 -1 -1 -1 0 
16 3 670 325 61 69 -1 -1 -1 0 
17 2 608 326 40 48 -1 -1 -1 0 
17 3 670 325 60 69 -1 -1 -1 0 
18 2 609 326 38 49 -1 -1 -1 0 
18 3 670 325 60 68 -1 -1 -1 0 
19 2 609 325 39 50 -1 -1 -1 0 
19 3 671 325 58 68 -1 -1 -1 0 
20 2 609 325 39 50 -1 -1 -1 0 
20 3 670 325 60 68 -1 -1 -1 0 
21 2 609 324 40 51 -1 -1 -1 0 
21 3 669 325 61 68 -1 -1 -1 0 
22 2 609 324 40 51 -1 -1 -1 0 
22 3 669 325 61 69 -1 -1 -1 0 
23 2 610 323 38 52 -1 -1 -1 0 
23 3 669 324 61 69 -1 -1 -1 0 
24 2 609 323 40 51 -1 -1 -1 0 
24 3 668 325 61 68 -1 -1 -1 0 
25 2 609 325 40 49 -1 -1 -1 0 
25 3 668 326 61 66 -1 -1 -1 0 
26 2 609 325 40 48 -1 -1 -1 0 
26 3 669 326 58 66 -1 -1 -1 0 
27 2 610 325 38 49 -1 -1 -1 0 
27 3 670 325 57 67 -1 -1 -1 0 
28 2 610 325 38 49 -1 -1 -1 0 
28 3 669 325 59 67 -1 -1 -1 0 
29 2 610 324 39 50 -1 -1 -1 0 
29 3 669 324 60 68 -1 -1 -1 0 
30 2 610 324 38 50 -1 -1 -1 0 
30 3 668 324 61 67 -1 -1 -1 0 
31 2 610 323 39 50 -1 -1 -1 0 
31 3 669 324 59 67 -1 -1 -1 0 
32 2 610 323 39 50 -1 -1 -1 0 
32 3 669 324 58 66 -1 -1 -1 0 
33 2 611 323 37 49 -1 -1 -1 0 
33 3 669 324 58 66 -1 -1 -1 0 
34 2 611 325 37 47 -1 -1 -1 0 
34 3 669 324 58 66 -1 -1 -1 0 
35 2 611 326 37 46 -1 -1 -1 0 
35 3 669 324 57 68 -1 -1 -1 0 
36 2 612 326 35 47 -1 -1 -1 0 
36 3 669 325 57 67 -1 -1 -1 0 
37 2 612 325 36 48 -1 -1 -1 0 
37 3 668 325 59 67 -1 -1 -1 0 
38 2 612 325 36 48 -1 -1 -1 0 
38 3 669 325 57 67 -1 -1 -1 0 
39 2 612 324 36 49 -1 -1 -1 0 
39 3 669 324 57 69 -1 -1 -1 0 
40 2 612 324 36 49 -1 -1 -1 0 
40 3 669 323 58 71 -1 -1 -1 0 
