3 1 870 341 162 98 -1 -1 -1 0 
3 2 748 326 45 53 -1 -1 -1 0 
4 1 871 339 164 101 -1 -1 -1 0 
4 2 747 326 47 54 -1 -1 -1 0 
5 1 870 338 170 104 -1 -1 -1 0 
5 2 746 326 47 55 -1 -1 -1 0 
6 1 869 338 177 104 -1 -1 -1 0 
6 2 746 326 47 56 -1 -1 -1 0 
7 1 872 339 173 104 -1 -1 -1 0 
7 2 746 325 48 57 -1 -1 -1 0 
8 1 872 340 177 102 -1 -1 -1 0 
8 2 747 325 47 55 -1 -1 -1 0 
9 1 873 340 179 103 -1 -1 -1 0 
9 2 747 324 47 56 -1 -1 -1 0 
10 1 875 340 177 103 -1 -1 -1 0 
11 1 877 340 179 104 -1 -1 -1 0 
11 2 747 325 46 56 -1 -1 -1 0 
12 1 883 340 175 104 -1 -1 -1 0 
12 2 746 326 48 56 -1 -1 -1 0 
13 1 886 341 173 101 -1 -1 -1 0 
13 2 747 326 46 54 -1 -1 -1 0 
14 1 886 340 175 103 -1 -1 -1 0 
14 2 747 328 46 52 -1 -1 -1 0 
15 1 887 339 178 104 -1 -1 -1 0 
15 2 747 328 46 54 -1 -1 -1 0 
16 1 887 337 181 107 -1 -1 -1 0 
16 2 747 328 46 54 -1 -1 -1 0 
17 1 886 336 184 109 -1 -1 -1 0 
17 2 747 327 46 56 -1 -1 -1 0 
18 1 887 335 184 112 -1 -1 -1 0 
18 2 746 328 48 55 -1 -1 -1 0 
19 1 886 334 189 113 -1 -1 -1 0 
19 2 746 328 48 56 -1 -1 -1 0 
20 1 888 333 188 117 -1 -1 -1 0 
20 2 746 329 48 55 -1 -1 -1 0 
21 1 888 335 191 115 -1 -1 -1 0 
21 2 746 331 48 53 -1 -1 -1 0 
22 1 889 336 192 117 -1 -1 -1 0 
22 2 746 331 48 54 -1 -1 -1 0 
23 1 888 337 196 116 -1 -1 -1 0 
23 2 746 329 47 55 -1 -1 -1 0 
24 1 889 337 197 116 -1 -1 -1 0 
24 2 745 330 49 54 -1 -1 -1 0 
25 1 889 338 201 116 -1 -1 -1 0 
25 2 746 330 47 54 -1 -1 -1 0 
26 1 895 339 196 114 -1 -1 -1 0 
26 2 745 331 48 53 -1 -1 -1 0 
27 1 896 339 201 114 -1 -1 -1 0 
27 2 744 331 49 53 -1 -1 -1 0 
28 1 895 336 201 117 -1 -1 -1 0 
29 1 894 335 206 118 -1 -1 -1 0 
29 2 744 330 48 54 -1 -1 -1 0 
30 1 893 334 207 120 -1 -1 -1 0 
30 2 744 330 48 55 -1 -1 -1 0 
31 1 892 334 210 120 -1 -1 -1 0 
31 2 743 330 49 55 -1 -1 -1 0 
32 1 894 334 209 120 -1 -1 -1 0 
33 1 897 334 207 120 -1 -1 -1 0 
34 1 900 334 204 122 -1 -1 -1 0 
35 1 895 334 214 122 -1 -1 -1 0 
35 2 740 331 52 54 -1 -1 -1 0 
36 1 899 336 208 122 -1 -1 -1 0 
36 2 740 331 51 55 -1 -1 -1 0 
37 1 900 338 208 121 -1 -1 -1 0 
37 2 740 332 51 54 -1 -1 -1 0 
38 1 904 338 202 122 -1 -1 -1 0 
38 2 739 332 52 55 -1 -1 -1 0 
39 1 902 338 206 123 -1 -1 -1 0 
39 2 739 333 51 54 -1 -1 -1 0 
40 1 900 338 210 124 -1 -1 -1 0 
40 2 738 333 53 55 -1 -1 -1 0 
