3 1 736 335 39 44 -1 -1 -1 0 
4 1 737 336 39 43 -1 -1 -1 0 
5 1 738 336 38 43 -1 -1 -1 0 
6 1 738 336 38 42 -1 -1 -1 0 
7 1 738 336 38 42 -1 -1 -1 0 
8 1 739 336 38 41 -1 -1 -1 0 
8 2 202 358 78 39 -1 -1 -1 0 
9 1 739 336 38 41 -1 -1 -1 0 
9 2 174 359 77 40 -1 -1 -1 0 
10 1 739 336 38 41 -1 -1 -1 0 
10 2 146 361 68 41 -1 -1 -1 0 
11 1 739 336 38 41 -1 -1 -1 0 
11 2 91 363 84 44 -1 -1 -1 0 
12 1 738 335 39 42 -1 -1 -1 0 
12 2 32 365 96 49 -1 -1 -1 0 
13 1 737 335 39 42 -1 -1 -1 0 
13 2 0 367 53 51 -1 -1 -1 0 
14 1 737 335 39 42 -1 -1 -1 0 
14 2 0 368 9 54 -1 -1 -1 0 
15 1 736 334 39 43 -1 -1 -1 0 
16 1 735 334 40 43 -1 -1 -1 0 
17 1 735 334 39 44 -1 -1 -1 0 
18 1 734 334 41 44 -1 -1 -1 0 
19 1 734 333 41 45 -1 -1 -1 0 
20 1 734 333 41 45 -1 -1 -1 0 
21 1 734 332 40 46 -1 -1 -1 0 
22 1 734 332 40 45 -1 -1 -1 0 
23 1 734 331 40 46 -1 -1 -1 0 
24 1 733 331 42 46 -1 -1 -1 0 
25 1 733 331 42 46 -1 -1 -1 0 
25 7 377 345 26 30 -1 -1 -1 0 
26 1 733 330 41 47 -1 -1 -1 0 
26 7 367 345 25 29 -1 -1 -1 0 
27 1 732 330 42 47 -1 -1 -1 0 
27 7 352 345 25 30 -1 -1 -1 0 
28 1 732 330 42 47 -1 -1 -1 0 
28 7 332 345 32 31 -1 -1 -1 0 
29 1 733 330 40 47 -1 -1 -1 0 
29 7 311 345 37 32 -1 -1 -1 0 
30 1 733 331 41 46 -1 -1 -1 0 
30 7 302 346 28 32 -1 -1 -1 0 
31 1 733 330 41 47 -1 -1 -1 0 
31 7 276 345 36 35 -1 -1 -1 0 
32 1 732 330 42 47 -1 -1 -1 0 
32 7 235 345 54 38 -1 -1 -1 0 
32 13 339 344 45 35 -1 -1 -1 0 
33 1 733 329 42 48 -1 -1 -1 0 
33 7 209 345 56 39 -1 -1 -1 0 
33 13 317 341 47 40 -1 -1 -1 0 
34 1 733 328 42 49 -1 -1 -1 0 
34 7 166 345 74 42 -1 -1 -1 0 
34 13 291 340 56 42 -1 -1 -1 0 
35 1 733 328 43 48 -1 -1 -1 0 
35 7 129 343 77 48 -1 -1 -1 0 
35 13 264 340 62 44 -1 -1 -1 0 
36 1 733 328 43 48 -1 -1 -1 0 
36 7 90 344 80 50 -1 -1 -1 0 
36 13 245 340 65 45 -1 -1 -1 0 
37 1 734 327 42 48 -1 -1 -1 0 
37 7 33 346 92 53 -1 -1 -1 0 
38 1 735 327 41 47 -1 -1 -1 0 
38 7 0 349 66 54 -1 -1 -1 0 
39 1 735 327 41 47 -1 -1 -1 0 
39 7 0 350 29 56 -1 -1 -1 0 
40 1 735 327 42 47 -1 -1 -1 0 
