3 1 221 330 294 210 -1 -1 -1 0 
4 1 224 331 290 205 -1 -1 -1 0 
5 1 226 332 289 206 -1 -1 -1 0 
6 1 229 332 287 205 -1 -1 -1 0 
7 1 232 332 285 204 -1 -1 -1 0 
8 1 234 336 284 200 -1 -1 -1 0 
9 1 238 334 281 204 -1 -1 -1 0 
10 1 238 334 282 204 -1 -1 -1 0 
11 1 236 328 286 211 -1 -1 -1 0 
12 1 237 326 287 211 -1 -1 -1 0 
13 1 240 326 286 207 -1 -1 -1 0 
14 1 245 327 280 203 -1 -1 -1 0 
15 1 253 318 267 204 -1 -1 -1 0 
16 1 250 320 277 202 -1 -1 -1 0 
17 1 252 322 276 201 -1 -1 -1 0 
18 1 252 321 277 200 -1 -1 -1 0 
19 1 254 320 275 199 -1 -1 -1 0 
20 1 255 324 275 195 -1 -1 -1 0 
21 1 259 322 270 195 -1 -1 -1 0 
22 1 260 323 268 194 -1 -1 -1 0 
23 1 262 325 267 192 -1 -1 -1 0 
24 1 264 328 265 188 -1 -1 -1 0 
25 1 268 330 261 187 -1 -1 -1 0 
26 1 268 329 262 187 -1 -1 -1 0 
27 1 270 324 260 191 -1 -1 -1 0 
28 1 268 325 265 189 -1 -1 -1 0 
29 1 270 328 262 186 -1 -1 -1 0 
29 4 886 645 45 46 -1 -1 -1 0 
30 1 274 326 257 187 -1 -1 -1 0 
30 4 889 645 43 48 -1 -1 -1 0 
31 1 275 328 257 187 -1 -1 -1 0 
31 4 891 645 43 50 -1 -1 -1 0 
32 1 275 334 258 180 -1 -1 -1 0 
32 4 872 645 66 51 -1 -1 -1 0 
33 1 277 339 257 174 -1 -1 -1 0 
33 4 871 646 68 51 -1 -1 -1 0 
34 1 279 341 254 174 -1 -1 -1 0 
35 1 283 340 249 176 -1 -1 -1 0 
36 1 284 337 248 181 -1 -1 -1 0 
37 1 283 339 250 179 -1 -1 -1 0 
38 1 286 334 245 184 -1 -1 -1 0 
39 1 287 332 246 186 -1 -1 -1 0 
40 1 288 328 246 190 -1 -1 -1 0 
