3 1 676 328 68 80 -1 -1 -1 0 
3 2 774 336 56 56 -1 -1 -1 0 
4 1 675 328 70 80 -1 -1 -1 0 
4 2 773 336 59 57 -1 -1 -1 0 
5 1 676 328 68 80 -1 -1 -1 0 
5 2 773 336 61 57 -1 -1 -1 0 
6 1 677 328 68 80 -1 -1 -1 0 
6 2 774 336 60 57 -1 -1 -1 0 
7 1 677 327 69 81 -1 -1 -1 0 
7 2 773 336 63 57 -1 -1 -1 0 
8 1 677 327 68 81 -1 -1 -1 0 
8 2 774 336 62 58 -1 -1 -1 0 
9 1 677 327 69 81 -1 -1 -1 0 
9 2 775 336 60 58 -1 -1 -1 0 
10 1 677 328 69 80 -1 -1 -1 0 
10 2 774 336 62 59 -1 -1 -1 0 
11 1 679 328 67 78 -1 -1 -1 0 
11 2 775 336 61 58 -1 -1 -1 0 
12 1 680 328 65 78 -1 -1 -1 0 
12 2 775 335 60 59 -1 -1 -1 0 
13 1 679 328 67 77 -1 -1 -1 0 
13 2 775 334 60 60 -1 -1 -1 0 
14 1 680 328 66 77 -1 -1 -1 0 
14 2 775 334 61 61 -1 -1 -1 0 
15 1 680 328 66 76 -1 -1 -1 0 
15 2 775 334 62 61 -1 -1 -1 0 
16 1 680 328 66 76 -1 -1 -1 0 
16 2 775 333 62 62 -1 -1 -1 0 
17 1 681 328 64 76 -1 -1 -1 0 
17 2 775 335 63 60 -1 -1 -1 0 
18 1 681 328 64 76 -1 -1 -1 0 
18 2 775 335 63 60 -1 -1 -1 0 
19 1 681 328 63 77 -1 -1 -1 0 
19 2 776 334 62 61 -1 -1 -1 0 
20 1 680 329 65 75 -1 -1 -1 0 
20 2 775 334 64 61 -1 -1 -1 0 
21 1 681 329 64 75 -1 -1 -1 0 
21 2 776 335 63 60 -1 -1 -1 0 
22 1 681 328 64 75 -1 -1 -1 0 
22 2 776 335 63 60 -1 -1 -1 0 
23 1 682 328 62 75 -1 -1 -1 0 
23 2 777 335 62 60 -1 -1 -1 0 
24 1 680 328 65 74 -1 -1 -1 0 
24 2 777 334 61 61 -1 -1 -1 0 
25 1 681 328 63 74 -1 -1 -1 0 
25 2 777 334 62 61 -1 -1 -1 0 
26 1 680 329 64 73 -1 -1 -1 0 
26 2 776 334 63 61 -1 -1 -1 0 
27 1 681 329 62 72 -1 -1 -1 0 
27 2 776 334 63 61 -1 -1 -1 0 
28 1 681 329 62 72 -1 -1 -1 0 
28 2 777 334 62 61 -1 -1 -1 0 
29 1 681 329 62 72 -1 -1 -1 0 
29 2 776 334 64 61 -1 -1 -1 0 
30 1 682 329 60 72 -1 -1 -1 0 
30 2 776 336 65 60 -1 -1 -1 0 
31 1 681 329 62 72 -1 -1 -1 0 
31 2 777 336 63 60 -1 -1 -1 0 
32 1 680 328 64 72 -1 -1 -1 0 
32 2 777 336 64 59 -1 -1 -1 0 
33 1 681 328 62 73 -1 -1 -1 0 
33 2 778 336 63 60 -1 -1 -1 0 
34 1 680 328 63 72 -1 -1 -1 0 
34 2 779 336 62 60 -1 -1 -1 0 
35 1 681 328 61 72 -1 -1 -1 0 
35 2 779 336 63 60 -1 -1 -1 0 
36 1 680 328 63 72 -1 -1 -1 0 
36 2 779 336 63 60 -1 -1 -1 0 
37 1 681 329 61 71 -1 -1 -1 0 
37 2 780 336 61 60 -1 -1 -1 0 
38 1 680 329 62 71 -1 -1 -1 0 
38 2 781 337 61 59 -1 -1 -1 0 
39 1 682 329 59 71 -1 -1 -1 0 
39 2 782 337 60 60 -1 -1 -1 0 
40 1 682 329 59 71 -1 -1 -1 0 
40 2 782 338 61 59 -1 -1 -1 0 
40 3 1098 196 31 39 -1 -1 -1 0 
